x	y	$\phi$	X Velocity	Y Velocity	pressure	$\beta$
0.05	0.05	-4.08579949159234e-06	0.8	-0.0140043896100548	10.4531255545153	0.599998365680203
0.15	0.05	-4.54323493986668e-06	0.773054246044351	0.00987800419100763	10.4091019240559	0.599998182706024
0.25	0.05	-4.76359025406942e-06	0.808347605146136	0.00268778170900137	10.3603593259404	0.599998094563898
0.35	0.05	-4.07556802024701e-06	0.803068616029236	0.000831605965424723	10.3121005194522	0.599998369772792
0.45	0.05	-1.78397039224284e-06	0.80137463690688	0.000297773546533672	10.2639913538017	0.599999286411843
0.55	0.05	2.78730741034267e-06	0.800743637566925	0.000122941787187743	10.2159356773266	0.600001114922964
0.65	0.05	1.01888390242692e-05	0.800473619262159	5.70947216979107e-05	10.1679019386581	0.60000407553561
0.75	0.05	2.06921615803246e-05	0.800344796413688	2.87649628685413e-05	10.1198781904463	0.600008276864632
0.85	0.05	3.40457590980265e-05	0.80027875179901	1.51242675389745e-05	10.0718592381073	0.600013618303639
0.95	0.05	4.86677107316564e-05	0.800243489113988	7.95821159453317e-06	10.0238425604155	0.600019467084293
1.05	0.05	5.97653932398232e-05	0.800224869458225	3.9537364806146e-06	9.97582690358992	0.600023906157296
1.15	0.05	6.1700560634628e-05	0.800215639891457	1.65959613105117e-06	9.9278117498629	0.600024680224254
1.25	0.05	4.84015479330339e-05	0.800211839787615	3.81840889073005e-07	9.87979707673017	0.600019360619173
1.35	0.05	1.43341946609174e-05	0.800211156225401	-2.31317261188075e-07	9.83178323038133	0.600005733677864
1.45	0.05	-4.39342379179507e-05	0.800212137582149	-3.64566388292876e-07	9.78377082014953	0.599982426304833
1.55	0.05	-0.000125747249587626	0.800213775236252	-1.17214065047084e-07	9.73576058618998	0.599949701100165
1.65	0.05	-0.000224244501439185	0.800215251659732	4.55543296004007e-07	9.68775321686196	0.599910302199424
1.75	0.05	-0.000324552937876798	0.800215765688368	1.32055554493582e-06	9.63974911125124	0.599870178824849
1.85	0.05	-0.000402848958213791	0.800214386241529	2.4558787024212e-06	9.59174810170485	0.599838860416715
1.95	0.05	-0.000427012492233996	0.800209883582447	3.85601358667263e-06	9.54374917386447	0.599829195003106
2.05	0.05	-0.000359824308987159	0.800200533194797	5.56600431137447e-06	9.49575025134824	0.599856070276405
2.15	0.05	-0.000165422064833044	0.800184995711129	7.4562043103994e-06	9.44774814409753	0.599933831174067
2.25	0.05	0.000186181172596815	0.800166968868002	9.98419127871371e-06	9.39973864099542	0.600074472469039
2.35	0.05	0.000756044204871593	0.800141680236543	1.34745493589612e-05	9.35171618940751	0.600302417681949
2.45	0.05	0.00161856765978568	0.80010665798501	1.76386030726227e-05	9.30367324360847	0.600647427063914
2.55	0.05	0.00286144303030234	0.800059782271889	2.25676016354354e-05	9.25559978793187	0.601144577212121
2.65	0.05	0.00458606401711826	0.799998741082809	2.84066410978052e-05	9.20748292330362	0.601834425606847
2.75	0.05	0.00690921781399716	0.799920902158277	3.52853043162083e-05	9.15930643095663	0.602763687125599
2.85	0.05	0.00996555294060216	0.799823376149725	4.33163116197852e-05	9.11105026839757	0.603986221176241
2.95	0.05	0.0139109702485079	0.799703113362541	5.25928803315953e-05	9.06268997079794	0.605564388099403
3.05	0.05	0.0189273092710889	0.799557031198046	6.31742277352892e-05	9.0141959226338	0.607570923708436
3.15	0.05	0.0252287679292117	0.799382193528075	7.50593790711954e-05	8.96553244951606	0.610091507171685
3.25	0.05	0.0330704666049928	0.799176055502255	8.81492550223712e-05	8.91665666468217	0.613228186641997
3.35	0.05	0.0427593919874896	0.798936770908699	0.000102196306570453	8.86751699233107	0.617103756794996
3.45	0.05	0.05466749307765	0.798663533635124	0.000116742006083026	8.81805128758723	0.62186699723106
3.55	0.05	0.0692457266848145	0.798356887867127	0.000131046226987565	8.76818449307629	0.627698290673926
3.65	0.05	0.0870360629702933	0.798018900125339	0.000144020008662377	8.71782583622891	0.634814425188117
3.75	0.05	0.10867557682481	0.797653067370677	0.000154185207277567	8.66686571059125	0.643470230729924
3.85	0.05	0.13488276421855	0.797263898440365	0.000159699983344399	8.61517263493109	0.65395310568742
3.95	0.05	0.166411985629904	0.796856332820526	0.000158502027505333	8.56259106943778	0.666564794251961
4.05	0.05	0.203960034520542	0.796435580386174	0.000148618002617893	8.5089413587266	0.681584013808217
4.15	0.05	0.248014235728914	0.796008377481227	0.000128647482665383	8.45402351678173	0.699205694291565
4.25	0.05	0.298650436868291	0.795586458290289	9.83396416097458e-05	8.39762663990855	0.719460174747316
4.35	0.05	0.355323936232801	0.795191498589702	5.90638452200676e-05	8.33954496150803	0.742129574493121
4.45	0.05	0.416735325514365	0.794858152614816	1.39101210195593e-05	8.27959961335342	0.766694130205746
4.55	0.05	0.480866131963802	0.79463046144512	-3.2758881013016e-05	8.21766234461119	0.792346452785521
4.65	0.05	0.545233055823617	0.794549941233781	-7.62330750458277e-05	8.15367508691697	0.818093222329447
4.75	0.05	0.607308279809741	0.794640285502581	-0.000112516978819644	8.08765915925823	0.842923311923896
4.85	0.05	0.664958871503471	0.794897677409458	-0.000139107602503655	8.01971092160874	0.865983548601388
4.95	0.05	0.716746104005248	0.79529231258071	-0.000155239956131997	7.94998549585671	0.886698441602099
5.05	0.05	0.762006283997433	0.795779032687656	-0.000161633481442639	7.87867402961361	0.904802513598973
5.15	0.05	0.800742291739026	0.796310268124018	-0.000159963535131305	7.80598092084313	0.92029691669561
5.25	0.05	0.833417166014024	0.796845561541266	-0.000152303920176625	7.73210565146801	0.93336686640561
5.35	0.05	0.860739716103133	0.797355799884669	-0.000140696445936892	7.657231070597	0.944295886441253
5.45	0.05	0.883495550133962	0.797823244123179	-0.000126895540399013	7.58151768976783	0.953398220053585
5.55	0.05	0.902438876780949	0.79823936715412	-0.000112264891115768	7.50510241705927	0.960975550712379
5.65	0.05	0.918237191064792	0.798602115477952	-9.77762904002884e-05	7.4280999852774	0.967294876425917
5.75	0.05	0.93145270158325	0.798913471950199	-8.40627234405339e-05	7.35060566870406	0.9725810806333
5.85	0.05	0.94254508590198	0.79917762281149	-7.14910844612865e-05	7.27269835823366	0.977018034360792
5.95	0.05	0.951884283356679	0.799399721724632	-6.02341060432962e-05	7.19444347717543	0.980753713342672
6.05	0.05	0.959766350878501	0.799585125991325	-5.03318434074671e-05	7.11589550759676	0.9839065403514
6.15	0.05	0.9664286964028	0.799738964394811	-4.17397689768231e-05	7.03710006860624	0.98657147856112
6.25	0.05	0.972063114467299	0.799865920272362	-3.43640703747252e-05	6.95809557548924	0.98882524578692
6.35	0.05	0.976826232224045	0.79997014580481	-2.8086231629809e-05	6.87891454393878	0.990730492889618
6.45	0.05	0.980847547980779	0.800055251593619	-2.27793188743954e-05	6.79958461046259	0.992339019192311
6.55	0.05	0.984235463626174	0.800124336303538	-1.83181876784032e-05	6.72012933351773	0.99369418545047
6.65	0.05	0.987081747857004	0.800180035144708	-1.45854247067472e-05	6.64056882861895	0.994832699142802
6.75	0.05	0.989464820889118	0.800224574921586	-1.14744090422947e-05	6.56092027893432	0.995785928355647
6.85	0.05	0.991452178213555	0.80025982888929	-8.89050304716831e-06	6.48119835259006	0.996580871285422
6.95	0.05	0.993102197399355	0.800287367950711	-6.75108380822246e-06	6.40141554961368	0.997240878959742
7.05	0.05	0.994465508627258	0.800308506643753	-4.98490006099338e-06	6.32158249509561	0.997786203450903
7.15	0.05	0.995586059289579	0.800324343449754	-3.53107603373612e-06	6.24170819044666	0.998234423715832
7.25	0.05	0.996501964790896	0.800335795540592	-2.3379683797043e-06	6.161800231228	0.998600785916359
7.35	0.05	0.997246209562351	0.800343628379527	-1.36200337398726e-06	6.08186499761422	0.998898483824941
7.45	0.05	0.997847242025944	0.800348480721047	-5.66568375045181e-07	6.00190782186042	0.999138896810378
7.55	0.05	0.998329492855585	0.800350885590935	7.90032934438172e-08	5.92193313597877	0.999331797142234
7.65	0.05	0.998713835815186	0.80035128781216	6.00337038201374e-07	5.84194460203925	0.999485534326074
7.75	0.05	0.9990180035237	0.800350058598865	1.01880794365608e-06	5.76194522698026	0.99960720140948
7.85	0.05	0.999256965825187	0.800347507686081	1.35222264907232e-06	5.68193746346856	0.999702786330075
7.95	0.05	0.999443275387349	0.8003438934037	1.61540100593677e-06	5.60192329812355	0.99977731015494
8.05	0.05	0.999587383246478	0.800339431044959	1.8206684484787e-06	5.52190432827758	0.999834953298591
8.15	0.05	0.999697925916967	0.80033429982678	1.97827028891787e-06	5.44188182835042	0.999879170366787
8.25	0.05	0.999781985135856	0.800328648689642	2.09671883738048e-06	5.36185680685169	0.999912794054343
8.35	0.05	0.999845321128868	0.800322601142423	2.18308323657564e-06	5.28183005497478	0.999938128451547
8.45	0.05	0.999892580324593	0.800316259321221	2.24323120322529e-06	5.20180218770056	0.999957032129837
8.55	0.05	0.999927478605498	0.800309707399146	2.28203004981123e-06	5.12177367828307	0.999970991442199
8.65	0.05	0.999952961395125	0.800303014459359	2.30351413518812e-06	5.04174488693936	0.99998118455805
8.75	0.05	0.999971342090004	0.800296236921421	2.31102402750811e-06	4.9617160845109	0.999988536836002
8.85	0.05	0.999984420520517	0.800289420594755	2.30732232931451e-06	4.8816874718045	0.999993768208207
8.95	0.05	0.999993583249321	0.800282602418282	2.29469019302709e-06	4.80165919525779	0.999997433299729
9.05	0.05	0.999999887581848	0.800275811935502	2.2750076380325e-06	4.72163135950987	0.999999955032739
9.15	0.05	1.00000413117137	0.800269072544641	2.24982060995285e-06	4.64160403739239	1.00000165246855
9.25	0.05	1.00000690905688	0.800262402557374	2.22039689233351e-06	4.56157727779309	1.00000276362275
9.35	0.05	1.00000865988425	0.80025581609368	2.18777277795906e-06	4.48155111178289	1.0000034639537
9.45	0.05	1.00000970294043	0.800249323836956	2.1527920925044e-06	4.40152555734079	1.00000388117617
9.55	0.05	1.00001026748637	0.800242933668925	2.1161387079339e-06	4.32150062295861	1.00000410699455
9.65	0.05	1.00001051571791	0.800236651202277	2.07836374812589e-06	4.24147631036069	1.00000420628717
9.75	0.05	1.00001056052211	0.800230480225654	2.03990820701602e-06	4.16145261653194	1.00000422420884
9.85	0.05	1.00001047903749	0.800224423074353	2.00112181060687e-06	4.0814295352116	1.00000419161499
9.95	0.05	1.00001032287522	0.800218480938016	1.9622786856753e-06	4.00140705797894	1.00000412915009
10.05	0.05	1.00001012571813	0.800212654115344	1.9235902837541e-06	3.92138517503106	1.00000405028725
10.15	0.05	1.000009908888	0.800206942224415	1.88521605976161e-06	3.84136387573109	1.0000039635552
10.25	0.05	1.00000968536069	0.800201344376256	1.84727222529446e-06	3.76134314898747	1.00000387414427
10.35	0.05	1.00000946261183	0.800195859318118	1.80983879347496e-06	3.68132298351042	1.00000378504473
10.45	0.05	1.00000924459527	0.800190485552337	1.77296525305219e-06	3.60130336798034	1.00000369783811
10.55	0.05	1.00000903308808	0.80018522143554	1.73667502896063e-06	3.52128429115388	1.00000361323523
10.65	0.05	1.00000882858149	0.800180065262636	1.70096881424917e-06	3.44126574192632	1.0000035314326
10.75	0.05	1.00000863085278	0.800175015339452	1.66582701165197e-06	3.36124770936386	1.00000345234111
10.85	0.05	1.0000084393192	0.800170070047293	1.63121124269023e-06	3.28123018271487	1.00000337572768
10.95	0.05	1.00000825324836	0.800165227902668	1.59706504011604e-06	3.20121315140658	1.00000330129934
11.05	0.05	1.00000807188	0.80016048761493	1.56331368206433e-06	3.12119660503092	1.000003228752
11.15	0.05	1.00000789449885	0.800155848144853	1.529863152285e-06	3.04118053332188	1.00000315779954
11.25	0.05	1.00000772048616	0.800151308766867	1.49659809477422e-06	2.96116492612501	1.00000308819446
11.35	0.05	1.00000754936606	0.800146869138067	1.4633786768182e-06	2.88114977335901	1.00000301974642
11.45	0.05	1.00000738085081	0.800142529377541	1.43003609037877e-06	2.80113506496842	1.00000295234032
11.55	0.05	1.00000721487345	0.800138290159975	1.39636647001893e-06	2.72112079086653	1.00000288594938
11.65	0.05	1.00000705157794	0.800134152828753	1.36212290192708e-06	2.6411069408672	1.00000282063118
11.75	0.05	1.00000689121588	0.800130119534943	1.32700513036251e-06	2.56109350460578	1.00000275648635
11.85	0.05	1.0000067338799	0.800126193410905	1.29064642251096e-06	2.48108047144979	1.00000269355196
11.95	0.05	1.00000657899683	0.800122378789879	1.25259699523477e-06	2.40106783040215	1.00000263159873
12.05	0.05	1.00000642452266	0.800118681487485	1.21230290330367e-06	2.32105557000038	1.00000256980907
12.15	0.05	1.00000626584691	0.800115109166467	1.16907879469167e-06	2.24104367821506	1.00000250633876
12.25	0.05	1.00000609454926	0.800111671814579	1.12207164009057e-06	2.16103214234626	1.0000024378197
12.35	0.05	1.0000058973741	0.800108382377084	1.07021046679505e-06	2.08102094890592	1.00000235894964
12.45	0.05	1.00000565609875	0.800105257602759	1.01213350728239e-06	2.00101008345348	1.0000022624395
12.55	0.05	1.00000534933133	0.800102319188049	9.46078633028155e-07	1.92099953031748	1.00000213973253
12.65	0.05	1.00000495758116	0.800099595344067	8.69714131521684e-07	1.84098927208723	1.00000198303247
12.75	0.05	1.00000447300238	0.800097122973242	7.79874653043439e-07	1.76097928869652	1.00000178920095
12.85	0.05	1.00000391470864	0.800094950740533	6.72149578512336e-07	1.68096955585627	1.00000156588346
12.95	0.05	1.0000033490696	0.800093143478088	5.40247869414874e-07	1.60096004254378	1.00000133962784
13.05	0.05	1.00000291144096	0.800091788603433	3.75032319699319e-07	1.52095070725532	1.00000116457639
13.15	0.05	1.00000282093261	0.800091005606362	1.63074628731461e-07	1.4409414928209	1.00000112837305
13.25	0.05	1.00000337297874	0.800090960243194	-1.15477437926056e-07	1.36093231981423	1.0000013491915
13.35	0.05	1.00000488623272	0.800091885993689	-4.90026898075303e-07	1.2809230790041	1.00000195449309
13.45	0.05	1.00000757247601	0.800094116817418	-1.00413693383294e-06	1.20091362387187	1.0000030289904
13.55	0.05	1.00001129442138	0.800098137760225	-1.7224925602012e-06	1.12090376483801	1.00000451776855
13.65	0.05	1.00001518246724	0.800104664530937	-2.74193718715229e-06	1.04089326716022	1.0000060729869
13.75	0.05	1.00001710614015	0.800114772162397	-4.21029150451291e-06	0.960881853775416	1.00000684245606
13.85	0.05	1.000013049776	0.800130112047388	-6.36143578131125e-06	0.88086921130031	1.0000052199104
13.95	0.05	0.999996536135249	0.800153300709549	-9.58708400288404e-06	0.800854989438417	0.9999986144541
14.05	0.05	0.999958384987092	0.800188672472063	-1.45972300838475e-05	0.720838766150984	0.999983353994837
14.15	0.05	0.999887288655765	0.800243877379869	-2.28105045094073e-05	0.640819912061983	0.999954915462306
14.25	0.05	0.999771925264149	0.800333638513121	-3.73893489136048e-05	0.560797199393006	0.99990877010566
14.35	0.05	0.999605595285512	0.800489597374938	-6.62490433225373e-05	0.480767780084915	0.999842238114205
14.45	0.05	0.999394641647441	0.800789141412724	-0.000131688593630697	0.400724529983463	0.999757856658976
14.55	0.05	0.999172192448735	0.80144952781837	-0.000304282306501532	0.320648725531671	0.999668876979494
14.65	0.05	0.999018854127142	0.803167688986571	-0.000832863434704095	0.240487692544247	0.999607541650857
14.75	0.05	0.999089504234568	0.808456233072286	-0.0026805031034489	0.160078222050311	0.999635801693827
14.85	0.05	0.999621651212708	0.77309615135367	-0.00986443056799103	0.0788553259457304	0.999848660485083
14.95	0.05	1.0007321915532	0.8	0.014006514320252	0.00548238399920286	1.00029287662128
0.05	0.15	-4.09044273476762e-06	0.390746978382336	-0.0187558319024158	10.4548060766956	0.599998363822906
0.15	0.15	-4.5445076416502e-06	0.789746421909341	0.0115037069501683	10.4079165671484	0.599998182196943
0.25	0.15	-4.7599535243865e-06	0.799301203913036	0.00407318906717049	10.3600367931647	0.59999809601859
0.35	0.15	-4.06398023422132e-06	0.800678603369135	0.00158827997199329	10.3120007270125	0.599998374407906
0.45	0.15	-1.76084570534398e-06	0.800665962030301	0.000683209855512857	10.2639556210236	0.599999295661718
0.55	0.15	2.8220228454223e-06	0.800502941404783	0.000321313239757985	10.2159209242897	0.600001128809138
0.65	0.15	1.02241666611039e-05	0.800379424395671	0.000162313175815043	10.1678950872499	0.600004089666664
0.75	0.15	2.07187241695683e-05	0.800302812322076	8.60182607789375e-05	10.1198747386082	0.600008287489668
0.85	0.15	3.43054516657094e-05	0.800257806837189	4.64886265183569e-05	10.071857423159	0.600013722180666
0.95	0.15	4.89066133244315e-05	0.800232191312022	2.46936032801242e-05	10.0238416054042	0.60001956264533
1.05	0.15	6.003590203704e-05	0.800218426598814	1.21432130341896e-05	9.97582642912768	0.600024014360815
1.15	0.15	6.2055628415362e-05	0.800211878585742	4.81502365575291e-06	9.92781155070822	0.600024822251366
1.25	0.15	4.88435389320763e-05	0.800209713082033	6.87831438871292e-07	9.87979703091285	0.600019537415573
1.35	0.15	1.48096105944949e-05	0.800210156204252	-1.29676488660535e-06	9.83178325814476	0.600005923844238
1.45	0.15	-4.35460572677239e-05	0.800212044610107	-1.7074303379854e-06	9.78377086390132	0.599982581577093
1.55	0.15	-0.00012565263958955	0.800214544859462	-8.55589443352794e-07	9.73576060025962	0.599949738944164
1.65	0.15	-0.000224755244425418	0.800216961859587	1.08359343065292e-06	9.68775316221009	0.59991009790223
1.75	0.15	-0.000326096616085934	0.800218589563344	4.00756584700357e-06	9.63974895282404	0.599869561353566
1.85	0.15	-0.000405938635848059	0.80021857028956	7.8574475383748e-06	9.59174780708376	0.599837624545661
1.95	0.15	-0.000432103257036418	0.800215710497833	1.26123323868715e-05	9.5437487112798	0.599827158697185
2.05	0.15	-0.000367213628702325	0.800208077466263	1.82816974447146e-05	9.49574958359321	0.599853114548519
2.15	0.15	-0.00017814946144122	0.800196207318635	2.48823008940648e-05	9.44774724945698	0.599928740215424
2.25	0.15	0.000174473444869457	0.800179238824366	3.374176524442e-05	9.39973744274909	0.600069789377948
2.35	0.15	0.000741521776123865	0.800157091490444	4.5445071030989e-05	9.35171457165196	0.60029660871045
2.45	0.15	0.001599058020941	0.800126173020479	5.9429848629604e-05	9.30367112469756	0.600639623208376
2.55	0.15	0.00283538267151558	0.800084471354856	7.60993150805581e-05	9.25559707465904	0.601134153068606
2.65	0.15	0.00455173254426273	0.800029794124086	9.58896940740451e-05	9.20747950409019	0.601820693017705
2.75	0.15	0.00686443918545955	0.799959714716012	0.000119197930167801	9.15930217722211	0.602745775674184
2.85	0.15	0.0099075457140999	0.799871620642643	0.000146385958096013	9.11104503591205	0.60396301828564
2.95	0.15	0.0138362096615396	0.799762787714987	0.000177758691901464	9.06268360112845	0.605534483864616
3.05	0.15	0.0188313580541696	0.799630495743859	0.000213506962272049	9.01418824607465	0.607532543221668
3.15	0.15	0.0251060644868726	0.799472199665894	0.000253615969622765	8.96552329090379	0.610042425794749
3.25	0.15	0.0329140702444134	0.799285761465095	0.000297736858845415	8.91664585356632	0.613165628097765
3.35	0.15	0.0425606938601848	0.799069733730506	0.000345017917156617	8.86750437919188	0.617024277544074
3.45	0.15	0.0544159170825589	0.798823660658007	0.000393896429376213	8.81803676799287	0.621766366833024
3.55	0.15	0.0689284731706547	0.79854832519455	0.000441865258402302	8.7681680415836	0.627571389268262
3.65	0.15	0.0866379958515836	0.798245829853964	0.000485253323717454	8.717807551039	0.634655198340633
3.75	0.15	0.108179425357839	0.797919382518998	0.000519098837461298	8.66684586787902	0.643271770143136
3.85	0.15	0.13426989744952	0.797572728855354	0.000537244447892308	8.61515174767709	0.653707958979808
3.95	0.15	0.165664088030981	0.797209414410566	0.000532824367815694	8.56256993906959	0.666265635212393
4.05	0.15	0.203061987954569	0.796832503220123	0.000499299550635817	8.50892109960182	0.681224795181828
4.15	0.15	0.246958268627989	0.796445822481994	0.000432062229226508	8.45400552657751	0.698783307451196
4.25	0.15	0.297441017246445	0.796057629694577	0.000330335260902241	8.39761248962377	0.718976406898578
4.35	0.15	0.353982015606392	0.795686038044349	0.000198711513655723	8.33953619490927	0.741592806242557
4.45	0.15	0.415299828409151	0.795362795824773	4.74715204350111e-05	8.27959748039844	0.76611993136366
4.55	0.15	0.479390822673237	0.795130488658329	-0.000108898027837367	8.21766753589462	0.791756329069295
4.65	0.15	0.543778606610382	0.79503111641127	-0.000254748072436821	8.15368756007634	0.817511442644153
4.75	0.15	0.6059318340203	0.795090694877976	-0.000376763089031991	8.08767812790223	0.84237273360812
4.85	0.15	0.663704873447596	0.795308907492708	-0.000466535704719404	8.01973501459506	0.865481949379038
4.95	0.15	0.715641411689047	0.795659745501005	-0.000521403671992387	7.95001302606956	0.886256564675619
5.05	0.15	0.761060240269304	0.796101418817585	-0.000543645517998323	7.87870327889722	0.904424096107722
5.15	0.15	0.799950312835604	0.79658892123157	-0.000538756841287672	7.80601036364045	0.919980125134242
5.25	0.15	0.832765669103973	0.797083489255589	-0.000513610822157007	7.73213408256237	0.933106267641589
5.35	0.15	0.860210678939432	0.797556953316003	-0.000475021601238959	7.65725764241996	0.944084271575773
5.45	0.15	0.883069885079079	0.797991952404217	-0.000428878809834104	7.58154188617236	0.953227954031632
5.55	0.15	0.902098513158727	0.798379952702379	-0.000379785927848308	7.50512399383057	0.960839405263491
5.65	0.15	0.917966120055577	0.798718656765264	-0.000331042411421202	7.42811890098667	0.967186448022231
5.75	0.15	0.931237326298973	0.799009674932283	-0.0002848118144096	7.35062202027539	0.972494930519589
5.85	0.15	0.94237417080488	0.799256766704091	-0.000242360092735691	7.27271232785802	0.976949668321952
5.95	0.15	0.951748709130225	0.79946465236804	-0.000204294618556433	7.1944552921488	0.98069948365209
6.05	0.15	0.959658800680561	0.79963827744164	-0.000170770258872744	7.11590541197164	0.983863520272224
6.15	0.15	0.966343341594048	0.799782395489132	-0.000141651614865494	7.03710830446841	0.986537336637619
6.25	0.15	0.971995331489406	0.799901357532944	-0.000116632729390232	6.95810237151053	0.988798132595762
6.35	0.15	0.976772361636627	0.79999902734284	-9.53208536235824e-05	6.87892010912539	0.990708944654651
6.45	0.15	0.980804696090278	0.800078768924079	-7.7292214916257e-05	6.79958913143354	0.992321878436111
6.55	0.15	0.984201342433702	0.800143472461895	-6.21271654157141e-05	6.72013297406279	0.993680536973481
6.65	0.15	0.987054547489881	0.800195598432025	-4.94307981253851e-05	6.64057173064036	0.994821818995953
6.75	0.15	0.989443108653212	0.800237228171236	-3.88437098226409e-05	6.56092256415545	0.995777243461285
6.85	0.15	0.991434819028295	0.800270114470201	-3.00463390650097e-05	6.48120012462143	0.996573927611318
6.95	0.15	0.993088291203436	0.800295728887994	-2.27593009368877e-05	6.40141689611554	0.997235316481374
7.05	0.15	0.99445434115945	0.800315304305653	-1.67413767346912e-05	6.32158348987922	0.99778173646378
7.15	0.15	0.995577063370465	0.800329872259852	-1.17862611524743e-05	6.24170889542591	0.998230825348186
7.25	0.15	0.996494689834068	0.800340295151498	-7.71877713731928e-06	6.16180069817855	0.998597875933627
7.35	0.15	0.997240297531844	0.800347293704546	-4.39099787252018e-06	6.0818652697262	0.998896119012737
7.45	0.15	0.997842408445129	0.800351470174282	-1.67853373061861e-06	6.0019079350881	0.999136963378052
7.55	0.15	0.998325511778574	0.800353327838831	5.22877848700689e-07	5.92193312020049	0.99933020471143
7.65	0.15	0.998710527911106	0.800353287294847	2.30041819997454e-06	5.84194448204566	0.999484211164442
7.75	0.15	0.999015226610808	0.800351700038969	3.72685476532395e-06	5.761945023311	0.999606090644323
7.85	0.15	0.999254607337048	0.800348859766774	4.8628438060926e-06	5.68193719311694	0.999701842934819
7.95	0.15	0.999441246366256	0.800345011766707	5.75889706274563e-06	5.60192297512808	0.999776498546503
8.05	0.15	0.999585613547086	0.800340360733118	6.4570480762615e-06	5.52190396421703	0.999834245418834
8.15	0.15	0.999696360371429	0.800335077273168	6.99225560898135e-06	5.44188143275747	0.999878544148571
8.25	0.15	0.999780580484828	0.800329303336988	7.39358030435796e-06	5.36185638755806	0.999912232193931
8.35	0.15	0.999844043564131	0.800323156761488	7.68516836605451e-06	5.28182961839898	0.999937617425652
8.45	0.15	0.999891403521268	0.800316735083507	7.88707185974096e-06	5.20180173908772	0.999956561408507
8.55	0.15	0.99992638214702	0.800310118749784	8.01593219627807e-06	5.1217732219047	0.999970552858808
8.65	0.15	0.999951929513844	0.800303373827022	8.08554897499898e-06	5.04174442625989	0.999980771805538
8.75	0.15	0.99997036266177	0.800296554295437	8.10735362658435e-06	4.96171562232638	0.999988145064708
8.85	0.15	0.999983484263791	0.800289703993938	8.09080375263999e-06	4.88168701035819	0.999993393705516
8.95	0.15	0.999992683089025	0.800282858271659	8.04371167237709e-06	4.80165873633652	0.99999707323561
9.05	0.15	0.999999018145818	0.800276045391067	7.97251830016328e-06	4.72163090452427	0.999999607258327
9.15	0.15	1.00000328839344	0.800269287719506	7.88252175960318e-06	4.64160358744376	1.00000131535738
9.25	0.15	1.0000060898655	0.800262602740138	7.77806817496552e-06	4.56157683372905	1.0000024359462
9.35	0.15	1.00000786195964	0.800256003908028	7.66271104963002e-06	4.48155067424372	1.00000314478386
9.45	0.15	1.00000892452626	0.800249501373522	7.53934449725841e-06	4.40152512679794	1.00000356981051
9.55	0.15	1.00000950724492	0.800243102591466	7.41031445126823e-06	4.32150019974673	1.00000380289797
9.65	0.15	1.00000977261944	0.800236812832929	7.27751161630518e-06	4.24147589470415	1.00000390904777
9.75	0.15	1.00000983376125	0.800230635613233	7.14244889651334e-06	4.1614522085669	1.0000039335045
9.85	0.15	1.00000976797071	0.80022457304893	7.00632599334871e-06	4.08142913500426	1.00000390718828
9.95	0.15	1.00000962697463	0.800218626154336	6.87008296057191e-06	4.00140666554067	1.00000385078985
10.05	0.15	1.00000944453784	0.800212795087188	6.73444462018909e-06	3.92138479033093	1.00000377781514
10.15	0.15	1.00000924204024	0.800207079351706	6.59995711059493e-06	3.84136349870626	1.0000036968161
10.25	0.15	1.00000903249909	0.800201477966171	6.46701781446831e-06	3.76134277955188	1.00000361299964
10.35	0.15	1.00000882342034	0.800195989601437	6.33589967448785e-06	3.681322621562	1.00000352936814
10.45	0.15	1.00000861878114	0.800190612695768	6.20677060660516e-06	3.60130301340712	1.00000344751245
10.55	0.15	1.00000842037792	0.800185345550777	6.07970873677045e-06	3.52128394383919	1.00000336815117
10.65	0.15	1.00000822871963	0.800180186412694	5.95471400076959e-06	3.44126540175338	1.00000329148785
10.75	0.15	1.00000804360138	0.800175133542558	5.83171636991513e-06	3.36124737621979	1.00000321744055
10.85	0.15	1.00000786445956	0.800170185278679	5.7105811333107e-06	3.28122985649448	1.00000314578382
10.95	0.15	1.00000769058325	0.800165340094324	5.5911112465359e-06	3.20121283201595	1.0000030762333
11.05	0.15	1.00000752123675	0.800160596653459	5.47304675787771e-06	3.1211962923911	1.0000030084947
11.15	0.15	1.00000735573297	0.800155953867197	5.35606125601552e-06	3.04118022737271	1.00000294229319
11.25	0.15	1.00000719348555	0.800151410953777	5.23975490472337e-06	2.96116462682941	1.00000287739422
11.35	0.15	1.00000703405588	0.800146967504919	5.12364362188455e-06	2.88114948070785	1.00000281362235
11.45	0.15	1.00000687719931	0.800142623561879	5.00714373035742e-06	2.80113477898636	1.00000275087972
11.55	0.15	1.00000672289977	0.800138379704957	4.88955120965099e-06	2.72112051161898	1.00000268915991
11.65	0.15	1.00000657136318	0.800134237161309	4.77001440559702e-06	2.64110666846896	1.00000262854527
11.75	0.15	1.0000064229199	0.800130197936985	4.64749893469639e-06	2.56109323923171	1.00000256916796
11.85	0.15	1.00000627776727	0.800126264981293	4.52074307779318e-06	2.48108021334809	1.00000251110691
11.95	0.15	1.00000613547608	0.800122442394192	4.38820136170944e-06	2.40106757991096	1.00000245419043
12.05	0.15	1.00000599420344	0.800118735691367	4.24797307744665e-06	2.32105532756866	1.00000239768138
12.15	0.15	1.00000584961818	0.800115152147085	4.09770990368085e-06	2.24104344442883	1.00000233984727
12.25	0.15	1.00000569367793	0.800111701242507	3.93449322725494e-06	2.16103191796214	1.00000227747117
12.35	0.15	1.00000551361527	0.800108395257941	3.75466427040434e-06	2.08102073489475	1.00000220544611
12.45	0.15	1.00000529179576	0.80010525006274	3.55357843978118e-06	2.00100988105842	1.0000021167183
12.55	0.15	1.00000500746509	0.800102286179365	3.32523635855124e-06	1.92099934113413	1.00000200298604
12.65	0.15	1.00000464170748	0.800099530231742	3.06171597354513e-06	1.84098909817754	1.00000185668299
12.75	0.15	1.00000418700024	0.800097016939987	2.75228918038519e-06	1.76097913275551	1.0000016748001
12.85	0.15	1.00000366226989	0.800094791903296	2.38205093938598e-06	1.68096942146108	1.00000146490796
12.95	0.15	1.00000313292111	0.800092915536073	1.92981503468648e-06	1.60095993452975	1.00000125316844
13.05	0.15	1.00000273245642	0.800091468711626	1.3649356239436e-06	1.52095063228522	1.00000109298257
13.15	0.15	1.00000267763828	0.80009056095589	6.42590106806353e-07	1.44094146024318	1.00000107105531
13.25	0.15	1.00000326259249	0.80009034246895	-3.0311252107792e-07	1.36093234294779	1.000001305037
13.35	0.15	1.00000480943519	0.800091021911003	-1.56910404906761e-06	1.28092317704853	1.00000192377408
13.45	0.15	1.00000754575382	0.80009289290073	-3.29781507051831e-06	1.20091382473956	1.00000301830153
13.55	0.15	1.00001137620535	0.800096373780309	-5.69856274980763e-06	1.12090410937862	1.00000455048214
13.65	0.15	1.00001552253762	0.800102067890327	-9.08062418828954e-06	1.04089381559238	1.00000620901505
13.75	0.15	1.0000180319194	0.800110856383631	-1.39080507462735e-05	0.960882695881745	1.00000721276776
13.85	0.15	1.00001520802581	0.800124044581626	-2.08986532061563e-05	0.880870483637249	1.00000608321032
13.95	0.15	1.00000111371405	0.800143600089844	-3.12191180098176e-05	0.800856906896573	1.00000044548562
14.05	0.15	0.999967436372278	0.80017255273035	-4.69009519587295e-05	0.72084168559326	0.999986974548911
14.15	0.15	0.999904197083647	0.800215675001976	-7.17889469575033e-05	0.640824474002837	0.999961678833459
14.25	0.15	0.999802006109621	0.800280575310003	-0.000113840170694591	0.56080467662683	0.999920802443848
14.35	0.15	0.999656770379715	0.800378925360124	-0.000191042733511626	0.480781027849729	0.999862708151886
14.45	0.15	0.999477811963028	0.800524502422077	-0.000347629392475043	0.400750861370317	0.999791124785211
14.55	0.15	0.999299858359067	0.800707513034388	-0.00070137875091259	0.320709561883706	0.999719943343627
14.65	0.15	0.999196920390902	0.800734355177311	-0.00159023850160791	0.2406541998859	0.999678768156361
14.75	0.15	0.999286794595546	0.799359436550327	-0.00405232410622691	0.160614127399633	0.999714717838218
14.85	0.15	0.999684064358052	0.789769101209933	-0.0114692516635131	0.0808279132550111	0.999873625743221
14.95	0.15	1.00028344791587	0.390705004485831	0.0187654500439503	0.00268026115732334	1.00011337916635
0.05	0.25	-4.09633474886486e-06	0.397124124449977	-0.00662708355584296	10.455376248223	0.599998361466101
0.15	0.25	-4.54672986519909e-06	0.795883273941472	0.00161654664132685	10.4077214834217	0.599998181308054
0.25	0.25	-4.75442624637379e-06	0.79843217235067	0.00185688051686346	10.3598705448209	0.599998098229501
0.35	0.25	-4.04354626387559e-06	0.79967862265883	0.00118092560166441	10.3119099263894	0.599998382581494
0.45	0.25	-1.71421221576244e-06	0.800107636366113	0.000674371790711533	10.2639093687327	0.599999314315114
0.55	0.25	2.91179728614623e-06	0.80022267735054	0.000378276065505019	10.2158971196827	0.600001164718914
0.65	0.25	1.03850651758953e-05	0.800238221780672	0.000213397459902468	10.1678824609617	0.60000415402607
0.75	0.25	2.09923697841794e-05	0.800228813264336	0.000120930082991587	10.11986786813	0.600008396947914
0.85	0.25	3.4550663448814e-05	0.80021715880108	6.77200807668508e-05	10.0718536593621	0.60001382026538
0.95	0.25	4.92634054706529e-05	0.80020882646117	3.62015002124951e-05	10.0238395971041	0.600019705362188
1.05	0.25	6.05545397574214e-05	0.800204570095715	1.71491200615476e-05	9.97582544636368	0.600024221815903
1.15	0.25	6.27590048570127e-05	0.80020361989341	5.66755835808526e-06	9.92781117205385	0.600025103601943
1.25	0.25	4.97031178742603e-05	0.800205033658133	-9.15184928504192e-07	9.87979699420547	0.60001988124715
1.35	0.25	1.57132618424861e-05	0.800208025326969	-4.07820820627214e-06	9.83178338601248	0.600006285304737
1.45	0.25	-4.28298737516967e-05	0.80021198968745	-4.64750333089812e-06	9.78377102505312	0.599982868050499
1.55	0.25	-0.000125510494546943	0.800216439967952	-3.08902866993545e-06	9.7357606888701	0.599949795802181
1.65	0.25	-0.000225757639525981	0.800220921949616	3.27941175165642e-07	9.68775308686829	0.59990969694419
1.75	0.25	-0.000329014820768389	0.800224919899031	5.44135068869788e-06	9.63974863046604	0.599868394071693
1.85	0.25	-0.000411765528655508	0.800227748692833	1.21567524208771e-05	9.59174715908456	0.599835293788538
1.95	0.25	-0.000442155845711398	0.800228389512329	2.04524508660294e-05	9.54374766083891	0.599823137661715
2.05	0.25	-0.000383200521121217	0.800225280601762	3.04534426535928e-05	9.49574805810006	0.599846719791552
2.15	0.25	-0.00019851501670634	0.800218122218933	4.26834664240943e-05	9.4477451585946	0.599920593993317
2.25	0.25	0.000154620196368648	0.800204389235519	5.84269412793086e-05	9.3997345915313	0.600061848078547
2.35	0.25	0.000713831651772686	0.800189922140791	7.84382713586593e-05	9.35171073332189	0.600285532660709
2.45	0.25	0.00156131307110948	0.800167909706818	0.000102813725232576	9.303666104443	0.600624525228444
2.55	0.25	0.00278523094408469	0.800136975887681	0.000132075034959976	9.25559063877145	0.601114092377634
2.65	0.25	0.00448598017118324	0.800095330437292	0.000166841053674207	9.20747138164236	0.601794392068473
2.75	0.25	0.00677890234727337	0.800041026167691	0.000207740421788098	9.15929206176615	0.602711560938909
2.85	0.25	0.00979688803222627	0.7999719951861	0.00025537912419447	9.111032586076	0.603918755212891
2.95	0.25	0.0136937016688479	0.79988611086462	0.000310275472221831	9.06266844301397	0.605477480667539
3.05	0.25	0.0186485537182557	0.799781292874898	0.000372747877225867	9.01416998016797	0.607459421487302
3.15	0.25	0.0248723944325203	0.799655660724236	0.000442750899578329	8.96550150623567	0.609948957773008
3.25	0.25	0.0326163548858465	0.799507733443157	0.000519651588117985	8.91662015230057	0.613046541954339
3.35	0.25	0.0421825920173797	0.799336659072481	0.000601938406834531	8.86747441546502	0.616873036806952
3.45	0.25	0.0539373538783659	0.799142432902595	0.000686864449620508	8.8180023052972	0.621574941551346
3.55	0.25	0.0683251444701625	0.798926027268266	0.000770049941239032	8.76812903269797	0.627330057788065
3.65	0.25	0.0858811363751871	0.79868931754294	0.000845112330681497	8.7177642425407	0.634352454550075
3.75	0.25	0.107236161205666	0.798434679545567	0.000903459690810742	8.66679892628651	0.642894464482266
3.85	0.25	0.133104669574719	0.798164216123299	0.000934467555469406	8.61510239475788	0.653241867829888
3.95	0.25	0.164241771831588	0.797878831050114	0.000926326647250407	8.56252006894594	0.665696708732635
4.05	0.25	0.201353300780709	0.797577838003884	0.000867822475916868	8.5088733317014	0.680541320312284
4.15	0.25	0.24494761093401	0.797260265546941	0.000751077763054278	8.45396313322897	0.697979044373604
4.25	0.25	0.295135801442853	0.796928868840546	0.000574788733926642	8.3975791392791	0.718054320577141
4.35	0.25	0.351420884879193	0.796596277656273	0.000346846208010692	8.33951548892501	0.740568353951677
4.45	0.25	0.412555772442817	0.796289845506161	8.48835448997996e-05	8.27959233960111	0.765022308977127
4.55	0.25	0.476565562367641	0.796049990754249	-0.00018623033572134	8.21767958877555	0.790626224947056
4.65	0.25	0.540987759909227	0.795919481045855	-0.00043956430894608	8.15371673883417	0.816395103963691
4.75	0.25	0.603285082634242	0.795927889193151	-0.000652096490435093	8.08772263427378	0.841314033053697
4.85	0.25	0.661288284950575	0.796080275102995	-0.000809152866960841	8.01979167728041	0.86451531398023
4.95	0.25	0.713507775286671	0.796356527612694	-0.000905904774200436	7.95007791536808	0.885403110114668
5.05	0.25	0.75922886776487	0.796720211881789	-0.000946057147638383	7.87877236686129	0.903691547105948
5.15	0.25	0.798413666625831	0.79713056852859	-0.000938934042221743	7.80608004998728	0.919365466650332
5.25	0.25	0.831498682156018	0.797551844701293	-0.00089632837461037	7.73220150219081	0.932599472862407
5.35	0.25	0.859179472306342	0.797957769753611	-0.00083001419374109	7.65732076270926	0.943671788922537
5.45	0.25	0.88223827194429	0.798331989877831	-0.000750226905808223	7.58159945365014	0.952895308777716
5.55	0.25	0.901432049375718	0.79866631577921	-0.000665010028430045	7.50517539974495	0.960572819750287
5.65	0.25	0.917434166507204	0.798958334158414	-0.000580161048919764	7.42816402125334	0.966973666602882
5.75	0.25	0.930813770123294	0.799209243787773	-0.000499506887514114	7.35066106434281	0.972325508049318
5.85	0.25	0.942037366873712	0.799422223381903	-0.000425308196491487	7.27274571298621	0.976814946749485
5.95	0.25	0.95148103776807	0.79960133530601	-0.00035867029837695	7.19448354753144	0.980592415107228
6.05	0.25	0.959446085072624	0.799750853277399	-0.000299900397567446	7.11592911055353	0.98377843402905
6.15	0.25	0.966174257566009	0.799874885714405	-0.00024879051948262	7.03712801755933	0.986469703026404
6.25	0.25	0.971860872228934	0.799977188725452	-0.000204827348881236	6.95811864076654	0.988744348891573
6.35	0.25	0.976665379918659	0.80006109297791	-0.000167339768976386	6.87893343101612	0.990666151967464
6.45	0.25	0.980719525924834	0.8001294947252	-0.000135597572911062	6.79959995024727	0.992287810369934
6.55	0.25	0.984133492731495	0.800184880228959	-0.000108874040774028	6.72014168046289	0.993653397092598
6.65	0.25	0.987000457112324	0.800229365418281	-8.64829394923769e-05	6.64057866362103	0.99480018284493
6.75	0.25	0.989399951986669	0.800264740538904	-6.77981085443592e-05	6.56092801490623	0.995759980794668
6.85	0.25	0.991400352294148	0.800292514306699	-5.22616400123354e-05	6.48120434130583	0.996560140917659
6.95	0.25	0.993060731209926	0.800313954853389	-3.93849130590165e-05	6.40142008892626	0.99722429248397
7.05	0.25	0.994432269704294	0.800330126319366	-2.87454109897547e-05	6.32158583598115	0.997772907881717
7.15	0.25	0.995559351843787	0.800341920804793	-1.99812747215129e-05	6.24171054356679	0.998223740737515
7.25	0.25	0.9964804396985	0.800350085838056	-1.27848559374178e-05	6.16180177285793	0.9985921758794
7.35	0.25	0.997228793274303	0.800355247734814	-6.89605633291438e-06	6.08186587488418	0.998891517309721
7.45	0.25	0.997833080328073	0.800357931308223	-2.09591723680159e-06	6.00190815731804	0.999133232131229
7.55	0.25	0.998317906298027	0.800358576407014	1.79928898884893e-06	5.92193303151465	0.999327162519211
7.65	0.25	0.998704284323872	0.800357551737115	4.9433502294319e-06	5.84194414223515	0.999481713729549
7.75	0.25	0.999010058249387	0.800355166383977	7.46475852477966e-06	5.76194448194598	0.999604023299755
7.85	0.25	0.999250286708795	0.800351679405998	9.47072600219374e-06	5.6819364912337	0.999700114683518
7.95	0.25	0.999437593250248	0.800347307821185	1.10506202419784e-05	5.60192214664637	0.999775037300099
8.05	0.25	0.99958248547128	0.800342233262397	1.22788789904348e-05	5.52190303712772	0.999832994188512
8.15	0.25	0.999693644984547	0.800336607533991	1.32174680389013e-05	5.44188043011576	0.999877457993819
8.25	0.25	0.999778189440275	0.800330557263128	1.39179446654366e-05	5.36185532831296	0.99991127577611
8.35	0.25	0.999841907613526	0.800324187806026	1.44231843324939e-05	5.28182851808549	0.999936763045411
8.45	0.25	0.999889468577933	0.80031758653968	1.4768822539833e-05	5.20180061040419	0.999955787431173
8.55	0.25	0.99992460612886	0.800310825645489	1.49844572410027e-05	5.12177207519431	0.999969842451544
8.65	0.25	0.999950279813599	0.800303964470727	1.50946508808244e-05	5.04174326991214	0.99998011192544
8.75	0.25	0.999968814122931	0.800297051537414	1.51197654759078e-05	4.96171446311192	0.999987525649172
8.85	0.25	0.999982017564396	0.800290126254593	1.50766586471902e-05	4.88168585370802	0.999992807025758
8.95	0.25	0.999991283454532	0.800283220379604	1.49792642158314e-05	4.80165758657483	0.999996513381813
9.05	0.25	0.999997674327367	0.800276359265616	1.48390767186096e-05	4.72162976506261	0.999999069730947
9.15	0.25	1.00000199185988	0.800269562926135	1.46655561138571e-05	4.64160246094287	1.00000079674395
9.25	0.25	1.00000483416733	0.800262846941966	1.44664660324565e-05	4.56157572223373	1.00000193366693
9.35	0.25	1.00000664223081	0.800256223232452	1.42481565964081e-05	4.4815495792951	1.00000265689232
9.45	0.25	1.00000773709623	0.800249700709465	1.40158009682618e-05	4.40152404952696	1.00000309483849
9.55	0.25	1.0000083493385	0.800243285830108	1.37735931971353e-05	4.32149914095177	1.0000033397354
9.65	0.25	1.0000086421263	0.800236983062158	1.35249134683554e-05	4.24147485491562	1.00000345685052
9.75	0.25	1.00000872906027	0.800230795274497	1.32724662028434e-05	4.16145118810078	1.00000349162411
9.85	0.25	1.00000868779748	0.800224724063333	1.30183950307189e-05	4.08142813400648	1.00000347511899
9.95	0.25	1.00000857032246	0.80021877002376	1.27643784661792e-05	4.00140568402396	1.00000342812899
10.05	0.25	1.00000841058481	0.800212932975056	1.2511709129831e-05	3.92138382820533	1.00000336423392
10.15	0.25	1.00000823009614	0.800207212147011	1.22613590914973e-05	3.84136255580447	1.00000329203846
10.25	0.25	1.0000080419677	0.800201606334049	1.20140333971629e-05	3.76134185565036	1.00000321678708
10.35	0.25	1.00000785377319	0.800196114022546	1.17702135059941e-05	3.68132171639861	1.00000314150928
10.45	0.25	1.00000766953995	0.800190733496469	1.15301920933574e-05	3.60130212669604	1.00000306781598
10.55	0.25	1.00000749110357	0.800185462925702	1.12941003309586e-05	3.52128307528367	1.00000299644143
10.65	0.25	1.00000731900596	0.800180300440758	1.10619285991831e-05	3.44126455105681	1.00000292760239
10.75	0.25	1.00000715307255	0.800175244197425	1.08335413210162e-05	3.36124654309565	1.00000286122902
10.85	0.25	1.00000699277007	0.800170292434114	1.0608686358286e-05	3.28122904067552	1.00000279710803
10.95	0.25	1.0000068374199	0.800165443524882	1.0386999210615e-05	3.20121203326303	1.00000273496796
11.05	0.25	1.00000668632186	0.800160696030491	1.01680020949674e-05	3.12119551050214	1.00000267452874
11.15	0.25	1.00000653882864	0.800156048750069	9.95109749507193e-06	3.0411794621921	1.00000261553146
11.25	0.25	1.00000639439848	0.800151500775711	9.73555577149774e-06	2.96116387825844	1.00000255775939
11.35	0.25	1.00000625264297	0.800147051552699	9.52049587732183e-06	2.88114874871666	1.00000250105719
11.45	0.25	1.00000611337452	0.800142700948117	9.30485803393832e-06	2.80113406362807	1.00000244534981
11.55	0.25	1.00000597664349	0.80013844933112	9.08736682402321e-06	2.72111981304673	1.00000239065739
11.65	0.25	1.00000584273688	0.800134297668941	8.86648282017967e-06	2.64110598695685	1.00000233709475
11.75	0.25	1.00000571209019	0.80013024764373	8.64034052027515e-06	2.56109257520066	1.00000228483607
11.85	0.25	1.00000558504549	0.800126301796915	8.40666962448462e-06	2.48107956739802	1.0000022340182
11.95	0.25	1.00000546138135	0.800122463710194	8.16269598032066e-06	2.40106695286094	1.00000218455254
12.05	0.25	1.00000533955694	0.800118738235261	7.90501627017908e-06	2.3210547205071	1.00000213582277
12.15	0.25	1.00000521567414	0.80011513178898	7.62943705165498e-06	2.24104285877674	1.00000208626966
12.25	0.25	1.00000508228839	0.800111652736374	7.33076171970728e-06	2.16103135555365	1.00000203291536
12.35	0.25	1.00000492740938	0.800108311891759	7.00249683666862e-06	2.08102019808155	1.00000197096375
12.45	0.25	1.0000047343271	0.800105123179217	6.63642919701305e-06	2.00100937284879	1.00000189373084
12.55	0.25	1.00000448324254	0.800102104507994	6.22199325061444e-06	1.92099886538379	1.00000179329702
12.65	0.25	1.00000415598002	0.800099278939662	5.74530154132506e-06	1.84098865986027	1.00000166239201
12.75	0.25	1.00000374513021	0.80009667625405	5.18764426635203e-06	1.76097873835766	1.00000149805209
12.85	0.25	1.00000326853265	0.80009433506586	4.52317504914661e-06	1.68096907956786	1.00000130741306
12.95	0.25	1.00000278867088	0.80009230571018	3.7153865832514e-06	1.60095965670539	1.00000111546835
13.05	0.25	1.00000243389132	0.800090654211297	2.71184119360377e-06	1.52095043439569	1.00000097355653
13.15	0.25	1.00000241402069	0.800089467784444	1.43645466907438e-06	1.44094136443329	1.00000096560828
13.25	0.25	1.00000301692148	0.800088862499142	-2.21577270891158e-07	1.36093238057017	1.00000120676859
13.35	0.25	1.00000456544979	0.800088993949191	-2.42342326345269e-06	1.28092339296173	1.00000182617992
13.45	0.25	1.00000730799941	0.800090071990095	-5.40258288522933e-06	1.20091428357601	1.00000292319976
13.55	0.25	1.00001121387817	0.800092380707493	-9.49605192463896e-06	1.12090490469785	1.00000448555127
13.65	0.25	1.00001565287336	0.800096304471247	-1.51900808459534e-05	1.04089508344145	1.00000626114934
13.75	0.25	1.00001896446501	0.800102359407521	-2.31916160875112e-05	0.960884635553805	1.00000758578601
13.85	0.25	1.0000179756916	0.800111224652977	-3.45492525387765e-05	0.880873391207632	1.00000719027664
13.95	0.25	1.00000761649851	0.800123752843158	-5.08756142652969e-05	0.800861233419122	1.0000030465994
14.05	0.25	0.999980911265268	0.800140894934202	-7.47841573752308e-05	0.720848146376514	0.999992364506107
14.15	0.25	0.999929785399927	0.800163341200434	-0.000110783598371811	0.640834269461296	0.999971914159971
14.25	0.25	0.999847277108699	0.800190276799928	-0.000167138581351839	0.560819965786478	0.99993891084348
14.35	0.25	0.999731783845351	0.800215437283009	-0.00025968117201445	0.480805983549797	0.99989271353814
14.45	0.25	0.999593655190329	0.800215135141058	-0.000419055409843471	0.400794041502725	0.999837462076132
14.55	0.25	0.99946319580474	0.800113780318469	-0.000701234087779948	0.32078896215306	0.999785278321896
14.65	0.25	0.999395694303661	0.799695797686297	-0.00118417342317642	0.240805638211801	0.999758277721465
14.75	0.25	0.999461205846784	0.798455801429554	-0.00183191476666115	0.160888455727543	0.999784482338714
14.85	0.25	0.999693891653139	0.795895349146459	-0.00157807507356431	0.0811488862541948	0.999877556661256
14.95	0.25	0.999977997334406	0.39711460933143	0.00664121129325438	0.0017288692005607	0.999991198933763
0.05	0.35	-4.10328283181062e-06	0.398990611477172	-0.00274196831254822	10.4556013245827	0.599998358686867
0.15	0.35	-4.549851030639e-06	0.79823039054578	-0.000267313060193845	10.4077225821717	0.599998180059588
0.25	0.35	-4.74724378833598e-06	0.798865576438623	0.000556866935839188	10.3598139682412	0.599998101102485
0.35	0.35	-4.01427183487998e-06	0.799496070059545	0.000604183392086543	10.3118590163546	0.599998394291266
0.45	0.35	-1.64416695894188e-06	0.799863253251604	0.000455098801914506	10.2638746965335	0.599999342333217
0.55	0.35	3.04633973329678e-06	0.800041850547613	0.000304056623418535	10.2158755311061	0.600001218535893
0.65	0.35	1.06011093248561e-05	0.800121880059957	0.000192115769548262	10.1678694794099	0.60000424044373
0.75	0.35	2.12804063680345e-05	0.800156837419102	0.000116632819011266	10.1198602268276	0.600008512162547
0.85	0.35	3.50422408124089e-05	0.800172686658614	6.72953389575047e-05	10.0718492965947	0.600014016896325
0.95	0.35	4.97301637787119e-05	0.800181181820571	3.53029252405112e-05	10.0238372611142	0.600019892065511
1.05	0.35	6.12184627623064e-05	0.800187262105773	1.46949516836474e-05	9.97582437118297	0.600024487385105
1.15	0.35	6.37083552775693e-05	0.800192932675004	1.73881990513644e-06	9.92781087060565	0.600025483342111
1.25	0.35	5.09073097294004e-05	0.80019886643744	-5.86386640054855e-06	9.87979714077168	0.600020362923892
1.35	0.35	1.70182079303865e-05	0.800205245876579	-9.48792467127133e-06	9.831783747568	0.600006807283172
1.45	0.35	-4.17405240712746e-05	0.800212070885278	-9.94472882478763e-06	9.78377142161907	0.599983303790372
1.55	0.35	-0.000125163648068449	0.80021925964992	-7.71166405678001e-06	9.73576097094546	0.599949934540773
1.65	0.35	-0.000226929361362025	0.800226652096454	-3.07476923713874e-06	9.68775312289665	0.599909228255455
1.75	0.35	-0.000332735931377189	0.800233960432102	3.7887924290202e-06	9.63974830003892	0.599866905627449
1.85	0.35	-0.000419241121661116	0.800240679331282	1.2779497791701e-05	9.59174634870784	0.599832303551335
1.95	0.35	-0.000454454066972214	0.800245935548788	2.3907266811116e-05	9.54374625774324	0.599818218373211
2.05	0.35	-0.000400596428561596	0.800248128348623	3.74473816659995e-05	9.49574593014796	0.599839761428575
2.15	0.35	-0.000222585812429036	0.80024790749126	5.43185357967962e-05	9.44774212815336	0.599910965675028
2.25	0.35	0.000121239896531144	0.800243429004496	7.55546744114002e-05	9.39973043082812	0.600048495958612
2.35	0.35	0.000672476772920176	0.800238374060217	0.000102011686897053	9.35170515461498	0.600268990709168
2.45	0.35	0.00150800921052828	0.800228481864963	0.000134540987330112	9.30365877424373	0.600603203684211
2.55	0.35	0.00271569627200839	0.800212498328987	0.000173804567347362	9.25558119626147	0.601086278508803
2.65	0.35	0.00439528586808918	0.800189127563363	0.000220476147305768	9.20745942332372	0.601758114347236
2.75	0.35	0.00666102685754084	0.800157026681552	0.000275305738551682	9.15927713574721	0.602664410743016
2.85	0.35	0.00964434949166218	0.800114834438332	0.000339065155486636	9.11101419029962	0.603857739796665
2.95	0.35	0.01349716140968	0.800061209545075	0.000412427639279642	9.0626460282026	0.605398864563872
3.05	0.35	0.0183963402090601	0.79999491319984	0.000495799865456831	9.01414296026934	0.607358536083624
3.15	0.35	0.0245499284019347	0.799914932845487	0.000589098332488176	8.96546927985078	0.609819971360774
3.25	0.35	0.0322054716451012	0.799820632991383	0.000691453456694643	8.91658213948171	0.61288218865804
3.35	0.35	0.0416607774618082	0.799711907270774	0.000800828065752117	8.86743011531478	0.616664310984723
3.45	0.35	0.0532769504398142	0.799589282819232	0.000913551813992457	8.81795138048465	0.621310780175926
3.55	0.35	0.0674926566021247	0.799453893898895	0.00102380465755013	8.76807142652689	0.62699706264085
3.65	0.35	0.0848368878950948	0.799307208048882	0.00112313915732318	8.71770033126119	0.633934755158038
3.75	0.35	0.105934739901514	0.799150387496454	0.00120021851513519	8.66672970207102	0.642373895960605
3.85	0.35	0.13149682375164	0.798983265693976	0.00124105580679984	8.61502966105004	0.652598729500656
3.95	0.35	0.162278620408292	0.798803200153778	0.0012301261984811	8.56244660858921	0.664911448163317
4.05	0.35	0.198993688026663	0.798604560105424	0.00115268989866024	8.50880298183132	0.679597475210665
4.15	0.35	0.242168849587213	0.798380114894902	0.000998368348988743	8.45390067931047	0.696867539834885
4.25	0.35	0.291946574421448	0.798125470415835	0.000765372532729321	8.39752994375854	0.716778629768579
4.35	0.35	0.347872804978993	0.797846107865254	0.000463951920420968	8.33948482228653	0.739149121991597
4.45	0.35	0.40874811422187	0.797563575959403	0.000117166366530599	8.27958449288056	0.763499245688748
4.55	0.35	0.472638044744778	0.797315303930225	-0.000242323601042394	8.21769698365627	0.789055217897911
4.65	0.35	0.537100455024515	0.797144851130502	-0.000578987174389474	8.15375933175146	0.814840182009806
4.75	0.35	0.599591038420925	0.797086245566025	-0.000862269404211923	8.08778785153407	0.83983641536837
4.85	0.35	0.65790871004828	0.797151458997162	-0.00107249768628582	8.01987491965119	0.863163484019312
4.95	0.35	0.710518089484296	0.79732807576833	-0.00120295716972545	7.95017344429857	0.884207235793718
5.05	0.35	0.756657907794295	0.797586744326849	-0.00125825440939553	7.87887426771571	0.902663163117718
5.15	0.35	0.796252567777857	0.797892416318663	-0.00125052435567203	7.80618300839709	0.918501027111143
5.25	0.35	0.829713720110744	0.798213484120165	-0.00119527926018563	7.73230126568701	0.931885488044297
5.35	0.35	0.8577242184672	0.798526389434704	-0.00110810063405728	7.65741429466731	0.94308968738688
5.45	0.35	0.88106273791961	0.79881631679472	-0.00100259726756979	7.58168486376454	0.952425095167844
5.55	0.35	0.900488428312692	0.799075718426318	-0.000889509646566256	7.50525175199541	0.960195371325077
5.65	0.35	0.916679791237392	0.799302177596589	-0.000776614240027642	7.42823110113209	0.966671916494957
5.75	0.35	0.930212181528563	0.799496456799418	-0.000669072755090552	7.350719156988	0.972084872611425
5.85	0.35	0.941558276203483	0.799661034779877	-0.000569959400699522	7.27279541739459	0.976623310481393
5.95	0.35	0.951099739167163	0.799799138224486	-0.000480802201183521	7.1945256340805	0.980439895666865
6.05	0.35	0.959142661988415	0.799914160954133	-0.000402056351466066	7.11596441913821	0.983657064795366
6.15	0.35	0.96593277138204	0.800009348544627	-0.000333480835034357	7.0371573893893	0.986373108552816
6.25	0.35	0.971668622759073	0.80008764905876	-0.000274418830971869	6.95814287594726	0.988667449103629
6.35	0.35	0.976512270852785	0.80015166035865	-0.000223995627147579	6.87895326475549	0.990604908341114
6.45	0.35	0.980597538999185	0.800203629546126	-0.000181251591760161	6.79961604185952	0.992239015599674
6.55	0.35	0.984036261036055	0.800245477913043	-0.000145226907679647	6.7201546107383	0.993614504414422
6.65	0.35	0.986922923201714	0.800278836322963	-0.000115012045059545	6.64058893735379	0.994769169280686
6.75	0.35	0.989338095982048	0.800305082951935	-8.9774824424065e-05	6.56093606634998	0.995735238392819
6.85	0.35	0.991350976546942	0.800325379369231	-6.87720851927189e-05	6.48121054106205	0.996540390618777
6.95	0.35	0.993021290105743	0.800340703184973	-5.13516608494688e-05	6.40142475130241	0.997208516042297
7.05	0.35	0.994400735228744	0.80035187668498	-3.69485912573116e-05	6.32158922622748	0.997760294091497
7.15	0.35	0.995534107365337	0.800359591473827	-2.50782032329066e-05	6.24171288465364	0.998213642946135
7.25	0.35	0.996460195971055	0.80036442942576	-1.53277677020453e-05	6.16180325162253	0.998584078388422
7.35	0.35	0.997212521925634	0.80036688035254	-7.34780187982682e-06	6.08186664748263	0.998885008770254
7.45	0.35	0.997819961112247	0.800367356820574	-8.43651445587017e-07	6.00190835398367	0.999127984444899
7.55	0.35	0.998307285191575	0.800366206531358	4.43229819308086e-06	5.92193276066177	0.99932291407663
7.65	0.35	0.998695640176243	0.800363722642734	8.68761812186679e-06	5.84194349396651	0.999478256070497
7.75	0.35	0.999002976192826	0.80036015236468	1.20959910421506e-05	5.76194353103051	0.99960119047713
7.85	0.35	0.999244436919737	0.800355704119681	1.48025454997056e-05	5.68193529962141	0.999697774767895
7.95	0.35	0.999432713956736	0.800350553515251	1.69284274802878e-05	5.6019207655845	0.999773085582694
8.05	0.35	0.999578369337167	0.800344848337491	1.85746860794914e-05	5.52190150893629	0.999831347734867
8.15	0.35	0.999690128185783	0.800338712739948	1.98255556715197e-05	5.44187878967443	0.999876051274313
8.25	0.35	0.999775142892756	0.800332250771707	2.0751215834067e-05	5.36185360430446	0.999910057157103
8.35	0.35	0.999839229924748	0.80032554936194	2.14101046244966e-05	5.28182673403467	0.999935691969899
8.45	0.35	0.99988708038292	0.800318680856471	2.18508533175585e-05	5.20179878554575	0.999954832153168
8.55	0.35	0.999922445540035	0.800311705182664	2.21139023909976e-05	5.12177022519743	0.999968978216014
8.65	0.35	0.999948298768623	0.800304671704438	2.22328505906419e-05	5.04174140748544	0.999979319507449
8.75	0.35	0.999966975457346	0.80029762081626	2.22355807921117e-05	4.96171259850863	0.999986790182939
8.85	0.35	0.999980292669795	0.800290585315928	2.21452002581138e-05	4.88168399514774	0.999992117067918
8.95	0.35	0.999989650409831	0.800283591587881	2.19808259015656e-05	4.80165574059573	0.999995860163932
9.05	0.35	0.999996116412204	0.800276660622998	2.17582409886695e-05	4.72162793681535	0.999998446564882
9.15	0.35	1.00000049637633	0.800269808896716	2.14904443632123e-05	4.64160065443596	1.00000019855053
9.25	0.35	1.00000339150993	0.800263049123396	2.11881103198077e-05	4.56157394053816	1.00000135660397
9.35	0.35	1.00000524515615	0.800256390902648	2.08599737328366e-05	4.48154782471494	1.00000209806246
9.45	0.35	1.00000638015238	0.800249841270981	2.05131526245244e-05	4.40152232374143	1.00000255206095
9.55	0.35	1.000007028422	0.800243405170865	2.01534183509522e-05	4.32149744513354	1.0000028113688
9.65	0.35	1.00000735414052	0.800237085847817	1.97854217228617e-05	4.2414731898291	1.00000294165621
9.75	0.35	1.00000747165396	0.800230885184774	1.94128819935552e-05	4.16144955418378	1.00000298866159
9.85	0.35	1.00000745916629	0.800224803982741	1.90387447289246e-05	4.08142653143804	1.00000298366651
9.95	0.35	1.00000736905976	0.800218842194861	1.86653130045762e-05	4.00140411278057	1.0000029476239
10.05	0.35	1.00000723557076	0.800212999121322	1.82943563842823e-05	3.92138228810758	1.0000028942283
10.15	0.35	1.00000708041627	0.800207273570699	1.79272008337063e-05	3.84136104655589	1.00000283216651
10.25	0.35	1.00000691685401	0.800201663993608	1.75648024167971e-05	3.76134037686966	1.0000027667416
10.35	0.35	1.00000675256249	0.800196168593236	1.7207807179348e-05	3.68132026764683	1.000002701025
10.45	0.35	1.00000659164511	0.800190785417091	1.68565991557311e-05	3.60130070749935	1.00000263665804
10.55	0.35	1.0000064359945	0.800185512433679	1.6511337972987e-05	3.52128168515294	1.0000025743978
10.65	0.35	1.00000628619781	0.800180347597423	1.61719874896112e-05	3.44126318950469	1.00000251447912
10.75	0.35	1.00000614211928	0.800175288904699	1.58383362310781e-05	3.36124520965182	1.00000245684771
10.85	0.35	1.00000600326188	0.800170334443576	1.55100103636856e-05	3.28122773490082	1.00000240130475
10.95	0.35	1.00000586898339	0.800165482439677	1.51864795179245e-05	3.2012107547631	1.00000234759336
11.05	0.35	1.00000573862198	0.800160731300293	1.48670554533994e-05	3.12119425894111	1.00000229544879
11.15	0.35	1.00000561157173	0.800156079658697	1.45508832247805e-05	3.04117823730715	1.00000224462869
11.25	0.35	1.00000548733582	0.800151526420937	1.42369241012797e-05	2.96116267987576	1.00000219493433
11.35	0.35	1.00000536557477	0.800147070816855	1.3923929099907e-05	2.88114757676982	1.00000214622991
11.45	0.35	1.00000524615479	0.800142712457847	1.36104015399066e-05	2.80113291817961	1.00000209846192
11.55	0.35	1.00000512918759	0.800138451403679	1.32945465719023e-05	2.72111869431425	1.00000205167503
11.65	0.35	1.00000501503504	0.800134288241494	1.2974205305491e-05	2.6411048953449	1.00000200601401
11.75	0.35	1.00000490423277	0.800130224180771	1.26467705183676e-05	2.56109151134004	1.00000196169311
11.85	0.35	1.0000047972684	0.800126261169259	1.23090803992151e-05	2.48107853219462	1.00000191890736
11.95	0.35	1.00000469414218	0.800122402036456	1.19572854760103e-05	2.40106594755634	1.00000187765687
12.05	0.35	1.00000459365268	0.800118650673442	1.1586681537904e-05	2.32105374675417	1.00000183746107
12.15	0.35	1.00000449240734	0.800115012260788	1.1191496763142e-05	2.24104191873448	1.00000179696294
12.25	0.35	1.00000438367629	0.800111493559598	1.07646122768537e-05	2.16103045200725	1.00000175347052
12.35	0.35	1.00000425640665	0.800108103284848	1.02971802243033e-05	2.08101933459733	1.00000170256266
12.45	0.35	1.00000409499256	0.800104852584566	9.77807766153324e-06	2.00100855397916	1.00000163799702
12.55	0.35	1.00000388072327	0.800101755652998	9.19309498346452e-06	1.92099809694683	1.00000155228931
12.65	0.35	1.00000359611873	0.800098830510405	8.52369919937897e-06	1.84098794933349	1.00000143844749
12.75	0.35	1.00000323344308	0.800096099986338	7.74513213065604e-06	1.76097809544795	1.00000129337723
12.85	0.35	1.00000280829829	0.800093592946628	6.82349981631848e-06	1.68096851705253	1.00000112331932
12.95	0.35	1.00000237799443	0.800091345805033	5.71138532341802e-06	1.60095919168413	1.00000095119777
13.05	0.35	1.00000206198483	0.800089404354096	4.34138049362894e-06	1.52095009015399	1.00000082479393
13.15	0.35	1.00000205775206	0.800087825922814	2.61679625397964e-06	1.44094117319461	1.00000082310082
13.25	0.35	1.00000264015959	0.800086681790092	3.98686763593496e-07	1.36093238751116	1.00000105606384
13.35	0.35	1.00000412612936	0.800086059580799	-2.51179672961202e-06	1.28092366198725	1.00000165045174
13.45	0.35	1.00000678135098	0.800086064889735	-6.39688548110358e-06	1.2009149055179	1.00000271254039
13.55	0.35	1.00001064492331	0.800086820282154	-1.16531026772459e-05	1.12090600886166	1.00000425796932
13.65	0.35	1.00001525660186	0.800088457386196	-1.88323417956976e-05	1.04089685389734	1.00000610264074
13.75	0.35	1.00001929664821	0.800091092441875	-2.86986199686293e-05	0.960887334515607	1.00000771865929
13.85	0.35	1.00002019777713	0.800094763872936	-4.23120041490118e-05	0.88087739381865	1.00000807911085
13.95	0.35	1.00001386786772	0.800099284188493	-6.1162661830016e-05	0.800867082337392	1.00000554714709
14.05	0.35	0.99999476868398	0.800103899642784	-8.73961522336518e-05	0.720856642603184	0.999997907473592
14.15	0.35	0.999956709488161	0.800106519827498	-0.000124188164621298	0.640846630398338	0.999982683795264
14.25	0.35	0.999894778505896	0.800101997390424	-0.000176294980665603	0.560838102604121	0.999957911402358
14.35	0.35	0.999808725675013	0.800078394713772	-0.000250529080132697	0.480832958819137	0.999923490270005
14.45	0.35	0.999707587257171	0.800009435670159	-0.000354703287096034	0.400834659138872	0.999883034902869
14.55	0.35	0.999614003976457	0.79984186399251	-0.000489340723907864	0.320849778894647	0.999845601590583
14.65	0.35	0.999564052066527	0.799486111092266	-0.000613789994917964	0.240890977622198	0.999825620826611
14.75	0.35	0.99959471116914	0.798866907629524	-0.00054016289772624	0.16098043167876	0.999837884467656
14.85	0.35	0.999710352190612	0.798234450270889	0.000296842485305533	0.0811434899275598	0.999884140876245
14.95	0.35	0.999837098558138	0.398994308382878	0.00276038283834833	0.00135203113466452	0.999934839423255
0.05	0.45	-4.11196894280856e-06	0.399598783935382	-0.00133151183591428	10.4557052835675	0.599998355212423
0.15	0.45	-4.55559904643428e-06	0.799182114651445	-0.000500693630648903	10.4077535609388	0.599998177760381
0.25	0.45	-4.74327544260376e-06	0.799303663195628	3.37252076951592e-05	10.3598037210472	0.599998102689823
0.35	0.45	-3.98701921838208e-06	0.799576825382205	0.000223859458186554	10.3118374246236	0.599998405192313
0.45	0.45	-1.56988831665807e-06	0.799807434534544	0.00023781471482277	10.2638547569836	0.599999372044673
0.55	0.45	3.20530727545903e-06	0.799959540154877	0.000190785064596382	10.2158606328611	0.60000128212291
0.65	0.45	1.08985633726957e-05	0.800050526429893	0.000134439813999505	10.1678594069538	0.600004359425349
0.75	0.45	2.17618931886696e-05	0.800103584335084	8.62445179603116e-05	10.1198538720406	0.600008704757275
0.85	0.45	3.54704997608578e-05	0.800135339645275	4.95445218309806e-05	10.0718455837804	0.600014188199904
0.95	0.45	5.01728354685421e-05	0.800155741721128	2.30930234070805e-05	10.0238353606604	0.600020069134187
1.05	0.45	6.20204132297843e-05	0.800170224314816	4.75130212761686e-06	9.97582368294542	0.600024808165292
1.15	0.45	6.48846827981696e-05	0.800181927231477	-7.37930511533172e-06	9.92781096343467	0.600025953873119
1.25	0.45	5.23992595176753e-05	0.800192368863756	-1.46834223350832e-05	9.87979769794156	0.600020959703807
1.35	0.45	1.86480344766996e-05	0.800202379391417	-1.80923132876828e-05	9.83178452462479	0.600007459213791
1.45	0.45	-4.03379011785681e-05	0.800212437306992	-1.82020050489599e-05	9.783772218436	0.599983864839529
1.55	0.45	-0.000124600798385572	0.800222825343853	-1.53838777772494e-05	9.7357616142414	0.599950159680646
1.65	0.45	-0.000228107909746785	0.800233676685412	-9.87091742562406e-06	9.68775345583385	0.599908756836101
1.75	0.45	-0.000336854477618575	0.80024495695464	-1.81098632758468e-06	9.63974817596112	0.599865258208953
1.85	0.45	-0.00042776164095131	0.800256402624529	8.72356100935001e-06	9.59174562602301	0.599828895343619
1.95	0.45	-0.000469045311213509	0.800267408310645	2.17867637970782e-05	9.54374479288591	0.599812381875515
2.05	0.45	-0.000422894671610431	0.800276881776585	3.77122125885884e-05	9.49574356566448	0.599830842131356
2.15	0.45	-0.000250851848648003	0.800284177253634	5.76832223889888e-05	9.44773864138797	0.599899659260541
2.25	0.45	8.56956063836076e-05	0.800288900525432	8.24999453023849e-05	9.39972552428828	0.600034278242553
2.35	0.45	0.000624375301857978	0.800296714533684	0.000113176281807619	9.35169848648248	0.600249750120743
2.45	0.45	0.00144500775040821	0.800301884980601	0.000151213561974075	9.30364994334479	0.600578003100163
2.55	0.45	0.00263357542820176	0.800304025324457	0.000197238583376021	9.25556974451506	0.601053430171281
2.65	0.45	0.00428827504695254	0.800302602226321	0.000251872040736869	9.20744484703232	0.601715310018781
2.75	0.45	0.00652190491071199	0.800297108081309	0.000315918706317544	9.15925887842446	0.602608761964285
2.85	0.45	0.00946418630086175	0.800287052480421	0.00039025505295258	9.11099163670514	0.603785674520345
2.95	0.45	0.0132648679859409	0.800272012251935	0.00047564947318867	9.06261850642228	0.605305947194376
3.05	0.45	0.0180980942138637	0.800251716344951	0.000572553509372186	9.01410975456548	0.607239237685545
3.15	0.45	0.0241684845927871	0.800226144607955	0.000680842552527655	8.96542965750403	0.609667393837115
3.25	0.45	0.0317193559109835	0.800195622520952	0.000799478603181576	8.91653539645342	0.612687742364393
3.35	0.45	0.0410433809539265	0.800160882054788	0.000926077111491299	8.8673756471024	0.616417352381571
3.45	0.45	0.0524955861705655	0.800123033962792	0.00105637942118851	8.81788878543444	0.620998234468226
3.55	0.45	0.0665077265948634	0.800083363298788	0.00118366893285793	8.76800064825114	0.626603090637945
3.65	0.45	0.0836014524005795	0.800042830802879	0.00129823297495978	8.71762184320762	0.633440580960232
3.75	0.45	0.104394994825322	0.800001171598144	0.00138707010408037	8.6666447285346	0.641757997930129
3.85	0.45	0.129594263575911	0.799955594743623	0.00143416430927482	8.61494041252672	0.651837705430364
3.95	0.45	0.159954902997	0.799899389647049	0.00142174516788343	8.56235648400559	0.6639819611988
4.05	0.45	0.196199200532795	0.799821271374959	0.00133291743635388	8.50871665873126	0.678479680213118
4.15	0.45	0.238875316345182	0.799706842930878	0.00115571681157195	8.45382398718963	0.695550126538073
4.25	0.45	0.288162349784193	0.799543476424305	0.000887928562326102	8.39746941880475	0.715264939913677
4.35	0.45	0.343656823696429	0.799328324404868	0.000541063804427158	8.33944690305593	0.737462729478571
4.45	0.45	0.404216048825633	0.799076029533375	0.000141335415381815	8.27957444837772	0.761686419530253
4.55	0.45	0.467954463355778	0.798820262766501	-0.00027389368783214	8.21771783018037	0.787181785342311
4.65	0.45	0.532455547946889	0.798605176860202	-0.000663736805576317	8.15381109530296	0.812982219178756
4.75	0.45	0.595168199868609	0.798469716767876	-0.000992790913707186	8.08786746739019	0.838067279947443
4.85	0.45	0.653854592480077	0.798433762888992	-0.00123801916699937	8.01997682551703	0.861541836992031
4.95	0.45	0.706925260309712	0.798493859216362	-0.00139127408680546	7.95029064812492	0.882770104123885
5.05	0.45	0.753563218431929	0.798629000649523	-0.00145752628796775	7.87899952291372	0.901425287372772
5.15	0.45	0.793647337483035	0.79881093929334	-0.0014505507261908	7.80630977164095	0.917458934993214
5.25	0.45	0.8275589471236	0.799013060971804	-0.0013881449658429	7.73242427494405	0.93102357884944
5.35	0.45	0.855965169031747	0.799215126954022	-0.00128828698681449	7.65752977044049	0.942386067612699
5.45	0.45	0.879640016799697	0.799404256384422	-0.00116674327349786	7.58179043348609	0.951856006719879
5.55	0.45	0.899344983178901	0.799573766996505	-0.00103600314608065	7.50534622043163	0.95973799327156
5.65	0.45	0.915764558805052	0.799721328977339	-0.000905144870949342	7.4283141675674	0.966305823522021
5.75	0.45	0.929481438810922	0.799847260742107	-0.000780224185394789	7.35079114352381	0.971792575524369
5.85	0.45	0.940975640919276	0.799953265933587	-0.000664875228263654	7.27285704019517	0.97639025636771
5.95	0.45	0.950635493471598	0.800041618455777	-0.000560932386607604	7.19457782714647	0.980254197388639
6.05	0.45	0.95877281780893	0.80011469286937	-0.00046897653138433	7.11600820775216	0.983509127123572
6.15	0.45	0.965638107535905	0.800174724711139	-0.000388771094906106	7.03719380495095	0.986255243014362
6.25	0.45	0.971433804065709	0.800223708858062	-0.000319587744891734	6.95817290264729	0.988573521626284
6.35	0.45	0.976325090559748	0.800263373542709	-0.000260436984270871	6.87897780933892	0.990530036223899
6.45	0.45	0.980448290016666	0.800295191735009	-0.000210223667189075	6.79963591931841	0.992179316006666
6.55	0.45	0.983917225062188	0.800320408207437	-0.000167846587814948	6.72017054046793	0.993566890024875
6.65	0.45	0.986827960912041	0.800340070920827	-0.000132258233653487	6.64060154580277	0.994731184364816
6.75	0.45	0.989262320751995	0.800355061318729	-0.000102497235780627	6.56094589339374	0.995704928300798
6.85	0.45	0.991290495758311	0.800366121326955	-7.77027959337007e-05	6.48121804823608	0.996516198303324
6.95	0.45	0.992973000446154	0.800373876466231	-5.71177082316006e-05	6.401430330689	0.997189200178462
7.05	0.45	0.994362160810036	0.800378855222642	-4.00845497460215e-05	6.32159320925061	0.997744864324014
7.15	0.45	0.995503271662196	0.800381505105316	-2.60381121009813e-05	6.24171555035171	0.998201308664879
7.25	0.45	0.996435520420166	0.800382205889327	-1.44960760515862e-05	6.16180483417694	0.998574208168067
7.35	0.45	0.997192745528789	0.80038128051701	-5.04918764104928e-06	6.08186734291415	0.998877098211516
7.45	0.45	0.997804076591806	0.800379004072328	2.64831001308177e-06	6.00190832601147	0.999121630636723
7.55	0.45	0.99829448820198	0.800375611178995	8.88757036535057e-06	5.92193214576769	0.999317795280792
7.65	0.45	0.998685288827677	0.800371302113656	1.39131604064702e-05	5.84194240573277	0.999474115531071
7.75	0.45	0.998994558733536	0.80036624787411	1.79301347241075e-05	5.76194206382956	0.999597823493414
7.85	0.45	0.999237545885964	0.800360594399627	2.11101822386502e-05	5.68193353173866	0.999695018354386
7.95	0.45	0.999427025460906	0.800354466104107	2.35969070693933e-05	5.60191876185083	0.999770810184363
8.05	0.45	0.999573626447895	0.800347968852968	2.55103271510109e-05	5.52189932294117	0.999829450579158
8.15	0.45	0.999686127574412	0.800341192489031	2.69506828154754e-05	5.44187646562271	0.999874451029765
8.25	0.45	0.999771724094188	0.80033421299201	2.80016464280225e-05	5.36185117857222	0.999908689637675
8.35	0.45	0.99983626669573	0.800327094338515	2.87330185828005e-05	5.28182423647168	0.999934506678292
8.45	0.45	0.999884473747059	0.800319890115123	2.92029881619289e-05	5.2017962405653	0.999953789498824
8.55	0.45	0.99992011819209	0.800312644925808	2.94600244011585e-05	5.12176765268812	0.999968047276836
8.65	0.45	0.999946190576122	0.800305395625406	2.95444599433346e-05	5.04173882357384	0.999978476230449
8.75	0.45	0.999965039849243	0.800298172404016	2.9489815325363e-05	4.96171001619718	0.999986015939697
8.85	0.45	0.999978493742769	0.800290999741812	2.93239074832552e-05	4.88168142484844	0.999991397497108
8.95	0.45	0.999987960615304	0.800283897249358	2.90697779563037e-05	4.80165319057634	0.999995184246122
9.05	0.45	0.999994514713121	0.80027688040631	2.87464707549624e-05	4.72162541357268	0.999997805885248
9.15	0.45	0.999998966783537	0.80026996120878	2.83696847053167e-05	4.64159816300772	0.999999586713415
9.25	0.45	1.0000019219248	0.800263148734398	2.79523207718397e-05	4.56157148476364	1.00000076876992
9.35	0.45	1.00000382645966	0.80025644963338	2.7504941457228e-05	4.48154540745254	1.00000153058386
9.45	0.45	1.0000050054919	0.80024986855287	2.70361565302509e-05	4.40151994705017	1.00000200219676
9.55	0.45	1.00000569265625	0.800243408501629	2.65529467320706e-05	4.32149511042433	1.0000022770625
9.65	0.45	1.00000605341032	0.800237071161452	2.60609352217028e-05	4.24147089799063	1.00000242136413
9.75	0.45	1.00000620305266	0.800230857151593	2.55646150046094e-05	4.16144730568726	1.00000248122106
9.85	0.45	1.00000622048876	0.800224766251803	2.50675389922702e-05	4.08142432642424	1.0000024881955
9.95	0.45	1.00000615861293	0.800218797589589	2.45724785362209e-05	4.00140195113209	1.00000246344517
10.05	0.45	1.00000605203193	0.800212949796406	2.4081555106366e-05	3.92138016950893	1.00000242081277
10.15	0.45	1.00000592272848	0.800207221137564	2.35963490658298e-05	3.84135897054345	1.00000236909139
10.25	0.45	1.00000578414979	0.800201609619907	2.31179890810035e-05	3.76133834287336	1.00000231365992
10.35	0.45	1.00000564410918	0.800196113080957	2.26472247280341e-05	3.68131827502507	1.00000225764367
10.45	0.45	1.0000055068066	0.800190729262972	2.21844847166521e-05	3.60129875556861	1.00000220272264
10.55	0.45	1.00000537420523	0.800185455874782	2.17299226835853e-05	3.52127977321304	1.00000214968209
10.65	0.45	1.00000524694589	0.800180290644108	2.1283451866846e-05	3.44126131686091	1.00000209877835
10.75	0.45	1.00000512493636	0.800175231362651	2.08447699560837e-05	3.36124337563473	1.00000204997454
10.85	0.45	1.00000500771788	0.80017027592609	2.04133748406262e-05	3.28122593888457	1.00000200308715
10.95	0.45	1.00000489468452	0.800165422370778	1.99885716257506e-05	3.20120899618314	1.00000195787381
11.05	0.45	1.0000047852109	0.800160668908968	1.95694709499282e-05	3.12119253731204	1.00000191408436
11.15	0.45	1.00000467872867	0.800156013964002	1.91549782519785e-05	3.04117655224152	1.00000187149147
11.25	0.45	1.00000457478003	0.800151456207069	1.87437730084625e-05	2.96116103110485	1.00000182991201
11.35	0.45	1.00000447306578	0.800146994596929	1.83342767015406e-05	2.88114596416735	1.00000178922631
11.45	0.45	1.00000437349409	0.800142628424161	1.79246075959455e-05	2.80113134178964	1.00000174939764
11.55	0.45	1.00000427622242	0.800138357361417	1.75125201226593e-05	2.72111715438478	1.00000171048897
11.65	0.45	1.0000041816684	0.800134181521755	1.70953259290612e-05	2.64110339236876	1.00000167266736
11.75	0.45	1.00000409044638	0.800130101527162	1.66697935446864e-05	2.56109004610524	1.00000163617855
11.85	0.45	1.00000400316891	0.80012611859023	1.62320227217512e-05	2.48107710584646	1.00000160126756
11.95	0.45	1.00000392004345	0.800122234612989	1.57772883525728e-05	2.40106456167432	1.00000156801738
12.05	0.45	1.00000384020761	0.800118452307641	1.52998466770927e-05	2.32105240344735	1.00000153608304
12.15	0.45	1.00000376079718	0.800114775345471	1.47926912477655e-05	2.24104062076018	1.00000150431887
12.25	0.45	1.00000367585051	0.800111208540847	1.42472368516108e-05	2.16102920292036	1.0000014703402
12.35	0.45	1.00000357533569	0.800107758077237	1.36528928899373e-05	2.0810181389412	1.00000143013428
12.45	0.45	1.00000344484526	0.800104431780081	1.29964597944688e-05	2.00100741753566	1.0000013779381
12.55	0.45	1.00000326680801	0.800101239435635	1.22612397259929e-05	1.92099702707409	1.00000130672321
12.65	0.45	1.00000302434031	0.800098193143516	1.14256909004425e-05	1.84098695543684	1.00000120973612
12.75	0.45	1.00000270894788	0.800095307669973	1.04613731005598e-05	1.76097718965493	1.00000108357915
12.85	0.45	1.00000233296039	0.800092600734515	9.32983164960282e-06	1.68096771519906	1.00000093318416
12.95	0.45	1.0000019465234	0.800090093106782	7.97795865638786e-06	1.6009585147671	1.00000077860936
13.05	0.45	1.00000165685533	0.800087808300529	6.33127475384604e-06	1.52094956646605	1.00000066274213
13.15	0.45	1.00000164406378	0.800085771503751	4.28452553854868e-06	1.44094084142825	1.00000065762551
13.25	0.45	1.00000216317597	0.800084007132969	1.6890322950264e-06	1.360932301195	1.00000086527039
13.35	0.45	1.00000351685205	0.800082533956867	-1.663570294145e-06	1.28092389569196	1.00000140674082
13.45	0.45	1.00000597918513	0.800081355927966	-6.06119184380696e-06	1.20091556333458	1.00000239167405
13.55	0.45	1.00000965106826	0.8000804453566	-1.1894134719715e-05	1.12090723571441	1.0000038604273
13.65	0.45	1.00001423635716	0.800079712216294	-1.96795823302449e-05	1.04089885032713	1.00000569454286
13.75	0.45	1.00001875116163	0.800078947959662	-3.00855175346954e-05	0.9608903757248	1.00000750046465
13.85	0.45	1.00002122149273	0.800077721976976	-4.39506348855892e-05	0.880881854087991	1.00000848859709
13.95	0.45	1.00001848922603	0.800075189767935	-6.22935641172835e-05	0.800873466439026	1.00000739569041
14.05	0.45	1.00000632572911	0.800069738040466	-8.62931196222098e-05	0.720865625998574	1.00000253029165
14.15	0.45	0.999980120548743	0.800058338237826	-0.000117181438087155	0.640859107100691	0.999992048219497
14.25	0.45	0.999936410540139	0.800035419480874	-0.000155868674468874	0.560855223743233	0.999974564216056
14.35	0.45	0.999875335338527	0.7999911030095	-0.000201776276115696	0.480856085984341	0.999950134135411
14.45	0.45	0.999803586991217	0.799909159602002	-0.000249521179205186	0.400864974321241	0.999921434796487
14.55	0.45	0.999736401813314	0.799767284263712	-0.000280438870558218	0.32088681565143	0.999894560725326
14.65	0.45	0.999695691191651	0.799549007159727	-0.000244200295073764	0.240928375274435	0.99987827647666
14.75	0.45	0.999700500606511	0.799289965902715	-3.13686332440971e-05	0.160996471275121	0.999880200242604
14.85	0.45	0.999748772603238	0.799178485573951	0.000516585912342605	0.0810895251517104	0.999899509041295
14.95	0.45	0.999801540625152	0.399606201637662	0.00134853401465617	0.00117682920206635	0.999920616250061
0.05	0.55	-4.12327911040511e-06	0.399821435155672	-0.000751878512645364	10.455761105627	0.599998350688356
0.15	0.55	-4.56582333026467e-06	0.799595636487993	-0.00043767201554559	10.4077826652869	0.599998173670668
0.25	0.55	-4.74710435925384e-06	0.79959012963053	-0.000145124319106871	10.3598099212911	0.599998101158256
0.35	0.55	-3.97250609092664e-06	0.799700137703884	1.9731198612525e-05	10.3118321533531	0.599998410997564
0.45	0.55	-1.51649352929874e-06	0.799830111746338	8.15469476966558e-05	10.2638461588598	0.599999393402588
0.55	0.55	3.32583919909288e-06	0.799938328027838	8.6880183541458e-05	10.2158526369117	0.60000133033568
0.65	0.55	1.11126871993819e-05	0.800017068250277	6.86811512391142e-05	10.1678533465774	0.60000444507488
0.75	0.55	2.20636854725192e-05	0.800071525745754	4.43918907474891e-05	10.1198498773978	0.600008825474189
0.85	0.55	3.57845752770287e-05	0.800109140204116	2.15976043852616e-05	10.0718433511742	0.600014313830111
0.95	0.55	5.09043683809085e-05	0.800135762782845	2.9113174476765e-06	10.0238344899215	0.600020361747352
1.05	0.55	6.29936397313571e-05	0.800155843022423	-1.12276757215211e-05	9.97582380106617	0.600025197455893
1.15	0.55	6.61999123673416e-05	0.800172169006597	-2.11388473263563e-05	9.9278117562238	0.600026479964947
1.25	0.55	5.4070967873764e-05	0.800186466266758	-2.72632360763005e-05	9.87979890290738	0.600021628387149
1.35	0.55	2.05237919212704e-05	0.80019985824552	-3.00030569351058e-05	9.83178591873629	0.600008209516768
1.45	0.55	-3.86281350834969e-05	0.80021312046981	-2.96593114176653e-05	9.7837736058649	0.599984548745967
1.55	0.55	-0.000123697535340793	0.800226810230692	-2.64371188830173e-05	9.7357628169217	0.599950520985864
1.65	0.55	-0.000228962090052735	0.800241310783373	-2.04748900751656e-05	9.68775430729116	0.599908415163979
1.75	0.55	-0.000340724801293108	0.800256818090513	-1.18657531842348e-05	9.63974851737335	0.599863710079483
1.85	0.55	-0.000436122212429651	0.80027328529919	-6.45366320678557e-07	9.59174530224426	0.599825551115028
1.95	0.55	-0.00048331306513888	0.800290326556403	1.32877132225008e-05	9.54374364421467	0.599806674773944
2.05	0.55	-0.000443823859920394	0.800307101202972	3.03636156452112e-05	9.49574140602426	0.599822470456032
2.15	0.55	-0.000278160785113335	0.800322373548859	5.15630071600842e-05	9.44773520739061	0.599888735685955
2.25	0.55	4.32901172871435e-05	0.800340561882665	7.75683467243845e-05	9.39972053033584	0.600017316046915
2.35	0.55	0.00057187789729441	0.80036085065948	0.000110092551308986	9.35169156787518	0.600228751158918
2.45	0.55	0.00137857353337534	0.800381754563845	0.000150844785005189	9.30364061120352	0.60055142941335
2.55	0.55	0.00254744767347673	0.800403163816311	0.000200006471692121	9.25555748614412	0.601018979069391
2.65	0.55	0.00417575038640991	0.800425290816885	0.00025811460663414	9.20742911233965	0.601670300154564
2.75	0.55	0.00637510267506862	0.800448436245581	0.000326031366448367	9.15923906074014	0.602550041070027
2.85	0.55	0.00927354901836169	0.800472972395266	0.00040469541852117	9.11096706428708	0.603709419607345
2.95	0.55	0.0130185857235542	0.800499410512356	0.000494906540850219	9.06258844558166	0.605207434289422
3.05	0.55	0.0177814593058253	0.800528479290088	0.000597111659674894	9.01407342494859	0.60711258372233
3.15	0.55	0.0237631491075646	0.800561188772289	0.000711142418949376	8.96538626242096	0.609505259643026
3.25	0.55	0.0312024736242061	0.800598861066244	0.000835870843776543	8.91648417340529	0.612480989449682
3.35	0.55	0.0403866439869103	0.800643093771629	0.00096876537714238	8.86731594538679	0.616154657594764
3.45	0.55	0.0516642181299829	0.800695594982057	0.00110535027254609	8.81782017860638	0.620665687251993
3.55	0.55	0.065459584886693	0.800757796187486	0.00123860832694235	8.76792308847802	0.626183833954677
3.65	0.55	0.0822865430247478	0.800830124901013	0.00135843154454919	8.71753586064533	0.632914617209899
3.75	0.55	0.102755928974443	0.800910836632777	0.00145132335045007	8.66655166947925	0.641102371589777
3.85	0.55	0.127568473455682	0.800994431879248	0.00150067976215252	8.61484269265114	0.651027389382273
3.95	0.55	0.157479695005523	0.801070005918469	0.0014880774384892	8.56225780603672	0.662991878002209
4.05	0.55	0.193220726102413	0.801120433096145	0.00139596433443662	8.50862211042959	0.677288290440965
4.15	0.55	0.235361880607713	0.801123874374506	0.00121182290432534	8.45373990759416	0.694144752243085
4.25	0.55	0.284120722758467	0.801059072392418	0.000933147146217541	8.39740292300446	0.713648289103387
4.35	0.55	0.339147397118739	0.800914326025191	0.00057160546569046	8.33940501948984	0.735658958847496
4.45	0.55	0.399360021181363	0.800696765407356	0.000154164035953337	8.27956296231017	0.759744008472545
4.55	0.55	0.462926282671858	0.800435740934813	-0.000280455755034267	8.21774010456532	0.785170513068743
4.65	0.55	0.527458701270001	0.800175650579782	-0.000689601949984068	8.1538672530821	0.810983480508001
4.75	0.55	0.590400662419501	0.799960347500064	-0.00103607058545857	8.08795425673843	0.8361602649678
4.85	0.55	0.649476258179729	0.799817953829765	-0.00129538694352797	8.0200882408027	0.859790503271892
4.95	0.55	0.703038494796109	0.799754531996336	-0.0014585897344681	7.95041907942447	0.881215397918444
5.05	0.55	0.750210320049641	0.799758050977466	-0.00153050442655031	7.87913703801983	0.900084128019856
5.15	0.55	0.790821017050466	0.799807638633674	-0.00152529466384314	7.80644917263717	0.916328406820186
5.25	0.55	0.825218567055884	0.799882137716399	-0.00146146501062868	7.73255974492267	0.930087426822354
5.35	0.55	0.854052541212436	0.799964968809756	-0.00135781323015438	7.65765710750729	0.941621016484975
5.45	0.55	0.878091497819894	0.800045413905993	-0.00123089085738963	7.58190697818332	0.951236599127958
5.55	0.55	0.898099184451353	0.800117793272228	-0.00109385606794881	7.50545061041333	0.959239673780541
5.65	0.55	0.914766397149914	0.800179930756399	-0.000956310589471604	7.42840603058763	0.965906558859965
5.75	0.55	0.928683670325656	0.80023171597545	-0.000824691831918585	7.35087080030747	0.971473468130262
5.85	0.55	0.940338905776139	0.800274057165677	-0.000702893726056941	7.27292525304069	0.976135562310456
5.95	0.55	0.950127610095548	0.800308232313089	-0.000592913757238772	7.19463560545487	0.980051044038219
6.05	0.55	0.958367786369155	0.80033554052797	-0.000495423546262147	7.11605666778907	0.983347114547662
6.15	0.55	0.965315076651527	0.800357145204994	-0.000410225702070115	7.03723407500852	0.986126030660611
6.25	0.55	0.971176122806117	0.800374024971453	-0.000336595960084314	6.95820606325893	0.988470449122447
6.35	0.55	0.976119491973355	0.80038697763422	-0.00027352618927934	6.87900485900392	0.990447796789342
6.45	0.55	0.980284212919349	0.800396645439961	-0.000219888907307297	6.79965775789395	0.992113685167739
6.55	0.55	0.983786262675593	0.800403545265948	-0.000174543188010567	6.7201879642226	0.993514505070237
6.65	0.55	0.986723418359748	0.800408096386231	-0.000136398714675442	6.64061524975587	0.994689367343899
6.75	0.55	0.989178862575578	0.80041064328151	-0.000104451056593874	6.56095647787713	0.995671545030231
6.85	0.55	0.991223866285536	0.800411473266144	-7.77978731697903e-05	6.48122602761006	0.996489546514214
6.95	0.55	0.992919802374229	0.800410829634726	-5.56429815691924e-05	6.40143614286634	0.997167920949692
7.05	0.55	0.994319679968903	0.800408921273526	-3.72930952060131e-05	6.32159722519236	0.997727871987561
7.15	0.55	0.99546933826614	0.800405929624722	-2.2150472146332e-05	6.24171808304594	0.998187735306456
7.25	0.55	0.996408399096961	0.800402013730806	-9.70359302467685e-06	6.16180614684355	0.998563359638785
7.35	0.55	0.997171048034071	0.800397313913735	4.82791113167645e-07	6.08186765632845	0.998868419213629
7.45	0.55	0.997786692413406	0.8003919544948	8.77743112289555e-06	6.00190782493197	0.999114676965362
7.55	0.55	0.998280529286873	0.800386045845269	1.54917158079117e-05	5.92193098450826	0.999312211714749
7.65	0.55	0.998674045473729	0.800379685972407	2.08879451339012e-05	5.84194071294865	0.999469618189492
7.75	0.55	0.998985464323476	0.800372961784221	2.51866587257222e-05	5.76193994659966	0.99959418572939
7.85	0.55	0.999230148638573	0.800365950133029	2.85730259380912e-05	5.68193107902955	0.999692059455429
7.95	0.55	0.999420965763784	0.800358718707874	3.12023536158547e-05	5.60191604744479	0.999768386305513
8.05	0.55	0.999568618640729	0.800351326823511	3.32047927126491e-05	5.52189640790429	0.999827447456292
8.15	0.55	0.999681945289963	0.800343826139022	3.46893353907457e-05	5.44187340038113	0.999872778115985
8.25	0.55	0.999768188450661	0.800336261326878	3.57471938141935e-05	5.36184800465642	0.999907275380264
8.35	0.55	0.99983323678025	0.800328670705917	3.64546473384323e-05	5.2818209879806	0.9999332947121
8.45	0.55	0.999881838944462	0.800321086844939	3.68754367584445e-05	5.20179294539478	0.999952735577785
8.55	0.55	0.999917792003184	0.800313537140271	3.70627751421886e-05	5.12176433356114	0.999967116801273
8.65	0.55	0.999944105640335	0.800306044367061	3.70610358312563e-05	5.04173549890459	0.999977642256134
8.75	0.55	0.999963143942476	0.800298627203176	3.69071694209217e-05	4.9617067008157	0.99998525757699
8.85	0.55	0.99997674656552	0.800291300723153	3.6631893582059e-05	4.88167813060816	0.999990698626208
8.95	0.55	0.99998633122138	0.800284076859816	3.62606928704819e-05	4.80164992686347	0.999994532488552
9.05	0.55	0.999992979457383	0.800276964831566	3.58146593712785e-05	4.7216221877331	0.999997191782953
9.15	0.55	0.999997507689765	0.800269971533705	3.53111998884572e-05	4.64159498070469	0.999999003075906
9.25	0.55	1.00000052539301	0.800263101892945	3.47646313744651e-05	4.56156835027717	1.00000021015721
9.35	0.55	1.00000248224706	0.800256359185336	3.41866822771016e-05	4.48154232392991	1.00000099289882
9.45	0.55	1.00000370591377	0.800249745318365	3.35869146858421e-05	4.40151691671529	1.00000148236551
9.55	0.55	1.00000443196284	0.800243261078511	3.29730796215407e-05	4.3214921347525	1.00000177278514
9.65	0.55	1.0000048273042	0.800236906346655	3.23514159117186e-05	4.24146797785434	1.00000193092168
9.75	0.55	1.00000500831737	0.800230680283434	3.17269011113063e-05	4.16144444147761	1.00000200332695
9.85	0.55	1.00000505470537	0.800224581487538	3.11034617625014e-05	4.08142151815199	1.00000202188215
9.95	0.55	1.00000501994547	0.800218608129579	3.0484149196327e-05	4.00139919851179	1.00000200797819
10.05	0.55	1.0000049390666	0.800212758064689	2.98712856899939e-05	3.92137747202886	1.00000197562664
10.15	0.55	1.00000483435437	0.800207028926368	2.92665856638306e-05	3.84135632752388	1.00000193374175
10.25	0.55	1.00000471947154	0.800201418204602	2.86712551847614e-05	3.76133575351528	1.00000188778862
10.35	0.55	1.00000460238406	0.800195923310518	2.80860730335754e-05	3.68131573845104	1.00000184095363
10.45	0.55	1.0000044874	0.800190541630091	2.7511455744406e-05	3.60129627085739	1.00000179496
10.55	0.55	1.00000437655999	0.800185270568918	2.69475086697776e-05	3.52127733942931	1.000001750624
10.65	0.55	1.00000427056203	0.80018010758998	2.63940647843857e-05	3.44125893308125	1.00000170822481
10.75	0.55	1.00000416935832	0.800175050246117	2.58507123852105e-05	3.3612410409709	1.00000166774333
10.85	0.55	1.00000407252717	0.800170096208692	2.5316812580419e-05	3.28122365250517	1.00000162901087
10.95	0.55	1.00000397949603	0.800165243293766	2.47915070393884e-05	3.20120675733446	1.00000159179841
11.05	0.55	1.00000388967137	0.800160489487079	2.42737160107564e-05	3.12119034533908	1.00000155586855
11.15	0.55	1.00000380251607	0.800155832968728	2.37621261035899e-05	3.04117440661026	1.00000152100643
11.25	0.55	1.00000371760268	0.800151272138585	2.3255167084217e-05	2.96115893142667	1.00000148704107
11.35	0.55	1.00000363466086	0.80014680564316	2.2750976041264e-05	2.88114391022686	1.00000145386434
11.45	0.55	1.00000355362565	0.800142432404761	2.22473471357432e-05	2.80112933357749	1.00000142145026
11.55	0.55	1.00000347468095	0.800138151653414	2.1741664426693e-05	2.72111519213678	1.00000138987238
11.65	0.55	1.00000339827621	0.80013396296235	2.12308150684778e-05	2.64110147661358	1.00000135931048
11.75	0.55	1.00000332507647	0.800129866287713	2.07110795911555e-05	2.56108817772266	1.00000133003059
11.85	0.55	1.00000325578894	0.800125862013331	2.01779958157388e-05	2.48107528613902	1.00000130231557
11.95	0.55	1.00000319079961	0.800121951001728	1.96261918506688e-05	2.40106279245538	1.00000127631984
12.05	0.55	1.00000312956385	0.800118134652409	1.90491815870281e-05	2.3210506871495	1.00000125182554
12.15	0.55	1.0000030697395	0.800114414968305	1.84391116436505e-05	2.24103896056902	1.0000012278958
12.25	0.55	1.00000300614877	0.800110794629592	1.77864396706044e-05	2.16102760294099	1.00000120245951
12.35	0.55	1.00000292982065	0.800107277070597	1.70795077063776e-05	2.08101660440839	1.00000117192826
12.45	0.55	1.0000028276001	0.800103866547758	1.63039474998038e-05	2.00100595508559	1.00000113104004
12.55	0.55	1.00000268309018	0.800100568172627	1.54418134104898e-05	1.92099564510626	1.00000107323607
12.65	0.55	1.0000024799471	0.800097387859571	1.44702808633346e-05	1.84098566461194	1.00000099197884
12.75	0.55	1.00000220864398	0.800094332098641	1.3359674045085e-05	1.76097600359947	1.00000088345759
12.85	0.55	1.0000018775502	0.80009140740293	1.20705031401806e-05	1.68096665152207	1.00000075102008
12.95	0.55	1.00000152827248	0.800088619187365	1.05491161208337e-05	1.60095759653819	1.00000061130899
13.05	0.55	1.00000125338947	0.800085969698738	8.72153570711807e-06	1.52094882435486	1.00000050135579
13.15	0.55	1.00000121180209	0.800083454413446	6.48511281876212e-06	1.44094031675543	1.00000048472084
13.25	0.55	1.00000163301347	0.800081056014458	3.69786093468954e-06	1.36093205018094	1.00000065320539
13.35	0.55	1.00000279738911	0.80007873459152	1.65842380395306e-07	1.28092399518856	1.00000111895564
13.45	0.55	1.00000497632366	0.80007641197183	-4.37012108584988e-06	1.20091611825642	1.00000199052946
13.55	0.55	1.00000831685598	0.80007394689932	-1.02457091138386e-05	1.1209083882057	1.00000332674239
13.65	0.55	1.00001266335823	0.800071095841303	-1.78774981459077e-05	1.040900790355	1.00000506534329
13.75	0.55	1.000017328805	0.800067451073707	-2.77525219590511e-05	0.960893352194077	1.000006931522
13.85	0.55	1.00002086321916	0.800062342895192	-4.03901526582555e-05	0.880886184561291	1.00000834528767
13.95	0.55	1.00002091663816	0.80005468634515	-5.62548326694644e-05	0.800879541694754	1.00000836665526
14.05	0.55	1.00001434875376	0.800042747076229	-7.55807166464688e-05	0.720873901834609	1.00000573950151
14.15	0.55	0.999997771508714	0.800023806785766	-9.80314366644762e-05	0.640870067074878	0.999999108603486
14.25	0.55	0.999968675025604	0.799993760424926	-0.000122038222283926	0.56086927613276	0.999987470010242
14.35	0.55	0.999927106489226	0.799946868440391	-0.000143510385615344	0.480873312659959	0.99997084259569
14.45	0.55	0.999877465615481	0.799876424348029	-0.000153413908227348	0.400884560063157	0.999950986246192
14.55	0.55	0.999829339289991	0.799778296979099	-0.000133758792157568	0.320905861375759	0.999931735715996
14.65	0.55	0.999795668885975	0.799661100048441	-5.30698765023796e-05	0.240939812370679	0.99991826755439
14.75	0.55	0.999786743261238	0.799566308627165	0.000131036478280435	0.160986705307115	0.999914697304495
14.85	0.55	0.999801085355044	0.799585379061904	0.000437788195148527	0.081040183809758	0.999920434142018
14.95	0.55	0.999820330648654	0.399828901624852	0.000760662097090937	0.00108234645849821	0.999928132259462
0.05	0.65	-4.13774358607424e-06	0.399912997431003	-0.00048645889598669	10.4557955088178	0.599998344902565
0.15	0.65	-4.58229273949912e-06	0.799788883313165	-0.000352990682760289	10.4078060814977	0.599998167082904
0.25	0.65	-4.7635499759648e-06	0.799761077281576	-0.000196277282497133	10.3598211359873	0.59999809458001
0.35	0.65	-3.98117955484115e-06	0.799803493596053	-8.13457939639222e-05	10.311835056963	0.599998407528178
0.45	0.65	-1.50289745680402e-06	0.799874548111755	-1.82157871938653e-05	10.2638449714368	0.599999398841017
0.55	0.65	3.38145975775052e-06	0.799946581035623	6.54299671228761e-06	10.2158502072932	0.600001352583903
0.65	0.65	1.12321110479857e-05	0.800007861013566	9.05871578962092e-06	10.167851165232	0.600004492844419
0.75	0.65	2.22829340749533e-05	0.800056223573761	1.10077714981002e-06	10.1198485450129	0.60000891317363
0.85	0.65	3.6226729831939e-05	0.800093456138407	-1.03348939856644e-05	10.0718429920837	0.600014490691933
0.95	0.65	5.16105068885758e-05	0.80012214970273	-2.16625087122898e-05	10.0238350113683	0.600020644202755
1.05	0.65	6.39390417229228e-05	0.800145150700842	-3.12752376170978e-05	9.97582503040121	0.600025575616689
1.15	0.65	6.7516400451676e-05	0.800164488042885	-3.84888327432778e-05	9.92781350028669	0.600027006560181
1.25	0.65	5.57918376923325e-05	0.800181695763434	-4.30637051869894e-05	9.87980096972648	0.600022316735077
1.35	0.65	2.25120320273767e-05	0.80019792380952	-4.49682863918629e-05	9.83178812511985	0.600009004812811
1.45	0.65	-3.6723512997794e-05	0.800214077690261	-4.42296336408677e-05	9.78377577754101	0.599985310594801
1.55	0.65	-0.000122492736425447	0.800230888172264	-4.08820162981146e-05	9.7357647865137	0.59995100290543
1.65	0.65	-0.000229378548803239	0.80024892877071	-3.49578543688573e-05	9.68775591252564	0.599908248580479
1.75	0.65	-0.000343985656562487	0.800268593421101	-2.64832203027184e-05	9.63974959960848	0.599862405737375
1.85	0.65	-0.000443664875133011	0.800290043507688	-1.54506592537538e-05	9.59174570352529	0.599822534049947
1.95	0.65	-0.00049659401132514	0.800313120805851	-1.74260314358069e-06	9.54374319895538	0.59980136239547
2.05	0.65	-0.000464188407700149	0.80033720140477	1.49971858591323e-05	9.49573992319044	0.59981432463692
2.15	0.65	-0.000307565701028678	0.800361667228705	3.51975343182893e-05	9.44773245505677	0.599876973719589
2.25	0.65	3.67753365613056e-06	0.800391240122393	6.02489397838006e-05	9.39971621590079	0.600001471013462
2.35	0.65	0.00052375695611348	0.800423766025356	9.26308345888929e-05	9.35168527042283	0.600209502782445
2.45	0.65	0.00131704626653751	0.80046022944517	0.000133156923513965	9.30363182541836	0.600526818506615
2.55	0.65	0.00246641492803719	0.800500737758224	0.000181555022467453	9.25554570306238	0.600986565971215
2.65	0.65	0.00406864825452717	0.800546190983673	0.000238437390774944	9.20741378713874	0.601627459301811
2.75	0.65	0.00623436465767403	0.800597635012631	0.000304727097823842	9.15921958846742	0.60249374586307
2.85	0.65	0.00908997509152703	0.80065625090884	0.00038134866556548	9.11094277310412	0.603635990036611
2.95	0.65	0.0127807490242816	0.800723443017187	0.000469048333199542	9.06255860228559	0.605112299609713
3.05	0.65	0.0174750835618867	0.800800901744978	0.000568211797617386	9.01403725185253	0.606990033424755
3.15	0.65	0.0233703980841276	0.80089062659384	0.000678624668307712	8.96534296858331	0.609348159233651
3.25	0.65	0.0307011256801205	0.800994892861358	0.000799150410430738	8.91643300554206	0.612280450272048
3.35	0.65	0.039749159463594	0.801116122304835	0.000927313409796579	8.86725626533221	0.615899663785438
3.45	0.65	0.0508567580883454	0.801256589410333	0.00105879194301465	8.81775157492753	0.620342703235338
3.55	0.65	0.0644411263493947	0.801417864115701	0.00118685930924267	8.76784552904015	0.625776450539758
3.65	0.65	0.0810083798581068	0.801599871838353	0.00130187107071654	8.71744988906344	0.632403351943243
3.75	0.65	0.101162064922457	0.801799477272587	0.00139098823375257	8.66645863925913	0.640464825968983
3.85	0.65	0.125597693678303	0.802008636216579	0.00143844151795598	8.61474501589503	0.650239077471321
3.95	0.65	0.155070362201584	0.802212498480809	0.0014267368166637	8.56215916744943	0.662028144880634
4.05	0.65	0.190319369128229	0.80238842373921	0.00133917592499162	8.50852756476788	0.676127747651292
4.15	0.65	0.231936040349812	0.802507499423066	0.00116376957592543	8.4536557511852	0.692774416139925
4.25	0.65	0.280174862226134	0.802540181474733	0.000897944844411615	8.39733623113091	0.712069944890453
4.35	0.65	0.334737958076963	0.802466139116495	0.000552535622487889	8.33936280182031	0.733895183230785
4.45	0.65	0.394603042482154	0.802285009001583	0.000152955210739546	8.27955102343981	0.757841216992862
4.55	0.65	0.457990832441815	0.802021604509499	-0.000264033338008137	8.21776187140283	0.783196332976726
4.65	0.65	0.522543879699105	0.801720175240103	-0.000657666559976787	8.15392294656764	0.809017551879642
4.75	0.65	0.585701936419558	0.801429037359604	-0.000992121938626554	8.08804073171018	0.834280774567823
4.85	0.65	0.645153066282042	0.801184179958475	-0.00124357095185041	8.02019957790657	0.858061226512817
4.95	0.65	0.699194321606642	0.801000938127468	-0.00140298621087113	7.95054771458485	0.879677728642657
5.05	0.65	0.746889408274803	0.800876129759549	-0.00147461087865676	7.87927503957755	0.898755763309921
5.15	0.65	0.788018201803475	0.800796214774855	-0.00147176100637997	7.80658930592428	0.91520728072139
5.25	0.65	0.822895134910757	0.800745494003189	-0.00141204480052114	7.73269613310982	0.929158053964303
5.35	0.65	0.852151886791714	0.800711070887092	-0.00131345850450506	7.65778547965691	0.940860754716686
5.45	0.65	0.876551218601731	0.800684425203516	-0.00119191771191851	7.58202460729642	0.950620487440692
5.55	0.65	0.896858846121428	0.800660920869808	-0.00106012641855613	7.50555607458504	0.958743538448571
5.65	0.65	0.91377164734715	0.800638579605125	-0.000927397221281672	7.42849890902957	0.96550865893886
5.75	0.65	0.927887825413942	0.800616907124072	-0.000800011592220925	7.35095137690092	0.971155130165577
5.85	0.65	0.939703035416648	0.800596059799689	-0.000681805569725496	7.27299426424029	0.975881214166659
5.95	0.65	0.949619860594909	0.800576360278805	-0.00057478493189696	7.19469404443083	0.979847944237964
6.05	0.65	0.957962405960575	0.800558068725483	-0.000479670003218657	7.11610564255258	0.98318496238423
6.15	0.65	0.964991399040426	0.800541308213163	-0.000396333310003142	7.03727471193963	0.98599655961617
6.25	0.65	0.970917632581256	0.800526068082482	-0.000324128402715838	6.9582394458219	0.988367053032502
6.35	0.65	0.975913019000751	0.800512237975903	-0.000262124275535442	6.87903199216657	0.9903652076003
6.45	0.65	0.980119262972635	0.800499647353362	-0.000209264823560977	6.79967955042535	0.992047705189054
6.55	0.65	0.983654473236517	0.800488099309513	-0.000164472172736203	6.72020522285669	0.993461789294607
6.65	0.65	0.98661812185838	0.800477395269297	-0.00012670980160752	6.64062868082688	0.994647248743352
6.75	0.65	0.989094738454803	0.800467350857185	-9.50179116331673e-05	6.56096669333957	0.995637895381921
6.85	0.65	0.991156664920603	0.800457804657574	-6.85303117951998e-05	6.48123355334947	0.996462665968241
6.95	0.65	0.992866126387912	0.800448621844404	-4.64794578487081e-05	6.40144142793129	0.997146450555165
7.05	0.65	0.994276811063629	0.800439694419882	-2.8194263027278e-05	6.32160065108895	0.997710724425452
7.15	0.65	0.995435100015891	0.800430939408399	-1.30938039023978e-05	6.24171997258715	0.998174040006356
7.25	0.65	0.996381048101335	0.800422295967261	-6.7897630066962e-07	6.16180677228029	0.998552419240534
7.35	0.65	0.997149187435567	0.800413722056594	9.47658955361487e-06	6.08186724664147	0.998859674974227
7.45	0.65	0.997769203058278	0.800405191073077	1.77355550590971e-05	6.00190657225919	0.999107681223311
7.55	0.65	0.998266514822639	0.800396688684537	2.44053820115836e-05	5.92192904973887	0.999306605929056
7.65	0.65	0.998662788473102	0.800388209989489	2.974608795437e-05	5.84193823054644	0.999465115389241
7.75	0.65	0.998976391149293	0.80037975705446	3.39771545752076e-05	5.76193702873274	0.999590556459717
7.85	0.65	0.999222801253336	0.800371336837504	3.72835815642696e-05	5.68192781908773	0.999689120501334
7.95	0.65	0.999414979070058	0.800362959480701	3.98211291353946e-05	5.60191252302387	0.999765991628023
8.05	0.65	0.999563702237888	0.800354636940632	4.17208186094907e-05	5.52189268333089	0.999825480895155
8.15	0.65	0.999677868766837	0.800346381919288	4.30927715124502e-05	5.44186952884468	0.999871147506735
8.25	0.65	0.999764769516914	0.800338207055747	4.4029469564224e-05	5.36184403000693	0.999905907806766
8.35	0.65	0.999830331682802	0.800330124339503	4.46085143724237e-05	5.28181694624331	0.999932132673121
8.45	0.65	0.999879334727864	0.80032214470843	4.48949586100671e-05	5.2017888660456	0.999951733891146
8.55	0.65	0.999915600261312	0.800314277797168	4.49432733684731e-05	5.12176024060033	0.999966240104525
8.65	0.65	0.999942157476427	0.800306531805185	4.4799007281599e-05	5.04173141176037	0.999976862990571
8.75	0.65	0.999961385909593	0.800298913457575	4.45001861018589e-05	4.9617026351047	0.999984554363837
8.85	0.65	0.999975137403165	0.800291428034725	4.40784935731651e-05	4.88167409877514	0.999990054961266
8.95	0.65	0.999984839238778	0.800284079451341	4.35602684807625e-05	4.8016459387195	0.999993935695511
9.05	0.65	0.999991580441778	0.800276870368151	4.29673468485508e-05	4.7216182509079	0.999996632176711
9.15	0.65	0.999996183240494	0.800269802322777	4.23177740004947e-05	4.64159110102678	0.999998473296198
9.25	0.65	0.999999261600264	0.800262875869747	4.16264065103032e-05	4.56156453209301	0.999999704640106
9.35	0.65	1.00000126864895	0.800256090721158	4.09054213989549e-05	4.48153857037163	1.00000050745958
9.45	0.65	1.0000025346775	0.800249445882703	4.01647466899021e-05	4.40151322992496	1.000001013871
9.55	0.65	1.00000329724549	0.800242939780827	3.94124251698158e-05	4.32148851606986	1.0000013188982
9.65	0.65	1.00000372475701	0.800236570378678	3.86549214923014e-05	4.24146442797369	1.0000014899028
9.75	0.65	1.00000393470395	0.800230335279733	3.78973809248681e-05	4.16144096057877	1.00000157388158
9.85	0.65	1.00000400760996	0.800224231818561	3.71438468809381e-05	4.08141810600958	1.00000160304398
9.95	0.65	1.00000399755187	0.800218257139176	3.63974431955836e-05	4.00139585458624	1.00000159902075
10.05	0.65	1.00000393999225	0.800212408261709	3.56605262979292e-05	3.92137419554232	1.0000015759969
10.15	0.65	1.00000385752711	0.800206682138619	3.49348113491092e-05	3.84135311752356	1.00000154301084
10.25	0.65	1.00000376403925	0.800201075701476	3.42214762750944e-05	3.76133260892643	1.0000015056157
10.35	0.65	1.00000366764935	0.800195585899736	3.35212464634514e-05	3.68131265812157	1.00000146705974
10.45	0.65	1.00000357277386	0.800190209732847	3.28344628582066e-05	3.60129325359569	1.00000142910954
10.55	0.65	1.00000348152977	0.800184944276792	3.21611353989489e-05	3.52127438403679	1.00000139261191
10.65	0.65	1.00000339466996	0.800179786706321	3.15009836073901e-05	3.44125603838082	1.00000135786798
10.75	0.65	1.00000331218778	0.80017473431387	3.08534655187752e-05	3.36123820583263	1.00000132487511
10.85	0.65	1.00000323369453	0.800169784526034	3.02177958189368e-05	3.28122087587009	1.00000129347781
10.95	0.65	1.00000315864605	0.800164934918538	2.95929537723871e-05	3.20120403823757	1.00000126345842
11.05	0.65	1.00000308647464	0.80016018323008	2.89776808061533e-05	3.12118768293263	1.00000123458986
11.15	0.65	1.00000301666699	0.800155527375936	2.83704675285167e-05	3.04117180018821	1.0000012066668
11.25	0.65	1.00000294881687	0.800150965461233	2.7769529039667e-05	2.96115638045162	1.00000117952675
11.35	0.65	1.00000288267107	0.800146495794419	2.71727672955604e-05	2.88114141436078	1.00000115306843
11.45	0.65	1.00000281817661	0.800142116900589	2.65777185193485e-05	2.80112689271748	1.00000112727064
11.55	0.65	1.00000275552476	0.800137827534584	2.59814833456828e-05	2.72111280645796	1.0000011022099
11.65	0.65	1.00000269517296	0.800133626693167	2.53806371812747e-05	2.6410991466208	1.00000107806918
11.75	0.65	1.00000263780824	0.800129513625749	2.47711180159099e-05	2.56108590431355	1.0000010551233
11.85	0.65	1.0000025841997	0.800125487842378	2.41480887764364e-05	2.4810730706809	1.00000103367988
11.95	0.65	1.00000253487738	0.800121549117894	2.3505771019904e-05	2.40106063687914	1.00000101395095
12.05	0.65	1.0000024895824	0.800117697489838	2.2837245210649e-05	2.32104859406401	1.00000099583296
12.15	0.65	1.00000244647124	0.800113933246555	2.21342092646033e-05	2.24103693340082	1.0000009785885
12.25	0.65	1.00000240114229	0.800110256898529	2.13866795473616e-05	2.16102564610563	1.00000096045691
12.35	0.65	1.00000234569945	0.800106669119745	2.0582603993127e-05	2.08101472352335	1.00000093827978
12.45	0.65	1.00000226827687	0.800103170634518	1.97073335979461e-05	2.00100415724061	1.00000090731075
12.55	0.65	1.00000215370049	0.800099762005667	1.8742861832117e-05	1.92099393921692	1.0000008614802
12.65	0.65	1.0000019861956	0.800096443247852	1.76666922674347e-05	1.84098406189753	1.00000079447824
12.75	0.65	1.000001755149	0.800093213140434	1.64501340946955e-05	1.76097451824867	1.0000007020596
12.85	0.65	1.00000146472443	0.80009006804039	1.50557651503634e-05	1.68096530163895	1.00000058588977
12.95	0.65	1.00000114738213	0.800086999890079	1.34337651032933e-05	1.60095640549659	1.00000045895285
13.05	0.65	1.00000087983663	0.800083992968539	1.15168493483748e-05	1.52094782272397	1.00000035193465
13.15	0.65	1.00000079756157	0.80008101873829	9.21369182101838e-06	1.44093954498318	1.00000031902463
13.25	0.65	1.0000011007273	0.800078027881482	6.40110515490869e-06	1.36093156221291	1.00000044029092
13.35	0.65	1.00000204101742	0.800074938285735	2.9159682841304e-06	1.28092386312675	1.00000081640697
13.45	0.65	1.00000387639661	0.800071617318057	-1.45090580254139e-06	1.20091643797682	1.00000155055865
13.55	0.65	1.00000678174787	0.800067856206687	-6.95493798823235e-06	1.12090928549258	1.00000271269915
13.65	0.65	1.00001071029318	0.800063333768236	-1.38853515626883e-05	1.04090242648791	1.00000428411727
13.75	0.65	1.00001521697908	0.800057566238808	-2.2529942145498e-05	0.960895926924463	1.00000608679163
13.85	0.65	1.00001928240658	0.800049840170873	-3.31020411261625e-05	0.880889932856733	1.00000771296263
13.95	0.65	1.00002121240333	0.800039127914564	-4.56079940855462e-05	0.800884718184707	1.00000848496133
14.05	0.65	1.00001872425487	0.800023994463024	-5.96237613846127e-05	0.720880742928092	1.00000748970195
14.15	0.65	1.00000934416501	0.800002530664565	-7.39351263774027e-05	0.640878714084569	1.000003737666
14.25	0.65	0.999991195617649	0.799972412406047	-8.59794533736877e-05	0.560879631810647	0.999996478247059
14.35	0.65	0.999964110397529	0.799931324752694	-9.10273713884762e-05	0.480884787968356	0.999985644159012
14.45	0.65	0.99993071546981	0.799878238791295	-8.1138307548517e-05	0.40089565635818	0.999972286187924
14.55	0.65	0.999896789607177	0.79981631797376	-4.43421651242118e-05	0.320913566359138	0.999958715842871
14.65	0.65	0.999869971320493	0.799758054792734	3.42771796584291e-05	0.240938989175809	0.999947988528197
14.75	0.65	0.999856320473381	0.799730992047983	0.000165422023645062	0.160970267029851	0.999942528189352
14.85	0.65	0.999855860081491	0.799773869227402	0.000336109584982035	0.0810019753191664	0.999942344032597
14.95	0.65	0.999860798409517	0.399919558166187	0.000481437463105574	0.00102470857758109	0.999944319363807
0.05	0.75	-4.15522740668711e-06	0.399954911990802	-0.000354517444246519	10.4558194806251	0.599998337909037
0.15	0.75	-4.60559729950557e-06	0.799885839475996	-0.000291556261835401	10.4078250241311	0.59999815776108
0.25	0.75	-4.79468440837364e-06	0.799861799888338	-0.000205648828169042	10.359833474582	0.599998082126237
0.35	0.75	-4.01672328930071e-06	0.799878222644649	-0.000130617031552247	10.3118419149143	0.599998393310684
0.45	0.75	-1.53198336010633e-06	0.799918008685132	-7.95945378638752e-05	10.263848344844	0.599999387206656
0.55	0.75	3.37787361427491e-06	0.799965574769486	-5.15268859121942e-05	10.2158518518424	0.600001351149446
0.65	0.75	1.12794256049385e-05	0.800011537144871	-4.00487090067453e-05	10.1678522596156	0.600004511770242
0.75	0.75	2.24257638975008e-05	0.80005193898565	-3.86049206291812e-05	10.1198497453951	0.600008970305559
0.85	0.75	3.67581935862129e-05	0.800085857393159	-4.22529388547403e-05	10.0718445914841	0.600014703277434
0.95	0.75	5.21841428320855e-05	0.800114139445717	-4.78543898356998e-05	10.0238370896049	0.600020873657133
1.05	0.75	6.46928968583064e-05	0.800138110029093	-5.35599777772286e-05	9.97582755434786	0.600025877158743
1.15	0.75	6.86951089156941e-05	0.800159049813371	-5.82572597511236e-05	9.92781637518513	0.600027478043566
1.25	0.75	5.74249776069904e-05	0.800178198964995	-6.13418329704938e-05	9.87980407083805	0.600022969991043
1.35	0.75	2.44682018778666e-05	0.800196590844067	-6.2508449061117e-05	9.83179131510586	0.600009787280751
1.45	0.75	-3.47564074302063e-05	0.800215145328704	-6.15841136525484e-05	9.7837789133856	0.599986097437028
1.55	0.75	-0.000121062005186462	0.800234680893499	-5.84667910087399e-05	9.73576772245806	0.599951575197925
1.65	0.75	-0.000229311964794872	0.800255901200723	-5.30997287954029e-05	9.68775850168767	0.599908275214082
1.75	0.75	-0.00034640100276222	0.800279357994366	-4.54520768769646e-05	9.63975169472694	0.599861439598895
1.85	0.75	-0.000449921408439296	0.800305392135691	-3.5488814609673e-05	9.59174715587142	0.599820031436624
1.95	0.75	-0.000508163380685146	0.800334038310484	-2.3132032250202e-05	9.54374385335479	0.599796734647726
2.05	0.75	-0.000482561338402692	0.800364720002295	-8.24398109691475e-06	9.49573960701641	0.599806975464639
2.15	0.75	-0.000336080453675318	0.800398550096892	9.48063839618592e-06	9.44773098465065	0.59986556781853
2.25	0.75	-2.91418232316047e-05	0.800436683424734	3.19817928069068e-05	9.39971330054407	0.599988343270707
2.35	0.75	0.000486925571895822	0.800479165348045	6.18647353055851e-05	9.35168044839311	0.600194770228758
2.45	0.75	0.00126761413125972	0.800530026220827	9.90369024213327e-05	9.30362461844282	0.600507045652504
2.55	0.75	0.00239857330556605	0.800588118038834	0.000142863604082571	9.25553566381894	0.600959429322226
2.65	0.75	0.00397701308981233	0.80065487176014	0.00019413612405299	9.20740042234475	0.601590805235925
2.75	0.75	0.00611258885594023	0.800731942288465	0.000253726503867063	9.15920234160817	0.602445035542376
2.85	0.75	0.00893009511272262	0.800821234009678	0.000322425145458399	9.11092102523414	0.603572038045089
2.95	0.75	0.0125727170123151	0.800924960590149	0.000400838716381425	9.06253168030226	0.605029086804926
3.05	0.75	0.0172062658777459	0.801045672093879	0.000489245364551467	9.0140044452735	0.606882506351098
3.15	0.75	0.0230249729610924	0.801186239823938	0.000587389985670173	8.96530355878782	0.609209989184437
3.25	0.75	0.0302593639972652	0.801349770247	0.000694207786753582	8.91638631267686	0.612103745598906
3.35	0.75	0.0391866011286643	0.80153939850369	0.000807467814634534	8.86720171909041	0.615674640451466
3.45	0.75	0.0501433372626418	0.801757886476455	0.000923341125790461	8.81768881594316	0.620057334905057
3.55	0.75	0.0635403723697045	0.802006922114812	0.0010359265173658	8.76777454686582	0.625416148947882
3.65	0.75	0.0798769459764665	0.80228600030261	0.00113681726062579	8.71737119922951	0.631950778390586
3.75	0.75	0.0997500281758424	0.802590797012774	0.0012148699475799	8.66637349378288	0.639900011270337
3.85	0.75	0.123850317998904	0.802911095016568	0.00125643425519586	8.61465562658621	0.649540127199562
3.95	0.75	0.152932253481171	0.803228670795333	0.00124638379583922	8.56206889816459	0.661172901392468
4.05	0.75	0.187741987556683	0.803516151208065	0.00117026901187875	8.50844101974409	0.675096795022673
4.15	0.75	0.22888903242241	0.803738511269466	0.00101766605809383	8.45357866175289	0.691555612968964
4.25	0.75	0.276660243240495	0.803858970926612	0.000786226332383098	8.39727504321547	0.710664097296198
4.35	0.75	0.33080377086234	0.803849550680742	0.000485149241750547	8.33932391896358	0.732321508344936
4.45	0.75	0.390350680406609	0.803703094942251	0.000136275394153048	8.27953977927981	0.756140272162644
4.55	0.75	0.453569891870631	0.803440107834839	-0.000228597177610846	8.21778146267828	0.781427956748252
4.65	0.75	0.518132217465393	0.803104363278326	-0.0005739941531251	8.15397366596711	0.807252886986157
4.75	0.75	0.581475719169919	0.802747845852907	-0.000868513467109684	8.08811979851975	0.832590287667967
4.85	0.75	0.641257370076541	0.802413366078407	-0.00109102951067509	8.0203016529379	0.856502948030616
4.95	0.75	0.695724542138417	0.802124469190564	-0.00123325586210508	7.95066591470361	0.878289816855367
5.05	0.75	0.743887611743736	0.801885902739545	-0.00129852181261105	7.87940210116199	0.897555044697494
5.15	0.75	0.785481535358386	0.801690748929803	-0.00129817824099535	7.80671856605436	0.914192614143354
5.25	0.75	0.820789964863559	0.801528267662758	-0.00124744535532809	7.73282214762445	0.928315985945424
5.35	0.75	0.850427960966965	0.801388928950328	-0.00116199180181797	7.65790426396376	0.940171184386786
5.45	0.75	0.875152701840746	0.801266240995786	-0.00105575182303236	7.58213359060963	0.950061080736299
5.55	0.75	0.895731453380571	0.801156554160099	-0.000939908318158101	7.50565388843373	0.958292581352229
5.65	0.75	0.912866450975147	0.801058111882869	-0.000822710716983831	7.42858511274943	0.965146580390059
5.75	0.75	0.927162747204333	0.800970114305684	-0.000709770716714874	7.35102618753492	0.970865098881733
5.85	0.75	0.939122956473874	0.800892077055834	-0.000604560887174766	7.27305832544801	0.97564918258955
5.95	0.75	0.949156027716418	0.800823494568728	-0.000508943990419696	7.19474824598243	0.979662411086567
6.05	0.75	0.957591560158722	0.800763719003674	-0.000423644607319393	7.11615098881965	0.983036624063489
6.15	0.75	0.964694862239904	0.80071195962806	-0.000348629849085475	7.03731223183138	0.985877944895962
6.25	0.75	0.970680466510783	0.800667333526661	-0.000283396785173937	6.95827013499576	0.988272186604313
6.35	0.75	0.97572329990675	0.800628927062205	-0.00022717849716514	6.87905677892967	0.9902893199627
6.45	0.75	0.979967479092102	0.800595848677847	-0.000179085231275887	6.79969927820811	0.991986991636841
6.55	0.75	0.983533035114913	0.800567266489962	-0.000138196749141097	6.72022064376637	0.993413214045965
6.65	0.75	0.986520969479087	0.800542430739695	-0.000103619551606655	6.64064045625043	0.994608387791635
6.75	0.75	0.989017028332184	0.800520683909468	-7.45197179478903e-05	6.56097539875088	0.995606811332874
6.85	0.75	0.99109452181531	0.80050146194938	-5.01393812190169e-05	6.48123968538019	0.996437808726124
6.95	0.75	0.992816446592614	0.80048428972991	-2.98026105263915e-05	6.40144541242605	0.997126578637046
7.05	0.75	0.994237106555484	0.800468773171558	-1.29147327569126e-05	6.32160285133433	0.997694842622194
7.15	0.75	0.995403374878474	0.800454589813584	1.04216187180579e-06	6.24172069722713	0.99816134995139
7.25	0.75	0.996355700391965	0.800441478998238	1.25157108019095e-05	6.16180628264839	0.998542280156786
7.35	0.75	0.997128931116726	0.800429232399531	2.18905948879558e-05	6.08186576338206	0.998851572446691
7.45	0.75	0.997753005763787	0.800417685307231	2.94959525812395e-05	6.00190428120051	0.999101202305515
7.55	0.75	0.998253548139109	0.800406708861661	3.56124653032932e-05	5.92192610703503	0.999301419255643
7.65	0.75	0.99865238813185	0.800396203297969	4.04788847957905e-05	5.84193476713621	0.99946095525274
7.75	0.75	0.998968025083428	0.800386092176422	4.42978997304871e-05	5.76193315417854	0.999587210033371
7.85	0.75	0.999216043912291	0.800376317528946	4.7241318366891e-05	5.68192362486336	0.999686417564916
7.95	0.75	0.999409490725828	0.800366835830505	4.94545901861688e-05	5.60190808531928	0.999763796290331
8.05	0.75	0.999559212284547	0.800357614696261	5.1060715873765e-05	5.52188806543813	0.999823684913819
8.15	0.75	0.999674162223952	0.800348630205897	5.21636061951256e-05	5.44186478318353	0.999869664889581
8.25	0.75	0.999761676111022	0.800339864763029	5.28509546428717e-05	5.36183919984218	0.999904670444409
8.35	0.75	0.999827717009271	0.800331305404837	5.31966862599089e-05	5.28181206713937	0.999931086803709
8.45	0.75	0.999877093095962	0.800322942486404	5.32630413263752e-05	5.20178396709773	0.999950837238385
8.55	0.75	0.999913648904294	0.800314768673113	5.31023462914545e-05	5.12175534547646	0.999965459561718
8.65	0.75	0.999940431870767	0.800306778183219	5.275851824892e-05	5.04172653958235	0.999976172748307
8.75	0.75	0.99995983599667	0.800298966230863	5.22683431676903e-05	4.96169780119335	0.999983934398668
8.85	0.75	0.999973724545872	0.800291328627413	5.16625621394742e-05	4.88166931528011	0.999989489818349
8.95	0.75	0.999983533776698	0.800283861505492	5.09667950123362e-05	4.80164121515133	0.999993413510679
9.05	0.75	0.999990359733615	0.80027656113693	5.02023260568688e-05	4.72161359458724	0.999996143893446
9.15	0.75	0.999995030102657	0.800269423820114	4.9386772525665e-05	4.64158651746336	0.999998012041063
9.25	0.75	0.999998163066909	0.800262445818188	4.85346535644491e-05	4.56156002530497	0.999999265226764
9.35	0.75	1.00000021499216	0.800255623332665	4.76578744568282e-05	4.48153414315436	1.00000008599687
9.45	0.75	1.00000151863731	0.800248952500809	4.67661382460292e-05	4.40150888407707	1.00000060745492
9.55	0.75	1.00000231342844	0.800242429408113	4.58672956099407e-05	4.32148425258285	1.00000092537138
9.65	0.75	1.00000276916949	0.800236050109162	4.49676415387698e-05	4.24146024719096	1.0000011076678
9.75	0.75	1.00000300439278	0.800229810652584	4.40721665534658e-05	4.16143686232873	1.00000120175711
9.85	0.75	1.0000031003877	0.800223707106665	4.3184768757747e-05	4.0814140897169	1.00000124015508
9.95	0.75	1.00000311178877	0.800217735583744	4.23084321831158e-05	4.00139191936482	1.00000124471551
10.05	0.75	1.00000307446016	0.800211892262349	4.14453760853901e-05	3.92137034027293	1.00000122978406
10.15	0.75	1.00000301128372	0.800206173406277	4.05971792459408e-05	3.84134934091883	1.00000120451349
10.25	0.75	1.00000293634323	0.800200575380702	3.97648824812543e-05	3.76132890958532	1.00000117453729
10.35	0.75	1.00000285789914	0.80019509466534	3.89490724034497e-05	3.68130903457528	1.00000114315965
10.45	0.75	1.00000278046431	0.80018972786505	3.81499487071121e-05	3.60128970434675	1.00000111218572
10.55	0.75	1.00000270622225	0.800184471718245	3.73673770849549e-05	3.52127090759271	1.0000010824889
10.65	0.75	1.00000263597234	0.80017932310348	3.66009292446226e-05	3.44125263328371	1.00000105438893
10.75	0.75	1.00000256974174	0.800174279044752	3.58499113878025e-05	3.36123487068585	1.0000010278967
10.85	0.75	1.00000250716788	0.800169336715696	3.51133819186081e-05	3.2812176093631	1.00000100286715
10.95	0.75	1.00000244772833	0.800164493443087	3.43901588757867e-05	3.20120083917001	1.00000097909133
11.05	0.75	1.00000239087436	0.800159746709655	3.36788171584236e-05	3.12118455023864	1.00000095634974
11.15	0.75	1.00000233610898	0.800155094156301	3.29776750763056e-05	3.04116873296207	1.00000093444359
11.25	0.75	1.00000228303853	0.800150533583458	3.22847694471923e-05	2.96115337797597	1.00000091321541
11.35	0.75	1.00000223141651	0.800146062951104	3.15978178632631e-05	2.88113847613851	1.0000008925666
11.45	0.75	1.00000218118879	0.800141680376757	3.09141663598034e-05	2.80112401850911	1.00000087247552
11.55	0.75	1.0000021325374	0.800137384130236	3.02307205366384e-05	2.72110999632587	1.00000085301496
11.65	0.75	1.0000020859067	0.800133172623747	2.95438578429731e-05	2.64109640098254	1.00000083436268
11.75	0.75	1.00000204197955	0.800129044395242	2.88493191328513e-05	2.56108322400633	1.00000081679182
11.85	0.75	1.00000200155559	0.800124998082543	2.8142077542587e-05	2.48107045703966	1.00000080062223
11.95	0.75	1.00000196527332	0.800121032384855	2.7416183192651e-05	2.40105809183093	1.00000078610933
12.05	0.75	1.00000193312247	0.800117146007025	2.66645813765491e-05	2.32104612024181	1.00000077324899
12.15	0.75	1.00000190372391	0.800113337579612	2.58788999122355e-05	2.24103453428037	1.00000076148956
12.25	0.75	1.00000187342809	0.800109605543683	2.50491952511619e-05	2.16102332617041	1.00000074937124
12.35	0.75	1.00000183540926	0.800105947981571	2.41636359276019e-05	2.08101248846534	1.0000007341637
12.45	0.75	1.00000177911663	0.800102362361769	2.32080820822681e-05	2.00100201420936	1.00000071164665
12.55	0.75	1.00000169066624	0.800098845144199	2.21654906129685e-05	1.92099189713748	1.0000006762665
12.65	0.75	1.00000155496797	0.800095391157835	2.10150356851813e-05	1.84098213189052	1.00000062198719
12.75	0.75	1.0000013604835	0.800091992610937	1.9730789807202e-05	1.7609727142035	1.0000005441934
12.85	0.75	1.00000110735436	0.800088637520614	1.82797737825283e-05	1.68096364101406	1.00000044294174
12.95	0.75	1.00000081903477	0.80008530724909	1.66191808468106e-05	1.60095491044465	1.00000032761391
13.05	0.75	1.0000005563243	0.800081972707945	1.46926556211326e-05	1.52094652165912	1.00000022252972
13.15	0.75	1.0000004307144	0.800078588642992	1.24257289609895e-05	1.44093847470597	1.00000017228576
13.25	0.75	1.00000061135292	0.800075085256317	9.72096536989224e-06	1.3609307706637	1.00000024454117
13.35	0.75	1.00000131719265	0.800071356288867	6.45417908073412e-06	1.28092341271397	1.00000052687706
13.45	0.75	1.00000278408812	0.8000672426369	2.47432734206481e-06	1.20091640917309	1.00000111363525
13.55	0.75	1.00000519745842	0.800062510719587	-2.38852334641392e-06	1.12090977994797	1.00000207898337
13.65	0.75	1.00000858686929	0.800056825360281	-8.30043507258038e-06	1.04090356820425	1.00000343474772
13.75	0.75	1.00001269166117	0.800049718289478	-1.53765805703364e-05	0.960897858993458	1.00000507666447
13.85	0.75	1.00001682739606	0.800040556304083	-2.35977139703584e-05	0.880892805820898	1.00000673095843
13.95	0.75	1.00001980890057	0.800028519141239	-3.26757363446941e-05	0.80088866418839	1.00000792356023
14.05	0.75	1.0000200085738	0.800012609056593	-4.18539419456171e-05	0.720885827511033	1.00000800342952
14.15	0.75	1.00001563181627	0.79999173657517	-4.96329670170832e-05	0.640884855007982	1.00000625272651
14.25	0.75	1.00000525088222	0.799964965640683	-5.34326590556408e-05	0.560886472833503	1.00000210035289
14.35	0.75	0.999988530608623	0.799932057051336	-4.92533722548711e-05	0.480891518762004	0.999995412243449
14.45	0.75	0.999966902321339	0.799894494992392	-3.15315840071397e-05	0.400900788183152	0.999986760928536
14.55	0.75	0.999943752563947	0.799857108106658	6.33396477796527e-06	0.320914730370877	0.999977501025579
14.65	0.75	0.999923647169429	0.79982992235353	6.98423957353917e-05	0.240932958240878	0.999969458867772
14.75	0.75	0.999910452383535	0.799828567371927	0.000158347963760628	0.160953623776428	0.999964180953414
14.85	0.75	0.999905093461814	0.799868122590816	0.000257045544641472	0.0809729667655316	0.999962037384726
14.95	0.75	0.999904707539221	0.399960681775723	0.00033210210907735	0.000986065343115989	0.999961883015688
0.05	0.85	-4.17501068456479e-06	0.399975968637533	-0.000285549820923556	10.4558380508997	0.599998329995726
0.15	0.85	-4.63521637354107e-06	0.799937780283134	-0.000253072777888223	10.4078410682482	0.599998145913451
0.25	0.85	-4.84040163105429e-06	0.799922057461194	-0.000204150634988475	10.3598458138744	0.599998063839348
0.35	0.85	-4.07921845108729e-06	0.799929599927823	-0.000155881776136379	10.3118507310714	0.599998368312619
0.45	0.85	-1.6014107250923e-06	0.799953690408245	-0.000118011942761575	10.2638545228784	0.59999935943571
0.55	0.85	3.33196320334309e-06	0.799986152790575	-9.29815882843e-05	10.2158563906404	0.600001332785281
0.65	0.85	1.13262037747732e-05	0.800020732237235	-7.90631075219627e-05	10.1678559712203	0.60000453048151
0.75	0.85	2.26727746886033e-05	0.800053810716498	-7.31221683441583e-05	10.11985317778	0.600009069109875
0.85	0.85	3.70447762671659e-05	0.800083769478353	-7.21618158088717e-05	10.0718480626682	0.600014817910507
0.95	0.85	5.2417648268826e-05	0.800110411258321	-7.3892522535899e-05	10.0238407542028	0.600020967059308
1.05	0.85	6.51293694458937e-05	0.800134112350429	-7.66766488351372e-05	9.97583145798399	0.600026051747778
1.15	0.85	6.96481906545848e-05	0.800155569374854	-7.93882187168479e-05	9.92782049158662	0.600027859276262
1.25	0.85	5.88625817499721e-05	0.800175808351404	-8.13210966068425e-05	9.87980833113724	0.6000235450327
1.35	0.85	2.62763124154037e-05	0.80019567723062	-8.20293065259381e-05	9.83179562636551	0.600010510524966
1.45	0.85	-3.28181831878287e-05	0.800216041729729	-8.12259714707217e-05	9.78378316757328	0.599986872726725
1.55	0.85	-0.000119429041525125	0.800237745351555	-7.87271397272855e-05	9.73577180207273	0.59995222838339
1.65	0.85	-0.000228661773734025	0.800261568790397	-7.44229062720597e-05	9.68776228362987	0.599908535290506
1.75	0.85	-0.000347675291030164	0.800288179868	-6.82569134380661e-05	9.63975505270957	0.599860929883588
1.85	0.85	-0.000454351190720198	0.800318070816594	-6.02003847912015e-05	9.59174996101769	0.599818259523712
1.95	0.85	-0.000517381968318825	0.800351462121281	-5.02200560556107e-05	9.5437459739715	0.599793047212672
2.05	0.85	-0.000498621317994002	0.80038819302439	-3.82415685909523e-05	9.49574091226321	0.599800551472802
2.15	0.85	-0.00035773085868169	0.800428672555186	-2.37131522565681e-05	9.44773131774904	0.599856907656527
2.25	0.85	-5.09748532449142e-05	0.800472811392361	-4.74170363990184e-06	9.3997123782749	0.599979610058702
2.35	0.85	0.00046559831727457	0.800521909357595	2.00044874286024e-05	9.35167784436015	0.60018623932691
2.45	0.85	0.00123399908719151	0.800585650807073	5.03907465378989e-05	9.30361993106304	0.600493599634877
2.55	0.85	0.00234946299038152	0.80065843441402	8.64549987908805e-05	9.25552853213339	0.600939785196153
2.65	0.85	0.00390891801472513	0.800742595192843	0.000128566840738099	9.20739042915515	0.60156356720589
2.75	0.85	0.00602074896445515	0.80084036802708	0.000177284306969371	9.1591890173316	0.602408299585782
2.85	0.85	0.00880827989780179	0.800954299407395	0.000233167700311311	9.1109038518633	0.603523311959121
2.95	0.85	0.0124129839022224	0.801087263804116	0.000296638033214994	9.06251009858963	0.604965193560889
3.05	0.85	0.0169986013401271	0.801242483762908	0.000367844829329046	9.01397786908341	0.606799440536051
3.15	0.85	0.0227568250120682	0.801423500091719	0.000446506627129347	8.96527139993643	0.609102730004827
3.25	0.85	0.029915073248682	0.801634051220101	0.000531702459540052	8.91634802022825	0.611966029299473
3.35	0.85	0.0387467440098549	0.801877809901362	0.000621604517525994	8.86715683796545	0.615498697603942
3.45	0.85	0.04958402246995	0.802157900389371	0.000713155439166228	8.81763707016563	0.61983360898798
3.55	0.85	0.0628325883186107	0.802476090961662	0.000801715702302063	8.7677159521323	0.625133035327444
3.65	0.85	0.0789861555923782	0.802831541923292	0.000880744439192335	8.71730620668085	0.631594462236951
3.75	0.85	0.0986363590264259	0.803219024274231	0.00094163485866183	8.66630316032972	0.63945454361057
3.85	0.85	0.122469895130997	0.803626676217574	0.000973898272813392	8.61458179513242	0.648987958052399
3.95	0.85	0.151240416422251	0.804033724103711	0.000965951713955443	8.56199435254336	0.6604961665689
4.05	0.85	0.185699176050313	0.804409207280968	0.000906750843693402	8.50836955592967	0.674279670420125
4.15	0.85	0.226469749647837	0.804713436829138	0.0007883271941739	8.45351499678567	0.690587899859135
4.25	0.85	0.273864394413113	0.80490405177495	0.000608864014091405	8.39722448270289	0.709545757765245
4.35	0.85	0.327667768561838	0.804947081757245	0.000375355009074365	8.3392917449149	0.731067107424735
4.45	0.85	0.386953713828794	0.80482992997528	0.00010448209342955	8.27953041491891	0.754781485531517
4.55	0.85	0.450030367708577	0.804569493200431	-0.000179367597324264	8.21779759799225	0.780012147083431
4.65	0.85	0.514592272640882	0.804208894541888	-0.000448848286298103	8.15401561840208	0.805836909056353
4.75	0.85	0.578077366024219	0.80380275708017	-0.000679579690407642	8.08818535503543	0.831230946409687
4.85	0.85	0.638118637763641	0.803399104935406	-0.00085495526001817	8.02038647205762	0.855247455105457
4.95	0.85	0.692924009161603	0.803027895789494	-0.000968199550599253	7.95076434595336	0.877169603664641
5.05	0.85	0.74146093817552	0.802700145435107	-0.00102151849853831	7.87950813869661	0.896584375270208
5.15	0.85	0.783427890028169	0.802414213160958	-0.00102339638248437	7.80682666307749	0.913371156011268
5.25	0.85	0.819083295545667	0.802163337674346	-0.000985423156156643	7.732927737967	0.927633318218267
5.35	0.85	0.849028442872748	0.801940712444382	-0.000919652317545186	7.65800397406577	0.939611377149099
5.45	0.85	0.874015731215139	0.801741509757773	-0.000836893770599661	7.58222521321019	0.949606292486056
5.55	0.85	0.894813496850049	0.80156291676261	-0.000745898858521009	7.50573621619199	0.95792539874002
5.65	0.85	0.912128188644868	0.801403404347097	-0.000653190707540948	7.42865771649302	0.964851275457947
5.75	0.85	0.926570321489293	0.801261977515319	-0.00056326876183902	7.351089195404	0.970628128595717
5.85	0.85	0.938648085850005	0.801137685413807	-0.000478976578843738	7.27311223229036	0.975459234340002
5.95	0.85	0.948775540742923	0.801029401164988	-0.000401899584141709	7.1947937632766	0.979510216297169
6.05	0.85	0.957286699043086	0.800935786013949	-0.000332723358419813	7.11618893437542	0.982914679617235
6.15	0.85	0.96445054991171	0.800855347616024	-0.000271525451718428	7.03734345342898	0.985780219964684
6.25	0.85	0.970484630956823	0.800786528794939	-0.000217997665575442	6.95829546065123	0.988193852382729
6.35	0.85	0.975566291665122	0.800727791414747	-0.00017160701180064	6.87907698685548	0.990226516666049
6.45	0.85	0.979841587667742	0.800677680455421	-0.000131707340136252	6.79971508067421	0.991936635067097
6.55	0.85	0.98343209627565	0.80063486534066	-9.76135672453937e-05	6.72023268036092	0.99337283851026
6.65	0.85	0.986440050404712	0.800598161309199	-6.86487477756616e-05	6.64064929321486	0.994576020161885
6.75	0.85	0.988952176955107	0.800566535597769	-4.41720968528067e-05	6.56098153202443	0.995580870782043
6.85	0.85	0.991042567945797	0.800539103237463	-2.35940629846476e-05	6.48124354572587	0.996417027178319
6.95	0.85	0.992774844304201	0.800515116478177	-6.38287483991166e-06	6.40144737155203	0.997109937721681
7.05	0.85	0.994203809224919	0.800493950860706	7.93432037083713e-06	6.32160322831158	0.997681523689968
7.15	0.85	0.995376735987296	0.800475090034748	1.97735824560812e-05	6.24171976477273	0.998150694394918
7.25	0.85	0.996334394632094	0.800458110680525	2.94981259980849e-05	6.16180427302637	0.998533757852837
7.35	0.85	0.997111891505538	0.800442668341546	3.74231465501789e-05	6.08186287379455	0.998844756602215
7.45	0.85	0.997739373399172	0.800428484593855	4.38209247018622e-05	6.0019006786198	0.999095749359669
7.55	0.85	0.998242631953354	0.800415335723404	4.89258425711099e-05	5.92192193247534	0.999297052781342
7.65	0.85	0.998643632573536	0.800403042926389	5.293910330005e-05	5.84193013939241	0.999457453029414
7.75	0.85	0.998960984102046	0.800391463954861	5.60330469355762e-05	5.76192817307404	0.999584393640819
7.85	0.85	0.999210359968016	0.80038048608145	5.83550212699679e-05	5.68191837405624	0.999684143987206
7.95	0.85	0.999404877818208	0.800370020237415	6.00308064596586e-05	5.60190263471685	0.999761951127283
8.05	0.85	0.99955544220573	0.800359996174262	6.11676154139194e-05	5.52188247326851	0.999822176882292
8.15	0.85	0.999671053407583	0.800350358505058	6.18567045222843e-05	5.44185909776904	0.999868421363033
8.25	0.85	0.999759084577399	0.800341063493584	6.21756343177805e-05	5.36183346111522	0.99990363383096
8.35	0.85	0.999825529008688	0.800332076472036	6.21902206461028e-05	5.28180630793667	0.999930211603475
8.45	0.85	0.999875219131719	0.800323369782481	6.19562151868424e-05	5.20177821426445	0.999950087652688
8.55	0.85	0.999912018879374	0.800314921150633	6.15207510918682e-05	5.1217496208074	0.99996480755175
8.65	0.85	0.999938991151512	0.800306712413129	6.09235859402114e-05	5.04172086062387	0.999975596460605
8.75	0.85	0.999958542225858	0.800298728531304	6.01981700121282e-05	4.96169218192611	0.999983416890343
8.85	0.85	0.999972545068675	0.800290956834655	5.93725647011669e-05	4.88166376669991	0.99998901802747
8.95	0.85	0.999982443567887	0.800283386446713	5.84702318759112e-05	4.80163574576288	0.999992977427155
9.05	0.85	0.999989339734416	0.800276007854001	5.75107126468248e-05	4.72160821082343	0.999995735893766
9.15	0.85	0.999994065891886	0.800268812585912	5.6510210607868e-05	4.64158122404088	0.999997626356754
9.25	0.85	0.999997243804267	0.800261792979649	5.54820931120394e-05	4.56155482552548	0.999998897521707
9.35	0.85	0.99999933258245	0.800254942009212	5.44373214365492e-05	4.48152903915921	0.99999973303298
9.45	0.85	1.00000066707328	0.800248253162216	5.33848197245754e-05	4.40150387706233	1.00000026682931
9.55	0.85	1.00000148827755	0.800241720351769	5.23317907795957e-05	4.32147934298051	1.00000059531102
9.65	0.85	1.00000196717579	0.800235337853416	5.12839858383592e-05	4.2414554348214	1.00000078687032
9.75	0.85	1.00000222317062	0.800229100260164	5.02459343528247e-05	4.16143214652875	1.00000088926825
9.85	0.85	1.00000233818805	0.800223002449792	4.92211390260894e-05	4.08140946944708	1.00000093527522
9.95	0.85	1.00000236732268	0.800217039560732	4.82122407388201e-05	4.00138739329949	1.00000094692907
10.05	0.85	1.00000234676669	0.800211206973683	4.7221157108457e-05	3.92136590687556	1.00000093870667
10.15	0.85	1.00000229963235	0.800205500296961	4.62491983046445e-05	3.84134499850521	1.00000091985294
10.25	0.85	1.0000022401628	0.800199915354324	4.52971627997135e-05	3.76132465637669	1.00000089606512
10.35	0.85	1.00000217672689	0.800194448174505	4.43654157715314e-05	3.6813048687433	1.00000087069076
10.45	0.85	1.00000211391022	0.80018909498176	4.34539521091154e-05	3.6012856240518	1.00000084556409
10.55	0.85	1.00000205394461	0.800183852187249	4.25624459384087e-05	3.52126691101704	1.00000082157785
10.65	0.85	1.0000019976619	0.800178716380923	4.16902880176974e-05	3.44124871866066	1.00000079906476
10.75	0.85	1.00000194511179	0.800173684323839	4.08366121197884e-05	3.36123103632624	1.00000077804472
10.85	0.85	1.00000189594859	0.800168752940681	4.0000311250647e-05	3.28121385368	1.00000075837944
10.95	0.85	1.00000184966361	0.800163919312261	3.91800440449886e-05	3.20119716070271	1.00000073986544
11.05	0.85	1.00000180571974	0.80015918066778	3.83742314547219e-05	3.12118094767695	1.0000007222879
11.15	0.85	1.0000017636292	0.800154534376249	3.75810433934132e-05	3.041165205172	1.00000070545168
11.25	0.85	1.00000172300323	0.800149977936473	3.67983744808639e-05	2.96114992402784	1.00000068920129
11.35	0.85	1.00000168359344	0.800145508964591	3.60238077944245e-05	2.88113509533884	1.00000067343738
11.45	0.85	1.00000164533405	0.800141125177796	3.52545652196354e-05	2.80112071043762	1.00000065813362
11.55	0.85	1.00000160838457	0.800136824372494	3.44874425038568e-05	2.72110676087931	1.00000064335383
11.65	0.85	1.00000157315916	0.800132604394573	3.37187277625177e-05	2.64109323842698	1.00000062926366
11.75	0.85	1.00000154031438	0.800128463098871	3.2944101886175e-05	2.56108013504004	1.00000061612575
11.85	0.85	1.00000151065238	0.800124398294112	3.21585206502927e-05	2.48106744286854	1.00000060426095
11.95	0.85	1.00000148488591	0.800120407668813	3.13560784267819e-05	2.40105515425876	1.00000059395436
12.05	0.85	1.00000146321362	0.800116488691747	3.05298544220121e-05	2.32104326177739	1.00000058528545
12.15	0.85	1.00000144467888	0.800112638478543	2.96717408877695e-05	2.2410317582642	1.00000057787155
12.25	0.85	1.00000142634635	0.80010885361107	2.87722495405559e-05	2.16102063692395	1.00000057053854
12.35	0.85	1.00000140243841	0.800105129888962	2.78202839894463e-05	2.08100989146788	1.00000056097536
12.45	0.85	1.00000136373153	0.800101461979223	2.68028513275906e-05	2.00099951631061	1.00000054549261
12.55	0.85	1.00000129770646	0.800097842909074	2.57046635395877e-05	1.92098950682031	1.00000051908258
12.65	0.85	1.00000119013361	0.800094263314378	2.45075498676193e-05	1.84097985960742	1.00000047605344
12.75	0.85	1.00000102887551	0.800090710309184	2.31895710022329e-05	1.76097057282367	1.0000004115502
12.85	0.85	1.00000081057775	0.800087165777579	2.17237078640469e-05	1.68096164643351	1.0000003242311
12.95	0.85	1.00000055044454	0.800083603808639	2.00760184942461e-05	1.60095308242644	1.00000022017782
13.05	0.85	1.00000029430247	0.800079986904421	1.82032577649421e-05	1.52094488497583	1.00000011772099
13.15	0.85	1.00000013056849	0.800076260506798	1.60501966792528e-05	1.44093706063751	1.0000000522274
13.25	0.85	1.00000019765714	0.800072345343949	1.35473368001506e-05	1.36092961883718	1.00000007906286
13.35	0.85	1.00000068020476	0.800068127150782	1.06104705746262e-05	1.28092257312572	1.0000002720819
13.45	0.85	1.00000178611064	0.800063443564492	7.14464846769455e-06	1.20091594396431	1.00000071444426
13.55	0.85	1.00000369713079	0.800058068588671	3.05657058306471e-06	1.12090976407017	1.00000147885232
13.65	0.85	1.00000649025676	0.800051696186691	-1.71892088724242e-06	1.04090408747137	1.0000025961027
13.75	0.85	1.00001003681808	0.800043926655145	-7.17109044697784e-06	0.960899003166125	1.00000401472723
13.85	0.85	1.00001390140952	0.800034262947203	-1.3136583125648e-05	0.880894653360821	1.00000556056381
13.95	0.85	1.00001728094161	0.800022129757229	-1.91876708438323e-05	0.800891254333275	1.00000691237665
14.05	0.85	1.00001903863004	0.80000693670775	-2.44854512781519e-05	0.720889114753389	1.00000761545202
14.15	0.85	1.00001788675871	0.799988218633968	-2.76118917232947e-05	0.640888641730773	1.00000715470349
14.25	0.85	1.00001274047163	0.799965898454782	-2.64221058438633e-05	0.560890319376919	1.00000509618865
14.35	0.85	1.00000319133809	0.799940721518002	-1.80078634460653e-05	0.480894639631448	1.00000127653524
14.45	0.85	0.999989940832812	0.799914876675657	1.05610710883562e-06	0.400901963647797	0.999995976333125
14.55	0.85	0.999974934725492	0.799892689472377	3.39066739626827e-05	0.320912300674276	0.999989973890197
14.65	0.85	0.999960942742874	0.799880963131414	8.16968235479513e-05	0.240925022227125	0.99998437709715
14.75	0.85	0.999950544231312	0.799888049215025	0.000140929511174476	0.160938599700545	0.999980217692525
14.85	0.85	0.99994492178276	0.799919127897527	0.000200821788245151	0.0809505693166902	0.999977968713104
14.95	0.85	0.999943255964997	0.39998136396686	0.000243993194181671	0.000958291861718509	0.999977302385999
0.05	0.95	-4.19659763229605e-06	0.399987400142831	-0.000249074239580911	10.4558537466295	0.599998321360947
0.15	0.95	-4.67026730458695e-06	0.799967273265244	-0.000231041970921513	10.4078553928919	0.599998131893078
0.25	0.95	-4.89911651142251e-06	0.799959046537081	-0.000202010464404717	10.3598579727005	0.599998040353395
0.35	0.95	-4.16711898684178e-06	0.799964441242431	-0.000170758026701437	10.311860620798	0.599998333152405
0.45	0.95	-1.71638310909595e-06	0.799981006651065	-0.000143593109503902	10.2638625063836	0.599999313446756
0.55	0.95	3.20231677468588e-06	0.800004616424679	-0.000123309832673908	10.2158630097796	0.60000128092671
0.65	0.95	1.1203607763075e-05	0.800031435954226	-0.000110056066397836	10.1678617473822	0.600004481443105
0.75	0.95	2.25785584215192e-05	0.800058757493888	-0.000102618999089882	10.1198585203102	0.600009031423369
0.85	0.95	3.69801662482176e-05	0.800084967185857	-9.93740338896608e-05	10.0718532512384	0.600014792066499
0.95	0.95	5.23785161885684e-05	0.800109519546274	-9.8803149367576e-05	10.0238459571404	0.600020951406475
1.05	0.95	6.54712685771207e-05	0.800132198283728	-9.96757500918219e-05	9.97583675606849	0.600026188507431
1.15	0.95	7.03181675383168e-05	0.800153539958631	-0.000101060882923649	9.92782590233739	0.600028127267015
1.25	0.95	5.99864740305658e-05	0.800174193850822	-0.000102288046985566	9.8798138298767	0.600023994589612
1.35	0.95	2.78770889544979e-05	0.800194872449543	-0.00010288443521985	9.83180115891967	0.600011150835582
1.45	0.95	-3.08551759914392e-05	0.800216374009643	-0.000102528835423018	9.78378866041404	0.599987657929603
1.55	0.95	-0.000117384476646339	0.800239531982389	-0.000101007502880715	9.73577716908831	0.599953046209342
1.65	0.95	-0.000227013048172206	0.800265155899233	-9.8191981983342e-05	9.68776743120127	0.599909194780731
1.75	0.95	-0.000347102062171796	0.800293964814448	-9.40256287491394e-05	9.63975988378495	0.599861159175131
1.85	0.95	-0.000455675698628786	0.800326507034859	-8.85013664959297e-05	9.59175437785699	0.599817729720548
1.95	0.95	-0.000521363733276919	0.80036304481359	-8.15903572940223e-05	9.54374987781116	0.599791454506689
2.05	0.95	-0.000505454050630497	0.800403443300775	-7.30381960393505e-05	9.49574419460821	0.599797818379748
2.15	0.95	-0.000366155084560185	0.800448097299552	-6.22414052814377e-05	9.44773382968009	0.599853537966176
2.25	0.95	-5.87224210859042e-05	0.800496188878475	-4.83061765907676e-05	9.39971386965979	0.599976511031566
2.35	0.95	0.000448882967823336	0.800554618053533	-3.07160504170374e-05	9.35167804724097	0.600179553187129
2.45	0.95	0.00121396991364096	0.800625158151095	-9.0504586952078e-06	9.30361856671103	0.600485587965456
2.55	0.95	0.00232232161974149	0.8007071009678	1.6945853451219e-05	9.25552527310255	0.600928928647897
2.65	0.95	0.00387074320339418	0.800802619648096	4.71829383131668e-05	9.20738495425354	0.601548297281358
2.75	0.95	0.00596765555404043	0.80091422061416	8.1883212928567e-05	9.15918098223584	0.602387062221616
2.85	0.95	0.00873586635143709	0.801044724344857	0.000121333469012557	9.11089288094188	0.603494346540575
2.95	0.95	0.0123158884725916	0.801197334322361	0.00016572707908425	9.06249578930258	0.604926355389037
3.05	0.95	0.016870145079658	0.801375647545721	0.000215061650513182	9.01395980380463	0.606748058031863
3.15	0.95	0.0225886580292306	0.801583595361949	0.000269036999786959	8.96524916524631	0.609035463211692
3.25	0.95	0.0296967790898864	0.801825288146861	0.000326928047764227	8.91632123604907	0.611878711635955
3.35	0.95	0.0384653901683669	0.802104710971312	0.00038742410192389	8.86712519987823	0.615386156067347
3.45	0.95	0.0492236752609348	0.802425189576714	0.000448436974657278	8.81760040854452	0.619689470104374
3.55	0.95	0.0623738523831877	0.802788518724427	0.000506894428576817	8.76767431121634	0.624949540953275
3.65	0.95	0.0784058657648046	0.803193632101282	0.000558558293893741	8.71725994471342	0.631362346305922
3.75	0.95	0.0979076553321368	0.80363473020623	0.000597941152591419	8.66625306739258	0.639163062132855
3.85	0.95	0.121563048388856	0.804098937165273	0.000618438694484114	8.61452921708492	0.648625219355543
3.95	0.95	0.150124908561719	0.804563920289588	0.000612830676058488	8.56194129683442	0.660049963424688
4.05	0.95	0.184347579710098	0.804996526221953	0.000574294557746842	8.50831873916453	0.673739031884039
4.15	0.95	0.224863715823134	0.805354195448403	0.000497965484239441	8.453469780063	0.689945486329254
4.25	0.95	0.272002326379513	0.805591084596591	0.000382820397838448	8.39718863999633	0.708800930551805
4.35	0.95	0.325572477489088	0.805669409134518	0.000233307642143716	8.33926903718227	0.730228990995635
4.45	0.95	0.384676968703404	0.805573008567022	5.98934748567609e-05	8.27952400721123	0.753870787481361
4.55	0.95	0.44765090131999	0.805316293777843	-0.000122138035986848	8.21780944462329	0.779060360527996
4.65	0.95	0.512205662118579	0.804941747804477	-0.000295587615549395	8.15404600583719	0.804882264847431
4.75	0.95	0.575780016501798	0.804505480829479	-0.000444993783227446	8.08823277622355	0.830312006600719
4.85	0.95	0.635991462762994	0.804058721692893	-0.000559637476083627	8.02044789277304	0.854396585105198
4.95	0.95	0.691021595006577	0.803635477088948	-0.000634881224007234	7.95083576992309	0.876408638002631
5.05	0.95	0.739808825867813	0.803250776855924	-0.000671719456791218	7.87958527684646	0.895923530347125
5.15	0.95	0.782026688305162	0.802906393938402	-0.000675162983197589	7.80690551438457	0.912810675322065
5.25	0.95	0.817916231312623	0.802598168736901	-0.000652298415681152	7.73300497008107	0.927166492525049
5.35	0.95	0.848069140379722	0.802321104272638	-0.000610642658612893	7.65807708730948	0.939227656151889
5.45	0.95	0.873234371992517	0.802071510701473	-0.000557054195827661	7.58229253472088	0.949293748797007
5.55	0.95	0.894180849812649	0.801847185141463	-0.000497188187091034	7.50579679172272	0.95767233992506
5.65	0.95	0.911617789203896	0.801646815466158	-0.000435352977815134	7.42871115932724	0.964647115681558
5.75	0.95	0.926159348387135	0.801469346504581	-0.000374605932704028	7.35113553263987	0.970463739354854
5.85	0.95	0.938317455233608	0.801313584496644	-0.000316959799732674	7.27315177008134	0.975326982093443
5.95	0.95	0.948509599548368	0.801178050458038	-0.000263616391405949	7.19482697914405	0.979403839819347
6.05	0.95	0.957072758545574	0.80106099889875	-0.000215182783378802	7.11621639677025	0.98282910341823
6.15	0.95	0.964278393237716	0.80096051454509	-0.000171851266263624	7.03736576493538	0.985711357295086
6.25	0.95	0.970346059117372	0.800874626585492	-0.000133539349107579	6.95831322001069	0.988138423646949
6.35	0.95	0.975454732701482	0.800801408186858	-9.99934987574545e-05	6.87909076512106	0.990181893080593
6.45	0.95	0.979751772739522	0.800739049090982	-7.08630544587463e-05	6.7997254075084	0.991900709095809
6.55	0.95	0.983359797069403	0.80068590054873	-4.57510658866744e-05	6.72024003733733	0.993343918827761
6.65	0.95	0.986381868885358	0.800640497074469	-2.42480155195735e-05	6.64065411177244	0.994552747554143
6.75	0.95	0.988905378114426	0.800601561025601	-5.95324822858477e-06	6.5609841943769	0.995562151245771
6.85	0.95	0.991004947114715	0.800567995677366	9.5121939084217e-06	6.48124438753736	0.996401978845886
6.95	0.95	0.992744621918996	0.800538871394221	2.24985975544423e-05	6.40144668556856	0.997097848767598
7.05	0.95	0.994179547267639	0.80051340829822	3.33244971086923e-05	6.32160126841136	0.997671818907055
7.15	0.95	0.995357271496055	0.800490957767602	4.22761000830787e-05	6.2417167500913	0.998142908598422
7.25	0.95	0.996318786653328	0.80047098425798	4.96082602520295e-05	6.16180039194594	0.998527514661331
7.35	0.95	0.99709937864526	0.800453048321729	5.55463471904686e-05	6.08185828767719	0.998839751458104
7.45	0.95	0.997729339750141	0.800436791275422	6.02885791061449e-05	6.00189552522398	0.999091735900056
7.55	0.95	0.99823457965999	0.800421921685392	6.40085370348761e-05	5.92191632903399	0.999293831863996
7.65	0.95	0.998637159674034	0.80040820366869	6.68576833001892e-05	5.84192418535471	0.999454863869614
7.75	0.95	0.99895576658077	0.800395446905995	6.89677777428001e-05	5.76192195252733	0.999582306632308
7.85	0.95	0.999206137179468	0.800383498211819	7.04531325519082e-05	5.6819119578521	0.999682454871787
7.95	0.95	0.999401440621459	0.800372234486602	7.14126776971693e-05	5.6018960823288	0.999760576248584
8.05	0.95	0.999552623286467	0.800361556872934	7.19318282183368e-05	5.52187583440946	0.999821049314587
8.15	0.95	0.999668719372782	0.800351385946752	7.2084157310938e-05	5.44185241379582	0.999867487749113
8.25	0.95	0.99975712949186	0.800341657788439	7.19328853047563e-05	5.36182676624556	0.999902851796744
8.35	0.95	0.999823869108596	0.800332320794635	7.15321991075066e-05	5.28179963030184	0.999929547643438
8.45	0.95	0.9998737885021	0.800323333108571	7.09284173354235e-05	5.20177157681854	0.99994951540084
8.55	0.95	0.999910765923035	0.800314660562634	7.01610169377832e-05	5.12174304211157	0.999964306369214
8.65	0.95	0.999937875709188	0.800306275041803	6.9263536023437e-05	5.04171435552192	0.999975150283675
8.75	0.95	0.999957533232872	0.800298153190339	6.8264366992573e-05	4.96168576212565	0.999983013293149
8.85	0.95	0.999971618653803	0.800290275395837	6.71874521258614e-05	4.88165744127163	0.999988647461521
8.95	0.95	0.999981581516596	0.800282624996026	6.60528932867431e-05	4.80162952156869	0.999992632606639
9.05	0.95	0.999988528251942	0.80027518766258	6.48774852236966e-05	4.7216020928831	0.999995411300777
9.15	0.95	0.999993294612551	0.800267950924565	6.36751817228008e-05	4.6415752158453	0.999997317845021
9.25	0.95	0.999996505002423	0.800260903801158	6.24575020465377e-05	4.56154892930388	0.999998602000969
9.35	0.95	0.999998620547896	0.800254036519011	6.12338846877283e-05	4.48152325610652	0.999999448219158
9.45	0.95	0.999999977620255	0.800247340294736	6.00119946104636e-05	4.40149820753224	0.999999991048102
9.55	0.95	1.0000008183616	0.800240807167238	5.87979890120933e-05	4.32147378664903	1.00000032734464
9.65	0.95	1.00000131459733	0.800234429867548	5.7596746792306e-05	4.24144999082508	1.00000052583893
9.75	0.95	1.00000158634759	0.800228201717291	5.64120656446836e-05	4.16142681358128	1.00000063453904
9.85	0.95	1.00000171598333	0.800222116548381	5.5246830750461e-05	4.08140424593744	1.00000068639333
9.95	0.95	1.00000175891449	0.800216168638816	5.41031582081633e-05	4.00138227737448	1.0000007035658
10.05	0.95	1.00000175155252	0.800210352660457	5.2982516465813e-05	3.92136089650919	1.00000070062101
10.15	0.95	1.00000171715878	0.800204663635975	5.18858279985185e-05	3.84134009155702	1.00000068686351
10.25	0.95	1.00000167007508	0.80019909690264	5.08135538927616e-05	3.76131985064104	1.00000066803003
10.35	0.95	1.00000161873353	0.800193648081429	4.97657630737138e-05	3.68130016199106	1.00000064749341
10.45	0.95	1.00000156775879	0.800188313050252	4.87421881062375e-05	3.60128101406613	1.00000062710352
10.55	0.95	1.000001519406	0.800183087920345	4.77422688920525e-05	3.5212623956244	1.0000006077624
10.65	0.95	1.00000147452052	0.800177969015157	4.67651855144009e-05	3.44124429575829	1.00000058980821
10.75	0.95	1.00000143316029	0.800172952851057	4.58098812578828e-05	3.36122670390714	1.00000057326412
10.85	0.95	1.00000139498531	0.800168036119315	4.48750763121792e-05	3.28120960985632	1.00000055799412
10.95	0.95	1.00000135949167	0.800163215668699	4.39592726851129e-05	3.20119300372868	1.00000054379667
11.05	0.95	1.00000132614644	0.800158488488164	4.30607502510944e-05	3.12117687597207	1.00000053045858
11.15	0.95	1.00000129446433	0.800153851688523	4.21775537389828e-05	3.04116121734563	1.00000051778573
11.25	0.95	1.0000012640552	0.800149302482252	4.13074700108864e-05	2.96114601890609	1.00000050562208
11.35	0.95	1.00000123466199	0.80014483815997	4.04479946237131e-05	2.88113127199502	1.00000049386479
11.45	0.95	1.00000120619956	0.800140456061789	3.95962865813147e-05	2.80111696822747	1.00000048247983
11.55	0.95	1.00000117879521	0.800136153541288	3.87491100299077e-05	2.72110309948241	1.00000047151808
11.65	0.95	1.00000115281994	0.800131927919281	3.79027619718255e-05	2.64108965789596	1.00000046112798
11.75	0.95	1.00000112888646	0.800127776423839	3.70529857217509e-05	2.56107663585916	1.00000045155458
11.85	0.95	1.00000110777547	0.800123696112308	3.6194870792515e-05	2.48106402602328	1.00000044311019
11.95	0.95	1.00000109024214	0.80011968377	3.53227413967558e-05	2.40105182131785	1.00000043609685
12.05	0.95	1.0000010766535	0.800115735778819	3.44300368023415e-05	2.32104001498872	1.0000004306614
12.15	0.95	1.00000106642733	0.800111847946777	3.3509187367896e-05	2.24102860066552	1.00000042657093
12.25	0.95	1.00000105729193	0.800108015285265	3.25514883279939e-05	2.16101757246971	1.00000042291677
12.35	0.95	1.00000104447691	0.800104231714154	3.15469682622312e-05	2.08100692517401	1.00000041779076
12.45	0.95	1.00000102007788	0.800100489663303	3.04842389263468e-05	2.00099665442122	1.00000040803115
12.55	0.95	1.00000097300483	0.800096779520617	2.93502968332172e-05	1.92098675700399	1.00000038920193
12.65	0.95	1.00000089008774	0.800093088849358	2.81302262970342e-05	1.84097723119731	1.0000003560351
12.75	0.95	1.00000075901023	0.800089401258676	2.68067341923317e-05	1.76096807712411	1.00000030360409
12.85	0.95	1.00000057367045	0.800085694761425	2.53594412564715e-05	1.6809592971258	1.00000022946818
12.95	0.95	1.00000034220423	0.800081939396596	2.37638871955086e-05	1.60095089611321	1.00000013688169
13.05	0.95	1.00000009712722	0.800078093840822	2.19903128497514e-05	1.52094288189911	1.00000003885089
13.15	0.95	0.999999905802086	0.800074100709228	2.00025116017215e-05	1.44093526557769	0.999999962320834
13.25	0.95	0.999999877800624	0.800069880290774	1.77574499762876e-05	1.36092806212703	0.99999995112025
13.35	0.95	1.00000016404532	0.800065322645021	1.52069911144164e-05	1.2809212915703	1.00000006561813
13.45	0.95	1.00000094154969	0.800060278403019	1.23039238213021e-05	1.20091498121395	1.00000037661988
13.55	0.95	1.00000237814514	0.800054549398983	9.01552483358439e-06	1.12090916962552	1.00000095125805
13.65	0.95	1.00000457498085	0.800047881577802	5.34882715408086e-06	1.04090391300336	1.00000182999234
13.75	0.95	1.00000749177035	0.800039964656359	1.39214984701092e-06	0.960899294253259	1.00000299670814
13.85	0.95	1.00001087069509	0.800030445904751	-2.62355731739846e-06	0.88089543421047	1.00000434827803
13.95	0.95	1.00001418751267	0.800018969122118	-6.24362732755053e-06	0.800892502830287	1.00000567500507
14.05	0.95	1.0000166677504	0.800005253900167	-8.6968416649046e-06	0.720890725743138	1.00000666710016
14.15	0.95	1.00001740382392	0.799989232953257	-8.81301197462602e-06	0.640890378554263	1.00000696152957
14.25	0.95	1.00001558629029	0.799971262618525	-4.99522456343795e-06	0.560891758434445	1.00000623451612
14.35	0.95	1.00001081413096	0.799952405185128	4.67933860915878e-06	0.480895121517152	1.00000432565238
14.45	0.95	1.00000338281577	0.799934736939715	2.21257276405837e-05	0.400900578166126	1.00000135312631
14.55	0.95	0.999994394865202	0.799921545053625	4.8573281489958e-05	0.320907950334042	0.999997757946081
14.65	0.95	0.999985547432667	0.799917139373892	8.35069687423647e-05	0.240916620388584	0.999994218973067
14.75	0.95	0.999978572728006	0.799925896183788	0.000123453872286935	0.160925439716761	0.999991429091202
14.85	0.95	0.999974521819866	0.799948970935455	0.000161378585356771	0.0809328046059171	0.999989808727946
14.95	0.95	0.9999732395302	0.399992821656855	0.000188026182633615	0.000937269146180328	0.99998929581208
0.05	1.05	-4.22035866059246e-06	0.399994013071512	-0.000230648313578539	10.4558679398608	0.599998311856536
0.15	1.05	-4.71186975181362e-06	0.799984885047816	-0.000220021059589054	10.4078687933343	0.599998115252099
0.25	1.05	-4.97384288710591e-06	0.799982412522343	-0.000202108603217955	10.359870055187	0.599998010462845
0.35	1.05	-4.28714645063474e-06	0.799988127839702	-0.000181567229463049	10.3118712221139	0.59999828514142
0.45	1.05	-1.88962481879224e-06	0.800001291629914	-0.000162313126337487	10.2638717541682	0.599999244150072
0.55	1.05	2.96903883400276e-06	0.800019882336863	-0.00014662808843884	10.2158711879885	0.600001187615534
0.65	1.05	1.0890241462078e-05	0.800041654156805	-0.000135253810021044	10.1678691781838	0.600004356096585
0.75	1.05	2.21474129205985e-05	0.800064771171043	-0.000127916560093878	10.1198654923824	0.600008858965168
0.85	1.05	3.6661433637271e-05	0.800087787795262	-0.000123860674467873	10.0718599879837	0.600014664573455
0.95	1.05	5.22781128566403e-05	0.80011018207858	-0.000122174208867421	10.0238526111326	0.600020911245143
1.05	1.05	6.54675941623217e-05	0.800131673019054	-0.00012201500983504	9.97584341973432	0.600026187037665
1.15	1.05	7.06173674153742e-05	0.800152440490471	-0.000122685592166565	9.92783261959978	0.600028246946966
1.25	1.05	6.07526300938473e-05	0.800172979491912	-0.000123626193392437	9.87982060633295	0.600024301052038
1.35	1.05	2.92030555812982e-05	0.800193881365289	-0.000124430297363056	9.83180797286692	0.600011681222232
1.45	1.05	-2.89557936176664e-05	0.800215867977893	-0.000124799056345261	9.78379547092077	0.599988417682553
1.55	1.05	-0.000115001589574974	0.800239733099467	-0.000124524918272095	9.73578392216549	0.59995399936417
1.65	1.05	-0.000224361218598242	0.800266270841682	-0.000123480170334883	9.68777406502605	0.599910255512561
1.75	1.05	-0.000344507050673317	0.800296194011883	-0.000121605786250181	9.63976633331642	0.599862197179731
1.85	1.05	-0.000453458924429725	0.800330040243151	-0.000118889421548825	9.59176057809852	0.599818616430228
1.95	1.05	-0.000519484419558574	0.800368050563021	-0.000115303866424147	9.54375576155518	0.599792206232177
2.05	1.05	-0.000503024788719697	0.800409885742852	-0.000110667173206969	9.49574967403804	0.599798790084512
2.15	1.05	-0.000364279980997823	0.800456883442054	-0.000104537838264239	9.44773878504006	0.599854288007601
2.25	1.05	-6.01382170860132e-05	0.800509203836727	-9.68446582084272e-05	9.39971817493567	0.599975944713166
2.35	1.05	0.000449140976878089	0.800569924457114	-8.69180384623661e-05	9.35168153153671	0.600179656390751
2.45	1.05	0.00121430759029093	0.8006438108758	-7.44594106168705e-05	9.30362101814552	0.600485723036116
2.55	1.05	0.00232079801087017	0.800729986757084	-5.99736502133677e-05	9.25552649563221	0.600928319204348
2.65	1.05	0.00386560790660357	0.800830725132115	-4.33527311322285e-05	9.20738475274254	0.601546243162641
2.75	1.05	0.00595717706509046	0.800948614172274	-2.45675244743628e-05	9.15917915240575	0.602382870826036
2.85	1.05	0.00871809746052029	0.801086564166363	-3.63256012684557e-06	9.11088920720372	0.603487238984208
2.95	1.05	0.0122884825613478	0.801247879243448	1.93745434833245e-05	9.0624900482082	0.604915393024539
3.05	1.05	0.0168302000236628	0.801436263711839	4.42764725596588e-05	9.01395177159107	0.606732080009465
3.15	1.05	0.0225325569870266	0.801655753811777	7.07564832938132e-05	8.9652386294784	0.609013022794811
3.25	1.05	0.0296200092776167	0.801910550750408	9.83150490497048e-05	8.9163080123238	0.611848003711047
3.35	1.05	0.0383623316854152	0.802204703051816	0.000126221235714978	8.86710915503918	0.615344932674166
3.45	1.05	0.0490873641300392	0.802541557537403	0.000153460204664803	8.81758149199234	0.619634945652016
3.55	1.05	0.0621957405386284	0.802922870842298	0.000178683107921266	8.76765259560667	0.624878296215451
3.65	1.05	0.0781756317107824	0.80334746059882	0.000200172753975489	8.7172356763099	0.631270252684313
3.75	1.05	0.097613167755914	0.80380931256189	0.000215848337231198	8.66622672411582	0.639045267102366
3.85	1.05	0.121190651321218	0.804295213794071	0.000223344122758594	8.6145015683131	0.648476260528487
3.95	1.05	0.149660266542526	0.804782343762695	0.00022020532964275	8.56191345293961	0.65986410661701
4.05	1.05	0.183777351633634	0.805236875313412	0.000204238693695605	8.5082921711691	0.673510940653454
4.15	1.05	0.224178232981702	0.805615351265461	0.000174019411833058	8.45344628315146	0.689671293192681
4.25	1.05	0.27119912763309	0.805870787484346	0.000129479076295432	8.39717021418778	0.708479651053236
4.35	1.05	0.324659963458384	0.805964063109805	7.23956548929282e-05	8.33925767149229	0.729863985383354
4.45	1.05	0.383676769563883	0.80587765779619	6.53746540066815e-06	8.27952138471159	0.753470707825553
4.55	1.05	0.446597326464884	0.805624902708779	-6.27333807617844e-05	8.2178166287565	0.778638930585954
4.65	1.05	0.51114138546953	0.805247810664621	-0.000129381937633438	8.15406320123481	0.804456554187812
4.75	1.05	0.574748889385925	0.804802801428602	-0.000187862030313025	8.08825925196171	0.82989955575437
4.85	1.05	0.635030965396364	0.804342090765335	-0.000234100351209297	8.02048210272074	0.854012386158546
4.95	1.05	0.690157638998687	0.803901043037058	-0.000265989569753795	7.95087562922806	0.876063055599475
5.05	1.05	0.739054236664365	0.80349608782422	-0.000283333048364187	7.87962850075057	0.895621694665746
5.15	1.05	0.781382877798666	0.803130224917431	-0.000287405509595189	7.80694992247745	0.912553151119466
5.25	1.05	0.81737653979299	0.802800267249627	-0.000280370436622827	7.73304869602186	0.926950615917196
5.35	1.05	0.84762236017575	0.802501938944384	-0.000264745212544565	7.65811868077229	0.9390489440703
5.45	1.05	0.872867571663884	0.802232055430106	-0.00024300889767424	7.58233097503926	0.949147028665554
5.55	1.05	0.893881237440106	0.80198874396514	-0.000217367369554809	7.50583144508686	0.957552494976042
5.65	1.05	0.911373728340728	0.801770884425562	-0.000189647153759343	7.42874170911604	0.964549491336291
5.75	1.05	0.925960773846242	0.80157750764742	-0.000161276516073425	7.35116190392726	0.970384309538497
5.85	1.05	0.938155927238083	0.801407427485867	-0.000133316566947687	7.27317406041214	0.975262370895233
5.95	1.05	0.948378172942271	0.801259117372544	-0.000106515270262444	7.19484540089507	0.979351269176908
6.05	1.05	0.956965778612229	0.801130747850357	-8.13673273701953e-05	7.11623123219769	0.982786311444892
6.15	1.05	0.964191279854162	0.801020297945056	-5.81706427121745e-05	7.03737733282452	0.985676511941665
6.25	1.05	0.970275108688693	0.800925680337672	-3.70751938945311e-05	6.95832185197496	0.988110043475477
6.35	1.05	0.975396948752912	0.800844848679501	-1.8123139666086e-05	6.87909678946211	0.990158779501165
6.45	1.05	0.979704726507587	0.800775875492793	-1.28056754470048e-06	6.79972913875827	0.991881890603035
6.55	1.05	0.983321515202383	0.800717000505289	1.35380345963265e-05	6.72024176993592	0.993328606080953
6.65	1.05	0.986350743963547	0.800666654404623	2.64513099199259e-05	6.64065411667257	0.994540297585419
6.75	1.05	0.988880097659812	0.800623464422947	3.75973501988191e-05	6.56098271766712	0.995552039063925
6.85	1.05	0.990984437274303	0.80058624773321	4.71237418221627e-05	6.48124165041453	0.996393774909721
6.95	1.05	0.992728002673944	0.800553997491269	5.5180468165022e-05	6.40144288517939	0.997091201069578
7.05	1.05	0.994166096661432	0.800525865092386	6.19149719736581e-05	6.32159657922295	0.997666438664573
7.15	1.05	0.99534639692275	0.800501141094604	6.74688333309884e-05	6.24171132555435	0.9981385587691
7.25	1.05	0.996310001689064	0.800479236383797	7.19756435379227e-05	6.16179436628927	0.998524000675626
7.35	1.05	0.997092284252222	0.80045966451077	7.55597546446067e-05	6.08185177772615	0.998836913700889
7.45	1.05	0.997723608948755	0.800442025686472	7.83356620014922e-05	6.00188863217328	0.999089443579502
7.55	1.05	0.998229944968953	0.800425992627077	8.04078375069823e-05	5.92190914013212	0.999291977987581
7.65	1.05	0.998633402773369	0.800411298258467	8.18708770615337e-05	5.84191677547553	0.999453361109348
7.75	1.05	0.998952709771909	0.800397725182813	8.28098609075834e-05	5.76191438561703	0.999581083908764
7.85	1.05	0.999203636307437	0.800385096754277	8.33008521726739e-05	5.68190428824792	0.999681454522975
7.95	1.05	0.999399379194173	0.80037326958708	8.34114787369222e-05	5.60188835595154	0.999759751677669
8.05	1.05	0.999550907580107	0.800362127315754	8.32015591046178e-05	5.52186808983497	0.999820363032043
8.15	1.05	0.99966727435402	0.800351575434952	8.27237434677867e-05	5.44184468321279	0.999866909741608
8.25	1.05	0.999755895420136	0.800341537059444	8.20241503109231e-05	5.36181907630791	0.999902358168054
8.35	1.05	0.999822798707024	0.800331949461615	8.11429844677995e-05	5.28179200288435	0.999929119482809
8.45	1.05	0.999872844605447	0.800322761260218	8.01151275035432e-05	5.20176402968434	0.999949137842179
8.55	1.05	0.999909919526927	0.800313930150469	7.89706944042797e-05	5.12173558949986	0.999963967810771
8.65	1.05	0.999937104357202	0.800305421081072	7.77355531796981e-05	5.04170700866383	0.999974841742881
8.75	1.05	0.999956819688239	0.800297204797383	7.64318056178184e-05	4.96167852969568	0.999982727875296
8.85	1.05	0.999970949810627	0.800289256682371	7.50782287137822e-05	4.88165032978139	0.999988379924251
8.95	1.05	0.999980947512228	0.800281555838297	7.36906773774851e-05	4.80162253570937	0.999992379004891
9.05	1.05	0.999987921747787	0.800274084361268	7.22824494465105e-05	4.72159523582241	0.999995168699115
9.15	1.05	0.999992710215346	0.800266826769591	7.08646146293042e-05	4.64156848948402	0.999997084086138
9.25	1.05	0.999995938802064	0.800259769553692	6.94463093317276e-05	4.56154233449691	0.999998375520826
9.35	1.05	0.999998069751446	0.800252900821676	6.80349993825352e-05	4.48151679285264	0.999999227900578
9.45	1.05	0.999999440264763	0.800246210019674	6.66367128265743e-05	4.40149187513656	0.999999776105905
9.55	1.05	1.00000029309105	0.800239687710247	6.52562451986718e-05	4.32146758386155	1.00000011723642
9.65	1.05	1.00000080049131	0.800233325396105	6.38973393222203e-05	4.24144391595854	1.00000032019653
9.75	1.05	1.00000108279142	0.800227115378467	6.25628419131419e-05	4.16142086461109	1.00000043311657
9.85	1.05	1.00000122257085	0.800221050642592	6.12548390715422e-05	4.08139842058628	1.00000048902834
9.95	1.05	1.00000127537667	0.800215124764152	5.99747727460455e-05	4.00137657318369	1.00000051015067
10.05	1.05	1.00000127770592	0.800209331831771	5.87235398624979e-05	3.92135531089907	1.00000051108237
10.15	1.05	1.00000125286923	0.800203666382371	5.75015760980192e-05	3.8413346218777	1.00000050114769
10.25	1.05	1.00000121523298	0.800198123346358	5.63089256110364e-05	3.76131449421559	1.00000048609319
10.35	1.05	1.00000117323767	0.80019269800077	5.51452984591929e-05	3.68129491615221	1.00000046929507
10.45	1.05	1.0000011315066	0.800187385928603	5.40101167215327e-05	3.60127587618779	1.00000045260264
10.55	1.05	1.00000109228833	0.800182182983125	5.2902550531354e-05	3.52125736314921	1.00000043691533
10.65	1.05	1.00000105641978	0.800177085255985	5.18215450471413e-05	3.44123936622208	1.00000042256791
10.75	1.05	1.00000102395069	0.800172089048304	5.07658387968987e-05	3.36122187496136	1.00000040958028
10.85	1.05	1.00000099453447	0.800167190843741	4.97339743070765e-05	3.2812048792892	1.00000039781379
10.95	1.05	1.0000009676626	0.800162387282747	4.87243009965122e-05	3.20118836948601	1.00000038706504
11.05	1.05	1.00000094279896	0.800157675136928	4.77349705780955e-05	3.1211723361784	1.00000037711958
11.15	1.05	1.00000091945478	0.80015305128259	4.67639246583538e-05	3.0411567703267	1.00000036778191
11.25	1.05	1.0000008972334	0.800148512671908	4.58088740529633e-05	2.96114166321354	1.00000035889336
11.35	1.05	1.00000087586429	0.800144056300232	4.48672691767157e-05	2.88112700643419	1.00000035034572
11.45	1.05	1.0000008552378	0.80013967916739	4.39362605561023e-05	2.80111279188947	1.00000034209512
11.55	1.05	1.00000083544259	0.800135378230475	4.30126489024454e-05	2.72109901178169	1.00000033417704
11.65	1.05	1.00000081679772	0.80013115034498	4.20928242962462e-05	2.64108565861453	1.00000032671909
11.75	1.05	1.00000079985887	0.800126992190533	4.11726951461707e-05	2.56107272519873	1.00000031994355
11.85	1.05	1.00000078536568	0.800122900176763	4.02476087956495e-05	2.48106020466647	1.00000031414627
11.95	1.05	1.00000077408682	0.80011887032403	3.9312267616557e-05	2.40104809049917	1.00000030963473
12.05	1.05	1.00000076651728	0.800114898112388	3.83606461465292e-05	2.32103637657569	1.00000030660691
12.15	1.05	1.00000076239634	0.800110978290668	3.73859165894945e-05	2.24102505724973	1.00000030495854
12.25	1.05	1.0000007600538	0.800107104634009	3.63803898572874e-05	2.16101412746703	1.00000030402152
12.35	1.05	1.0000007556659	0.800103269633191	3.53354768191425e-05	2.08100358293313	1.00000030226636
12.45	1.05	1.00000074261319	0.800099464089708	3.42416676923378e-05	2.00099342034033	1.00000029704528
12.55	1.05	1.00000071127268	0.800095676576397	3.30885164391131e-05	1.92098363765753	1.00000028450907
12.65	1.05	1.00000064971895	0.800091892702137	3.18646027806499e-05	1.84097423447834	1.00000025988758
12.75	1.05	1.00000054589987	0.800088094090245	3.05574320551168e-05	1.76096521241313	1.00000021835995
12.85	1.05	1.00000039181213	0.800084256945755	2.91532343797355e-05	1.6809565755022	1.00000015672485
12.95	1.05	1.00000018993048	0.80008035005207	2.76366578740705e-05	1.60094833062711	1.00000007597219
13.05	1.05	0.999999961546234	0.80007633201741	2.59904461122601e-05	1.52094048791297	0.999999984618494
13.15	1.05	0.99999975570144	0.800072147610687	2.41953830442231e-05	1.44093306115682	0.999999902280576
13.25	1.05	0.999999656135357	0.800067723127221	2.22311163791944e-05	1.36092606839092	0.999999862454143
13.35	1.05	0.999999782353183	0.800062960966651	2.00789529413498e-05	1.28091953279343	0.999999912941273
13.45	1.05	1.00000028009603	0.800057734069325	1.7728330880418e-05	1.20091348426781	1.00000011203841
13.55	1.05	1.00000129689204	0.800051881632517	1.5189299535412e-05	1.12090796207627	1.00000051875682
13.65	1.05	1.00000294086124	0.800045208694893	1.25137186433013e-05	1.04090301884086	1.0000011763445
13.75	1.05	1.00000522616282	0.800037493757136	9.82756570585079e-06	0.960898725896826	1.00000209046513
13.85	1.05	1.00000801626575	0.800028510475531	7.37502230089134e-06	0.880895179261238	1.0000032065063
13.95	1.05	1.00001098498682	0.800018071205406	5.57101247596808e-06	0.800892504278218	1.00000439399473
14.05	1.05	1.00001362138879	0.800006100833968	5.05169469548269e-06	0.720890855371998	1.00000544855552
14.15	1.05	1.00001530277279	0.799992747113507	6.70160546870353e-06	0.640890405610996	1.00000612110912
14.25	1.05	1.00001544452709	0.799978525548089	1.16225936470536e-05	0.560891319721113	1.00000617781084
14.35	1.05	1.00001370426472	0.799964478513813	2.0997191563829e-05	0.480893705080877	1.00000548170589
14.45	1.05	1.00001017670196	0.799952295547963	3.57969901943976e-05	0.400897539846309	1.00000407068078
14.55	1.05	1.00000548369212	0.799944295729558	5.63129074073104e-05	0.320902587419318	1.00000219347685
14.65	1.05	1.00000066876615	0.799943132320468	8.15658806267081e-05	0.240908322339696	1.00000026750646
14.75	1.05	0.999996868366151	0.799951098099982	0.000108815569566779	0.160913910578264	0.99999874734646
14.85	1.05	0.999994836845368	0.79996772814835	0.000133587625367971	0.0809182954002551	0.999997934738147
14.95	1.05	0.999994476027418	0.39999974165376	0.000150669931658622	0.000920688522821243	0.999997790410967
0.05	1.15	-4.24694267735658e-06	0.399998040894063	-0.000222869991927483	10.4558814244999	0.599998301222929
0.15	1.15	-4.76171630497582e-06	0.799995861858386	-0.000216299849219913	10.4078817954868	0.599998095313478
0.25	1.15	-5.06876171295795e-06	0.799997590798025	-0.000204860681807674	10.3598822258032	0.599997972495315
0.35	1.15	-4.44717340687395e-06	0.80000438572778	-0.000191121359963732	10.3118824089542	0.599998221130637
0.45	1.15	-2.12890402524768e-06	0.800016165038732	-0.000177500142724363	10.2638819840853	0.59999914843839
0.55	1.15	2.65012155550461e-06	0.800031969012079	-0.000165672053448349	10.2158806053363	0.600001060048622
0.65	1.15	1.05157873312969e-05	0.800050512602358	-0.000156449787589596	10.1678779781088	0.600004206314932
0.75	1.15	2.17600909106456e-05	0.800070584960609	-0.000149960709998275	10.119873870676	0.600008704036364
0.85	1.15	3.60809141845057e-05	0.800091186670209	-0.000145955047184507	10.0718681150349	0.600014432365674
0.95	1.15	5.17309292778282e-05	0.800111708264329	-0.00014395769965634	10.0238606187091	0.600020692371711
1.05	1.15	6.50258645320338e-05	0.80013192298263	-0.000143406296765324	9.97585139866189	0.600026010345813
1.15	1.15	7.0561871019561e-05	0.800151799175048	-0.000143825959385437	9.92784062545523	0.600028224748408
1.25	1.15	6.1157451641749e-05	0.800171827938067	-0.000144827049204591	9.87982866577499	0.600024462980657
1.35	1.15	3.01872080282072e-05	0.800192474687414	-0.000146090293728887	9.83181609100089	0.600012074883211
1.45	1.15	-2.72592504467008e-05	0.800214372976222	-0.000147369034892956	9.78380363616719	0.599989096299821
1.55	1.15	-0.00011248467568782	0.800238252823196	-0.000148486016249397	9.73579211108903	0.599955006129725
1.65	1.15	-0.000220952773833671	0.800264860152439	-0.000149325595684276	9.6877822467623	0.599911618890467
1.75	1.15	-0.000340155648018522	0.800294867123857	-0.000149824431887571	9.63977447328548	0.599863937740793
1.85	1.15	-0.000448099701988561	0.80032877945592	-0.000149963776975101	9.5917686404332	0.599820760119205
1.95	1.15	-0.000513074899838042	0.800366846816304	-0.000149769764401747	9.54376370964267	0.599794770040065
2.05	1.15	-0.000495688049400627	0.800408985454707	-0.00014929255464408	9.49575747037589	0.59980172478024
2.15	1.15	-0.000354211988922195	0.800455515117899	-0.000148178251629742	9.44774637133554	0.599858315204431
2.25	1.15	-4.73845280025964e-05	0.80050770700237	-0.000146368159670049	9.39972549071521	0.599981046188799
2.35	1.15	0.000470109251097433	0.800565607163859	-0.000144193103662369	9.3516884806921	0.600188043700439
2.45	1.15	0.00123617990843539	0.800640168816167	-0.000141699065177441	9.3036275092382	0.600494471963374
2.55	1.15	0.00234497984017933	0.800726031542051	-0.000138985603927647	9.25553248124126	0.600937991936072
2.65	1.15	0.00389327994068228	0.800825928844587	-0.000136223666270137	9.20739017015501	0.601557311976273
2.75	1.15	0.0059891193933245	0.800942458187371	-0.000133650083783351	9.15918394221526	0.60239564775733
2.85	1.15	0.0087549958648171	0.80107850977933	-0.000131551368402995	9.11089331955218	0.603501998345927
2.95	1.15	0.0123311183240751	0.801237297980337	-0.000130246671498223	9.06249344548159	0.60493244732963
3.05	1.15	0.0168795457497918	0.801422385391544	-0.000130068783338158	9.01395443118573	0.606751818299917
3.15	1.15	0.0225898354827762	0.801637635488916	-0.000131336082839541	8.96524054709619	0.609035934193111
3.25	1.15	0.029686739669682	0.801887062105934	-0.000134309113829896	8.91630920545114	0.611874695867873
3.35	1.15	0.0384403661086577	0.802174528766169	-0.00013912739923923	8.86710966613563	0.615376146443463
3.45	1.15	0.0491789081005412	0.802503222070007	-0.000145724678730241	8.81758139086202	0.619671563240216
3.55	1.15	0.0623033433908788	0.802874794100209	-0.000153725493853429	8.76765198035746	0.624921337356351
3.65	1.15	0.0783021268645354	0.803288054187682	-0.000162334886589629	8.71723467227454	0.631320850745814
3.75	1.15	0.0977615354757559	0.80373712510629	-0.000170247424886211	8.6662254802049	0.639104614190302
3.85	1.15	0.121363770687051	0.804209128862178	-0.000175621296794626	8.61450025059856	0.64854550827482
3.95	1.15	0.149860523424249	0.80468182348375	-0.000176182092471099	8.5619122359038	0.659944209369699
4.05	1.15	0.184006085116089	0.805122225566513	-0.00016952425152695	8.50829122795577	0.673602434046435
4.15	1.15	0.224435047698749	0.805487961236186	-0.000153641677552145	8.45344577701694	0.6897740190795
4.25	1.15	0.271481184336598	0.805733273154294	-0.000127621333646508	8.39717029353315	0.708592473734639
4.35	1.15	0.324961472420566	0.805820233873243	-9.22878889497286e-05	8.33925846958365	0.729984588968226
4.45	1.15	0.383988990718811	0.805732246445823	-5.04748817927055e-05	8.27952302225395	0.753595596287524
4.55	1.15	0.446909322731279	0.805483063475744	-6.64775301446108e-06	8.21781921415728	0.778763729092512
4.65	1.15	0.511441513652535	0.805114482180282	3.41213424558419e-05	8.15406682247345	0.804576605461014
4.75	1.15	0.575026638295681	0.804682100618192	6.74601335501889e-05	8.0882639577568	0.830010655318272
4.85	1.15	0.635278520786663	0.804236897355274	9.07329912217271e-05	8.02048787790671	0.854111408314665
4.95	1.15	0.690370674109007	0.803812851890027	0.000103414977518871	7.95088237486768	0.876148269643603
5.05	1.15	0.739231816451059	0.803425104649449	0.00010678189427795	7.87963602891294	0.895692726580424
5.15	1.15	0.781526733563139	0.80307561880147	0.000103197954914494	7.80695796917083	0.912610693425256
5.25	1.15	0.817490107523075	0.802760485028919	9.53540106220042e-05	7.73305694822065	0.92699604300923
5.35	1.15	0.847709894587095	0.802475010179514	8.56947293812418e-05	7.65812680928608	0.939083957834838
5.45	1.15	0.872933486293486	0.802215847642342	7.61102827955554e-05	7.58233866519411	0.949173394517394
5.55	1.15	0.89392969020295	0.801981152900027	6.78540275888853e-05	7.50583842009929	0.95757187608118
5.65	1.15	0.911408405786637	0.801769960394578	6.16039199852906e-05	7.42874774438823	0.964563362314655
5.75	1.15	0.925984811322877	0.801581527624548	5.75898925853378e-05	7.35116683293265	0.970393924529151
5.85	1.15	0.938171910911238	0.801414925784547	5.57333810776093e-05	7.27317777406511	0.975268764364495
5.95	1.15	0.948388185207573	0.801268887501475	5.57699386697586e-05	7.19484784257962	0.979355274083029
6.05	1.15	0.956971462469205	0.801141826214582	5.73438983337709e-05	7.11623239037702	0.982788584987682
6.15	1.15	0.96419390797129	0.801031937565873	6.00745599775489e-05	7.03737723269552	0.985677563188516
6.25	1.15	0.970275649463167	0.800937320370881	6.35982477541056e-05	6.95832054716323	0.988110259785267
6.35	1.15	0.975396125652603	0.800856083519462	6.75920128010387e-05	6.87909435436194	0.990158450261041
6.45	1.15	0.979703069290764	0.80078642573535	7.17844429696076e-05	6.79972566183204	0.991881227716306
6.55	1.15	0.983319402893346	0.800726686969759	7.59580415012789e-05	6.72023734808891	0.993327761157338
6.65	1.15	0.986348440134268	0.800675375699893	7.9946513656341e-05	6.64064885069451	0.994539376053707
6.75	1.15	0.988877778880184	0.800631178094006	8.36293066806043e-05	6.56097670865991	0.995551111552074
6.85	1.15	0.990982215697642	0.800592954766271	8.69249623954817e-05	6.48123499708956	0.996392886279057
6.95	1.15	0.992725943710793	0.800559729823652	8.97842626306952e-05	6.40143568189569	0.997090377484317
7.05	1.15	0.994164232619024	0.800530675723097	9.21837415087072e-05	6.32158891463874	0.997665693047609
7.15	1.15	0.995344737383458	0.800505096390666	9.41198660788087e-05	6.24170328177423	0.998137894953383
7.25	1.15	0.996308541289076	0.80048241020413	9.56040109239927e-05	6.16178601840276	0.99852341651563
7.35	1.15	0.997091008413273	0.800462133810079	9.66582444220151e-05	6.0818431936478	0.998836403365309
7.45	1.15	0.997722498017045	0.800443867306511	9.73118819668716e-05	6.00187987270928	0.999088999206818
7.55	1.15	0.998228977129131	0.800427281027701	9.75987296981322e-05	5.92190025921149	0.999291590851652
7.65	1.15	0.99863255603207	0.800412103982743	9.75549287499849e-05	5.8419078204961	0.999453022412828
7.75	1.15	0.998951963244249	0.800398113887125	9.7217309005621e-05	5.76190539786656	0.999580785297699
7.85	1.15	0.999202970989704	0.800385128666777	9.66221658028681e-05	5.68189530336947	0.999681188395882
7.95	1.15	0.999398778365308	0.800372999284857	9.58043819361106e-05	5.60187940442933	0.999759511346123
8.05	1.15	0.999550356941866	0.80036160373387	9.47968266273049e-05	5.52185919748301	0.999820142776747
8.15	1.15	0.999666761993664	0.800350842038979	9.36299733576864e-05	5.44183587165315	0.999866704797466
8.25	1.15	0.999755411658796	0.800340632128709	9.23316875460873e-05	5.36181036342946	0.999902164663518
8.35	1.15	0.999822335880595	0.800330906442257	9.09271434782579e-05	5.28178340327567	0.999928934352238
8.45	1.15	0.999872396812092	0.800321609157271	8.94388376191811e-05	5.20175555503687	0.999948958724837
8.55	1.15	0.999909482365335	0.800312693936253	8.78866713498707e-05	5.12172724897928	0.999963792946134
8.65	1.15	0.999936674672069	0.800304122102857	8.62880820455927e-05	5.04169880924871	0.999974669868828
8.75	1.15	0.999956395333606	0.800295861172643	8.46582054786139e-05	4.96167047648384	0.999982558133442
8.85	1.15	0.999970529437295	0.800287883673699	8.30100567206569e-05	4.88164242626484	0.999988211774918
8.95	1.15	0.999980530382268	0.800280166202621	8.13547193272667e-05	4.80161478401939	0.999992212152907
9.05	1.15	0.999987507576807	0.800272688670692	7.97015354984946e-05	4.7215876369465	0.999995003030723
9.15	1.15	0.999992299041599	0.800265433702523	7.80582916107327e-05	4.64156104345694	0.99999691961664
9.25	1.15	0.999995530880436	0.80025838615621	7.64313952448331e-05	4.56153504056782	0.999998212352174
9.35	1.15	0.99999766546975	0.800251532740107	7.48260411142645e-05	4.48150964963063	0.9999990661879
9.45	1.15	0.999999040079473	0.800244861705601	7.32463643018559e-05	4.40148488071658	0.999999616031789
9.55	1.15	0.999999897479549	0.800238362599972	7.16955799054124e-05	4.32146073593306	0.99999995899182
9.65	1.15	1.00000040991783	0.800232026066374	7.01761087178873e-05	4.24143721189865	1.00000016396713
9.75	1.15	1.00000069768404	0.800225843680649	6.86896893369258e-05	4.16141430156416	1.00000027907362
9.85	1.15	1.00000084330729	0.800219807817355	6.72374768435814e-05	4.08139199553171	1.00000033732291
9.95	1.15	1.00000090227668	0.800213911538651	6.58201288814234e-05	4.00137028299355	1.00000036091067
10.05	1.15	1.00000091102878	0.800208148501151	6.44378798903231e-05	3.92134915238687	1.00000036441151
10.15	1.15	1.00000089281476	0.800202512877417	6.30906042119831e-05	3.84132859183988	1.00000035712591
10.25	1.15	1.00000086194501	0.800196999288773	6.17778691250859e-05	3.76130858946673	1.000000344778
10.35	1.15	1.00000082680912	0.800191602747442	6.04989783851339e-05	3.68128913355522	1.00000033072365
10.45	1.15	1.00000079198549	0.800186318606085	5.92530072819901e-05	3.60127021267994	1.0000003167942
10.55	1.15	1.0000007596843	0.800181142513299	5.80388298205502e-05	3.52125181576503	1.00000030387372
10.65	1.15	1.00000073071076	0.800176070373731	5.68551386047792e-05	3.44123393211387	1.0000002922843
10.75	1.15	1.00000070508942	0.800171098311776	5.57004580602455e-05	3.3612165514181	1.00000028203577
10.85	1.15	1.00000068245462	0.800166222637778	5.4573151288509e-05	3.28119966375462	1.00000027298185
10.95	1.15	1.00000066228402	0.800161439815628	5.34714207396875e-05	3.20118325957638	1.00000026491361
11.05	1.15	1.00000064403142	0.800156746430669	5.23933028802323e-05	3.12116732970092	1.00000025761257
11.15	1.15	1.00000062719946	0.800152139156689	5.13366565306468e-05	3.04115186529905	1.00000025087978
11.25	1.15	1.000000611381	0.800147614720426	5.02991446878477e-05	2.96113685788535	1.0000002445524
11.35	1.15	1.00000059628893	0.800143169861817	4.92782092565253e-05	2.88112229931134	1.00000023851557
11.45	1.15	1.00000058178621	0.800138801287911	4.82710382251175e-05	2.80110818176194	1.00000023271448
11.55	1.15	1.00000056791948	0.800134505617628	4.72745250809475e-05	2.721094497756	1.00000022716779
11.65	1.15	1.0000005549506	0.800130279314431	4.62852206409027e-05	2.64108124015165	1.00000022198024
11.75	1.15	1.00000054336934	0.800126118602989	4.52992786897889e-05	2.56106840215823	1.00000021734773
11.85	1.15	1.00000053385878	0.800122019365877	4.43123983377945e-05	2.48105597735756	1.00000021354351
11.95	1.15	1.00000052717562	0.800117977015073	4.33197680793008e-05	2.40104395973871	1.00000021087025
12.05	1.15	1.00000052390344	0.800113986332998	4.23160190844276e-05	2.32103234375262	1.00000020956138
12.15	1.15	1.000000524047	0.800110041276138	4.12951975060491e-05	2.24102112439449	1.0000002096188
12.25	1.15	1.00000052646562	0.800106134732524	4.02507669103801e-05	2.16101029732363	1.00000021058625
12.35	1.15	1.00000052820303	0.800102258220682	3.91756511099689e-05	2.08099985903059	1.00000021128121
12.45	1.15	1.00000052386145	0.800098401511297	3.80623239255688e-05	2.00098980706017	1.00000020954458
12.55	1.15	1.00000050528427	0.800094552142946	3.69029447357102e-05	1.92098014029424	1.00000020211371
12.65	1.15	1.00000046193265	0.800090694788246	3.56895288038544e-05	1.8409708592919	1.00000018477306
12.75	1.15	1.00000038242523	0.800086810407628	3.44141328802396e-05	1.76096196667504	1.00000015297009
12.85	1.15	1.00000025769304	0.800082875106571	3.30690389166785e-05	1.68095346753906	1.00000010307721
12.95	1.15	1.00000008600529	0.800078858595525	3.164694665114e-05	1.60094536986513	1.00000003440211
13.05	1.15	0.999999879671083	0.800074722154122	3.01412610202145e-05	1.52093768491729	0.999999951868433
13.15	1.15	0.999999672482731	0.800070416045463	2.85467081075141e-05	1.4409304276328	0.999999868993092
13.25	1.15	0.999999525993579	0.800065876448615	2.68607546108668e-05	1.36092361706008	0.999999810397431
13.35	1.15	0.999999531718458	0.800061022224878	2.50866425377198e-05	1.28091727696079	0.999999812687383
13.45	1.15	0.99999980569393	0.800055752260122	2.32392404959555e-05	1.20091143675368	0.999999922277572
13.55	1.15	1.00000047209536	0.800049944777869	2.13552361002031e-05	1.1209061329965	1.00000018883814
13.65	1.15	1.00000163439223	0.8000434609042	1.9509218273895e-05	1.04090141151588	1.00000065375689
13.75	1.15	1.00000333625124	0.800036155806572	1.78365553561128e-05	0.960897330022526	1.00000133450049
13.85	1.15	1.00000551990205	0.800027901680009	1.65621781708111e-05	0.880893960515734	1.00000220796082
13.95	1.15	1.00000799576569	0.800018627205498	1.60309232874188e-05	0.800891389965907	1.00000319830627
14.05	1.15	1.0000104412968	0.800008376974897	1.67297053769885e-05	0.720889716770904	1.00000417651872
14.15	1.15	1.00001244562574	0.799997390457943	1.92848703647432e-05	0.640889039627031	1.00000497825029
14.25	1.15	1.00001360622464	0.799986191795694	2.44113996425609e-05	0.560889435333958	1.00000544248986
14.35	1.15	1.00001366339614	0.799975667817839	3.27881753038287e-05	0.480890923519658	1.00000546535845
14.45	1.15	1.00001263210325	0.799967092969949	4.48421437636101e-05	0.400893420234733	1.0000050528413
14.55	1.15	1.00001086964996	0.799962042229972	6.04530880134553e-05	0.320896689256309	1.00000434785998
14.65	1.15	1.00000901738581	0.799962132006824	7.86470527450515e-05	0.240900308769892	1.00000360695432
14.75	1.15	1.00000778530799	0.799968570338234	9.74236913533892e-05	0.160903678225852	1.0000031141232
14.85	1.15	1.00000760205644	0.799980240005371	0.000113918968219368	0.0809060887661836	1.00000304082257
14.95	1.15	1.00000819775061	0.400004227851176	0.000125021206730457	0.000907136882485398	1.00000327910025
0.05	1.25	-4.27632586677936e-06	0.400000598212991	-0.000221685334416839	10.4558946843494	0.599998289469653
0.15	1.25	-4.81896302211501e-06	0.80000295159255	-0.000217466121764399	10.4078947493992	0.599998072414791
0.25	1.25	-5.18127246394596e-06	0.800007701605639	-0.000209945822928699	10.3598946385512	0.599997927491014
0.35	1.25	-4.64198981703218e-06	0.800015677270676	-0.000200601284158973	10.3118941567747	0.599998143204073
0.45	1.25	-2.42779920275402e-06	0.800027027145536	-0.000190943806044631	10.2638930543209	0.599999028880319
0.55	1.25	2.238952559999e-06	0.80004132070032	-0.000182157001799804	10.215891068836	0.600000895581024
0.65	1.25	9.99883110843686e-06	0.800057838953222	-0.000174952229913217	10.1678879524563	0.600003999532443
0.75	1.25	2.11177206408906e-05	0.800075812555721	-0.000169601187019568	10.1198834880953	0.600008447088256
0.85	1.25	3.51701435634467e-05	0.80009458329898	-0.000166089748468815	10.0718775031778	0.600014068057425
0.95	1.25	5.08830171609996e-05	0.80011347216493	-0.000164232655246981	10.0238698868199	0.600020353206864
1.05	1.25	6.44474980484486e-05	0.800132347070147	-0.000163701194896988	9.975860629404	0.600025778999219
1.15	1.25	7.01675988844438e-05	0.800151260027455	-0.000164195361398052	9.92784987969542	0.600028067039554
1.25	1.25	6.11646326755555e-05	0.800170499302139	-0.000165488220338528	9.87983798645666	0.60002446585307
1.35	1.25	3.08500901252975e-05	0.800190469401424	-0.000167353528443296	9.83182550422486	0.60001234003605
1.45	1.25	-2.56655473627897e-05	0.800211730988037	-0.000169610578551391	9.78381315505418	0.599989733781055
1.55	1.25	-0.000109658845204922	0.80023494518891	-0.000172126110329168	9.73580173932261	0.599956136461918
1.65	1.25	-0.000216568016444322	0.800260796718634	-0.000174805784626022	9.68779198163019	0.599913372793422
1.75	1.25	-0.000333865425043176	0.800289899597843	-0.000177584435447744	9.6397843083442	0.599866453829983
1.85	1.25	-0.000439544080339252	0.80032268569667	-0.000180427388644363	9.59177856854982	0.599824182367864
1.95	1.25	-0.000501801913704979	0.800359288381492	-0.000183369364693363	9.5437737279544	0.599799279234518
2.05	1.25	-0.00048055925190252	0.80039946992245	-0.000186583438895786	9.49576758340036	0.599807776299239
2.15	1.25	-0.000331915119350916	0.800442488823049	-0.000190198582832581	9.44775656240838	0.599867233952259
2.25	1.25	-2.04341259731309e-05	0.800491919573622	-0.000194130866139362	9.39973573873816	0.599991826349611
2.35	1.25	0.00049730570033492	0.80054877301064	-0.000199268078523101	9.35169884031144	0.600198922280134
2.45	1.25	0.00127276684142524	0.800617665114161	-0.000206108429292451	9.30363803622719	0.60050910673657
2.55	1.25	0.00239167525734495	0.8006974415624	-0.000214394795607332	9.25554320016006	0.600956670102938
2.65	1.25	0.00395130175228768	0.800790100470803	-0.000224563238047566	9.2074011421943	0.601580520700915
2.75	1.25	0.00606052919741221	0.800897890663055	-0.00023708304633725	9.15919525463617	0.602424211678965
2.85	1.25	0.00884261607542777	0.801023303286274	-0.000252472794748968	9.1109050856926	0.603537046430171
2.95	1.25	0.0124385754148994	0.801169144493355	-0.000271254274936323	9.06250580648341	0.60497543016596
3.05	1.25	0.0170114204590972	0.80133855085544	-0.000293884259482581	9.01396755567448	0.606804568183639
3.15	1.25	0.0227518728201231	0.801534940962187	-0.000320665101563971	8.96525462734808	0.609100749128049
3.25	1.25	0.0298860958718833	0.801761882251371	-0.000351622746639776	8.91632444858605	0.611954438348753
3.35	1.25	0.0386858768579344	0.802022825651414	-0.000386342783388804	8.86712627837013	0.615474350743174
3.45	1.25	0.049481352702873	0.802320632743266	-0.000423762443776982	8.81759955247649	0.619792541081149
3.55	1.25	0.062675655732844	0.802656792093272	-0.000461929738525754	8.76767180907308	0.625070262293138
3.65	1.25	0.0787594637499046	0.803030205860835	-0.000497764104955629	8.71725617358981	0.631503785499962
3.75	1.25	0.0983210537411203	0.803435459100519	-0.000526889345178712	8.66624848550103	0.639328421496448
3.85	1.25	0.122043890257492	0.803860628090667	-0.000543657178642709	8.61452434819817	0.648817556102997
3.95	1.25	0.150679387097734	0.804285030899503	-0.000541523029857761	8.56193670721665	0.660271754839094
4.05	1.25	0.184978926489921	0.804677923754954	-0.000513936576237472	8.50831500976788	0.673991570595968
4.15	1.25	0.225570351844884	0.80499983811296	-0.000455807554560664	8.45346747897055	0.690228140737953
4.25	1.25	0.272775992175268	0.805208421892929	-0.000365351915233438	8.39718830070533	0.709110396870107
4.35	1.25	0.326396952749893	0.805269270953374	-0.000245753856256316	8.33927114545668	0.730558781099957
4.45	1.25	0.385528187010035	0.805168818387205	-0.00010580535319555	8.27952899246137	0.754211274804014
4.55	1.25	0.448499088128101	0.804922629170686	4.11694440741709e-05	8.21781766438552	0.77939963525124
4.65	1.25	0.513019408141465	0.804572531781085	0.000180086423800324	8.15405771081467	0.805207763256586
4.75	1.25	0.576531207258856	0.804172275246268	0.000297618950452959	8.08824805366604	0.830612482903543
4.85	1.25	0.636659406022168	0.803769567238976	0.000385044192524056	8.02046660373828	0.854663762408867
4.95	1.25	0.691595041912206	0.803394489375252	0.000439397876605504	7.95085750809552	0.876638016764883
5.05	1.25	0.740285630488875	0.803058425613548	0.000462846975139099	7.87960937223982	0.89611425219555
5.15	1.25	0.782411816606401	0.802760221884369	0.000460957477406648	7.80693108681293	0.912964726642561
5.25	1.25	0.818219170854605	0.802493684084707	0.000440736536942074	7.7330310177153	0.927287668341842
5.35	1.25	0.848301531509639	0.802252646576223	0.000409069156043591	7.6581025861195	0.939320612603855
5.45	1.25	0.873408249279074	0.8020329756858	0.000371778306222573	7.58231652692941	0.94936329971163
5.55	1.25	0.894307538383852	0.80183256478572	0.000333251285482345	7.50581845033147	0.957723015353541
5.65	1.25	0.911707329225463	0.801650555959734	0.000296453358514594	7.42872982521068	0.964682931690185
5.75	1.25	0.926220280862836	0.801486551506474	0.000263145859197138	7.35115072722767	0.970488112345135
5.85	1.25	0.938356826284676	0.80134010028744	0.000234174045024228	7.2731631896892	0.97534273051387
5.95	1.25	0.948533081509157	0.801210469002231	0.000209745273536931	7.19483447746609	0.979413232603663
6.05	1.25	0.957084823034631	0.801096609329554	0.000189660926442628	7.11621996110533	0.982833929213853
6.15	1.25	0.964282497985147	0.800997226445161	0.000173492297694911	7.03736549029449	0.985712999194059
6.25	1.25	0.970344827626355	0.80091088157545	0.000160704535803729	6.95830928386379	0.988137931050542
6.35	1.25	0.975450116397289	0.80083609062244	0.00015073824375131	6.87908340441264	0.990180046558916
6.45	1.25	0.97974519147614	0.80077140233201	0.000143059251642946	6.79971489874718	0.991898076590456
6.55	1.25	0.983352257390817	0.800715452192148	0.000137185872966952	6.72022668001312	0.993340902956327
6.65	1.25	0.986374061339697	0.80066699449795	0.000132701053232898	6.64063821501127	0.994549624535879
6.75	1.25	0.988897755844035	0.800624917310782	0.000129254920059592	6.56096606655366	0.995559102337614
6.85	1.25	0.990997788288986	0.800588245245621	0.000126561633307534	6.48122432847473	0.996399115315594
6.95	1.25	0.992738078583346	0.800556134316617	0.000124393181097947	6.40142498092436	0.997095231433338
7.05	1.25	0.994173683003861	0.800527862101815	0.000122571845802545	6.32157818586844	0.997669473201544
7.15	1.25	0.995352090021622	0.800502815562126	0.000120962412912362	6.24169253699719	0.998140836008649
7.25	1.25	0.996314253189185	0.800480478087618	0.000119464750475347	6.1617752740916	0.998525701275674
7.35	1.25	0.997095435587908	0.800460416765065	0.000118007091826856	6.08183246894993	0.998838174235163
7.45	1.25	0.997725917913427	0.800442270448816	0.000116540165136093	6.00186918791308	0.999090367165371
7.55	1.25	0.998231606113731	0.800425738935871	0.000115032196770099	5.92188963460777	0.999292642445492
7.65	1.25	0.998634563002849	0.800410573362442	0.000113464747878293	5.84189727556332	0.99945382520114
7.75	1.25	0.998953480216083	0.800396567826786	0.000111829307751626	5.76189495071568	0.999581392086433
7.85	1.25	0.999204101317418	0.800383552175719	0.000110124551935678	5.68188497039324	0.999681640526967
7.95	1.25	0.999399603125498	0.800371385858413	0.000108354169998053	5.60186920010909	0.999759841250199
8.05	1.25	0.999550939881676	0.800359952734839	0.000106525172114034	5.5218491343141	0.99982037595267
8.15	1.25	0.999667153365721	0.800349156723702	0.000104646591316246	5.44182596015737	0.999866861346288
8.25	1.25	0.999755651191611	0.800338918178719	0.000102728508192521	5.3618006122291	0.999902260476644
8.35	1.25	0.999822455078853	0.800329170889227	0.000100781334959282	5.28177381920912	0.999928982031541
8.45	1.25	0.999872420738249	0.80031985961192	9.88153049339257e-05	5.20174614330019	0.999948968295299
8.55	1.25	0.999909431020243	0.800310938049368	9.68401230980776e-05	5.12171801328182	0.999963772408097
8.65	1.25	0.999936564066031	0.800302367202409	9.48647406624379e-05	5.04168975197402	0.999974625626412
8.75	1.25	0.999956238318632	0.80029411403249	9.2897223829462e-05	4.96166159884923	0.999982495327453
8.85	1.25	0.999970336355327	0.800286150379055	9.09446924981915e-05	4.88163372847514	0.999988134542131
8.95	1.25	0.999980309571596	0.800278452085757	8.90133098246359e-05	4.8016062654119	0.999992123828638
9.05	1.25	0.999987265769195	0.800270998296038	8.71083074797111e-05	4.72157929612516	0.999994906307678
9.15	1.25	0.999992041675113	0.800263770885466	8.52340347980287e-05	4.64155287841472	0.999996816670045
9.25	1.25	0.99999526234712	0.800256754003918	8.33940229992013e-05	4.56152704879709	0.999998104938848
9.35	1.25	0.999997389312816	0.800249933705342	8.1591057503857e-05	4.48150182822151	0.999998955725127
9.45	1.25	0.999998759151222	0.800243297647355	7.98272534455928e-05	4.4014772264439	0.999999503660489
9.55	1.25	0.999999614068582	0.800236834846145	7.810413063431e-05	4.32145324533244	0.999999845627433
9.65	1.25	1.00000012585211	0.800230535475298	7.64226855679535e-05	4.24142988133274	1.00000005034085
9.75	1.25	1.00000041441483	0.800224390699443	7.4783458694262e-05	4.16140712727987	1.00000016576593
9.85	1.25	1.0000005619778	0.800218392535512	7.31865958526516e-05	4.08138497370935	1.00000022479112
9.95	1.25	1.00000062377847	0.800212533736138	7.1631903352331e-05	4.00136340978892	1.00000024951139
10.05	1.25	1.00000063604815	0.800206807690736	7.01188964073422e-05	3.92134242396722	1.00000025441926
10.15	1.25	1.00000062187108	0.800201208340851	6.86468409409904e-05	3.84132200441453	1.00000024874843
10.25	1.25	1.00000059542236	0.800195730107094	6.72147889165837e-05	3.76130213931334	1.00000023816894
10.35	1.25	1.00000056498252	0.800190367825453	6.58216074418337e-05	3.68128281704233	1.00000022599301
10.45	1.25	1.00000053504268	0.800185116691316	6.44660020298618e-05	3.60126402628665	1.00000021401707
10.55	1.25	1.00000050774387	0.800179972209565	6.31465342824276e-05	3.52124575609838	1.00000020309755
10.65	1.25	1.00000048383729	0.800174930149673	6.18616343573052e-05	3.44122799592462	1.00000019353491
10.75	1.25	1.00000046330626	0.800169986504471	6.06096086104069e-05	3.36121073561544	1.0000001853225
10.85	1.25	1.00000044575443	0.800165137451562	5.93886424006727e-05	3.28119396542041	1.00000017830177
10.95	1.25	1.00000043063726	0.800160379316273	5.81967985015865e-05	3.20117767597944	1.00000017225491
11.05	1.25	1.00000041739254	0.80015570853495	5.70320109085778e-05	3.12116185831185	1.00000016695702
11.15	1.25	1.00000040551015	0.800151121617264	5.58920740770713e-05	3.04114650380624	1.00000016220406
11.25	1.25	1.00000039456974	0.800146615106042	5.4774627362269e-05	2.96113160421264	1.0000001578279
11.35	1.25	1.00000038426601	0.800142185532765	5.3677134387547e-05	2.88111715163795	1.0000001537064
11.45	1.25	1.00000037443357	0.800137829366697	5.25968572307543e-05	2.8011031385454	1.00000014977343
11.55	1.25	1.00000036507616	0.800133542954929	5.15308254281516e-05	2.72108955775861	1.00000014603046
11.65	1.25	1.00000035639643	0.800129322450522	5.04758007228225e-05	2.64107640247112	1.00000014255857
11.75	1.25	1.00000034881303	0.800125163725257	4.94282393147851e-05	2.56106366626292	1.00000013952521
11.85	1.25	1.00000034294113	0.800121062263298	4.8384255304706e-05	2.48105134312635	1.00000013717645
11.95	1.25	1.00000033950369	0.800117013031694	4.73395911729356e-05	2.40103942750517	1.00000013580148
12.05	1.25	1.00000033913574	0.800113010323327	4.62896039961993e-05	2.32102791435201	1.0000001356543
12.15	1.25	1.0000003420504	0.800109047567731	4.52292787214738e-05	2.24101679921134	1.00000013682016
12.25	1.25	1.00000034755774	0.800105117103924	4.41532820078801e-05	2.16100607833621	1.00000013902309
12.35	1.25	1.00000035347407	0.800101209908	4.30560706475652e-05	2.08099574884742	1.00000014138963
12.45	1.25	1.00000035553216	0.800097315264147	4.19320663863923e-05	2.00098580894253	1.00000014221287
12.55	1.25	1.00000034699779	0.800093420362111	4.07759038699117e-05	1.92097625815859	1.00000013879912
12.65	1.25	1.00000031879986	0.800089509794665	3.95827507752402e-05	1.8409670976862	1.00000012751995
12.75	1.25	1.00000026055647	0.800085564917379	3.83486922707735e-05	1.76095833072443	1.00000010422259
12.85	1.25	1.00000016287889	0.800081563021878	3.70711722840421e-05	1.6809499628572	1.00000006515155
12.95	1.25	1.00000002119775	0.800077476269232	3.57495029055626e-05	1.60094200242612	1.0000000084791
13.05	1.25	0.999999841023107	0.800073270344921	3.43855056872546e-05	1.52093446087529	0.999999936409243
13.15	1.25	0.999999643994757	0.800068902849539	3.29844511415596e-05	1.44092735305642	0.999999857597903
13.25	1.25	0.999999473344007	0.80006432155816	3.15566261950074e-05	1.36092069750833	0.999999789337603
13.35	1.25	0.999999396622608	0.800059462898478	3.01200756585091e-05	1.28091451676063	0.999999758649043
13.45	1.25	0.999999503046717	0.800054251344652	2.87052881675847e-05	1.20090883774293	0.999999801218687
13.55	1.25	0.999999892958521	0.800048600912577	2.73627249408383e-05	1.1209036923798	0.999999957183409
13.65	1.25	1.00000065816265	0.800042420539485	2.61739387396743e-05	1.04089911837556	1.00000026326506
13.75	1.25	1.00000185452964	0.800035625715416	2.52663394155237e-05	0.960895159991918	1.00000074181186
13.85	1.25	1.00000347212645	0.80002815904782	2.48301341916179e-05	0.880891868259903	1.00000138885058
13.95	1.25	1.00000541236348	0.800020022041439	2.51333858274698e-05	0.800889299556299	1.00000216494539
14.05	1.25	1.00000748449412	0.800011318631427	2.65275654751459e-05	0.720887510922029	1.00000299379765
14.15	1.25	1.00000943286345	0.800002307188649	2.94321245124407e-05	0.640886550155615	1.00000377314538
14.25	1.25	1.00001099933902	0.799993451292552	3.42841629497995e-05	0.56088643898606	1.00000439973561
14.35	1.25	1.00001201174292	0.799985450833819	4.14411650538913e-05	0.480887149015732	1.00000480469717
14.45	1.25	1.00001247147153	0.799979226127496	5.10348913811963e-05	0.400888573013067	1.00000498858861
14.55	1.25	1.00001259845766	0.799975823970308	6.27961834794153e-05	0.3208904984258	1.00000503938306
14.65	1.25	1.00001278811852	0.799976224878001	7.59027995829283e-05	0.240892594585621	1.00000511524741
14.75	1.25	1.00001344933073	0.799981064332647	8.89344578978844e-05	0.16089442752976	1.00000537973229
14.85	1.25	1.00001472276398	0.79998896240799	0.000100024316753182	0.0808955133256117	1.00000588910559
14.95	1.25	1.00001611401841	0.400007290991427	0.000107221513496705	0.000895686016271969	1.00000644560736
0.05	1.35	-4.30712101464254e-06	0.400002276233024	-0.000224745948976086	10.4559080268441	0.599998277151594
0.15	1.35	-4.88148585093167e-06	0.800007665378248	-0.000221955429154442	10.4079078915175	0.59999804740566
0.25	1.35	-5.30866006059803e-06	0.800014583563298	-0.000216895569531555	10.359907419395	0.599997876535976
0.35	1.35	-4.87061727335951e-06	0.800023613228905	-0.000210450501479475	10.3119064812141	0.599998051753091
0.45	1.35	-2.79304339214691e-06	0.800034962678264	-0.000203584680578574	10.2639048974854	0.599998882782643
0.55	1.35	1.71540490919696e-06	0.800048457629543	-0.000197128987271449	10.2159024643899	0.600000686161964
0.65	1.35	9.33112461119942e-06	0.80006369807934	-0.000191661700279913	10.1678989726974	0.600003732449845
0.75	1.35	2.03671220616624e-05	0.800080187565824	-0.000187474599531429	10.1198942232863	0.600008146848825
0.85	1.35	3.43500427616366e-05	0.800097475111209	-0.000184643655055614	10.0718880464539	0.600013740017105
0.95	1.35	4.97851314359571e-05	0.800115131468918	-0.000183146827717387	10.0238803274786	0.600019914052574
1.05	1.35	6.35605715185524e-05	0.800132739750659	-0.000182854835937788	9.97587104383219	0.600025424228607
1.15	1.35	6.94897423636095e-05	0.800150584401752	-0.000183611643057063	9.9278603300038	0.600027795896945
1.25	1.35	6.0862344491322e-05	0.800168831555762	-0.000185298498110938	9.87984852535536	0.600024344937797
1.35	1.35	3.12208176510194e-05	0.800187810685289	-0.00018778470494983	9.83183617402222	0.60001248832706
1.45	1.35	-2.42305208364889e-05	0.800208000561442	-0.000190959894344922	9.78382398927402	0.599990307791665
1.55	1.35	-0.000106675732701962	0.800229980339346	-0.000194741404049189	9.73581276489876	0.599957329706919
1.65	1.35	-0.000211451749703057	0.800254358399177	-0.000199065658308941	9.68780322061525	0.599915419300119
1.75	1.35	-0.000325932198321957	0.800281681651243	-0.000203873174232756	9.63979577886291	0.599869627120671
1.85	1.35	-0.000428064579481437	0.800312321857184	-0.00020909606888584	9.5917902855647	0.599828774168207
1.95	1.35	-0.000486182598894157	0.800346341888294	-0.000214685171947999	9.54378570679562	0.599805526960442
2.05	1.35	-0.00046065561624498	0.800383435617067	-0.000220809911776601	9.49577985340691	0.599815737753502
2.15	1.35	-0.00030747841387699	0.800422965121423	-0.000228206669507946	9.44776919030778	0.599877008634449
2.25	1.35	1.51958640194424e-05	0.800465132395944	-0.000237571255406969	9.39974878629573	0.600006078345608
2.35	1.35	0.000540025229063023	0.800516154989494	-0.000249097384564396	9.35171240098453	0.600216010091625
2.45	1.35	0.00132509919151769	0.800577360240565	-0.000263418843396426	9.30365226343254	0.600530039676607
2.55	1.35	0.00245701292206851	0.800647483532796	-0.000281077310282437	9.25555824983576	0.600982805168827
2.65	1.35	0.00403323141444294	0.800728169547787	-0.000302256920902908	9.20741718892844	0.601613292565777
2.75	1.35	0.00616307966148749	0.800821261681373	-0.000327527451959121	9.15921250732977	0.602465231864595
2.85	1.35	0.0089706520100632	0.80092877093975	-0.000357597805092938	9.11092379509181	0.603588260804025
2.95	1.35	0.0125981548133833	0.801052950498421	-0.000393151900857637	9.06252626612027	0.605039261925353
3.05	1.35	0.0172101452109311	0.801196320620858	-0.000434732696391974	9.01399009745406	0.606884058084372
3.15	1.35	0.0229992694566568	0.801361644118293	-0.000482608922073938	8.96527961077483	0.609199707782663
3.25	1.35	0.0301940424234288	0.801551832519972	-0.000536593345445568	8.91635224108104	0.612077616969371
3.35	1.35	0.0390690700634178	0.801769738906982	-0.000595799051470531	8.86715722316217	0.615627628025367
3.45	1.35	0.0499577818767005	0.802017766984485	-0.000658332955921091	8.81763392003622	0.61998311275068
3.55	1.35	0.063267005537348	0.802297197419	-0.000720945244959643	8.76770972828199	0.625306802214939
3.65	1.35	0.0794912976479421	0.802607114278309	-0.000778687737785729	8.71729754047604	0.631796519059177
3.75	1.35	0.0992225255046626	0.802942840434212	-0.00082468814287437	8.66629285149206	0.639689010201865
3.85	1.35	0.123146597697602	0.803293926052549	-0.000850217267982364	8.61457079768585	0.649258639079041
3.95	1.35	0.152014858649028	0.803642068372824	-0.000845288904371332	8.56198374660142	0.660805943459611
4.05	1.35	0.186574219749499	0.803959923102765	-0.00080003004458549	8.5083605059678	0.6746296878998
4.15	1.35	0.22744152871195	0.80421243379939	-0.000706902463611999	8.45350869948782	0.69097661148478
4.25	1.35	0.274920032363059	0.804362444990907	-0.000563472619658862	8.39722210873501	0.709968012945224
4.35	1.35	0.328784007894877	0.80438097790302	-0.000374878156730198	8.33929437734771	0.731513603157951
4.45	1.35	0.388097454731174	0.80425919789491	-0.000154741891954641	8.2795389824117	0.75523898189247
4.55	1.35	0.451161809107916	0.804015584305808	7.64835424645843e-05	8.21781279691039	0.780464723643166
4.65	1.35	0.515670390388929	0.803692159610447	0.000295691637567879	8.15403782132278	0.806268156155571
4.75	1.35	0.579066240870443	0.803339957207246	0.000482392607283409	8.08821451680418	0.831626496348177
4.85	1.35	0.638992527441037	0.803001748571322	0.000622980715178674	8.02042206149761	0.855597010976415
4.95	1.35	0.69366962193102	0.802701683872372	0.000712495519550412	7.95080533654996	0.877467848772408
5.05	1.35	0.74207672354567	0.802445407045188	0.000753742957998534	7.87955307642223	0.896830689418268
5.15	1.35	0.783921330197295	0.802226978488682	0.000754765877064595	7.80687380185567	0.913568532078918
5.25	1.35	0.819467535848626	0.80203666442633	0.000725951568932219	7.73297521058284	0.927787014339451
5.35	1.35	0.849319265073788	0.801865973421813	0.000677691187253805	7.65804996014656	0.939727706029515
5.45	1.35	0.874229323765394	0.801709471529248	0.000618939115149063	7.5822680749421	0.949691729506157
5.55	1.35	0.894965056591079	0.801564542524728	0.000556602352093759	7.50577458790351	0.957986022636432
5.65	1.35	0.912231187158241	0.801430383642282	0.00049550784082848	7.42869054798432	0.964892474863296
5.75	1.35	0.926636226945087	0.801307023527711	0.000438684471357453	7.35111575724789	0.970654490778035
5.85	1.35	0.938686363485391	0.801194654921092	0.000387762389420197	7.27313209438141	0.975474545394156
5.95	1.35	0.948793805947994	0.801093291591469	0.000343370589269274	7.1948067574332	0.979517522379198
6.05	1.35	0.957290941652997	0.801002655740644	0.000305475673533107	7.11619510965733	0.982916376661199
6.15	1.35	0.964445380506238	0.800922194863044	0.000273644127743102	7.03734303029823	0.985778152202495
6.25	1.35	0.970473521139296	0.800851153958687	0.0002472314801898	6.95828878784548	0.988189408455718
6.35	1.35	0.975551793575091	0.800788659064605	0.000225510577953325	6.87906450310001	0.990220717430036
6.45	1.35	0.979825526107988	0.800733790615922	0.000207753219480366	6.79969728213773	0.991930210443195
6.55	1.35	0.983415731695984	0.800685639038738	0.000193278125612289	6.72021009397295	0.993366292678394
6.65	1.35	0.986424213789082	0.8006433422818	0.000181475788143473	6.64062245549677	0.994569685515633
6.75	1.35	0.98893737915753	0.800606108138927	0.000171818169854102	6.56095097284337	0.995574951663012
6.85	1.35	0.991029086692843	0.800573225068993	0.00016385899667688	6.48120977628281	0.996411634677137
6.95	1.35	0.992762792242045	0.800544064985066	0.000157228612988706	6.4014108759067	0.997105116896818
7.05	1.35	0.99419318624686	0.800518080837991	0.000151626049453411	6.32156445778906	0.997677274498744
7.15	1.35	0.99536746877295	0.80049480111104	0.000146810004295072	6.24167913466523	0.99814698750918
7.25	1.35	0.9963263659541	0.800473822717085	0.000142589780585357	6.16176216108166	0.99853054638164
7.35	1.35	0.997104961470745	0.800454803296207	0.000138816777020574	6.08181962006184	0.998841984588298
7.45	1.35	0.9977333944225	0.800437453546878	0.000135376838594389	6.00185658629786	0.999093357769
7.55	1.35	0.998237458931026	0.800421529966782	0.000132183587122378	5.92187726947412	0.999294983572411
7.65	1.35	0.998639129435123	0.800406828205575	0.000129172739467063	5.84188514037757	0.999455651774049
7.75	1.35	0.998957027678109	0.800393177118675	0.000126297355658769	5.76188304181297	0.999582811071244
7.85	1.35	0.999206841909127	0.800380433539332	0.00012352392642977	5.68187328592523	0.999682736763651
7.95	1.35	0.999401705136932	0.800368477744075	0.000120829195612444	5.60185773926315	0.999760682054773
8.05	1.35	0.999552536880527	0.800357209562696	0.000118197611843499	5.52183789674811	0.999821014752211
8.15	1.35	0.999668351381489	0.800346545071718	0.000115619309671439	5.44181494560347	0.999867340552596
8.25	1.35	0.999756534399975	0.800336413806626	0.000113088529160162	5.36178982022768	0.99990261375999
8.35	1.35	0.999823090303268	0.800326756428133	0.000110602394223247	5.28176324894172	0.999929236121307
8.45	1.35	0.999872861017886	0.800317522781027	0.00010815998107263	5.20173579349608	0.999949144407154
8.55	1.35	0.999909718440209	0.800308670288768	0.000105761618254256	5.12170788217824	0.999963887376084
8.65	1.35	0.999936732004073	0.80030016263232	0.00010340837007104	5.04167983731443	0.999974692801629
8.75	1.35	0.999956313229849	0.800291968667405	0.0001011016631503	4.96165189790745	0.99998252529194
8.85	1.35	0.999970339190751	0.800284061540207	9.88430238140244e-05	4.88162423809626	0.9999881356763
8.95	1.35	0.999980256906305	0.800276417966352	9.66338997280799e-05	4.80159698206292	0.999992102762522
9.05	1.35	0.999987170699841	0.80026901764395	9.4475545112705e-05	4.72157021595045	0.999994868279936
9.15	1.35	0.999991914534205	0.800261842775283	9.23689528744808e-05	4.64154399729263	0.999996765813682
9.25	1.35	0.999995111271618	0.800254877676385	9.03148206346513e-05	4.56151836239515	0.999998044508647
9.35	1.35	0.999997220696795	0.800248108457258	8.83135408010725e-05	4.48149333204868	0.999998888278718
9.45	1.35	0.999998578006248	0.800241522758659	8.63652067749559e-05	4.40146891589878	0.999999431202499
9.55	1.35	0.999999424310594	0.800235109534	8.44696297776963e-05	4.32144511574705	0.999999769724238
9.65	1.35	0.999999930529735	0.800228858867481	8.26263617632749e-05	4.24142192801147	0.999999972211894
9.75	1.35	1.000000215891	0.800222761821102	8.08347213018187e-05	4.16139934553395	1.0000000863564
9.85	1.35	1.0000003620742	0.800216810304827	7.90938202398187e-05	4.08137735888686	1.00000014482968
9.95	1.35	1.00000042389025	0.800210996965675	7.74025895446192e-05	4.0013559573008	1.0000001695561
10.05	1.35	1.00000043723507	0.800205315091868	7.57598030244709e-05	3.92133512930972	1.00000017489403
10.15	1.35	1.00000042492976	0.80019975852967	7.41640986767054e-05	3.8413148631885	1.0000001699719
10.25	1.35	1.00000040094351	0.800194321610306	7.26139967765995e-05	3.76129514724082	1.0000001603774
10.35	1.35	1.00000037339639	0.800188999085555	7.11079148463084e-05	3.681275969981	1.00000014935856
10.45	1.35	1.00000034665499	0.800183786070171	6.96441792065953e-05	3.60125732024254	1.000000138662
10.55	1.35	1.00000032276441	0.800178677990146	6.82210333265246e-05	3.52123918723724	1.00000012910577
10.65	1.35	1.00000030240275	0.800173670535487	6.68366428751486e-05	3.44122156058246	1.0000001209611
10.75	1.35	1.0000002854984	0.800168759616546	6.54890976630416e-05	3.36120443030859	1.00000011419936
10.85	1.35	1.00000027161466	0.800163941322815	6.4176410601157e-05	3.28118778685544	1.00000010864586
10.95	1.35	1.000000260178	0.800159211883196	6.28965136724997e-05	3.20117162106345	1.0000001040712
11.05	1.35	1.0000002506055	0.800154567626461	6.16472509857051e-05	3.12115592416335	1.0000001002422
11.15	1.35	1.00000024237133	0.800150004940892	6.04263689019085e-05	3.04114068776709	1.00000009694853
11.25	1.35	1.0000002350404	0.800145520231332	5.92315030800565e-05	2.96112590386138	1.00000009401616
11.35	1.35	1.00000022828885	0.80014110987221	5.8060162486312e-05	2.88111156480503	1.00000009131554
11.45	1.35	1.00000022192367	0.800136770154393	5.69097103744829e-05	2.80109766333056	1.00000008876947
11.55	1.35	1.00000021590688	0.800132497223584	5.57773427058969e-05	2.72108419255092	1.00000008636275
11.65	1.35	1.00000021038256	0.800128287007587	5.46600651086069e-05	2.64107114597189	1.00000008415302
11.75	1.35	1.00000020569638	0.800124135129556	5.3554670732198e-05	2.5610585175116	1.00000008227855
11.85	1.35	1.00000020238814	0.800120036804213	5.24577228708392e-05	2.48104630152905	1.00000008095526
11.95	1.35	1.00000020112933	0.800115986713762	5.13655488123799e-05	2.40103449286482	1.00000008045173
12.05	1.35	1.00000020257271	0.800111978860952	5.0274253953124e-05	2.32102308689844	1.00000008102908
12.15	1.35	1.00000020708392	0.800108006396312	4.91797682125802e-05	2.24101207962815	1.00000008283357
12.25	1.35	1.00000021434177	0.800104061417414	4.80779392461625e-05	2.16100146777992	1.00000008573671
12.35	1.35	1.00000022282931	0.800100134737154	4.69646881724796e-05	2.08099124895299	1.00000008913173
12.45	1.35	1.00000022929531	0.800096215617051	4.58362423062142e-05	2.00098142180781	1.00000009171813
12.55	1.35	1.00000022834229	0.800092291458537	4.46894556864634e-05	1.92097198629938	1.00000009133691
12.65	1.35	1.00000021238113	0.800088347440723	4.35222214154378e-05	1.84096294395329	1.00000008495245
12.75	1.35	1.00000017225846	0.800084366087334	4.2333973162737e-05	1.76095429817442	1.00000006890339
12.85	1.35	1.00000009887303	0.800080326741277	4.1126269931181e-05	1.68094605456944	1.00000003954921
12.95	1.35	0.999999986004703	0.800076204927656	3.9903467434806e-05	1.60093822125712	0.999999994401881
13.05	1.35	0.999999834338824	0.800071971604856	3.86735105941855e-05	1.52093080913713	0.99999993373553
13.15	1.35	0.999999656258792	0.800067592353237	3.74489457442346e-05	1.44092383209262	0.999999862503517
13.25	1.35	0.999999480431341	0.800063026651082	3.62483522592486e-05	1.36091730711449	0.999999792172537
13.35	1.35	0.999999354633793	0.800058227558485	3.50985211664778e-05	1.28091125435531	0.999999741853517
13.45	1.35	0.999999344880706	0.800053142385326	3.40378233910449e-05	1.20090569713595	0.999999737952282
13.55	1.35	0.999999528993055	0.800047715252197	3.31212320506813e-05	1.12090066192175	0.999999811597222
13.65	1.35	0.999999983625897	0.800041892812505	3.24272612994244e-05	1.04089617822872	0.999999993450359
13.75	1.35	1.00000076562065	0.800035634668744	3.20664918601911e-05	0.960892278285552	1.00000030624826
13.85	1.35	1.00000189125452	0.80002892996902	3.21902112489519e-05	0.880888996050083	1.00000075650181
13.95	1.35	1.0000033198962	0.80002182099055	3.29959531797403e-05	0.800886364880128	1.00000132795848
14.05	1.35	1.00000495052556	0.800014432823425	3.4724586033518e-05	0.720884412879152	1.00000198021022
14.15	1.35	1.00000663889682	0.800007005248497	3.76417399901269e-05	0.640883154852895	1.00000265555873
14.25	1.35	1.00000823830705	0.799999918583045	4.19960424582113e-05	0.560882580180732	1.00000329532282
14.35	1.35	1.00000965751544	0.799993700423194	4.79496548753637e-05	0.480882636993729	1.00000386300618
14.45	1.35	1.00001091691793	0.799988996846794	5.54847772118426e-05	0.400883214990639	1.00000436676717
14.55	1.35	1.00001217265493	0.799986493210981	6.43036387464095e-05	0.320884131780438	1.00000486906197
14.65	1.35	1.00001367354901	0.799986780406724	7.37562005845678e-05	0.240885129996257	1.0000054694196
14.75	1.35	1.00001562251802	0.799990184112452	8.28410509999052e-05	0.160885893143113	1.00000624900721
14.85	1.35	1.00001793399928	0.799995221026119	9.03172067668866e-05	0.0808860857308828	1.00000717359971
14.95	1.35	1.00001991039212	0.40000945221424	9.49196696341655e-05	0.000885694418598043	1.00000796415685
0.05	1.45	-4.33650981508671e-06	0.400003404866954	-0.000230624022288683	10.4559216539803	0.599998265396074
0.15	1.45	-4.94397003546019e-06	0.800010868791032	-0.000228738444689789	10.4079213841585	0.599998022411986
0.25	1.45	-5.44059165095899e-06	0.800019344841507	-0.000225276890172773	10.359920666122	0.59999782376334
0.35	1.45	-5.11566144927599e-06	0.80002924044717	-0.000220788794606038	10.3119194109477	0.59999795373542
0.45	1.45	-3.20118989153615e-06	0.800040760269208	-0.000215903912932442	10.2639174846321	0.599998719524043
0.55	1.45	1.09934101932898e-06	0.800053849924274	-0.000211207956967142	10.2159147245369	0.600000439736408
0.65	1.45	8.50722639763393e-06	0.800068286541592	-0.000207159010023591	10.167910952199	0.600003402890559
0.75	1.45	1.94649645058756e-05	0.800083709015915	-0.000204024933213853	10.1199059855488	0.600007785985802
0.85	1.45	3.34280086371607e-05	0.80009983666913	-0.000201920322362337	10.0718996611204	0.600013371203455
0.95	1.45	4.88026300009121e-05	0.800116367067147	-0.000200873713596689	10.0238918653657	0.600019521052
1.05	1.45	6.25753345196107e-05	0.800132878457608	-0.000200892315852311	9.97588257311178	0.600025030133808
1.15	1.45	6.85995655775912e-05	0.80014965311107	-0.000201966734426363	9.92787191431165	0.600027439826231
1.25	1.45	6.02893268534197e-05	0.800166797915856	-0.000204040781377984	9.8798602233777	0.600024115730741
1.35	1.45	3.1316224061604e-05	0.800184570067603	-0.000207056572768798	9.8318480390583	0.600012526489625
1.45	1.45	-2.29894712301856e-05	0.800203364300318	-0.000210969661034967	9.783836070072	0.599990804211508
1.55	1.45	-0.000103668597782851	0.800223667885829	-0.000215749196592082	9.73582510683072	0.599958532560887
1.65	1.45	-0.000205886823521937	0.800245994873232	-0.000221368913526542	9.68781586634429	0.599917645270591
1.75	1.45	-0.000316820416653526	0.8002708027976	-0.000227792747717422	9.63980876801276	0.599873271833339
1.85	1.45	-0.000414231527900861	0.800298386800326	-0.000234954208261503	9.59180365312219	0.59983430738884
1.95	1.45	-0.000466485165526828	0.800328729117147	-0.000242737492700398	9.54379948203073	0.599813405933789
2.05	1.45	-0.000434895626829868	0.800361548531083	-0.00025114858807296	9.49579407265939	0.599826041749268
2.15	1.45	-0.000277136752222869	0.800396417460718	-0.000260878583335322	9.44778394180351	0.599889145299111
2.25	1.45	5.02856729495379e-05	0.800433153951916	-0.000273612717158555	9.39976424778724	0.60002011426918
2.35	1.45	0.000591123471834652	0.800472654654315	-0.000290305540132245	9.35172874297013	0.600236449388734
2.45	1.45	0.00138687357998028	0.800524496688808	-0.000310856196779672	9.3036696746254	0.600554749431992
2.55	1.45	0.00253412968900828	0.800582176273008	-0.000335474616390284	9.2555769849002	0.601013651875603
2.65	1.45	0.0041306943299346	0.800647387486637	-0.00036470523693556	9.20743751076625	0.601652277731974
2.75	1.45	0.00628618533585663	0.80072147819405	-0.000399299963948211	9.15923471963399	0.602514474134343
2.85	1.45	0.00912566927007284	0.800805890451993	-0.00044006871368241	9.11094825427917	0.603650267708029
2.95	1.45	0.0127928655371634	0.800902206046171	-0.000487759802571816	9.06255338117155	0.605117146214865
3.05	1.45	0.0174543175572069	0.801012186688143	-0.000542934905656278	9.01402032236594	0.606981727022883
3.15	1.45	0.023305153245086	0.801137788313891	-0.000605804586965741	8.96531342861581	0.609322061298034
3.25	1.45	0.0305769245805137	0.801281120409027	-0.00067600247339234	8.91639013616823	0.612230769832205
3.35	1.45	0.0395478888196308	0.801444311905028	-0.000752285662681412	8.86719963667061	0.615819155527852
3.45	1.45	0.0505557587107083	0.801629221212815	-0.000832161405116535	8.81768118377089	0.620222303484283
3.55	1.45	0.0640121954732598	0.801836897643864	-0.00091146345398264	8.76776197169992	0.625604878189304
3.65	1.45	0.0804168654679606	0.802066679327776	-0.000983943588039993	8.71735456826638	0.632166746187184
3.75	1.45	0.100366416781018	0.80231483201498	-0.00104100996853249	8.66635399452806	0.640146566712407
3.85	1.45	0.124550095520226	0.802572757856536	-0.00107182943525857	8.61463475062073	0.64982003820809
3.95	1.45	0.15371935039201	0.802825121904742	-0.00106408619193991	8.56204842184706	0.661487740156804
4.05	1.45	0.188615479216959	0.803048804174785	-0.00100568385516936	8.50842295481857	0.675446191686783
4.15	1.45	0.229841193671295	0.803214219998264	-0.000887481770514406	8.45356516983411	0.691936477468518
4.25	1.45	0.277675009949704	0.803290653539649	-0.000706683192293544	8.39726831046537	0.711070003979882
4.35	1.45	0.331856309161606	0.803255848355134	-0.00046982480152362	8.33932599140693	0.732742523664643
4.45	1.45	0.391408767250053	0.803106833180305	-0.000193845026711006	8.27955236614252	0.756563506900021
4.55	1.45	0.454597389296273	0.802865696126125	9.59877997557458e-05	8.21780572610707	0.781838955718509
4.65	1.45	0.519094075095296	0.802574697305248	0.000371197306077875	8.15401002973109	0.807637630038119
4.75	1.45	0.582343085352873	0.802281512363805	0.000606518744421106	8.08816781984202	0.832937234141149
4.85	1.45	0.64201117927321	0.80202282617905	0.000785077638209344	8.0203599999258	0.856804471709284
4.95	1.45	0.696356632664539	0.801815493836761	0.000900529499590742	7.95073246999307	0.878542653065815
5.05	1.45	0.744399539252443	0.80165811210836	0.00095601393831323	7.8794741765611	0.897759815700977
5.15	1.45	0.785882027978575	0.801538865724308	0.000961116760509891	7.80679318103183	0.91435281119143
5.25	1.45	0.821092076428195	0.801443660465886	0.000928383312362164	7.73289631232273	0.928436830571278
5.35	1.45	0.850646628034623	0.801361114191637	0.000870480136999307	7.65797521738332	0.940258651213849
5.45	1.45	0.87530297705397	0.801284143241729	0.000798427359092379	7.58219896696426	0.950121190821588
5.55	1.45	0.895827395380453	0.801209441948808	0.000720825828073915	7.50571180718933	0.958330958152181
5.65	1.45	0.912920527944	0.801136209562456	0.00064378351491315	7.428634203172	0.9651682111776
5.75	1.45	0.927185595781575	0.801064937459768	0.000571228966220959	7.35106556534219	0.97087423831263
5.85	1.45	0.939123366678615	0.800996557428615	0.000505375451581703	7.27308753955245	0.975649346671446
5.95	1.45	0.949141060945635	0.800931960039964	0.000447191421963521	7.19476721030223	0.979656424378254
6.05	1.45	0.957566737495575	0.800871784181238	0.000396806403933661	7.11615991004149	0.98302669499823
6.15	1.45	0.964664382025494	0.800816369432561	0.000353828880957721	7.03731154016538	0.985865752810198
6.25	1.45	0.970647425085142	0.800765789449135	0.000317578402128203	6.95826042191612	0.988258970034057
6.35	1.45	0.97568989968578	0.800719915248464	0.000287245336653115	6.87903874372885	0.990275959874312
6.45	1.45	0.979935215224566	0.800678481049197	0.000261994578075474	6.79967368378094	0.991974086089826
6.55	1.45	0.983502856809438	0.800641140530278	0.000241028346699612	6.72018828119819	0.993401142723775
6.65	1.45	0.986493415306023	0.800607509902916	0.000223620545055431	6.64060211733537	0.994597366122409
6.75	1.45	0.988992336814639	0.800577198341536	0.00020913218952256	6.56093185537572	0.995596934725856
6.85	1.45	0.991072719753085	0.800549827949478	0.00019701484301778	6.48119167467571	0.996429087901234
6.95	1.45	0.992797418072882	0.80052504576557	0.000186806890434226	6.40139362664457	0.997118967229153
7.05	1.45	0.994220645703787	0.800502530069775	0.000178125926889107	6.32154793151497	0.997688258281515
7.15	1.45	0.995389225250839	0.800481992804045	0.000170659391033765	6.24166322983207	0.998155690100336
7.25	1.45	0.996343583619395	0.80046317947406	0.000164154778519734	6.16174679847738	0.998537433447758
7.35	1.45	0.997118567065219	0.800445867511915	0.000158410226520194	6.08180473818967	0.998847426826088
7.45	1.45	0.997744126116627	0.800429863777932	0.000153265898804957	6.00184213754661	0.999097650446651
7.55	1.45	0.998245904972727	0.800415001656543	0.000148596367752888	5.92186321699128	0.999298361989091
7.65	1.45	0.998645758756908	0.80040113804168	0.000144304043871425	5.84187145555023	0.999458303502763
7.75	1.45	0.998962214164368	0.800388150396017	0.000140313617836812	5.76186970226373	0.999584885665747
7.85	1.45	0.999210883661451	0.800375933993636	0.000136567432292042	5.68186027393668	0.99968435346458
7.95	1.45	0.999404839788967	0.80036439940433	0.000133021679265695	5.60184504055389	0.999761935915587
8.05	1.45	0.99955495378893	0.80035347024525	0.000129643312275087	5.52182549953345	0.999821981515572
8.15	1.45	0.999670201342952	0.800343081203504	0.000126407565468522	5.44180283988384	0.999868080537181
8.25	1.45	0.999757937405912	0.800333176320133	0.000123295980436561	5.36177799725715	0.999903174962365
8.35	1.45	0.999824141735242	0.800323707517442	0.000120294851656642	5.28175170083747	0.999929656694097
8.45	1.45	0.999873636601868	0.800314633347189	0.000117394013638141	5.20172451295681	0.999949454640747
8.55	1.45	0.999910278211102	0.800305917935301	0.000114585903535247	5.12169686228586	0.999964111284441
8.65	1.45	0.999937123479675	0.80029753009824	0.000111864844128582	5.04166907139857	0.99997484939187
8.75	1.45	0.999956573952398	0.800289442607076	0.000109226500951082	4.96164137945668	0.999982629580959
8.85	1.45	0.99997049876184	0.800281631577213	0.00010666747621504	4.88161396070348	0.999988199504736
8.95	1.45	0.999980338615561	0.800274075963213	0.000104185008875547	4.80158693939523	0.999992135446224
9.05	1.45	0.999987192827571	0.80026675714109	0.000101776756311888	4.72156040173608	0.999994877131028
9.15	1.45	0.999991891392316	0.800259658562219	9.94406382867908e-05	4.64153440531948	0.999996756556926
9.25	1.45	0.999995054034374	0.800252765465978	9.71747276055186e-05	4.56150898651676	0.99999802161375
9.35	1.45	0.999997138062898	0.800246064639631	9.49771756325683e-05	4.48148416619462	0.999998855225159
9.45	1.45	0.999998476725608	0.80023954421646	9.28461633286784e-05	4.40145995408746	0.999999390690243
9.55	1.45	0.999999309602655	0.800233193504897	9.07798705174791e-05	4.32143635209921	0.999999723841062
9.65	1.45	0.999999806415007	0.800227002842306	8.8776458142488e-05	4.24141335676374	0.999999922566003
9.75	1.45	1.00000008545322	0.800220963469031	8.68340592901905e-05	4.16139096105146	1.00000003418129
9.85	1.45	1.00000022766716	0.800215067418806	8.49507759314463e-05	4.08136915567494	1.00000009106687
9.95	1.45	1.00000028730057	0.800209307422623	8.31246791653678e-05	4.00134793001532	1.00000011492023
10.05	1.45	1.00000029980989	0.800203676823782	8.13538113432278e-05	3.92132727276623	1.00000011992396
10.15	1.45	1.00000028767681	0.800198169502417	7.96361887604216e-05	3.84130717237022	1.00000011507073
10.25	1.45	1.00000026460924	0.800192779807686	7.79698043402476e-05	3.76128761730563	1.0000001058437
10.35	1.45	1.00000023852681	0.800187502496852	7.63526294896247e-05	3.6812685962676	1.00000009541073
10.45	1.45	1.0000002136431	0.800182332679889	7.47826149516835e-05	3.60125009827599	1.00000008545724
10.55	1.45	1.00000019188711	0.800177265768767	7.32576903071902e-05	3.52123211273421	1.00000007675485
10.65	1.45	1.00000017384962	0.800172297430608	7.17757621236254e-05	3.4412146294562	1.00000006953985
10.75	1.45	1.00000015939422	0.800167423543761	7.03347105872086e-05	3.3611976386741	1.00000006375769
10.85	1.45	1.00000014803701	0.800162640156022	6.89323847236855e-05	3.2811811310349	1.0000000592148
10.95	1.45	1.0000001391708	0.800157943443965	6.75665961100559e-05	3.20116509759214	1.00000005566832
11.05	1.45	1.000000132189	0.800153329672518	6.62351112529319e-05	3.12114952979632	1.0000000528756
11.15	1.45	1.00000012654839	0.80014879515349	6.49356424701308e-05	3.04113441948679	1.00000005061936
11.25	1.45	1.00000012179876	0.800144336201892	6.36658375030106e-05	2.96111975888645	1.0000000487195
11.35	1.45	1.00000011759855	0.800139949088405	6.24232678008729e-05	2.88110554060043	1.00000004703942
11.45	1.45	1.0000001137291	0.800135629986334	6.12054158331763e-05	2.80109175761933	1.00000004549164
11.55	1.45	1.00000011011355	0.800131374910957	6.00096621041821e-05	2.72107840332757	1.00000004404542
11.65	1.45	1.00000010684024	0.800127179649122	5.88332731986417e-05	2.64106547151758	1.0000000427361
11.75	1.45	1.0000001041829	0.800123039676642	5.7673393291295e-05	2.56105295641074	1.00000004167316
11.85	1.45	1.00000010260213	0.800118950061311	5.65270433440985e-05	2.48104085268674	1.00000004104085
11.95	1.45	1.00000010270457	0.800114905349492	5.53911342252159e-05	2.40102915552388	1.00000004108183
12.05	1.45	1.00000010513142	0.80011089943472	5.42625027639703e-05	2.32101786065373	1.00000004205257
12.15	1.45	1.00000011034862	0.800106925407837	5.31379826268146e-05	2.24100696443479	1.00000004413945
12.25	1.45	1.00000011832247	0.800102975389021	5.201452435045e-05	2.16099646395059	1.00000004732899
12.35	1.45	1.00000012809153	0.800099040342791	5.08893802104715e-05	2.08098635713773	1.00000005123661
12.45	1.45	1.00000013728958	0.800095109877806	4.97603690976423e-05	2.00097664294832	1.00000005491583
12.55	1.45	1.00000014173536	0.800091172032487	4.86262331276572e-05	1.92096732154865	1.00000005669415
12.65	1.45	1.0000001352728	0.80008721304633	4.7487091678277e-05	1.84095839455075	1.00000005410912
12.75	1.45	1.00000011010182	0.80008321711457	4.63449907128068e-05	1.76094986526696	1.00000004404073
12.85	1.45	1.00000005785656	0.800079166123636	4.52045390871832e-05	1.68094173896946	1.00000002314262
12.95	1.45	0.999999971627442	0.800075039369714	4.40736239487471e-05	1.60093402312874	0.999999988650977
13.05	1.45	0.999999848953181	0.800070813280299	4.29642115044605e-05	1.52092672759991	0.999999939581272
13.15	1.45	0.999999695511356	0.800066461199207	4.18932739007832e-05	1.44091986472539	0.999999878204542
13.25	1.45	0.999999528833693	0.800061953371098	4.08839392852727e-05	1.36091344932804	0.999999811533477
13.35	1.45	0.999999380946888	0.80005725738428	3.99670308443122e-05	1.28090749857916	0.999999752378755
13.45	1.45	0.99999929854453	0.800052339502956	3.91832116876509e-05	1.200902031734	0.999999719417812
13.55	1.45	0.999999339342377	0.800047167526742	3.85859287664837e-05	1.12089706972239	0.999999735736951
13.65	1.45	0.999999563876977	0.800041716005215	3.82451656977949e-05	1.04089263454565	0.999999825550791
13.75	1.45	1.00000002330479	0.800035974707975	3.82515723227784e-05	0.960888748349233	1.00000000932192
13.85	1.45	1.00000074564847	0.800029961046263	3.87197662687895e-05	0.880885431906582	1.00000029825939
13.95	1.45	1.00000172496526	0.800023736455036	3.97885237242878e-05	0.80088270208767	1.0000006899861
14.05	1.45	1.00000291921637	0.800017425376801	4.16144143954924e-05	0.720880567759653	1.00000116768655
14.15	1.45	1.00000426204512	0.800011233366122	4.43547006354262e-05	0.640879023594878	1.00000170481805
14.25	1.45	1.00000569015659	0.800005458189848	4.81358363535672e-05	0.560878041596687	1.00000227606264
14.35	1.45	1.00000718114465	0.800000485392618	5.30066441650338e-05	0.480877560934937	1.00000287245786
14.45	1.45	1.00000878737223	0.799996759058772	5.88808868481384e-05	0.400877477937716	1.00000351494889
14.55	1.45	1.00001064248158	0.799994721367778	6.54820306586424e-05	0.320877639606198	1.00000425699263
14.65	1.45	1.00001291223513	0.799994722683155	7.23110049364829e-05	0.2408778452787	1.00000516489405
14.75	1.45	1.00001566490666	0.79999691651648	7.86607073166717e-05	0.160877861273891	1.00000626596266
14.85	1.45	1.00001865178372	0.7999997839152	8.36928417337082e-05	0.0808774518573991	1.00000746071349
14.95	1.45	1.00002101805151	0.400011002042603	8.65726871700192e-05	0.000876704067733083	1.0000084072206
0.05	1.55	-4.36081071448444e-06	0.400004176220701	-0.00023841273935066	10.4559357018556	0.599998255675714
0.15	1.55	-4.99910787017291e-06	0.800013075411089	-0.000237121815791855	10.4079353402493	0.599998000356852
0.25	1.55	-5.56130223919031e-06	0.800022667987366	-0.000234732262125451	10.3599344527328	0.599997775479104
0.35	1.55	-5.34547710147287e-06	0.80003323915019	-0.000231596908847916	10.3119329759883	0.599997861809159
0.45	1.55	-3.59514091272375e-06	0.800044970436104	-0.000228135898964889	10.2639308061092	0.599998561943635
0.55	1.55	4.75517988034022e-07	0.800057862206896	-0.000224762983901438	10.2159278095732	0.600000190207195
0.65	1.55	7.60300167144052e-06	0.800071800308218	-0.000221827013215314	10.1679238321298	0.600003041200669
0.75	1.55	1.84821783011147e-05	0.800086428255754	-0.000219568230281037	10.1199187068067	0.60000739287132
0.85	1.55	3.24508998370841e-05	0.800101635352521	-0.000218128242495094	10.0719122776437	0.600012980359935
0.95	1.55	4.79794792095174e-05	0.800117118684243	-0.000217549507051515	10.0239044333203	0.600019191791684
1.05	1.55	6.15571449987837e-05	0.800132712701286	-0.0002178942959387	9.97589515212816	0.600024622858
1.15	1.55	6.7539535665764e-05	0.800148476516777	-0.000219241975961102	9.92788456733342	0.600027015814266
1.25	1.55	5.94750822479808e-05	0.800164486832754	-0.000221596586686058	9.87987301144712	0.600023790032899
1.35	1.55	3.11271979497349e-05	0.800180943324746	-0.000224958526995211	9.8318610215444	0.60001245087918
1.45	1.55	-2.20470441328843e-05	0.80019816220309	-0.000229336427255588	9.78384930546095	0.599991181182347
1.55	1.55	-0.000100918000778712	0.800216535660423	-0.000234742244325921	9.73583865322961	0.599959632799688
1.65	1.55	-0.00020043783472218	0.800236469704038	-0.000241181245071463	9.68782978145632	0.599919824866111
1.75	1.55	-0.000307518761305328	0.800258302104836	-0.000248640172154879	9.6398231084378	0.599876992495478
1.85	1.55	-0.000399567214981644	0.800282191934282	-0.00025707404654586	9.59181847250354	0.599840173114007
1.95	1.55	-0.000444465735927467	0.800307885419652	-0.000266395098985346	9.54381482645718	0.599822213705629
2.05	1.55	-0.000404031508462352	0.800335040202681	-0.000276531150364087	9.49580998272203	0.599838387396615
2.15	1.55	-0.00023866289474976	0.800363688558219	-0.000287849945566343	9.44780049017766	0.5999045348421
2.25	1.55	9.18092622279678e-05	0.800394662912712	-0.000302101304524876	9.39978162114774	0.600036723704891
2.35	1.55	0.000635499121559895	0.800427718475582	-0.000321514725764268	9.35174725160462	0.600254199648624
2.45	1.55	0.0014474238369419	0.80046655883435	-0.000345953501363421	9.30368960089398	0.600578969534777
2.55	1.55	0.00261405604127097	0.800509334215477	-0.000374769020569776	9.25559857503066	0.601045622416508
2.65	1.55	0.00423367047191732	0.800556723340084	-0.000408745331773664	9.20746107430752	0.601693468188767
2.75	1.55	0.00641734247873151	0.800609385654788	-0.000448734790607534	9.15926062436493	0.602566936991493
2.85	1.55	0.00929175498441455	0.800667986277525	-0.000495560309419642	9.11097692484668	0.603716701993766
2.95	1.55	0.0130025057666247	0.800733277234821	-0.000549955300950147	9.06258529672172	0.60520100230665
3.05	1.55	0.0177184153535395	0.800806149518074	-0.00061244496923193	9.01405600800697	0.607087366141416
3.15	1.55	0.0236374024361902	0.80088766641042	-0.000683167010010701	8.9653534370365	0.609454960974476
3.25	1.55	0.0309944253753627	0.800979065590252	-0.000761624050667736	8.91643501522797	0.612397770150145
3.35	1.55	0.0400718445266109	0.801081697569531	-0.000846358507043974	8.86724987779282	0.616028737810644
3.45	1.55	0.0512122018655201	0.801196843018857	-0.000934550457394397	8.81773714529773	0.620484880746208
3.55	1.55	0.0648326300845674	0.801325320593619	-0.00102156389436614	8.76782377172995	0.625933052033827
3.65	1.55	0.0814386072309955	0.801466771585122	-0.00110051249456774	8.71742194401333	0.632575442892398
3.75	1.55	0.101632254336429	0.801618520149478	-0.0011619878508102	8.66642613154026	0.640652901734572
3.85	1.55	0.12610669097753	0.80177402117856	-0.0011941853773006	8.61471009719436	0.650442676391012
3.95	1.55	0.155613605388773	0.801921209726938	-0.0011837434550054	8.56212452285807	0.662245442155509
4.05	1.55	0.190888070951496	0.802041602111874	-0.00111760260779168	8.50849636329941	0.676355228380598
4.15	1.55	0.232516916962454	0.802111600019574	-0.000985974937087562	8.45363151595862	0.693006766784982
4.25	1.55	0.280750770200015	0.802107510942039	-0.000785998738415293	8.39732260925114	0.712300308080006
4.35	1.55	0.335289631583114	0.802014383006165	-0.000524934572087174	8.33936322974534	0.734115852633246
4.45	1.55	0.395111727885329	0.801835581068787	-0.000221264942426662	8.27956831390539	0.758044691154131
4.55	1.55	0.458441129906081	0.801597045995856	9.7590148199925e-05	8.21779778779299	0.783376451962432
4.65	1.55	0.522925842164216	0.80134121475802	0.000400808932809805	8.15397786302711	0.809170336865686
4.75	1.55	0.586011732904356	0.80111205579915	0.000661053226508917	8.08811347868622	0.834404693161742
4.85	1.55	0.645392200229597	0.800939633955047	0.000859994446183602	8.02028753018712	0.858156880091839
4.95	1.55	0.699368024007421	0.800832926696566	0.000990588482579038	7.95064710613544	0.879747209602968
5.05	1.55	0.747004977860447	0.800782954364346	0.0010559655888826	7.87938142254865	0.898801991144179
5.15	1.55	0.78808376986558	0.800771596682058	0.00106620855292296	7.80669804220464	0.915233507946232
5.25	1.55	0.822918934452103	0.800780074490676	0.00103465018994777	7.73280282184793	0.929167573780841
5.35	1.55	0.852141875048016	0.800793881985277	0.000974847475444835	7.65788626517377	0.940856750019206
5.45	1.55	0.876514871780122	0.800804127973762	0.000898680893040578	7.58211635472078	0.950605948712049
5.55	1.55	0.896803014927483	0.800806720273124	0.00081550435090913	7.50563643029793	0.958721205970993
5.65	1.55	0.913702436652894	0.800800811590911	0.000732038904217418	7.4285662764499	0.965480974661158
5.75	1.55	0.927810502535199	0.800787345133371	0.000652683446532295	7.35100483929941	0.971124201014079
5.85	1.55	0.939621980954295	0.80076800867495	0.0005799930011137	7.27303348089147	0.975848792381718
5.95	1.55	0.94953856893783	0.800744605720934	0.000515170703180313	7.19471913900623	0.979815427575132
6.05	1.55	0.957883532188486	0.800718739917556	0.000458496570667951	7.11611709576987	0.983153412875394
6.15	1.55	0.964916841543141	0.800691697202036	0.000409666342118948	7.03727326512043	0.985966736617256
6.25	1.55	0.970848637750802	0.800664436073293	0.000368041216006025	6.95822601828945	0.988339455100321
6.35	1.55	0.975850294944532	0.800637627641894	0.000332821615425355	6.87900761306222	0.990340117977813
6.45	1.55	0.980063091778581	0.800611712007525	0.000303161566598416	6.79964530417159	0.992025236711432
6.55	1.55	0.983604814558157	0.800586954055332	0.000278239361258844	6.72016220681415	0.993441925823263
6.65	1.55	0.986574703628466	0.800563491530408	0.000257297528150515	6.64057797343205	0.994629881451387
6.75	1.55	0.989057132970202	0.800541373447318	0.000239662160435056	6.56090933099455	0.995622853188081
6.85	1.55	0.991124350270207	0.800520589337539	0.000224748964138832	6.48117051445171	0.996449740108083
6.95	1.55	0.992838534282846	0.800501090770654	0.000212061220395263	6.40137362260951	0.997135413713139
7.05	1.55	0.994253362711127	0.80048280676456	0.000201183201309358	6.32152891541021	0.997701345084451
7.15	1.55	0.995415231901262	0.800465654550075	0.000191771373514357	6.24164506619602	0.998166092760505
7.25	1.55	0.996364229532873	0.800449546896003	0.000183544872452527	6.16172937861176	0.998545691813149
7.35	1.55	0.997134931562533	0.800434396936556	0.000176276144785482	6.08178797501007	0.998853972625013
7.45	1.55	0.997757072861475	0.800420121212821	0.000169782263874978	6.00182596126512	0.99910282914459
7.55	1.55	0.998256125345356	0.80040664145682	0.000163917166889445	5.92184757154957	0.999302450138143
7.65	1.55	0.998653806334434	0.800393885504794	0.00015856490009509	5.84185629570931	0.999461522533774
7.75	1.55	0.99896853217627	0.800381787621159	0.000153633860351751	5.76185499125544	0.999587412870508
7.85	1.55	0.99921582688931	0.800370288436132	0.000149051965673158	5.68184598158728	0.999686330755724
7.95	1.55	0.999408692065533	0.800359334642667	0.000144762659305119	5.60183114179845	0.999763476826213
8.05	1.55	0.999557942005003	0.800348878555717	0.00014072164175223	5.52181197324979	0.999823176802001
8.15	1.55	0.999672506677284	0.800338877605581	0.000136894225219175	5.4417896679848	0.999869002670914
8.25	1.55	0.999759704341873	0.800329293814159	0.000133253211668201	5.36176516398971	0.999903881736749
8.35	1.55	0.999825485309371	0.800320093285628	0.000129777205229279	5.28173919224569	0.999930194123748
8.45	1.55	0.999874648236551	0.800311245730807	0.000126449280446535	5.20171231647367	0.999949859294621
8.55	1.55	0.999911030410835	0.800302724035314	0.000123255939513113	5.12168496642549	0.999964412164334
8.65	1.55	0.999937673613259	0.800294503875687	0.000120186301130331	5.04165746552596	0.999975069445304
8.75	1.55	0.999956967298554	0.800286563382822	0.000117231474329599	4.9616300536168	0.999982786919422
8.85	1.55	0.999970770960365	0.800278882850193	0.000114384077861602	4.88160290549554	0.999988308384146
8.95	1.55	0.999980517638205	0.800271444481998	0.000111637873948119	4.80157614588076	0.999992207055282
9.05	1.55	0.999987300560653	0.800264232176461	0.000108987490774125	4.72154986137246	0.999994920224261
9.15	1.55	0.99999194490541	0.800257231338881	0.000106428213384832	4.641524109912	0.999996777962164
9.25	1.55	0.999995066595288	0.800250428719737	0.000103955827156062	4.56149892818443	0.999998026638115
9.35	1.55	0.99999711994778	0.800243812273397	0.000101566501007211	4.48147433734578	0.999998847979112
9.45	1.55	0.99999843586384	0.800237371033901	9.92567006928288e-05	4.40145034740235	0.999999374345536
9.55	1.55	0.999999252088774	0.800231095004492	9.70231246550988e-05	4.32142696051763	0.99999970083551
9.65	1.55	0.999999736913819	0.800224975058703	9.48626564476952e-05	4.24140417347598	0.999999894765528
9.75	1.55	1.00000000751934	0.800219002851001	9.27723294226145e-05	4.16138197949167	1.00000000300774
9.85	1.55	1.0000001439962	0.800213170735378	9.07493003833912e-05	4.08136036951604	1.00000005759848
9.95	1.55	1.0000001999259	0.800207471690882	8.87908294481307e-05	4.00133933316508	1.00000007997036
10.05	1.55	1.00000021025622	0.800201899253234	8.68942645021222e-05	3.92131885936399	1.00000008410249
10.15	1.55	1.00000019707959	0.800196447451682	8.50570286543654e-05	3.84129893678423	1.00000007883184
10.25	1.55	1.00000017380719	0.80019111075066	8.32766096602523e-05	3.76127955413082	1.00000006952288
10.35	1.55	1.00000014813341	0.800185883995675	8.15505507282286e-05	3.68126070032375	1.00000005925336
10.45	1.55	1.00000012410165	0.800180762362908	7.98764419511043e-05	3.60124236460636	1.00000004964066
10.55	1.55	1.00000010351311	0.800175741312121	7.82519121583504e-05	3.52122453660454	1.00000004140524
10.65	1.55	1.00000008686342	0.800170816542287	7.66746208662839e-05	3.44120720635433	1.00000003474537
10.75	1.55	1.00000007394619	0.800165983949303	7.51422502136214e-05	3.36119036431008	1.00000002957848
10.85	1.55	1.00000006422694	0.800161239585359	7.36524967894956e-05	3.28117400134186	1.00000002569077
10.95	1.55	1.00000005706276	0.800156579619012	7.22030634180727e-05	3.20115810872776	1.0000000228251
11.05	1.55	1.0000000518223	0.800152000295316	7.079165079125e-05	3.12114267814525	1.00000002072892
11.15	1.55	1.00000004794479	0.800147497894956	6.94159491608139e-05	3.04112770166382	1.00000001917792
11.25	1.55	1.0000000449656	0.800143068691353	6.80736301393831e-05	2.96111317174066	1.00000001798624
11.35	1.55	1.00000004252732	0.800138708904437	6.67623388278936e-05	2.88109908122028	1.00000001701093
11.45	1.55	1.00000004038864	0.800134414649586	6.54796867065688e-05	2.80108542333875	1.00000001615546
11.55	1.55	1.00000003843793	0.800130181880185	6.42232461123237e-05	2.7210721917329	1.00000001537517
11.65	1.55	1.00000003671228	0.800126006321961	6.29905476578503e-05	2.64105938045523	1.00000001468491
11.75	1.55	1.00000003541699	0.800121883397405	6.17790832667643e-05	2.56104698399504	1.0000000141668
11.85	1.55	1.00000003493294	0.800117808138751	6.05863185788941e-05	2.48103499730713	1.00000001397318
11.95	1.55	1.00000003579292	0.800113775088499	5.94097209081727e-05	2.40102341584995	1.00000001431717
12.05	1.55	1.00000003860266	0.80010977818722	5.82468110651077e-05	2.32101223563566	1.00000001544106
12.15	1.55	1.00000004388169	0.800105810649881	5.70952500961794e-05	2.24100145329577	1.00000001755268
12.25	1.55	1.00000005180706	0.800101864833178	5.59529742326113e-05	2.16099106616616	1.00000002072282
12.35	1.55	1.00000006186209	0.800097932098184	5.48183926614147e-05	2.08098107239565	1.00000002474484
12.45	1.55	1.00000007242623	0.800094002674326	5.36906621904001e-05	2.00097147108092	1.00000002897049
12.55	1.55	1.00000008038905	0.800090065531529	5.25700496985549e-05	1.92096226242858	1.00000003215562
12.65	1.55	1.00000008092573	0.800086108268038	5.14583873401988e-05	1.84095344794039	1.00000003237029
12.75	1.55	1.00000006761841	0.800082117021626	5.03596167719748e-05	1.76094503061207	1.00000002704737
12.85	1.55	1.00000003312687	0.800078076412884	4.92804099206701e-05	1.68093701512857	1.00000001325075
12.95	1.55	0.999999970574992	0.800073969534382	4.82308478698543e-05	1.60092940803125	0.999999988229997
13.05	1.55	0.999999875701423	0.800069778012874	4.72251413231033e-05	1.52092221782657	0.999999950280569
13.15	1.55	0.99999974961093	0.800065482200487	4.62823900113496e-05	1.44091545500322	0.999999899844372
13.25	1.55	0.999999601673161	0.800061061602479	4.54274054345722e-05	1.36090913192645	0.999999840669265
13.35	1.55	0.999999451807966	0.800056495729224	4.4691654045858e-05	1.28090326258408	0.999999780723186
13.45	1.55	0.999999331181951	0.800051765666472	4.4114396362698e-05	1.20089786216424	0.99999973247278
13.55	1.55	0.999999280371706	0.80004685677386	4.37440642863065e-05	1.12089294644277	0.999999712148682
13.65	1.55	0.999999344479323	0.800041763004192	4.36397816371403e-05	1.04088853093878	0.999999737791729
13.75	1.55	0.999999565600488	0.80003649331124	4.38726386625322e-05	0.960884629750857	0.999999826240195
13.85	1.55	0.999999974364413	0.800031080374559	4.45258532876427e-05	0.880881253913211	0.999999989745765
13.95	1.55	1.00000058365159	0.800025591296998	4.56923394168506e-05	0.800878409028325	1.00000023346064
14.05	1.55	1.00000138842164	0.800020138939148	4.74676343137169e-05	0.720876091885637	1.00000055536866
14.15	1.55	1.00000237501414	0.800014891178337	4.99359584426949e-05	0.640874285838303	1.00000095000566
14.25	1.55	1.00000354053005	0.800010073877321	5.31478784040808e-05	0.560872954974726	1.00000141621202
14.35	1.55	1.0000049176249	0.800005962300001	5.70900914864173e-05	0.480872037661098	1.00000196704996
14.45	1.55	1.00000659282947	0.800002856012514	6.1651399192432e-05	0.400871440842977	1.00000263713179
14.55	1.55	1.0000086991794	0.800001034938389	6.65933783429001e-05	0.320871037435079	1.00000347967176
14.65	1.55	1.00001135952879	0.800000699708499	7.1537876927967e-05	0.240870669883506	1.00000454381151
14.75	1.55	1.00001455932064	0.8000019063509	7.59835969450184e-05	0.1608701631134	1.00000582372825
14.85	1.55	1.0000179409624	0.800003130955974	7.93582498290069e-05	0.0808693492963622	1.00000717638496
14.95	1.55	1.00002054041778	0.400012116572205	8.11095202478239e-05	0.000868382030847317	1.00000821616711
0.05	1.65	-4.37687068345338e-06	0.400004706654435	-0.000247512673347194	10.4559502636491	0.599998249251727
0.15	1.65	-5.04090469846076e-06	0.800014601157165	-0.000246625504290666	10.4079498389049	0.599997983638121
0.25	1.65	-5.65784076275825e-06	0.800024985673758	-0.000244975861906046	10.3599488341126	0.599997736863695
0.35	1.65	-5.53170799678698e-06	0.800036058411616	-0.00024279595001972	10.3119472027014	0.599997787316801
0.45	1.65	-3.90969506821983e-06	0.800047971205053	-0.000240370088511146	10.2639448610983	0.599998436121973
0.55	1.65	3.50820299162796e-09	0.800060741622404	-0.000237989864254244	10.2159416963278	0.600000001403281
0.65	1.65	6.97942906463656e-06	0.80007429352789	-0.000235917012176992	10.1679375718003	0.600002791771626
0.75	1.65	1.76211587489002e-05	0.800088387603013	-0.000234361409881111	10.1199323342863	0.6000070484635
0.85	1.65	3.13819097373336e-05	0.800102942463127	-0.000233467654742099	10.0719258373015	0.600012552763895
0.95	1.65	4.70117746510947e-05	0.800117552015377	-0.000233304592602239	10.023917972368	0.60001880470986
1.05	1.65	6.05104146902029e-05	0.800132284573063	-0.000233942666949224	9.97590872172739	0.600024204165876
1.15	1.65	6.6447446192425e-05	0.800147099100827	-0.000235471816676658	9.92789822476117	0.600026578978477
1.25	1.65	5.85283673677441e-05	0.800162026128674	-0.00023795159009978	9.87988681625109	0.600023411346947
1.35	1.65	3.06377204766333e-05	0.800177204486622	-0.000241431502207497	9.83187503487126	0.600012255088191
1.45	1.65	-2.16246995535781e-05	0.800192872829886	-0.000245958616543426	9.78386359026926	0.599991350120178
1.55	1.65	-9.89427498136229e-05	0.800209329822419	-0.00025157335881069	9.73585327423639	0.599960422900075
1.65	1.65	-0.000196033310445229	0.800226872804603	-0.000258299253832386	9.68784480445898	0.599921586675822
1.75	1.65	-0.000299531199740245	0.800245717200854	-0.000266133883276766	9.63983859895031	0.599880187520104
1.85	1.65	-0.000386564497653672	0.800265890207053	-0.000275052755060991	9.59183449402537	0.599845374200939
1.95	1.65	-0.000424867333374058	0.800287060919188	-0.000285035668415364	9.54383144020671	0.59983005306665
2.05	1.65	-0.000375848603038104	0.800308541288167	-0.000296047339043858	9.49582724769703	0.599849660558785
2.15	1.65	-0.000200585447644195	0.800329897842676	-0.000308468621469571	9.4478184785403	0.599919765820942
2.25	1.65	0.00013473605979369	0.800354249651917	-0.000323401618263274	9.39980050240344	0.600053894423917
2.35	1.65	0.000682551514003189	0.800379738968465	-0.000342936124157428	9.35176734132544	0.600273020605601
2.45	1.65	0.00150661775670837	0.800406938143416	-0.000367950582402698	9.30371122934901	0.600602647102683
2.55	1.65	0.00269042869587893	0.800435407722315	-0.000397962136021239	9.25562203580198	0.601076171478352
2.65	1.65	0.00433182204701867	0.800465325889633	-0.00043330280746255	9.20748669889331	0.601732728818807
2.75	1.65	0.00654275477837793	0.800496766840458	-0.000474629457694045	9.15928879843342	0.602617101911351
2.85	1.65	0.00945133343066178	0.800529700258586	-0.000522669609327921	9.11100809013811	0.603780533372265
2.95	1.65	0.013204970278844	0.800564096189335	-0.00057808213342827	9.06261994812537	0.605281988111538
3.05	1.65	0.0179747383063728	0.800600006955061	-0.000641317423177374	9.01409468414278	0.607189895322549
3.15	1.65	0.0239613408217975	0.80063763138005	-0.000712435962896564	8.965396700779	0.609584536328719
3.25	1.65	0.0314031532736289	0.800677363292912	-0.000790865415744924	8.91648341980323	0.612561261309452
3.35	1.65	0.0405866701537416	0.800719802657886	-0.000875084202401318	8.86730391316665	0.616234668061497
3.45	1.65	0.0518593191257499	0.800765679194307	-0.00096223161976769	8.81779715892283	0.6207437276503
3.55	1.65	0.0656437910966773	0.800815605025543	-0.00104766935537551	8.76788985809004	0.626257516438671
3.65	1.65	0.0824514945196018	0.800869543820579	-0.00112456423772135	8.71749379997384	0.632980597807841
3.75	1.65	0.102890167714526	0.800925889256018	-0.00118363234016628	8.66650288098044	0.64115606708581
3.85	1.65	0.127656952604919	0.800980147446233	-0.00121327450947241	8.61479010072509	0.651062781041967
3.95	1.65	0.157503888324969	0.801023503076752	-0.0012004108723807	8.56220520786959	0.663001555329988
4.05	1.65	0.193159834811241	0.801042061666057	-0.00113231079002957	8.50857413437626	0.677263933924496
4.15	1.65	0.235195581737821	0.801018128897237	-0.000999499257146826	8.45370182758246	0.694078232695128
4.25	1.65	0.283833506580134	0.800934911545332	-0.000799314630599134	8.3973802841853	0.713533402632054
4.35	1.65	0.338733717372759	0.800784597486807	-0.000538994797528033	8.33940306426002	0.735493486949104
4.45	1.65	0.398828482989339	0.800576697933234	-0.000236701838931012	8.27958591218423	0.759531393195735
4.55	1.65	0.46230064209896	0.80034082874226	8.07430162236167e-05	8.21779043644501	0.784920256839584
4.65	1.65	0.526774342251203	0.800119491633027	0.000383252318897359	8.15394516549828	0.810709736900481
4.75	1.65	0.58969737445381	0.799952949571596	0.000644132946507996	8.08805750297067	0.835878949781524
4.85	1.65	0.648790164179109	0.799864776098975	0.000845406992009812	8.02021239821209	0.859516065671643
4.95	1.65	0.702396263698945	0.799856293644689	0.000979996860145501	7.95055817682404	0.880958505479578
5.05	1.65	0.749627209075136	0.799911201307645	0.00105066639401256	7.8792843560935	0.899850883630054
5.15	1.65	0.790302237513799	0.80000530342958	0.00106694237940909	7.80659801540603	0.91612089500552
5.25	1.65	0.824762348170797	0.80011530492915	0.00104157087267386	7.73270403998052	0.929904939268319
5.35	1.65	0.853653333877251	0.800223675166513	0.000987609414852584	7.65779177936332	0.941461333550901
5.45	1.65	0.877742433541207	0.800319751955762	0.000916584831364936	7.58202810903576	0.951096973416483
5.55	1.65	0.897793566879824	0.800398646717268	0.000837651011884284	7.50555543928527	0.95911742675193
5.65	1.65	0.914498387672528	0.800459426288928	0.000757459776502501	7.42849284961093	0.965799355069011
5.75	1.65	0.928448450017425	0.800503431341755	0.000680436479140171	7.35093879837713	0.97137938000697
5.85	1.65	0.940132567222038	0.800533046799927	0.000609223250825459	7.27297434283889	0.976053026888815
5.95	1.65	0.949946952724372	0.800550932612158	0.000545142043638583	7.19466625624954	0.979978781089749
6.05	1.65	0.958210111984559	0.800559606832325	0.000488602331466407	7.11606975594337	0.983284044793823
6.15	1.65	0.965178026818142	0.800561259179031	0.00043942616782375	7.03723075709144	0.986071210727257
6.25	1.65	0.971057567333956	0.800557698443958	0.000397089927193298	6.95818767239646	0.988423026933583
6.35	1.65	0.97601746209239	0.800550368759421	0.000360894214492151	6.87897282282872	0.990406984836956
6.45	1.65	0.980196867394143	0.8005403955836	0.000330077119758438	6.79961353542371	0.992078746957657
6.55	1.65	0.983711875139454	0.800528639976455	0.000303885412682334	6.72013299870502	0.993484750055782
6.65	1.65	0.986660376407327	0.800515750641781	0.000281615944393806	6.64055093461823	0.994664150562931
6.75	1.65	0.989125671914279	0.800502209380487	0.000262636803768449	6.56088413320458	0.995650268765712
6.85	1.65	0.991179155707174	0.800488368815755	0.000246395283547622	6.48114688492897	0.99647166228287
6.95	1.65	0.992882327196343	0.800474482760867	0.000232417671102394	6.40135133636583	0.997152930878537
7.05	1.65	0.994288322901639	0.800460730193459	0.000220304311957224	6.32150778784602	0.997715329160656
7.15	1.65	0.995443107485905	0.800447233934599	0.000209722243940943	6.24162494638626	0.998177242994362
7.25	1.65	0.996386423776828	0.8004340750631	0.000200396880480764	6.16171014338949	0.998554569510731
7.35	1.65	0.997152571807651	0.80042130395103	0.000192103654307968	6.08176952387454	0.998861028723061
7.45	1.65	0.99777106532216	0.800408948651689	0.000184660149067864	6.00180821207909	0.999108426128864
7.55	1.65	0.998267198745127	0.80039702122829	0.000177918992746608	5.92183045695683	0.999306879498051
7.65	1.65	0.99866254672391	0.800385522490997	0.00017176162468585	5.84183976018835	0.999465018689564
7.75	1.65	0.998975410773423	0.800374445511647	0.000166092947509249	5.76183898872132	0.999590164309369
7.85	1.65	0.999221222389129	0.800363778206031	0.000160836817082093	5.68183047345734	0.999688488955651
7.95	1.65	0.999412908556946	0.800353505210378	0.000155932292552846	5.60181609544438	0.999765163422778
8.05	1.65	0.999561223390289	0.800343609228512	0.000151330555216462	5.52179736076755	0.999824489356116
8.15	1.65	0.999675048299205	0.800334071986018	0.000146992402813972	5.44177546522292	0.999870019319682
8.25	1.65	0.999761662375014	0.800324874895743	0.000142886230017855	5.36175134978595	0.999904664950006
8.35	1.65	0.99982698435591	0.800315999513903	0.000138986413800926	5.28172574782999	0.999930793742364
8.45	1.65	0.999875787475667	0.800307427845964	0.00013527203142646	5.20169922500295	0.999950314990267
8.55	1.65	0.999911888579741	0.800299142546125	0.000131725849084188	5.12167221262214	0.999964755431896
8.65	1.65	0.999938313042047	0.800291127042026	0.000128333528385188	5.04164503539749	0.999975325216819
8.75	1.65	0.999957437177081	0.800283365607467	0.000125083006576247	4.96161793423855	0.999982974870833
8.85	1.65	0.999971109980878	0.800275843398922	0.000121964014437098	4.88159108484209	0.999988443992351
8.95	1.65	0.999980756129919	0.800268546466903	0.00011896770219874	4.801564612695	0.999992302451968
9.05	1.65	0.999987462210711	0.80026146174969	0.000116086349932777	4.72153860506336	0.999994984884284
9.15	1.65	0.999992048143147	0.800254577054381	0.00011331314339312	4.64151312047455	0.999996819257259
9.25	1.65	0.999995125702671	0.800247881028894	0.000110642000362391	4.56148819613628	0.999998050281068
9.35	1.65	0.99999714594745	0.800241363126997	0.000108067435934269	4.48146385367684	0.99999885837898
9.45	1.65	0.999998437226917	0.800235013568633	0.000105584457435136	4.40144010353417	0.999999374890767
9.55	1.65	0.999999235296947	0.80022882329619	0.000103188482113241	4.32141694827027	0.999999694118779
9.65	1.65	0.999999706903982	0.800222783928443	0.000100875272051209	4.24139438504073	0.999999882761593
9.75	1.65	0.999999968033901	0.800216887712689	9.86408823255335e-05	4.16137240740827	0.99999998721356
9.85	1.65	1.00000009785789	0.800211127475937	9.64816191132943e-05	4.08135100665339	1.00000003914316
9.95	1.65	1.00000014925242	0.800205496576017	9.43940053603292e-05	4.00133017270477	1.00000005970097
10.05	1.65	1.00000015662714	0.800199988852971	9.23747523343178e-05	3.92130989478621	1.00000006265086
10.15	1.65	1.00000014166553	0.800194598581443	9.04207355149874e-05	3.84129016185546	1.00000005666621
10.25	1.65	1.00000011746938	0.80018932042415	8.85289738784007e-05	3.76127096289322	1.00000004698775
10.35	1.65	1.0000000915001	0.800184149387015	8.66966117634896e-05	3.68125228708594	1.00000003660004
10.45	1.65	1.00000006762655	0.800179080775765	8.49209027966685e-05	3.60123412393547	1.00000002705062
10.55	1.65	1.00000004752	0.800174110154151	8.31991953404918e-05	3.52121646331942	1.000000019008
10.65	1.65	1.00000003158014	0.800169233303717	8.15289193322876e-05	3.44119929551987	1.00000001263206
10.75	1.65	1.00000001953062	0.800164446184662	7.99075742468845e-05	3.36118261123252	1.00000000781225
10.85	1.65	1.00000001078688	0.800159744897644	7.83327180521292e-05	3.28116640156507	1.00000000431475
10.95	1.65	1.00000000467101	0.800155125645975	7.68019572589101e-05	3.20115065803049	1.0000000018684
11.05	1.65	1.00000000052783	0.800150584697592	7.53129380310315e-05	3.1211353725392	1.00000000021113
11.15	1.65	0.999999997780247	0.800146118346061	7.38633384912051e-05	3.04112053739248	0.999999999112099
11.25	1.65	0.999999995951056	0.800141722869887	7.24508623717838e-05	2.96110614527894	0.999999998380423
11.35	1.65	0.999999994669602	0.800137394488947	7.10732343770873e-05	2.8810921892747	0.999999997867841
11.45	1.65	0.999999993675718	0.800133129317055	6.9728197701082e-05	2.80107866284807	0.999999997470287
11.55	1.65	0.999999992827929	0.800128923309333	6.8413514598854e-05	2.72106555986902	0.999999997131171
11.65	1.65	0.999999992117926	0.800124772203141	6.71269714527208e-05	2.64105287462389	0.999999996847171
11.75	1.65	0.999999991687921	0.800120671451401	6.58663905981444e-05	2.56104060183566	0.999999996675168
11.85	1.65	0.999999991841549	0.800116616147576	6.46296527606485e-05	2.48102873669092	0.99999999673662
11.95	1.65	0.999999993033021	0.800112600941963	6.34147353006746e-05	2.40101727487452	0.999999997213208
12.05	1.65	0.999999995814381	0.800108619950355	6.22197738919739e-05	2.32100621261386	0.999999998325752
12.15	1.65	1.00000000071926	0.800104666657351	6.10431573296785e-05	2.24099554673527	1.00000000028771
12.25	1.65	1.0000000080662	0.8001007338185	5.98836671426478e-05	2.16098527473504	1.00000000322648
12.35	1.65	1.00000001767826	0.800096813367778	5.87406747301042e-05	2.08097539486795	1.0000000070713
12.45	1.65	1.00000002854088	0.800092896338916	5.76144081682938e-05	2.00096590625477	1.00000001141635
12.55	1.65	1.00000003845534	0.800088972811155	5.65062976222709e-05	1.92095680900845	1.00000001538214
12.65	1.65	1.00000004378788	0.800085031891481	5.5419402285577e-05	1.8409481043746	1.00000001751515
12.75	1.65	1.00000003945238	0.80008106174634	5.43589129827337e-05	1.7609397948773	1.00000001578095
12.85	1.65	1.00000001928377	0.800077049697338	5.33327138681125e-05	1.68093188445438	1.00000000771351
12.95	1.65	0.999999976937617	0.80007298239868	5.23519768987282e-05	1.60092437856014	0.999999990775047
13.05	1.65	0.999999907371732	0.800068846122708	5.14317568452578e-05	1.52091728420758	0.999999962948693
13.15	1.65	0.999999808817659	0.800064627197262	5.05915557935272e-05	1.44091060991919	0.999999923527064
13.25	1.65	0.999999684946088	0.800060312669925	4.98558355027217e-05	1.3609043655555	0.999999873978435
13.35	1.65	0.999999546714648	0.800055891320914	4.92544692103898e-05	1.28089856199447	0.999999818685859
13.45	1.65	0.999999413239595	0.800051355205353	4.8823129364338e-05	1.20089321063917	0.999999765295838
13.55	1.65	0.999999311063729	0.800046701961947	4.86035814343826e-05	1.12088832273292	0.999999724425492
13.65	1.65	0.999999271508966	0.800041938147268	4.86437670920257e-05	1.04088390845217	0.999999708603586
13.75	1.65	0.999999326456916	0.800037083792257	4.89973848069196e-05	0.960879975724185	0.999999730582766
13.85	1.65	0.999999503824496	0.8000321781643	4.97224079328151e-05	0.880876528678712	0.999999801529799
13.95	1.65	0.999999824934286	0.80002728629108	5.08776651788833e-05	0.800873565602842	0.999999929973714
14.05	1.65	1.00000030644674	0.800022505136465	5.25163710449184e-05	0.720871076256174	1.0000001225787
14.15	1.65	1.00000096889363	0.800017967479784	5.46755478118834e-05	0.640869038466823	1.00000038755745
14.25	1.65	1.00000185152206	0.800013840752975	5.73608912549329e-05	0.560867414124553	1.00000074060882
14.35	1.65	1.00000302884094	0.800010317726802	6.05280064409937e-05	0.480866145059292	1.00000121153638
14.45	1.65	1.00000461835203	0.800007596526089	6.40630405875339e-05	0.400865149838033	1.00000184734081
14.55	1.65	1.00000676284282	0.800005849454094	6.77680784634021e-05	0.320864323145482	1.00000270513713
14.65	1.65	1.00000956686009	0.800005183585464	7.13582172075179e-05	0.240863539949301	1.00000382674403
14.75	1.65	1.00001296917954	0.800005599718138	7.44766826149366e-05	0.160862666827792	1.00000518767182
14.85	1.65	1.00001654559377	0.80000558400462	7.673080435525e-05	0.0808615825072167	1.00000661823751
14.95	1.65	1.00001926370543	0.400012911453412	7.77588801627011e-05	0.000860484483299535	1.00000770548217
0.05	1.75	-4.38431203218514e-06	0.400005069766034	-0.000257513517314064	10.4559654035274	0.599998246275187
0.15	1.75	-5.06679486838351e-06	0.800015648533355	-0.000256908551875136	10.4079649354481	0.599997973282053
0.25	1.75	-5.72255132652282e-06	0.800026583625109	-0.000255782389678737	10.3599638499633	0.599997710979469
0.35	1.75	-5.65900505537504e-06	0.800038011865912	-0.000254290281474179	10.311962111633	0.599997736397978
0.45	1.75	-4.12822873555848e-06	0.800050059969422	-0.00025262611647113	10.263959650683	0.599998348708506
0.55	1.75	-3.46750500925736e-07	0.800062752135057	-0.000250993890611845	10.2159563685957	0.5999998612998
0.65	1.75	6.43254850774266e-06	0.800076050289515	-0.000249585911859753	10.1679521425422	0.600002573019403
0.75	1.75	1.69347731596019e-05	0.800089699161436	-0.000248582007312149	10.119946830746	0.600006773909264
0.85	1.75	3.06074781035506e-05	0.800103670852476	-0.000248123258802681	10.0719402945887	0.600012242991241
0.95	1.75	4.60781683550368e-05	0.800117653283668	-0.000248289082150697	10.0239324309897	0.600018431267342
1.05	1.75	5.94871659258301e-05	0.800131646572514	-0.000249134242311456	9.97592322662232	0.60002379486637
1.15	1.75	6.53900372306917e-05	0.800145614483042	-0.000250734235851121	9.92791282544559	0.600026156014892
1.25	1.75	5.7547503192675e-05	0.80015956108947	-0.000253180110001251	9.87990156699541	0.600023019001277
1.35	1.75	2.99492697680813e-05	0.800173577646281	-0.000256552773322409	9.83188999416068	0.600011979707907
1.45	1.75	-2.16610520176529e-05	0.800187835809423	-0.000260922394567764	9.78387882031473	0.599991335579193
1.55	1.75	-9.778387997931e-05	0.800202552339059	-0.000266345617134666	9.73586884028775	0.599960886448008
1.65	1.75	-0.000192919543170669	0.800217932404061	-0.000272855179924096	9.68786077356354	0.599922832182732
1.75	1.75	-0.000293478661906825	0.800234090522722	-0.000280450748570519	9.63985503837539	0.599882608535237
1.85	1.75	-0.000376382678240246	0.800250940450836	-0.000289111941932136	9.59185147057825	0.599849446928704
1.95	1.75	-0.000409088663929568	0.80026800822256	-0.000298860287177265	9.54384902130078	0.599836364534428
2.05	1.75	-0.000352586177338506	0.800284106791242	-0.000309846169144057	9.49584549975426	0.599858965529065
2.15	1.75	-0.000171185047300138	0.800300219261207	-0.000322448640473319	9.44783750171692	0.59993152598108
2.25	1.75	0.00017395179149007	0.800316176253323	-0.000336814079357807	9.39982043308412	0.600069580716596
2.35	1.75	0.000727282542177593	0.800333897147208	-0.00035478451100132	9.35178842292326	0.600290913016871
2.45	1.75	0.00155980216098579	0.800351125053367	-0.000378104701723176	9.30373379957258	0.600623920864394
2.55	1.75	0.00275656969550233	0.800367305571495	-0.000406426716256231	9.25564641640382	0.601102627878201
2.65	1.75	0.00441578096045619	0.800382020670001	-0.000439736743501693	9.20751322106741	0.601766312384182
2.75	1.75	0.00665000053817788	0.800394749632598	-0.000478415892703816	9.15931782859641	0.602660000215271
2.85	1.75	0.00958838802806262	0.800404860400487	-0.000523004126902175	9.11104004066179	0.603835355211225
2.95	1.75	0.0133798516830084	0.800411670771908	-0.000574013543600009	9.06265527753262	0.605351940673203
3.05	1.75	0.0181974244269117	0.800414526195687	-0.000631772498390306	9.01413388857146	0.607278969770765
3.15	1.75	0.0242442914360959	0.80041288683417	-0.000696254676415165	8.96544029530089	0.609697716574438
3.25	1.75	0.0317619091181642	0.800406420064786	-0.00076686320780133	8.91653190620905	0.612704763647266
3.35	1.75	0.0410405250792919	0.800395079301467	-0.00084215371745555	8.86735772951788	0.616416210031717
3.45	1.75	0.0524320257257942	0.800379124130868	-0.000919494600491687	8.81785660542952	0.620972810290318
3.55	1.75	0.0663641995229471	0.800359002783196	-0.000994686077206699	8.7679549941779	0.626545679809179
3.65	1.75	0.0833539233192941	0.800334985574199	-0.00106159963602841	8.71756430977133	0.633341569327718
3.75	1.75	0.104014152845476	0.800306436782689	-0.0011119614199784	8.66657791044398	0.64160566113819
3.85	1.75	0.129045823238024	0.800270703773565	-0.00113548206903176	8.61486808106544	0.65161832929521
3.95	1.75	0.159201432581839	0.800221872246249	-0.00112060292932875	8.5622836980124	0.663680573032736
4.05	1.75	0.195204297466329	0.800150128476388	-0.00105611701161742	8.50864973825423	0.678081718986532
4.15	1.75	0.237610651906187	0.800043009480019	-0.000933730883944085	8.45377026240069	0.695044260762475
4.25	1.75	0.286617111983753	0.799889812481259	-0.000751186885428748	8.39743667709904	0.714646844793501
4.35	1.75	0.341847357246709	0.799688999060232	-0.000514954862742547	8.33944251549217	0.736738942898683
4.45	1.75	0.402191718324838	0.799455443344447	-0.00024110332324134	8.27960427071922	0.760876687329935
4.55	1.75	0.465795499795611	0.799221916426791	4.67085958673819e-05	8.21778511274982	0.786318199918244
4.65	1.75	0.530261253616523	0.799030888113576	0.000321955167315737	8.15391572207699	0.812104501446609
4.75	1.75	0.593038669672203	0.798919297698711	0.000561051116300672	8.08800579558411	0.837215467868881
4.85	1.75	0.651872807184225	0.798904998612595	0.000747981647418372	8.02014220234602	0.86074912287369
4.95	1.75	0.705145991307557	0.798982626988101	0.000876214067232668	7.95047443916432	0.882058396523023
5.05	1.75	0.752011106492815	0.799129524072734	0.00094780740428431	7.87919233428062	0.900804442597126
5.15	1.75	0.792322125734388	0.799316234925165	0.000970775252019873	7.80650255291787	0.916928850293755
5.25	1.75	0.826443876899245	0.799515554838329	0.000956034985442908	7.73260910982931	0.930577550759698
5.35	1.75	0.855035108454941	0.799707322510006	0.000914888572982359	7.65770030632634	0.942014043381976
5.45	1.75	0.878867540759063	0.79987931691278	0.000857408481279062	7.58194200288386	0.951547016303625
5.55	1.75	0.898704072502728	0.800025924950461	0.00079167960453684	7.50547574954339	0.959481629001091
5.65	1.75	0.915232366941334	0.800146100792558	0.000723657324328606	7.42841996600664	0.966092946776534
5.75	1.75	0.929038788897672	0.800241492965284	0.000657380578638116	7.35087264730341	0.971615515559069
5.85	1.75	0.940606829896794	0.8003150592947	0.000595337159727147	7.27291455445668	0.976242731958717
5.95	1.75	0.950327800495054	0.800370177770921	0.000538853244934408	7.19461229389189	0.980131120198022
6.05	1.75	0.958515948136152	0.800410142099999	0.000488440800123553	7.11602100921538	0.983406379254461
6.15	1.75	0.965423684665584	0.800437915182228	0.000444077544263436	7.03718660445093	0.986169473866234
6.25	1.75	0.971254951207809	0.800456038274867	0.000405417359046262	6.95814752016152	0.988501980483124
6.35	1.75	0.976176105014165	0.800466625413323	0.000371939902988418	6.87893612707832	0.990470442005666
6.45	1.75	0.98032439781874	0.800471399214011	0.000343051753956147	6.79957981212759	0.992129759127496
6.55	1.75	0.983814398679539	0.800471742813449	0.000318151205570464	6.72010182617357	0.993525759471816
6.65	1.75	0.986742783712235	0.800468754520304	0.000296667052834707	6.64052195124847	0.994697113484894
6.75	1.75	0.989191884945587	0.800463298732199	0.000278079496791948	6.5608570325963	0.995676753978235
6.85	1.75	0.991232323819245	0.800456050533435	0.000261929233894397	6.48112140976031	0.996492929527698
6.95	1.75	0.992924982888218	0.800447533393088	0.000247819082084057	6.40132727191903	0.997169993155287
7.05	1.75	0.994322505437797	0.800438150333664	0.00023541116655971	6.32148495572424	0.997729002175119
7.15	1.75	0.99547046104132	0.800428209325929	0.000224421702971206	6.24160319872376	0.998188184416528
7.25	1.75	0.996408275436482	0.800417943765188	0.000214614708277384	6.16168935769996	0.998563310174593
7.35	1.75	0.997169993653673	0.800407528850489	0.000205795475130341	6.08174959858222	0.998867997461469
7.45	1.75	0.99778492395414	0.800397094600232	0.000197804307504894	6.00178906271662	0.999113969581656
7.55	1.75	0.998278194869456	0.800386736134644	0.000190510789299223	5.92181201297955	0.999311277947782
7.65	1.75	0.998671246885211	0.800376521755102	0.000183808711148524	5.84182196233812	0.999468498754084
7.75	1.75	0.998982272857014	0.800366499260374	0.000177611687793404	5.76182178686746	0.999592909142805
7.85	1.75	0.999226616174209	0.800356700860801	0.000171849443055714	5.6818138248434	0.999690646469684
7.95	1.75	0.999417132326152	0.800347146985059	0.000166464708568475	5.60179996327464	0.999766852930461
8.05	1.75	0.999564517386729	0.800337849217414	0.000161410667487195	5.52178171307393	0.999825806954691
8.15	1.75	0.999677605654346	0.800328812556638	0.000156648870144332	5.44176027396108	0.999871042261738
8.25	1.75	0.999763637999835	0.800320037148747	0.000152147550006833	5.36173659011642	0.999905455199934
8.35	1.75	0.999828502185517	0.80031151961332	0.000147880273797962	5.28171139754795	0.999931400874207
8.45	1.75	0.999876946377827	0.800303254057506	0.000143824866734892	5.2016852640861	0.999950778551131
8.55	1.75	0.99991276717548	0.800295232850289	0.00013996256123113	5.12165862287224	0.999965106870192
8.65	1.75	0.999938973637681	0.80028744721303	0.000136277325686697	5.04163180015545	0.999975589455072
8.75	1.75	0.999957928968764	0.800279887669025	0.000132755336450311	4.96160503815735	0.999983171587506
8.85	1.75	0.999971471662491	0.800272544384431	0.000129384563129022	4.8815785137049	0.999988588664996
8.95	1.75	0.999981018011145	0.800265407425212	0.000126154442789626	4.80155235326856	0.999992407204458
9.05	1.75	0.999987647932937	0.800258466948663	0.0001230556233313	4.72152664497903	0.999995059173175
9.15	1.75	0.999992176065377	0.800251713343529	0.000120079760693604	4.64150144813089	0.999996870426151
9.25	1.75	0.999995210017052	0.800245137329859	0.000117219357619652	4.56147680061868	0.999998084006821
9.35	1.75	0.999997197573738	0.80023873002662	0.000114467634484627	4.48145272469048	0.999998879029495
9.45	1.75	0.999998464526705	0.800232482994045	0.000111818424937666	4.40142923134767	0.999999385810682
9.55	1.75	0.999999244641446	0.800226388255685	0.000109266090640216	4.32140632366788	0.999999697856578
9.65	1.75	0.999999703123271	0.800220438304702	0.000106805451032028	4.2413839992814	0.999999881249309
9.75	1.75	0.999999954770655	0.80021462609779	0.000104431724535742	4.16136225219041	0.999999981908262
9.85	1.75	1.00000007784448	0.800208945039634	0.000102140479042034	4.08134107408431	1.00000003113779
9.95	1.75	1.00000012452686	0.800203388960263	9.99275896676321e-05	4.001320455274	1.00000004981074
10.05	1.75	1.00000012870049	0.8001979520875	9.77892022964794e-05	3.92130038534217	1.0000000514802
10.15	1.75	1.00000011165097	0.800192629015641	9.5721701863419e-05	3.841280853585	1.00000004466039
10.25	1.75	1.00000008618121	0.8001874146721	9.37216845925107e-05	3.76126184930363	1.00000003447248
10.35	1.75	1.00000005952926	0.800182304282732	9.17859334308265e-05	3.68124336198915	1.0000000238117
10.45	1.75	1.00000003539804	0.800177293336508	8.99113962679526e-05	3.60122538143414	1.00000001415921
10.55	1.75	1.00000001533632	0.800172377550187	8.80951665750233e-05	3.52120789779482	1.00000000613453
10.65	1.75	0.999999999654205	0.800167552833146	8.63344661801649e-05	3.44119090162126	0.999999999861682
10.75	1.75	0.999999988010644	0.800162815252391	8.46266300123724e-05	3.36117438386794	0.999999995204258
10.85	1.75	0.99999997977524	0.800158160997846	8.29690928496684e-05	3.28115833589333	0.999999991910096
10.95	1.75	0.999999974238569	0.800153586347567	8.13593778872882e-05	3.20114274945425	0.999999989695427
11.05	1.75	0.999999970724482	0.800149087632542	7.97950873849502e-05	3.12112761669895	0.999999988289793
11.15	1.75	0.999999968642196	0.800144661200636	7.82738954400285e-05	3.04111293016132	0.999999987456878
11.25	1.75	0.999999967504617	0.800140303379066	7.67935430957889e-05	2.96109868275781	0.999999987001847
11.35	1.75	0.99999996693113	0.800136010434645	7.53518362476574e-05	2.88108486778801	0.999999986772452
11.45	1.75	0.999999966646958	0.800131778531035	7.39466467801424e-05	2.80107147893936	0.999999986658783
11.55	1.75	0.999999966486301	0.800127603682133	7.25759177614563e-05	2.72105851029627	0.99999998659452
11.65	1.75	0.99999996640203	0.800123481700725	7.12376742068942e-05	2.64104595635396	0.999999986560812
11.75	1.75	0.999999966480093	0.800119408141849	6.99300413071881e-05	2.56103381203729	0.999999986592037
11.85	1.75	0.999999966951787	0.800115378240642	6.86512734828437e-05	2.48102207272492	0.999999986780715
11.95	1.75	0.999999968191925	0.800111386845102	6.73997988594156e-05	2.40101073427984	0.99999998727677
12.05	1.75	0.999999970686557	0.80010742834555	6.61742855571334e-05	2.32099979308709	0.999999988274623
12.15	1.75	0.99999997495185	0.800103496603871	6.4973737950116e-05	2.24098924610044	0.99999998998074
12.25	1.75	0.999999981388267	0.800099584887836	6.37976327441108e-05	2.16097909089949	0.999999992555307
12.35	1.75	0.999999990063574	0.800095685818006	6.26461052443099e-05	2.08096932575876	0.999999996025429
12.45	1.75	1.0000000004362	0.800091791337193	6.15201955655557e-05	2.00095994972938	1.00000000017448
12.55	1.75	1.00000001105708	0.800087892714697	6.04221613382492e-05	1.92095096273193	1.00000000442283
12.65	1.75	1.0000000193201	0.800083980599328	5.93558576708428e-05	1.84094236565637	1.00000000772804
12.75	1.75	1.00000002136164	0.800080045136353	5.83271761115792e-05	1.76093416046029	1.00000000854466
12.85	1.75	1.00000001222622	0.800076076164327	5.7344523510314e-05	1.68092635025186	1.00000000489049
12.95	1.75	0.999999986404312	0.800072063509178	5.64193097062019e-05	1.60091893933808	0.999999994561725
13.05	1.75	0.999999938795136	0.800067997396592	5.55664030949629e-05	1.5209119332145	0.999999975518054
13.15	1.75	0.999999866046824	0.800063869012143	5.48045074834493e-05	1.44090533846941	0.99999994641873
13.25	1.75	0.999999768087078	0.800059671254188	5.41564137132442e-05	1.3608991625757	0.999999907234831
13.35	1.75	0.999999649513174	0.800055399747622	5.36490836461469e-05	1.28089341354654	0.99999985980527
13.45	1.75	0.999999520419278	0.800051054214234	5.33135254767537e-05	1.20088809943551	0.999999808167711
13.55	1.75	0.999999396279816	0.800046640316052	5.31844055642427e-05	1.12088322766528	0.999999758511926
13.65	1.75	0.999999296754059	0.800042172080753	5.32992969073241e-05	1.04087880416654	0.999999718701624
13.75	1.75	0.999999243759277	0.800037674950629	5.36973747633341e-05	0.960874832298081	0.999999697503711
13.85	1.75	0.999999259812179	0.800033189330793	5.4417238473778e-05	0.880871311499345	0.999999703924872
13.95	1.75	0.999999368250452	0.800028774218024	5.54933989295089e-05	0.800868235606972	0.999999747300181
14.05	1.75	0.999999597143759	0.800024510070591	5.69509018558689e-05	0.720865590767377	0.999999838857503
14.15	1.75	0.999999987991686	0.800020499596024	5.8797680867034e-05	0.640863352929072	0.999999995196675
14.25	1.75	1.00000060820245	0.800016864743087	6.10146859810917e-05	0.56086148504097	1.00000024328098
14.35	1.75	1.00000156261251	0.800013738132306	6.35446918281107e-05	0.480859934347665	1.000000625045
14.45	1.75	1.00000299425149	0.800011247733539	6.62818764289e-05	0.400858630564372	1.0000011977006
14.55	1.75	1.00000505934144	0.800009495002265	6.90654517323814e-05	0.320857486187713	1.00000202373658
14.65	1.75	1.00000785838875	0.800008528856871	7.16812550781739e-05	0.240856400643421	1.0000031433555
14.75	1.75	1.00001130755831	0.800008319710217	7.38746528255639e-05	0.160855270211748	1.00000452302332
14.85	1.75	1.0000149465995	0.800007371540854	7.53760731842257e-05	0.0808540056014518	1.0000059786398
14.95	1.75	1.00001770594596	0.40001346778959	7.59540852375532e-05	0.000852832744369391	1.00000708237839
0.05	1.85	-4.38517547687824e-06	0.40000531395142	-0.000268126632005395	10.4559811654328	0.599998245929809
0.15	1.85	-5.07905108595485e-06	0.800016352858943	-0.000267724043789917	10.407980668079	0.599997968379566
0.25	1.85	-5.75799831367296e-06	0.800027657465013	-0.000266975916447545	10.3599795281344	0.599997696800674
0.35	1.85	-5.7286663998039e-06	0.800039319465954	-0.0002659869401071	10.3119777176725	0.59999770853344
0.45	1.85	-4.23872752096778e-06	0.800051442198918	-0.000264890124354943	10.2639751764016	0.599998304508992
0.55	1.85	-4.95654927514767e-07	0.800064046303037	-0.000263827717548142	10.2159718158408	0.599999801738029
0.65	1.85	6.24129967853675e-06	0.800077096240629	-0.000262936283129905	10.1679675224917	0.600002496519871
0.75	1.85	1.64757131722532e-05	0.800090457212483	-0.000262365659993188	10.119962164718	0.600006590285269
0.85	1.85	2.98283800871185e-05	0.800104059201212	-0.000262243115122121	10.0719556129548	0.600011931352035
0.95	1.85	4.51982419590819e-05	0.800117503575646	-0.00026263881605341	10.0239477682285	0.600018079296784
1.05	1.85	5.86251752938354e-05	0.800130841799794	-0.00026358759939473	9.97593861927824	0.600023450070117
1.15	1.85	6.4518649130891e-05	0.800144082410743	-0.000265149488243025	9.92792831443812	0.600025807459652
1.25	1.85	5.66700702427614e-05	0.800157204873838	-0.000267424050026113	9.87991719928781	0.600022668028097
1.35	1.85	2.91676422851347e-05	0.800170260033628	-0.000270498889955995	9.83190582207768	0.600011667056914
1.45	1.85	-2.21151078326689e-05	0.80018336394526	-0.000274450387010463	9.78389490076449	0.599991153956867
1.55	1.85	-9.75135906432473e-05	0.80019666512088	-0.000279342247422124	9.73588523388809	0.599960994563743
1.65	1.85	-0.000191328087514677	0.800210292902499	-0.000285215027165578	9.68787754313189	0.599923468764994
1.75	1.85	-0.00028976977583471	0.800224286058775	-0.00029207445378861	9.6398722467194	0.599884092089666
1.85	1.85	-0.000369681150427566	0.800238493107749	-0.000299899574848061	9.59186917901824	0.599852127539829
1.95	1.85	-0.000398803348383106	0.800252411987091	-0.000308710843833274	9.54386729392701	0.599840478660647
2.05	1.85	-0.000338586237630675	0.800265017476301	-0.000318694629049672	9.49586442076578	0.599864565504948
2.15	1.85	-0.000149723331145158	0.80027567498061	-0.000329913657841739	9.4478571682312	0.599940110667542
2.25	1.85	0.000207360832206667	0.800282964454422	-0.000342633789715582	9.39984092505179	0.600082944332883
2.35	1.85	0.000762964456796508	0.800295229951481	-0.000358485662971186	9.35180993638255	0.600305185782719
2.45	1.85	0.00159973553001409	0.800305141552022	-0.000378643529674553	9.30375664937014	0.600639894212006
2.55	1.85	0.00280478144431833	0.800312083611031	-0.000402901367417521	9.25567089691288	0.601121912577727
2.65	1.85	0.00447660826518695	0.800315146595994	-0.000431197999335513	9.2075396229246	0.601790643306075
2.75	1.85	0.00672811446899511	0.800313353594988	-0.000463735393985357	9.15934646313961	0.602691245787598
2.85	1.85	0.00968915901845552	0.800305626533882	-0.000500841386783322	9.11107125209877	0.603875663607382
2.95	1.85	0.0135097503429337	0.800290803995855	-0.000542824429388263	9.06268944445442	0.605403900137173
3.05	1.85	0.0183644317053161	0.800267708455571	-0.000589843737269517	9.01417141686222	0.607345772682126
3.15	1.85	0.0244583434118493	0.800235248822033	-0.000641771523774977	8.96548160204797	0.60978333736474
3.25	1.85	0.0320353975564178	0.800192547813105	-0.000698024812954339	8.91657739224578	0.612814159022567
3.35	1.85	0.0413888565986521	0.800139074711084	-0.000757353085827445	8.86740773690453	0.616555542639461
3.45	1.85	0.0528742124939225	0.80007474143332	-0.000817579607860523	8.81791135545238	0.621149684997569
3.55	1.85	0.0669234040276765	0.799999886092721	-0.000875312747670766	8.76801450164639	0.626769361611071
3.65	1.85	0.084057796546313	0.799915033468353	-0.000925674693370459	8.71762827131646	0.633623118618525
3.75	1.85	0.104894678973981	0.799820315563583	-0.000962142697352909	8.66664556943897	0.641957871589592
3.85	1.85	0.130138219743983	0.799714518664234	-0.000976658607401814	8.6149380812245	0.652055287897593
3.95	1.85	0.160541498750125	0.799593981971534	-0.000960213913341762	8.56235395266576	0.66421659950005
4.05	1.85	0.196823582072609	0.799452049343959	-0.00090410789619455	8.50871736142512	0.678729432829044
4.15	1.85	0.239529147507489	0.799280294267861	-0.000801927588082371	8.45383162476591	0.695811659002996
4.25	1.85	0.288834131092389	0.799072702961232	-0.00065195418742845	8.39748765118194	0.715533652436956
4.35	1.85	0.344332815422496	0.798832556700634	-0.000459233232039071	8.33947894205363	0.737733126168999
4.45	1.85	0.404881591455014	0.798578836331663	-0.000236243732979007	8.27962260250161	0.761952636582006
4.55	1.85	0.468595325657056	0.798346709200243	-1.36066445442239e-06	8.21778309122364	0.787438130262822
4.65	1.85	0.533058977447981	0.798178585329752	0.000224759314262075	8.15389287359747	0.813223590979192
4.75	1.85	0.595723583452303	0.798108824980065	0.000423623003977933	8.0879635591886	0.838289433380921
4.85	1.85	0.654353849614517	0.798150889705648	0.000582460820413084	8.02008363366069	0.861741539845807
4.95	1.85	0.70736311057576	0.79829431578814	0.000695733047787063	7.95040360279283	0.882945244230304
5.05	1.85	0.753937335932437	0.798511619761839	0.000764512212056138	7.87911359863939	0.901574934372975
5.15	1.85	0.793958305988355	0.798769367612775	0.000794528072560717	7.80641998941535	0.917583322395342
5.25	1.85	0.827809951076094	0.799037395365998	0.000793874046344783	7.73252610742474	0.931123980430438
5.35	1.85	0.856161446697126	0.799293538653917	0.000771089096818482	7.65761941217687	0.94246457867885
5.45	1.85	0.879788177283512	0.799524370769869	0.00073390515365677	7.58186493653699	0.951915270913405
5.55	1.85	0.899452310024299	0.799723694198185	0.000688633982649517	7.50540351928316	0.959780924009719
5.65	1.85	0.915838399044703	0.799890337354139	0.000640021583166057	7.42835302597654	0.966335359617881
5.75	1.85	0.929528733817453	0.800026142258163	0.000591378288585776	7.35081105456415	0.971811493526981
5.85	1.85	0.94100261490587	0.800134465595877	0.000544833125072263	7.272858104553	0.976401045962348
5.95	1.85	0.95064748679182	0.800219200836484	0.000501615035833262	7.19456062732017	0.980258994716728
6.05	1.85	0.958774236787665	0.800284208094443	0.000462309011736706	7.11597368922974	0.983509694715066
6.15	1.85	0.965632457800399	0.800333021722734	0.000427065964414176	7.03714317040266	0.98625298312016
6.25	1.85	0.97142377645111	0.80036872958819	0.000395762969719961	6.9581075216878	0.988569510580444
6.35	1.85	0.976312674247511	0.800393949812626	0.000368119158527886	6.87889914420563	0.990525069699004
6.45	1.85	0.980434894193923	0.800410857725485	0.000343775649226436	6.79954546553517	0.992173957677569
6.55	1.85	0.98390379660652	0.800421235006245	0.000322348110726674	6.72006978091317	0.993561518642608
6.65	1.85	0.986815090714204	0.800426525448117	0.00030345944180519	6.64049191634749	0.994726036285682
6.75	1.85	0.989250335103349	0.800427889319378	0.000286758553191665	6.56082875825783	0.99570013404134
6.85	1.85	0.991279531842316	0.800426252633075	0.000271929783411396	6.48109468332455	0.996511812736926
6.95	1.85	0.992963066607513	0.800422350002311	0.000258696244788719	6.40130191334717	0.997185226643005
7.05	1.85	0.994353183178307	0.800416760977087	0.000246819423299774	6.32146081307869	0.997741273271323
7.15	1.85	0.99549512910381	0.800409940334591	0.000236096624379045	6.24158014392089	0.998198051641524
7.25	1.85	0.996428069864496	0.800402243025212	0.000226357325502134	6.16166728267883	0.998571227945798
7.35	1.85	0.997185839594365	0.800393944528783	0.000217459119190712	6.08172841194693	0.998874335837746
7.45	1.85	0.997797575220817	0.800385257342504	0.000209283668198402	6.00176868685634	0.999119030088327
7.55	1.85	0.998288265755717	0.800376344251603	0.000201732917885091	5.92179238163904	0.999315306302287
7.65	1.85	0.998679237839131	0.800367328951855	0.000194725691600523	5.84180301859519	0.999471695135652
7.75	1.85	0.998988591276476	0.800358304510685	0.000188194719589126	5.76180348146686	0.99959543651059
7.85	1.85	0.999231593312096	0.800349340077964	0.000182084103605468	5.68179611483583	0.999692637324839
7.95	1.85	0.999421037081108	0.800340486188286	0.000176347191864551	5.60178281091212	0.999768414832443
8.05	1.85	0.999567567589027	0.80033177893788	0.000170944824004351	5.52176508491757	0.999827027035611
8.15	1.85	0.999679977327049	0.800323243266652	0.000165843899182461	5.44174414016248	0.999871990930819
8.25	1.85	0.999765472974866	0.800314895532708	0.000161016219822635	5.36172092383972	0.999906189189947
8.35	1.85	0.99982991437621	0.800306745529688	0.000156437565659072	5.28169617450467	0.999931965750484
8.45	1.85	0.999878026948885	0.800298798066262	0.000152086957057902	5.20167046216002	0.999951210779554
8.55	1.85	0.999913588804177	0.800291054202911	0.000147946071580878	5.12164422181553	0.999965435521671
8.65	1.85	0.999939594023363	0.800283512219723	0.000143998782912777	5.04161778134119	0.999975837609345
8.75	1.85	0.999958393718917	0.800276168373475	0.000140230796620888	4.96159138437652	0.999983357487567
8.85	1.85	0.999971816660892	0.800269017488934	0.000136629361503863	4.88156520899846	0.999988726664357
8.95	1.85	0.999981271355526	0.800262053419379	0.00013318303961535	4.8015393827873	0.999992508542211
9.05	1.85	0.999987831514966	0.800255269403534	0.000129881521527201	4.7215139948655	0.999995132605987
9.15	1.85	0.999992306853905	0.800248658340082	0.00012671547635463	4.64148910541904	0.999996922741562
9.25	1.85	0.999995301095769	0.800242212996325	0.000123676428396615	4.56146475314776	0.999998120438308
9.35	1.85	0.999997258976229	0.80023592616415	0.000120756654242849	4.48144096103067	0.999998903590492
9.45	1.85	0.999998503905011	0.800229790773713	0.000117949095846165	4.40141774073534	0.999999401562005
9.55	1.85	0.999999267798434	0.800223799973357	0.000115247285972927	4.32139509594889	0.999999707119374
9.65	1.85	0.999999714434169	0.800217947182568	0.000112645283496166	4.24137302486133	0.999999885773668
9.75	1.85	0.999999957514859	0.800212226123485	0.000110137616784371	4.16135152199053	0.999999983005944
9.85	1.85	1.00000007446518	0.800206630835719	0.00010771923357668	4.08133057950266	1.00000002978607
9.95	1.85	1.00000011683293	0.800201155678231	0.000105385456477574	4.00131018815091	1.00000004673317
10.05	1.85	1.00000011802247	0.800195795321244	0.000103131943161269	3.92129033792959	1.00000004720899
10.15	1.85	1.00000009896086	0.800190544730917	0.000100954650802132	3.8412710185193	1.00000003958434
10.25	1.85	1.00000007218385	0.800185399148533	9.88498040963363e-05	3.76125221958139	1.00000002887354
10.35	1.85	1.00000004473169	0.800180354066142	9.68138666394439e-05	3.68123393094569	1.00000001789267
10.45	1.85	1.0000000201617	0.800175405199446	9.48435153218267e-05	3.60121614272444	1.00000000806468
10.55	1.85	0.999999999916399	0.800170548459247	9.29356175074835e-05	3.52119884537657	0.999999999966559
10.65	1.85	0.999999984229017	0.80016577992175	9.10872108292008e-05	3.4411820297398	0.999999993691607
10.75	1.85	0.999999972703743	0.800161095798318	8.92954856221327e-05	3.36116568704286	0.999999989081497
10.85	1.85	0.999999964672026	0.800156492404736	8.75577697881521e-05	3.28114980890652	0.99999998586881
10.95	1.85	0.999999959398794	0.800151966130121	8.58715163357938e-05	3.20113438733914	0.999999983759517
11.05	1.85	0.999999956191516	0.800147513405237	8.42342935371069e-05	3.12111941473067	0.999999982476606
11.15	1.85	0.999999954449451	0.800143130670038	8.26437779689192e-05	3.04110488384762	0.99999998177978
11.25	1.85	0.999999953679062	0.800138814340059	8.10977507405939e-05	2.9610907878304	0.999999981471625
11.35	1.85	0.999999953493466	0.800134560771212	7.95940971366388e-05	2.88107712019397	0.999999981397386
11.45	1.85	0.999999953607755	0.800130366222424	7.81308103131256e-05	2.80106387483227	0.999999981443102
11.55	1.85	0.999999953837509	0.800126226815686	7.67059998217696e-05	2.7210510460267	0.999999981535003
11.65	1.85	0.99999995410379	0.800122138493092	7.53179060834503e-05	2.64103862845856	0.999999981641516
11.75	1.85	0.999999954444016	0.800118096970527	7.3964922691378e-05	2.56102661722586	0.999999981777606
11.85	1.85	0.999999955023926	0.800114097688523	7.26456292031778e-05	2.48101500786429	0.99999998200957
11.95	1.85	0.999999956141534	0.800110135761062	7.13588381575727e-05	2.4010037963731	0.999999982456613
12.05	1.85	0.999999958210108	0.800106205924613	7.01036616564562e-05	2.32099297924609	0.999999983284043
12.15	1.85	0.999999961704958	0.800102302491017	6.88796039508696e-05	2.24098255350871	0.999999984681983
12.25	1.85	0.999999967059856	0.800098419309848	6.76866878662352e-05	2.16097251676194	0.999999986823942
12.35	1.85	0.999999974504998	0.800094549748179	6.65256232188006e-05	2.08096286723349	0.999999989801999
12.45	1.85	0.999999983851002	0.800090686697929	6.53980243607162e-05	2.00095360383617	0.999999993540401
12.55	1.85	0.999999994242581	0.800086822623361	6.4306681127927e-05	1.92094472623139	0.999999997697032
12.65	1.85	1.00000000392912	0.800082949662644	6.32558818614734e-05	1.84093623489379	1.00000000157165
12.75	1.85	1.00000001012228	0.800079059798592	6.22517787519022e-05	1.76092813116918	1.00000000404891
12.85	1.85	1.00000000902453	0.800075145113408	6.13027750628053e-05	1.68092041731406	1.00000000360981
12.95	1.85	0.999999996107002	0.800071198141861	6.04199017396777e-05	1.60091309650079	0.999999998442801
13.05	1.85	0.999999966680644	0.80006721233735	5.96171395307198e-05	1.52090617276874	0.999999986672258
13.15	1.85	0.999999916738102	0.800063182666837	5.89116342291381e-05	1.44089965089967	0.999999966695241
13.25	1.85	0.999999843952689	0.800059106355479	5.83237487693726e-05	1.36089353619596	0.999999937581076
13.35	1.85	0.999999748631161	0.800054983809583	5.78768966509687e-05	1.2808878341432	0.999999899452464
13.45	1.85	0.999999634372033	0.800050819754947	5.75971035721961e-05	1.20088254994281	0.999999853748813
13.55	1.85	0.999999508237262	0.800046624629382	5.75122420660049e-05	1.12087768790479	0.999999803294905
13.65	1.85	0.999999380451824	0.800042416249644	5.76508688756224e-05	1.04087325069094	0.999999752180729
13.75	1.85	0.99999926401574	0.800038221715143	5.80405609268305e-05	0.960869238393413	0.999999705606296
13.85	1.85	0.999999175081591	0.800034079393275	5.87055959921499e-05	0.880865647422015	0.999999670032636
13.95	1.85	0.999999135337734	0.800030040640772	5.96637801054451e-05	0.800862469161568	0.999999654135094
14.05	1.85	0.999999177633978	0.800026170663596	6.09222304494611e-05	0.72085968836239	0.999999671053591
14.15	1.85	0.999999355286738	0.800022547654913	6.24720451413538e-05	0.640857281265638	0.999999742114695
14.25	1.85	0.999999753508966	0.800019259180277	6.42820946426471e-05	0.560855213570662	0.999999901403586
14.35	1.85	1.00000049803147	0.800016394850055	6.62926771809847e-05	0.480853438551786	1.00000019921259
14.45	1.85	1.00000175148672	0.800014034787148	6.84104244476696e-05	0.400851895939412	1.00000070059469
14.55	1.85	1.00000368354684	0.800012234351191	7.05064306776425e-05	0.320850512574696	1.00000147341873
14.65	1.85	1.000006398197	0.800011006944777	7.24198115545385e-05	0.240849206256972	1.0000025592788
14.75	1.85	1.00000980406568	0.800010307586636	7.39684910387417e-05	0.160847894491676	1.00000392162627
14.85	1.85	1.00001342554827	0.800008662045831	7.49678752622548e-05	0.0808465099225654	1.00000537021931
14.95	1.85	1.00001617789893	0.40001384506159	7.52755846338959e-05	0.000845296323266925	1.00000647115957
0.05	1.95	-4.38406876276745e-06	0.400005472413241	-0.000279145237706098	10.4559975788953	0.599998246372495
0.15	1.95	-5.08361357072979e-06	0.800016808463982	-0.000278891327720371	10.4079970624908	0.599997966554572
0.25	1.95	-5.77349058236722e-06	0.800028348013398	-0.000278421238019858	10.3599958872166	0.599997690603767
0.35	1.95	-5.75886137335552e-06	0.800040150649128	-0.000277805279070302	10.3119940302105	0.599997696455451
0.45	1.95	-4.28490661365058e-06	0.800052301836508	-0.000277134464194391	10.2639914376751	0.599998286037355
0.55	1.95	-5.60120697551714e-07	0.800064817940836	-0.000276509180149937	10.2159880281787	0.599999775951721
0.65	1.95	6.13241856939474e-06	0.80007766945602	-0.000276032654946853	10.1679836952953	0.600002452967428
0.75	1.95	1.62158647074759e-05	0.800090771657882	-0.000275817394145056	10.1199783152394	0.600006486345883
0.85	1.95	2.94321449576159e-05	0.800104019583056	-0.000275951985069534	10.0719717646574	0.600011772857983
0.95	1.95	4.45520617537015e-05	0.800117117771411	-0.000276473571751147	10.0239639488671	0.600017820824701
1.05	1.95	5.80286919813636e-05	0.800129910457456	-0.000277422310117817	9.97595485864107	0.600023211476792
1.15	1.95	6.39154271514031e-05	0.800142564962827	-0.000278865041449078	9.92794464502423	0.600025566170861
1.25	1.95	5.60100319913795e-05	0.800155038149664	-0.000280872233445808	9.87993365936627	0.600022404012796
1.35	1.95	2.84673470817992e-05	0.800167356107249	-0.000283513213167133	9.83192245493219	0.600011386938833
1.45	1.95	-2.27521419554955e-05	0.80017959779793	-0.000286856239306994	9.78391175415029	0.599990899143218
1.55	1.95	-9.78682799315104e-05	0.800191864359692	-0.000290964481511671	9.73590235945418	0.599960852688027
1.65	1.95	-0.000191032611150449	0.800204230077855	-0.000295886561671705	9.68789499527845	0.59992358695554
1.75	1.95	-0.000288293440924525	0.800216673898964	-0.000301645613608984	9.63989008081772	0.59988468262363
1.85	1.95	-0.000366372884409779	0.800228984120394	-0.000308235463910889	9.59188744993798	0.599853450846236
1.95	1.95	-0.00039299225935088	0.800240616392352	-0.000315627113757344	9.54388605703454	0.59984280309626
2.05	1.95	-0.000329509442903686	0.800250535493904	-0.000323740980409232	9.49588373476066	0.599868196222838
2.15	1.95	-0.000136056670551232	0.800257414749931	-0.000332377513853863	9.44787708768932	0.599945577331779
2.25	1.95	0.000222987863840797	0.800261234236147	-0.000342937268884311	9.39986155510976	0.600089195145536
2.35	1.95	0.000779951096551894	0.800269462837608	-0.000356423492650281	9.35183146337267	0.600311980438621
2.45	1.95	0.001619258955746	0.80027449683553	-0.000372360393606667	9.30377928554545	0.600647703582298
2.55	1.95	0.0028289493209038	0.800275421152237	-0.000390849007366948	9.25569485526501	0.601131579728362
2.65	1.95	0.00450797931508258	0.800270997689674	-0.000411966636798435	9.20756511954701	0.601803191726033
2.75	1.95	0.00676962238861998	0.800259936581884	-0.000435815897867491	9.15937372674653	0.602707848955448
2.85	1.95	0.00974425459572422	0.800240856948639	-0.000462513758413298	9.11110053014685	0.60389770183829
2.95	1.95	0.0135826201313872	0.800212288744494	-0.000492134846874699	9.06272100344059	0.605433048052555
3.05	1.95	0.018460254051035	0.800172730906358	-0.000524639342889817	9.01420553669684	0.607384101620414
3.15	1.95	0.0245835821135524	0.800120758802159	-0.000559788472625627	8.9655185639253	0.609833432845421
3.25	1.95	0.0321981410808635	0.800055170117284	-0.000597040781421279	8.91661745841779	0.612879256432345
3.35	1.95	0.0415992044422288	0.799975149284005	-0.00063542276178918	8.86745111988048	0.616639681776891
3.45	1.95	0.0531446929701546	0.799880409225849	-0.000673372981880903	8.8179581736099	0.621257877188062
3.55	1.95	0.0672693749907989	0.799771235756737	-0.000708569830096766	8.76806471834082	0.62690774999632
3.65	1.95	0.0844977243347114	0.799648324042488	-0.000737771971080267	8.71768161587248	0.633799089733885
3.75	1.95	0.105450103852105	0.799512287441688	-0.000756729771134047	8.66670144178715	0.642180041540842
3.85	1.95	0.130833100780481	0.799362797739862	-0.000760263013732298	8.6149954484786	0.652333240312192
3.95	1.95	0.16140051785911	0.799197568235927	-0.000742631772149424	8.56241125635163	0.664560207143644
4.05	1.95	0.197868960909474	0.799011859149514	-0.000698321674980281	8.50877246752136	0.679147584363789
4.15	1.95	0.240775747530379	0.798799690841763	-0.000623274225750352	8.4538818608572	0.696310299012152
4.25	1.95	0.290283244066892	0.798557897981971	-0.00051638285807851	8.39752997647902	0.716113297626757
4.35	1.95	0.345966125250838	0.798292704803825	-0.000380789230527577	8.33951027415809	0.738386450100335
4.45	1.95	0.406657862775138	0.798025620394713	-0.000224327036008306	8.27964027238334	0.762663145110055
4.55	1.95	0.470452484903889	0.797793310913629	-5.86135342599823e-05	8.2177853273997	0.788180993961555
4.65	1.95	0.534922541124548	0.797638187741766	0.000103146137922846	8.15387916652895	0.813969016449819
4.75	1.95	0.597519307297707	0.797593069097969	0.000248897562134261	8.08793477221934	0.839007722919083
4.85	1.95	0.656020082954522	0.797668766807506	0.000369979037915235	8.02004181658782	0.862408033181809
4.95	1.95	0.708858587170542	0.79785174260181	0.000462143183478088	7.95035158071199	0.883543434868217
5.05	1.95	0.755242763660005	0.798111614212186	0.00052528790062158	7.87905448166247	0.902097105464002
5.15	1.95	0.795073000322982	0.79841256282752	0.00056234565524081	7.8063567441743	0.918029200129193
5.25	1.95	0.828746118172276	0.79872264677339	0.000577921771853203	7.73246127120218	0.93149844726891
5.35	1.95	0.856938431247922	0.799018483866542	0.000577117032841146	7.65755496190686	0.942775372499169
5.45	1.95	0.880427950402498	0.799285891936015	0.00056472468900919	7.58180228019958	0.952171180160999
5.55	1.95	0.899976518758338	0.799518278282187	0.000544803307848695	7.50534356241963	0.959990607503335
5.65	1.95	0.916266756704966	0.799714345155929	0.000520534937541505	7.42829627134573	0.966506702681986
5.75	1.95	0.929878352727736	0.799875999999074	0.000494260116446112	7.35075770610464	0.971951341091094
5.85	1.95	0.94128790953363	0.800006792824047	0.000467600528273607	7.27280815978345	0.976515163813452
5.95	1.95	0.950880373700232	0.800110887796277	0.000441609521488896	7.19451395182395	0.980352149480093
6.05	1.95	0.958964457715438	0.800192454716262	0.000416916690935428	7.1159300726076	0.983585783086175
6.15	1.95	0.965787928019804	0.800255348928158	0.000393851047094385	7.03710236591508	0.986315171207922
6.25	1.95	0.971550910017559	0.800302971801337	0.000372538384217582	6.95806927281031	0.988620364007024
6.35	1.95	0.976416666700737	0.800338235670668	0.000352974236090198	6.87886320132675	0.990566666680295
6.45	1.95	0.98051995862156	0.800363584209196	0.000335076237510702	6.79951159558758	0.992207983448624
6.55	1.95	0.983973356209708	0.800381038697221	0.000318720276030682	6.72003777215719	0.993589342483883
6.65	1.95	0.986871933783402	0.800392253408416	0.000303764482137725	6.64046157997647	0.994748773513361
6.75	1.95	0.989296738833822	0.800398571171779	0.000290064426546999	6.56079992803032	0.995718695533529
6.85	1.95	0.99131736093118	0.800401074754832	0.000277482158845828	6.48106721406268	0.996526944372472
6.95	1.95	0.992993851723966	0.800400632283034	0.000265891062963494	6.40127567886585	0.997197540689586
7.05	1.95	0.994378183496589	0.800397936283253	0.000255177965300221	6.32143570391173	0.997751273398635
7.15	1.95	0.995515382267039	0.800393536628719	0.000245243513378358	6.24155606506962	0.998206152906816
7.25	1.95	0.996444432050579	0.800387867972291	0.00023600152862656	6.16164415151297	0.998577772820232
7.35	1.95	0.997199017785392	0.800381272362589	0.000227377809113904	6.08170615632287	0.998879607114157
7.45	1.95	0.997808153321282	0.800374017740045	0.000219308693797585	6.00174724347685	0.999123261328513
7.55	1.95	0.998296725844026	0.800366312963129	0.000211739585040619	5.92177169465266	0.99931869033761
7.65	1.95	0.998685977553721	0.800358319945827	0.000204623546568426	5.84178303841888	0.999474391021488
7.75	1.95	0.998993938116632	0.800350163413895	0.000197920039993558	5.76178416380785	0.999597575246653
7.85	1.95	0.999235816461401	0.800341938713394	0.000191593827439563	5.68177741988588	0.99969432658456
7.95	1.95	0.999424357227992	0.800333718038556	0.000185614044918392	5.6017647026875	0.999769742891197
8.05	1.95	0.999570165115811	0.800325555384329	0.000179953437364598	5.52174753071986	0.999828066046325
8.15	1.95	0.999681999159453	0.800317490476563	0.000174587738860097	5.44172711013801	0.999872799663781
8.25	1.95	0.99976703832306	0.80030955188584	0.000169495177675852	5.36170439061852	0.999906815329224
8.35	1.95	0.999831119551811	0.800301759492749	0.000164656085609309	5.28168011290298	0.999932447820725
8.45	1.95	0.999878949406606	0.800294126438719	0.000160052591809965	5.20165484893306	0.999951579762643
8.55	1.95	0.99991429052942	0.800286660669944	0.000155668383571894	5.12162903545009	0.999965716211768
8.65	1.95	0.999940124365938	0.800279366159066	0.000151488518503231	5.0416030018796	0.999976049746375
8.75	1.95	0.99995879175666	0.80027224387198	0.000147499275823443	4.9615769932654	0.999983516702664
8.85	1.95	0.99997211316396	0.800265292532177	0.000143688036360555	4.88155118895736	0.999988845265584
8.95	1.95	0.99998149041174	0.800258509223912	0.000140043183412078	4.80152571769333	0.999992596164696
9.05	1.95	0.999987991868074	0.800251889866812	0.000136554018479335	4.72150066965111	0.99999519674723
9.15	1.95	0.999992422999479	0.800245429587309	0.000133210687562119	4.64147610598071	0.999996969199792
9.25	1.95	0.999995384173364	0.800239123007075	0.00013000411488961	4.56145206626413	0.999998153669346
9.35	1.95	0.999997317491175	0.800232964464726	0.000126925942152559	4.48142857428866	0.99999892699647
9.45	1.95	0.999998544308568	0.800226948183585	0.000123968471713347	4.40140564246347	0.999999417723427
9.55	1.95	0.999999294950945	0.800221068395956	0.000121124613325807	4.32138327515699	0.999999717980378
9.65	1.95	0.99999973197223	0.800215319432636	0.000118387833699903	4.24136147118595	0.999999892788892
9.75	1.95	0.999999968140317	0.800209695784449	0.000115752108897696	4.16134022564564	0.999999987256127
9.85	1.95	1.00000008017094	0.800204192141604	0.000113211879437257	4.08131953123513	1.00000003206838
9.95	1.95	1.00000011907804	0.800198803415795	0.000110762008179439	4.00129937920031	1.00000004763122
10.05	1.95	1.00000011786694	0.800193524748701	0.000108397741046153	3.92127975999201	1.00000004714678
10.15	1.95	1.00000009716855	0.800188351510216	0.000106114670506388	3.84126066371482	1.00000003886742
10.25	1.95	1.00000006930046	0.800183279288893	0.000103908702019436	3.76124208042483	1.00000002772019
10.35	1.95	1.00000004114344	0.800178303876739	0.000101776023305921	3.68122400032036	1.00000001645738
10.45	1.95	1.00000001613917	0.800173421249868	9.97130764260624e-05	3.6012064138586	1.00000000645567
10.55	1.95	0.999999995647043	0.800168627546275	9.77165327926895e-05	3.5211893118223	0.999999998258817
10.65	1.95	0.999999979841307	0.800163919041718	9.57832709657185e-05	3.44117268535402	0.999999991936523
10.75	1.95	0.999999968285018	0.800159292124126	9.39103572995276e-05	3.36115652597019	0.999999987314007
10.85	1.95	0.999999960281793	0.800154743267229	9.20950295439162e-05	3.28114082556372	0.999999984112717
10.95	1.95	0.999999955078671	0.800150269003355	9.0334683426326e-05	3.20112557640085	0.999999982031469
11.05	1.95	0.999999951972598	0.80014586589572	8.86268624261549e-05	3.12111077111619	0.999999980789039
11.15	1.95	0.999999950357437	0.800141530509933	8.69692509027745e-05	3.04109640270833	0.999999980142975
11.25	1.95	0.999999949737115	0.800137259384797	8.53596708506823e-05	2.96108246453753	0.999999979894846
11.35	1.95	0.999999949722344	0.800133049001958	8.37960827038373e-05	2.88106895032634	0.999999979888937
11.45	1.95	0.999999950022561	0.800128895754411	8.22765905723823e-05	2.80105585416358	0.999999980009024
11.55	1.95	0.999999950440342	0.800124795913439	8.07994527008921e-05	2.72104317051176	0.999999980176137
11.65	1.95	0.999999950871971	0.800120745593999	7.93630980504185e-05	2.64103089421805	0.999999980348788
11.75	1.95	0.999999951314502	0.800116740718708	7.79661505546048e-05	2.56101902052858	0.999999980525801
11.85	1.95	0.999999951876186	0.800112776981037	7.6607463047941e-05	2.48100754510615	0.999999980750474
11.95	1.95	0.999999952783563	0.800108849809005	7.52861640275929e-05	2.40099646405122	0.999999981113425
12.05	1.95	0.999999954375241	0.800104954331814	7.40017210363787e-05	2.32098577392646	0.999999981750096
12.15	1.95	0.999999957070095	0.800101085353221	7.27540259072759e-05	2.24097547178478	0.999999982828038
12.25	1.95	0.999999961297757	0.800097237337213	7.15435075539643e-05	2.16096555520124	0.999999984519103
12.35	1.95	0.999999967382906	0.800093404413621	7.0371278349348e-05	2.08095602230843	0.999999986953163
12.45	1.95	0.999999975383319	0.800089580413452	6.92393189727599e-05	2.0009468718346	0.999999990153327
12.55	1.95	0.999999984894881	0.800085758945529	6.81507038942967e-05	1.9209381031424	0.999999993957952
12.65	1.95	0.999999994853461	0.800081933527497	6.71098645171054e-05	1.84092971626416	0.999999997941384
12.75	1.95	1.00000000337995	0.800078097784394	6.61228795721395e-05	1.76092171192707	1.00000000135198
12.85	1.95	1.00000000772514	0.800074245727457	6.51977724546691e-05	1.68091409155866	1.00000000309005
12.95	1.95	1.00000000436823	0.800070372123665	6.43447839786167e-05	1.60090685725981	1.00000000174729
13.05	1.95	0.999999989300953	0.800066472963971	6.35765780477482e-05	1.52090001172994	0.999999995720381
13.15	1.95	0.999999958486323	0.800062546035512	6.29083287694682e-05	1.44089355812824	0.999999983394529
13.25	1.95	0.999999908425632	0.800058591601027	6.23576327382358e-05	1.36088749985503	0.999999963370253
13.35	1.95	0.999999836718835	0.800054613187631	6.19441903632308e-05	1.2808818402408	0.999999934687534
13.45	1.95	0.999999742495564	0.800050618485165	6.16892049707325e-05	1.20087658213402	0.999999896998226
13.55	1.95	0.999999626667325	0.800046620347187	6.16144546129358e-05	1.12087172738282	0.99999985066693
13.65	1.95	0.999999492137963	0.80004263786779	6.17409956256927e-05	1.04086727620654	0.999999796855185
13.75	1.95	0.999999344408765	0.800038697463577	6.20874555368668e-05	0.960863226448568	0.999999737763506
13.85	1.95	0.999999193360302	0.800034833812436	6.26678679413554e-05	0.880859572692737	0.999999677344121
13.95	1.95	0.999999057224349	0.80003109038462	6.34890049531683e-05	0.80085630521441	0.99999962288974
14.05	1.95	0.99999896960831	0.800027519158888	6.45471971722736e-05	0.720853408736425	0.999999587843324
14.15	1.95	0.999998989555513	0.800024178983167	6.5824729054604e-05	0.6408508609874	0.999999595822205
14.25	1.95	0.999999212682586	0.800021131981559	6.72860878096713e-05	0.560848631141681	0.999999685073034
14.35	1.95	0.999999778271247	0.800018437515803	6.88746297651159e-05	0.480846678383462	0.999999911308499
14.45	1.95	1.00000086306394	0.800016143565627	7.05105638640082e-05	0.400844951100563	1.00000034522558
14.55	1.95	1.00000264837844	0.80001427603904	7.20914302277776e-05	0.320843387569579	1.00000105935137
14.65	1.95	1.0000052449387	0.800012827407336	7.34963229326252e-05	0.240841919392283	1.00000209797548
14.75	1.95	1.00000856253845	0.80001174639493	7.45948353723394e-05	0.160840479264614	1.00000342501538
14.85	1.95	1.00001212325549	0.800009582299183	7.52610616707876e-05	0.0808390148172263	1.00000484930219
14.95	1.95	1.00001484157587	0.400014087973092	7.5412958119866e-05	0.000837780448445749	1.00000593663035
0.05	2.05	-4.385492376842e-06	0.400005568075966	-0.000290419228779702	10.4560146630437	0.599998245803049
0.15	2.05	-5.08693191268345e-06	0.800017081320073	-0.000290277431776589	10.4080141352053	0.599997965227235
0.25	2.05	-5.78002267663032e-06	0.800028755385977	-0.000290016715193391	10.3600129388349	0.599997687990929
0.35	2.05	-5.76967263277734e-06	0.800040627835925	-0.000289683810882845	10.3120110544587	0.599997692130947
0.45	2.05	-4.30279630521163e-06	0.800052771510584	-0.000289340742526164	10.2640084327234	0.599998278881478
0.55	2.05	-5.95776816563107e-07	0.800065199595219	-0.000289058544777289	10.2160049972116	0.599999761689273
0.65	2.05	6.04821933187881e-06	0.800077887924524	-0.000288913182225531	10.1680006468277	0.600002419287733
0.75	2.05	1.6030348341854e-05	0.800090771147715	-0.000288980757788265	10.1199952634458	0.600006412139337
0.85	2.05	2.91700061090143e-05	0.800103748978198	-0.000289305758326734	10.0719887281261	0.600011668002444
0.95	2.05	4.45112006001765e-05	0.800116394441643	-0.000289889824887527	10.0239809463266	0.60001780448024
1.05	2.05	5.79039523417662e-05	0.800128831451943	-0.00029078379889879	9.97597191152828	0.600023161580937
1.15	2.05	6.36862315492582e-05	0.800141076895571	-0.000292057586774553	9.92796177995488	0.60002547449262
1.25	2.05	5.56572308518926e-05	0.800153103643398	-0.00029374086165282	9.87995090550127	0.600022262892341
1.35	2.05	2.79563641003581e-05	0.800164937118306	-0.00029587266287418	9.83193984459696	0.60001118254564
1.45	2.05	-2.34474598086213e-05	0.800176647687248	-0.000298503164770989	9.78392932328032	0.599990621016076
1.55	2.05	-9.87364899385445e-05	0.800188319954082	-0.000301687493782057	9.73592014763831	0.599960505404025
1.65	2.05	-0.000191992032364375	0.800200003641283	-0.000305477281902457	9.68791304528929	0.599923203187054
1.75	2.05	-0.000289155981099296	0.800211644874145	-0.000309909163862381	9.63990843752943	0.59988433760756
1.85	2.05	-0.000366797090582882	0.800222993911453	-0.000314986852596296	9.59190615853455	0.599853281163767
1.95	2.05	-0.000392400192808112	0.800233481255576	-0.000320646686975123	9.54390515955417	0.599843039922877
2.05	2.05	-0.000327041358113514	0.800242050215395	-0.000326703667626862	9.49590326144775	0.599869183456755
2.15	2.05	-0.000131832708985896	0.800246809104268	-0.000332987409667341	9.44789705021532	0.599947266916406
2.25	2.05	0.000218100690686587	0.8002529774085	-0.000341037421478206	9.39988208394389	0.600087240276275
2.35	2.05	0.000775078574469428	0.800259011309874	-0.00035119545678389	9.35185272974531	0.600310031429788
2.45	2.05	0.00161530280057652	0.800261905086759	-0.000362201272850694	9.30380138115956	0.600646121120231
2.55	2.05	0.00282608610252209	0.800260371752905	-0.000374103785599805	9.25571788755772	0.601130434441009
2.65	2.05	0.00450667133268305	0.80025309643505	-0.000387000485900457	9.20758920780292	0.601802668533073
2.75	2.05	0.00677068100801103	0.800238666074069	-0.000400892239374359	9.15939899738548	0.602708272403204
2.85	2.05	0.00974881815074566	0.800215573054309	-0.000415695843795255	9.11112711461388	0.603899527260298
2.95	2.05	0.0135921791764961	0.800182232122809	-0.00043125322437042	9.06274903571313	0.605436871670598
3.05	2.05	0.0184767229179531	0.800137037637717	-0.000447322397300966	9.01423514870284	0.607390689167181
3.15	2.05	0.0246094074633106	0.800078469280206	-0.000463556382938829	8.96554987791751	0.609843762985324
3.25	2.05	0.0322364449452253	0.800005240212855	-0.000479473875379346	8.91665057535521	0.61289457797809
3.35	2.05	0.0416539620135728	0.799916468271745	-0.000494422869965397	8.86748610261303	0.616661584805429
3.45	2.05	0.0532209417224049	0.799811828503485	-0.000507538460680047	8.81799502344013	0.621288376688962
3.55	2.05	0.0673734397113638	0.799691611868158	-0.000517698541491801	8.76810334356733	0.626949375884545
3.65	2.05	0.0846374187121139	0.799556578863961	-0.00052348641319233	8.71772179149817	0.633854967484845
3.75	2.05	0.105634829239216	0.799407487387751	-0.000523177723597323	8.66674276113489	0.642253931695687
3.85	2.05	0.131073705901699	0.799244252494961	-0.000514780111697584	8.61503727054023	0.652429482360679
3.95	2.05	0.16170872072044	0.799064948055592	-0.000496163709953742	8.56245265772341	0.664683488288176
4.05	2.05	0.19825610230324	0.798865328013655	-0.000465320282203398	8.50881221447792	0.679302440921296
4.15	2.05	0.241250716047233	0.798640048334048	-0.000420764067216327	8.45391842357995	0.696500286418893
4.25	2.05	0.290849675883609	0.79838671004683	-0.00036202674609561	8.3975616092744	0.716339870353443
4.35	2.05	0.346619467486835	0.798112378306007	-0.000290111710215565	8.33953517634632	0.738647786994734
4.45	2.05	0.407383425736879	0.797839350471461	-0.000207707072758465	8.2796568200703	0.762953370294752
4.55	2.05	0.47122576282417	0.797604840067053	-0.00011898507131353	8.21779233121984	0.788490305129668
4.65	2.05	0.535712417497066	0.797451392045687	-2.89692581904879e-05	8.15387608243244	0.814284966998826
4.75	2.05	0.598293398637494	0.797411494309397	5.73426992804251e-05	8.08792179418619	0.839317359454998
4.85	2.05	0.656750300360172	0.797495279365722	0.000135795829449125	8.02001981948096	0.862700120144069
4.95	2.05	0.70952494405017	0.797688389216821	0.00020358376200221	7.95032193848336	0.883809977620068
5.05	2.05	0.755834530545294	0.797959665912568	0.000259363330506481	7.87901882691297	0.902333812218118
5.15	2.05	0.795587602555821	0.798272653463628	0.000303058135664845	7.80631673988862	0.918235041022329
5.25	2.05	0.829186857256894	0.798594925694099	0.000335502856455791	7.73241844120526	0.931674742902758
5.35	2.05	0.857312058633484	0.798902744685146	0.000358065988288396	7.65751059426664	0.942924823453394
5.45	2.05	0.880742699035734	0.799181672009735	0.000372334879071286	7.58175739406519	0.952297079614294
5.55	2.05	0.900240777960192	0.799424935979528	0.000379893827792534	7.50529891852267	0.960096311184077
5.65	2.05	0.916488322620886	0.799631122040997	0.000382191312346363	7.42825240633505	0.966595329048354
5.75	2.05	0.930064093651199	0.799802071784858	0.000380476693784506	7.35071497567605	0.97202563746048
5.85	2.05	0.941443687359381	0.799941310569275	0.000375783783045805	7.27276678122921	0.976577474943752
5.95	2.05	0.951011101487379	0.800053009972579	0.000368942004192786	7.19447404123817	0.980404440594951
6.05	2.05	0.95907421583636	0.800141370824671	0.000360601178436505	7.11589167505992	0.983629686334544
6.15	2.05	0.965880094739638	0.800210295657169	0.000351260930407697	7.03706547865591	0.986352037895855
6.25	2.05	0.971628284523563	0.800263242956587	0.0003412995498996	6.95803386239691	0.988651313809425
6.35	2.05	0.97648157570737	0.800303187177232	0.000330999748723714	6.87882921582895	0.990592630282948
6.45	2.05	0.980574344639109	0.800332635414481	0.000320570360258082	6.7994789730077	0.992229737855644
6.55	2.05	0.984018848811828	0.800353671043093	0.000310163927820304	6.72000644604592	0.993607539524731
6.65	2.05	0.986909906411892	0.800368007348291	0.000299890570840811	6.64043148303569	0.994763962564757
6.75	2.05	0.989328353861573	0.80037704201545	0.000289828689743645	6.56077099431173	0.995731341544629
6.85	2.05	0.991343605442787	0.800381907951931	0.000280033095324314	6.48103938021456	0.996537442177115
6.95	2.05	0.993015566066316	0.800383518511793	0.000270541100731851	6.40124888475538	0.997206226426527
7.05	2.05	0.994396084238944	0.800382606596521	0.000261377038514395	6.32140989285342	0.997758433695578
7.15	2.05	0.995530080847572	0.800379757821004	0.000252555582893755	6.24153118381869	0.998212032339029
7.25	2.05	0.996456450089105	0.800375438266056	0.000244084181185444	6.16162015012942	0.998582580035642
7.35	2.05	0.997208799807057	0.800370017465159	0.000235964831412873	6.08168298797477	0.998883519922823
7.45	2.05	0.99781607745403	0.800363787289222	0.000228195387285537	6.00172486422469	0.999126430981612
7.55	2.05	0.998303112913571	0.800356977357872	0.000220770526392846	5.92175006323882	0.999321245165429
7.65	2.05	0.998691098893998	0.800349767544325	0.000213682481546086	5.8417621160742	0.999476439557599
7.75	2.05	0.998998022334141	0.800342298073046	0.000206921606682928	5.76176391407983	0.999599208933657
7.85	2.05	0.999239055332304	0.800334677639747	0.000200476827568605	5.68175780848849	0.999695622132922
7.95	2.05	0.999426910862702	0.800326989919317	0.00019433601141587	5.60174569737007	0.999770764345081
8.05	2.05	0.999572166493564	0.800319298767615	0.000188486277720297	5.52172910115157	0.999828866597425
8.15	2.05	0.999683558112141	0.800311652371368	0.000182914264213611	5.4417092278043	0.999873423244857
8.25	2.05	0.999768245031225	0.800304086554988	0.000177606356849336	5.36168702872604	0.99990729801249
8.35	2.05	0.999832047604292	0.800296627413909	0.000172548888269171	5.28166324629034	0.999932819041717
8.45	2.05	0.999879658467657	0.800289293411674	0.000167728308060294	5.20163845398539	0.999951863387063
8.55	2.05	0.999914828651849	0.800282097050434	0.000163131325979822	5.12161309001585	0.99996593146074
8.65	2.05	0.999940529985344	0.800275046202234	0.000158745030090627	5.04158748518901	0.999976211994137
8.75	2.05	0.999959095399258	0.80026814517024	0.000154556980692427	4.96156188585006	0.999983638159703
8.85	2.05	0.999972338898604	0.800261395534353	0.000150555281709711	4.88153647257112	0.999988935559442
8.95	2.05	0.999981657075001	0.800254796824484	0.000146728631550758	4.80151137523465	0.99999266283
9.05	2.05	0.999988114089573	0.80024834705516	0.00014306635528852	4.72148668508731	0.999995245635829
9.15	2.05	0.999992512052968	0.800242043148441	0.000139558420582966	4.64146246427464	0.999997004821187
9.25	2.05	0.999995448677175	0.800235881266585	0.000136195439750175	4.56143875330359	0.99999817947087
9.35	2.05	0.999997363979712	0.80022985707139	0.000132968660326128	4.48141557681912	0.999998945591885
9.45	2.05	0.999998577694493	0.800223965924184	0.00012986994646966	4.40139294802431	0.999999431077797
9.55	2.05	0.999999318895623	0.800218203037638	0.0001268917533592	4.32137087202161	0.999999727558249
9.65	2.05	0.999999749179976	0.800212563588603	0.000124027096554777	4.24134934830578	0.999999899671991
9.75	2.05	0.99999998058997	0.80020704279951	0.000121269517991462	4.16132837259824	0.999999992235988
9.85	2.05	1.00000008929641	0.800201635994719	0.000118613050155732	4.08130793817624	1.00000003571856
9.95	2.05	1.00000012590777	0.800196338636879	0.000116052179525048	4.00128803681987	1.00000005036311
10.05	2.05	1.00000012313053	0.800191146347669	0.000113581810391841	3.92126865947395	1.00000004925221
10.15	2.05	1.00000010137757	0.80018605491631	0.000111197229724967	3.84124979670039	1.00000004055103
10.25	2.05	1.00000007280901	0.800181060298911	0.000108894073705217	3.76123143897936	1.00000002912361
10.35	2.05	1.0000000441931	0.800176158610763	0.000106668296364324	3.68121357690308	1.00000001767724
10.45	2.05	1.00000001889207	0.800171346113493	0.000104516140628864	3.60119620129538	1.00000000755683
10.55	2.05	0.999999998209982	0.800166619198539	0.000102434111981125	3.52117930328091	0.999999999283993
10.65	2.05	0.999999982283247	0.800161974367983	0.00010041895495975	3.44116287432167	0.999999992913299
10.75	2.05	0.999999970649795	0.800157408213558	9.84676326237717e-05	3.36114690623318	0.999999988259918
10.85	2.05	0.999999962597397	0.800152917394391	9.65773090910108e-05	3.28113139118865	0.999999985038959
10.95	2.05	0.999999957364107	0.80014849861393	9.47453354059097e-05	3.20111632171731	0.999999982945643
11.05	2.05	0.999999954242944	0.800144148596203	9.29692388127965e-05	3.12110169070046	0.999999981697178
11.15	2.05	0.999999952627379	0.800139864061556	9.12467157230043e-05	3.04108749136776	0.999999981050952
11.25	2.05	0.99999995202286	0.800135641701923	8.95756286576702e-05	2.96107371729522	0.999999980809144
11.35	2.05	0.999999952041503	0.800131478155651	8.79540074368043e-05	2.88106036240573	0.999999980816601
11.45	2.05	0.999999952391317	0.800127369981765	8.63800551097112e-05	2.80104742097245	0.999999980956527
11.55	2.05	0.999999952867137	0.80012331363377	8.48521591550287e-05	2.72103488762512	0.999999981146855
11.65	2.05	0.999999953347191	0.800119305433119	8.33689087002516e-05	2.6410227573593	0.999999981338877
11.75	2.05	0.999999953796325	0.80011534154285	8.19291189499425e-05	2.56101102554819	0.99999998151853
11.85	2.05	0.999999954274059	0.800111417942032	8.05318643145571e-05	2.48099968795697	0.999999981709624
11.95	2.05	0.999999954942784	0.800107530402782	7.91765224998915e-05	2.40098874075918	0.999999981977114
12.05	2.05	0.99999995606862	0.800103674471989	7.78628324349171e-05	2.32097818055514	0.999999982427448
12.15	2.05	0.999999958005413	0.800099845461739	7.65909696901441e-05	2.24096800439195	0.999999983202165
12.25	2.05	0.999999961151861	0.800096038453374	7.53616434624116e-05	2.1609582097848	0.999999984460744
12.35	2.05	0.999999965873759	0.800092248322314	7.41762191993653e-05	2.08094879473899	0.999999986349504
12.45	2.05	0.999999972388636	0.800088469792334	7.30368698133289e-05	2.00093975777118	0.999999988955454
12.55	2.05	0.999999980618789	0.800084697529516	7.19467559823261e-05	1.92093109792792	0.999999992247516
12.65	2.05	0.999999990029792	0.800080926287061	7.09102315266408e-05	1.84092281479761	0.999999996011917
12.75	2.05	0.999999999482468	0.800077151111951	6.99330634155097e-05	1.76091490851031	0.999999999792987
12.85	2.05	1.00000000713309	0.80007336762316	6.90226473877867e-05	1.6809073797179	1.00000000285324
12.95	2.05	1.00000001041455	0.800069572368159	6.81881904699951e-05	1.60090022954462	1.00000000416582
13.05	2.05	1.00000000611693	0.800065763260315	6.74408218016818e-05	1.5208934594971	1.00000000244677
13.15	2.05	0.999999990559938	0.80006194009466	6.67935853817815e-05	1.44088707132232	0.999999996223975
13.25	2.05	0.999999959819153	0.800058105134049	6.62612638361865e-05	1.36088106680338	0.999999983927661
13.35	2.05	0.999999909950819	0.800054263751882	6.5859983415835e-05	1.28087544748581	0.999999963980327
13.45	2.05	0.99999983718117	0.800050425110967	6.56065568402432e-05	1.20087021433041	0.999999934872468
13.55	2.05	0.999999738116547	0.80004660284819	6.55175320696486e-05	1.1208653672916	0.999999895246619
13.65	2.05	0.999999610209066	0.800042815717335	6.56079293975076e-05	1.04086090481991	0.999999844083626
13.75	2.05	0.999999452968815	0.800039088112097	6.58896643536941e-05	0.960856823282012	0.999999781187526
13.85	2.05	0.999999270679079	0.800035450342931	6.63696704488877e-05	0.880853116280976	0.999999708271632
13.95	2.05	0.999999077495776	0.800031938474441	6.70477582575145e-05	0.800849773847144	0.99999963099831
14.05	2.05	0.999998905555595	0.800028593454027	6.79142865883039e-05	0.720846781464577	0.999999562222238
14.15	2.05	0.999998815772946	0.800025459201623	6.89477917027228e-05	0.640844118917249	0.999999526309178
14.25	2.05	0.99999890908145	0.800022579326243	7.01128334036011e-05	0.560841759006547	0.99999956363258
14.35	2.05	0.999999332841867	0.800019992240916	7.13584700930241e-05	0.48083966633471	0.999999733136747
14.45	2.05	1.00000027325061	0.80001772471354	7.2617941695088e-05	0.400837796589242	1.00000010930024
14.55	2.05	1.00000192075311	0.800015784340002	7.38102638130592e-05	0.320836097102068	1.00000076830124
14.65	2.05	1.00000439352521	0.800014152027311	7.48444440698233e-05	0.240834509852896	1.00000175741009
14.75	2.05	1.00000760692262	0.80001277562347	7.56268547869509e-05	0.160832978428985	1.00000304276905
14.85	2.05	1.00001108820313	0.800010228312384	7.60719143816462e-05	0.0808314606583547	1.00000443528125
14.95	2.05	1.0000137597895	0.400014230411555	7.6137828356909e-05	0.000830216712863137	1.0000055039158
0.05	2.15	-4.39207636921871e-06	0.400005616481362	-0.000301837477229589	10.4560324293952	0.599998243169452
0.15	2.15	-5.09275546412629e-06	0.800017216123196	-0.000301782665644591	10.4080318959589	0.599997962897814
0.25	2.15	-5.78336968471528e-06	0.800028947035503	-0.000301684389179127	10.3600306893829	0.599997686652126
0.35	2.15	-5.76908986883953e-06	0.80004083179232	-0.000301572878573024	10.3120287924289	0.599997692364053
0.45	2.15	-4.29967826758346e-06	0.800052933983656	-0.000301489323396271	10.2640261587598	0.599998280128693
0.55	2.15	-5.97373099389647e-07	0.800065263375943	-0.000301481871189889	10.2160227154859	0.59999976105076
0.65	2.15	6.03245086207901e-06	0.800077797360663	-0.000301600925219576	10.1680183653131	0.600002412980345
0.75	2.15	1.60226623439901e-05	0.800090477676808	-0.000301888501678447	10.1200129935977	0.600006409064938
0.85	2.15	2.93140407417584e-05	0.800103168015761	-0.000302340040526189	10.072006482321	0.600011725616297
0.95	2.15	4.48086863153044e-05	0.800115497293821	-0.000302962972249844	10.0239987369767	0.600017923474526
1.05	2.15	5.8162385738729e-05	0.800127667669818	-0.000303811418307889	9.97598975434314	0.600023264954295
1.15	2.15	6.38385145569534e-05	0.800139649377333	-0.000304910597019977	9.92797969372284	0.600025535405823
1.25	2.15	5.56393055678899e-05	0.800151427852225	-0.00030626315037356	9.87996890987885	0.600022255722227
1.35	2.15	2.7653207843828e-05	0.800163043747385	-0.000307882697771624	9.83195796061591	0.600011061283138
1.45	2.15	-2.42067151887791e-05	0.800174584205399	-0.000309799202496874	9.78394757427384	0.599990317313924
1.55	2.15	-0.00010016737556342	0.80018615077278	-0.000312055440196842	9.7359385598755	0.599959933049775
1.65	2.15	-0.000194335669508552	0.800197809539819	-0.00031470133387636	9.68793164816686	0.599922265732197
1.75	2.15	-0.000292649003729071	0.800209524454092	-0.000317783641956377	9.63992726305649	0.599882940398508
1.85	2.15	-0.000371628106035607	0.800221072364083	-0.000321324326048975	9.59192523942711	0.599851348757586
1.95	2.15	-0.000398688870581097	0.80023193058139	-0.000325287660129316	9.54392452488269	0.599840524451767
2.05	2.15	-0.00033504965005527	0.800241093749253	-0.000329581195970356	9.49592293096643	0.599865980139978
2.15	2.15	-0.000143030237557481	0.800246679587525	-0.00033421541098922	9.44791704298182	0.599942787904977
2.25	2.15	0.000199301712477621	0.80025545296119	-0.000339730721486174	9.39990248586805	0.600079720684991
2.35	2.15	0.000752333607205548	0.800262696212839	-0.000345850645841387	9.35187362892322	0.600300933442882
2.45	2.15	0.00158952870488902	0.8002669347309	-0.000351652667909166	9.30382279682502	0.600635811481956
2.55	2.15	0.00279675503974496	0.800267041078947	-0.000356948194185977	9.25573983262325	0.601118702015898
2.65	2.15	0.00447283459049905	0.800261881911362	-0.000361674912536581	9.20761169945849	0.6017891338362
2.75	2.15	0.00673129777027623	0.80025019241623	-0.000365664433475113	9.15942205128935	0.602692519108111
2.85	2.15	0.00970278611885408	0.800230587334102	-0.000368625311314285	9.11115073818326	0.603881114447542
2.95	2.15	0.0135382807326126	0.800201604239519	-0.00037017755807363	9.06277322309571	0.605415312293045
3.05	2.15	0.0184135577248334	0.800161774874194	-0.000369890286004702	9.0142598769261	0.607365423089933
3.15	2.15	0.0245353296035837	0.800109731925247	-0.000367319235419473	8.96557510365955	0.609814131841434
3.25	2.15	0.0321495101622269	0.800044349282857	-0.000362050469039118	8.91667623214914	0.612859804064891
3.35	2.15	0.0415518915755263	0.799964897989763	-0.000353755849370335	8.86751209854554	0.616620756630211
3.45	2.15	0.0531011148155697	0.799871175664008	-0.000342262715085412	8.81802123950959	0.621240445926228
3.55	2.15	0.0672329337467256	0.79976353292353	-0.000327635133366755	8.76812963285035	0.62689317349869
3.65	2.15	0.0844731257545723	0.799642684806531	-0.000310256090110925	8.71774797912297	0.633789250301829
3.75	2.15	0.105443685362415	0.799509187685154	-0.000290888058979436	8.66676864473888	0.642177474144966
3.85	2.15	0.130853074323209	0.799362544316777	-0.000270674702619246	8.61506262038882	0.652341229729283
3.95	2.15	0.161456960018164	0.799200158046905	-0.000251034918490666	8.56247721508689	0.664582784007266
4.05	2.15	0.197973313215284	0.79901683278511	-0.000233405332353438	8.50883568653673	0.679189325286114
4.15	2.15	0.240939578727551	0.798806026051979	-0.000218827437123797	8.45394047369524	0.696375831491021
4.25	2.15	0.290516164077556	0.798564002192365	-0.000207461510104452	8.39758184370181	0.716206465631022
4.35	2.15	0.346273101727539	0.798296551131333	-0.000198217003424505	8.33955313262211	0.738509240691016
4.45	2.15	0.407036711413207	0.798025016617373	-0.000188741440077826	8.27967196694048	0.762814684565283
4.55	2.15	0.470892670660234	0.79778622107926	-0.000175914393821978	8.21780409151532	0.788357068264093
4.65	2.15	0.535406196013849	0.797622999931018	-0.000156743742628694	8.1538838847818	0.814162478405539
4.75	2.15	0.598024418580941	0.797568749798534	-0.000129306651213654	8.08792514688757	0.839209767432377
4.85	2.15	0.656524684888586	0.797634914373554	-9.33233747466387e-05	8.02001838679154	0.862609873955434
4.95	2.15	0.709344349983327	0.797808578825325	-5.01550036846896e-05	7.95031559526625	0.883737739993331
5.05	2.15	0.755696905366183	0.798059930552377	-2.3173507595139e-06	7.87900767563541	0.902278762146473
5.15	2.15	0.795488421047184	0.798353617185773	4.72100068259869e-05	7.80630108889538	0.918195368418874
5.25	2.15	0.829120356098758	0.798658014847478	9.56051561262073e-05	7.73239875574348	0.931648142439503
5.35	2.15	0.857272192927328	0.798949888881858	0.000140604925787594	7.65748743650202	0.942908877170931
5.45	2.15	0.880723753341464	0.799215044685936	0.000180666399075588	7.58173136598129	0.952289501336586
5.55	2.15	0.900237685728615	0.799446751837496	0.000214947646825189	7.50527061596104	0.960095074291446
5.65	2.15	0.916496785081938	0.799643494286762	0.000243187142634484	7.42822238696112	0.966598714032775
5.75	2.15	0.930080579810836	0.799806923076251	0.000265547892099226	7.3506837399765	0.972032231924334
5.85	2.15	0.941465372750378	0.799940327174094	0.00028246803213784	7.27273476388927	0.976586149100151
5.95	2.15	0.951035781026183	0.800047627610697	0.000294537941061183	7.19444160985916	0.980414312410473
6.05	2.15	0.959100210408194	0.800132781714096	0.000302409258339633	7.11585913352373	0.983640084163278
6.15	2.15	0.965906161512596	0.800199468284265	0.000306733290217583	7.03703307305922	0.986362464605039
6.25	2.15	0.971653535592158	0.800250948284463	0.000308123064196354	6.95800178810201	0.988661414236863
6.35	2.15	0.976505406787848	0.800290026975396	0.000307132791121578	6.87879762469637	0.990602162715139
6.45	2.15	0.980596374048464	0.800319069969605	0.000304249260384404	6.79944798026144	0.992238549619386
6.55	2.15	0.984038866208297	0.800340044676581	0.000299890877529763	6.71997613648755	0.993615546483319
6.65	2.15	0.986927830411934	0.80035457097345	0.000294411221269471	6.64040191649501	0.994771132164773
6.75	2.15	0.989344197500362	0.800363972493511	0.000288104974731475	6.56074221032488	0.995737679000145
6.85	2.15	0.991357448419497	0.800369324325551	0.000281214832462816	6.48101140197808	0.996542979367799
6.95	2.15	0.993027532760275	0.800371495371471	0.000273938523467185	6.40122172243212	0.99721101310411
7.05	2.15	0.99440632656609	0.800371184917504	0.000266435459250522	6.32138354631535	0.997762530626436
7.15	2.15	0.99553876512818	0.800368953630975	0.000258832759221678	6.24150564491031	0.998215506051272
7.25	2.15	0.996463747203827	0.8003652494924	0.000251230559310307	6.16159540452846	0.998585498881531
7.35	2.15	0.997214878020809	0.800360429279688	0.000243706600204802	6.08165901671737	0.998885951208323
7.45	2.15	0.997821097381331	0.800354776230108	0.000236320142071394	6.00170164495232	0.999128438952532
7.55	2.15	0.998307224182634	0.800348514467952	0.000229115275911747	5.92172757121478	0.999322889673054
7.65	2.15	0.998694438139805	0.800341820726367	0.00022212370912845	5.84174032500912	0.999477775255922
7.75	2.15	0.999000712213378	0.800334833827643	0.000215367101039743	5.7617427967985	0.999600284885351
7.85	2.15	0.999241204306666	0.800327662321169	0.000208859017104961	5.68173733746444	0.999696481722666
7.95	2.15	0.999428613542748	0.800320390618192	0.000202606562028206	5.6017258451496	0.999771445417099
8.05	2.15	0.999573504374299	0.800313083907999	0.000196611742767434	5.52170984068522	0.99982940174972
8.15	2.15	0.999684600564741	0.800305792091593	0.00019087260418802	5.44169053270067	0.999873840225897
8.25	2.15	0.999769050443685	0.800298552926776	0.000185384172546937	5.36166887344065	0.999907620177474
8.35	2.15	0.999832664587938	0.80029139454273	0.000180139236301127	5.2816456062603	0.999933065835175
8.45	2.15	0.999880127066836	0.800284337451581	0.00017512898819765	5.20162130571911	0.999952050826734
8.55	2.15	0.999915181511285	0.800277396158948	0.000170343549466697	5.12159641114597	0.999966072604514
8.65	2.15	0.999940793443743	0.800270580454846	0.000165772393017338	5.04157125449538	0.999976317377497
8.75	2.15	0.999959290489317	0.800263896449327	0.000161404680716164	4.96154608325896	0.999983716195727
8.85	2.15	0.9999724822427	0.800257347403481	0.000157229527721444	4.88152107913586	0.99998899289708
8.95	2.15	0.999981761672927	0.800250934396214	0.000153236204888155	4.80149637310214	0.999992704669171
9.05	2.15	0.999988190000002	0.80024465685807	0.000149414289719932	4.72147205745441	0.999995276000001
9.15	2.15	0.999992566974014	0.800238512997466	0.000145753774170899	4.64144819533743	0.999997026789605
9.25	2.15	0.999995488433959	0.800232500139302	0.000142245137308201	4.56142482820234	0.999998195373584
9.35	2.15	0.999997392928249	0.800226614992002	0.000138879389640167	4.48140198158095	0.999998957171299
9.45	2.15	0.999998599051858	0.800220853856006	0.000135648094856115	4.40137966950545	0.999999439620743
9.55	2.15	0.999999335006394	0.800215212784632	0.000132543374021719	4.32135789785035	0.999999734002557
9.65	2.15	0.999999761728512	0.800209687705799	0.000129557896735089	4.24133666682732	0.999999904691405
9.75	2.15	0.999999990767403	0.800204274512145	0.000126684862486221	4.16131597282196	0.999999996306961
9.85	2.15	1.00000009793033	0.800198969125672	0.0001239179755084	4.08129580972599	1.00000003917213
9.95	2.15	1.00000013356164	0.800193767541753	0.000121251415304417	4.00127616988748	1.00000005342465
10.05	2.15	1.00000013017885	0.800188665857054	0.000118679804837644	3.92125704477606	1.00000005207154
10.15	2.15	1.00000010806195	0.800183660284594	0.000116198177879952	3.84123842543873	1.00000004322478
10.25	2.15	1.00000007927936	0.800178747159082	0.000113801946691722	3.76122030280425	1.00000003171174
10.35	2.15	1.0000000505374	0.800173922934638	0.00011148687080546	3.68120266788008	1.00000002021496
10.45	2.15	1.00000002515764	0.800169184177028	0.000109249027712357	3.60118551187481	1.00000001006306
10.55	2.15	1.00000000441836	0.800164527551701	0.000107084785779512	3.52116882627011	1.00000000176734
10.65	2.15	0.999999988440515	0.800159949808945	0.000104990779880308	3.44115260285963	0.999999995376206
10.75	2.15	0.999999976753717	0.800155447766963	0.000102963889891648	3.36113683376722	0.999999990701487
10.85	2.15	0.999999968642403	0.800151018293592	0.000101001222468243	3.28112151145298	0.999999987456961
10.95	2.15	0.999999963344849	0.800146658287093	9.91000961041369e-05	3.20110662871297	0.99999998533794
11.05	2.15	0.999999960156887	0.800142364656419	9.72580298658212e-05	3.12109217867638	0.999999984062755
11.15	2.15	0.999999958476579	0.800138134301125	9.54727359543622e-05	3.04107815480253	0.999999983390632
11.25	2.15	0.999999957814807	0.800133964091188	9.37421163613799e-05	2.9610645508792	0.999999983125923
11.35	2.15	0.99999995778859	0.800129850846801	9.2064263898706e-05	2.88105136102299	0.999999983115436
11.45	2.15	0.99999995810828	0.800125791318317	9.04374679963912e-05	2.80103857968213	0.999999983243312
11.55	2.15	0.99999995856567	0.800121782166556	8.88602256481647e-05	2.72102620164166	0.999999983426268
11.65	2.15	0.999999959027072	0.800117819943805	8.73312580820281e-05	2.64101422203094	0.999999983610829
11.75	2.15	0.999999959432873	0.800113901076106	8.58495339415502e-05	2.56100263633308	0.999999983773149
11.85	2.15	0.999999959802773	0.800110021847767	8.44143000757956e-05	2.480991440396	0.999999983921109
11.95	2.15	0.999999960243574	0.800106178389661	8.30251213820597e-05	2.40098063044467	0.999999984097429
12.05	2.15	0.999999960954174	0.800102366673571	8.16819317137133e-05	2.32097020309396	0.99999998438167
12.15	2.15	0.99999996222065	0.80009858251602	8.03850982350813e-05	2.2409601553617	0.99999998488826
12.25	2.15	0.999999964393519	0.800094821596194	7.9135501856373e-05	2.16095048468112	0.999999985757408
12.35	2.15	0.999999967840148	0.800091079493972	7.79346362038849e-05	2.08094118891174	0.999999987136059
12.45	2.15	0.999999972868323	0.800087351755553	7.67847266064078e-05	2.00093226634726	0.999999989147329
12.55	2.15	0.999999979622175	0.800083633995197	7.56888682285231e-05	1.92092371571821	0.99999999184887
12.65	2.15	0.999999987958394	0.800079922042109	7.46511789716567e-05	1.84091553618618	0.999999995183358
12.75	2.15	0.999999997316914	0.800076212141096	7.36769571493386e-05	1.76090772732499	0.999999998926766
12.85	2.15	1.00000000660361	0.800072501213739	7.27728270412017e-05	1.68090028908308	1.00000000264144
12.95	2.15	1.00000001410006	0.800068787183596	7.19468472155757e-05	1.60089322171992	1.00000000564002
13.05	2.15	1.00000001740575	0.800065069364075	7.12085486798356e-05	1.52088652570919	1.0000000069623
13.15	2.15	1.00000001340293	0.800061348901631	7.05688632013456e-05	1.44088020160128	1.00000000536117
13.25	2.15	0.999999998222168	0.800057629259945	7.0039899167079e-05	1.36087424984007	0.999999999288867
13.35	2.15	0.999999967191545	0.800053916723302	6.9634523977598e-05	1.28086867053082	0.999999986876618
13.45	2.15	0.999999914797004	0.800050220889366	6.93657195818435e-05	1.20086346315951	0.999999965918801
13.55	2.15	0.999999834786471	0.800046555111774	6.92456914159076e-05	1.12085862626473	0.999999933914589
13.65	2.15	0.99999972072814	0.800042936839798	6.92847291757041e-05	1.04085415706179	0.999999888291256
13.75	2.15	0.999999567564509	0.800039387782324	6.9489839819342e-05	0.960850051011035	0.999999827025804
13.85	2.15	0.999999374918088	0.800035933795269	6.98631972856543e-05	0.880846301309593	0.999999749967235
13.95	2.15	0.999999152958205	0.800032604354879	7.04004811272838e-05	0.800842898270683	0.999999661183282
14.05	2.15	0.999998931307677	0.800029431441856	7.1089210954448e-05	0.720839828545248	0.999999572523071
14.15	2.15	0.999998770473796	0.800026447638502	7.19072306781888e-05	0.640837074154353	0.999999508189519
14.25	2.15	0.999998773367312	0.80002368325942	7.28215601582549e-05	0.560834611359827	0.999999509346925
14.35	2.15	0.999999091518746	0.800021162429482	7.37879094908521e-05	0.480832409533319	0.999999636607498
14.45	2.15	0.999999916870212	0.800018898223295	7.47512288884177e-05	0.400830430413511	0.999999966748085
14.55	2.15	1.00000144639482	0.80001688730512	7.56477171648661e-05	0.320828628472642	1.00000057855793
14.65	2.15	1.00000380503781	0.800015104943924	7.64086967883269e-05	0.240826953510145	1.00000152201512
14.75	2.15	1.00000691537053	0.800013501167728	7.69666448748117e-05	0.160825356947992	1.00000276614821
14.85	2.15	1.00001031356276	0.800010672565806	7.72634278783716e-05	0.0808238035361992	1.0000041254251
14.95	2.15	1.00001293467751	0.40001429800705	7.72835567214064e-05	0.00082255602046452	1.000005173871
0.05	2.25	-4.40405131685552e-06	0.400005627977638	-0.000313314901708473	10.4560508837431	0.599998238379473
0.15	2.25	-5.10113676535369e-06	0.800017242264084	-0.00031332935388885	10.4080503493105	0.599997959545294
0.25	2.25	-5.78242911011369e-06	0.800028966592596	-0.000313360904489023	10.3600491411305	0.599997687028356
0.35	2.25	-5.75199473048252e-06	0.800040813174785	-0.000313427713577484	10.3120472433738	0.599997699202108
0.45	2.25	-4.26031801295558e-06	0.8000528388218	-0.000313555061478281	10.2640446116477	0.599998295872795
0.55	2.25	-5.3091856321796e-07	0.80006505132229	-0.000313772004040107	10.2160411753313	0.599999787632575
0.65	2.25	6.13643646668651e-06	0.800077430897414	-0.000314104224362037	10.1680368393945	0.600002454574587
0.75	2.25	1.6209546425681e-05	0.800089931762716	-0.000314552795127171	10.1200314907638	0.60000648381857
0.85	2.25	2.98493950945743e-05	0.800102306323016	-0.000315108508802498	10.0720250099516	0.600011939758038
0.95	2.25	4.53949858495251e-05	0.800114445830396	-0.000315793606040673	10.0240173032817	0.60001815799434
1.05	2.25	5.87139519707126e-05	0.800126447924645	-0.000316625628498985	9.97600837062548	0.600023485580788
1.15	2.25	6.4301718200318e-05	0.80013829738531	-0.000317588615247082	9.92799837109814	0.60002572068728
1.25	2.25	5.59005751531515e-05	0.800150009150268	-0.000318665249552723	9.87998765875808	0.600022360230061
1.35	2.25	2.75014024196368e-05	0.800161660182159	-0.000319852816658965	9.83197679151858	0.600011000560968
1.45	2.25	-2.50944146936192e-05	0.800173379974492	-0.000321166214193707	9.78396649890278	0.599989962234122
1.55	2.25	-0.000102232802526527	0.800185318529482	-0.000322638361847293	9.73595759211003	0.599959106878989
1.65	2.25	-0.00019814234109236	0.800197597267222	-0.000324320041023765	9.68795080487778	0.599920743063563
1.75	2.25	-0.000298874014517349	0.800210244762329	-0.000326275408999635	9.6399465644492	0.599880450394193
1.85	2.25	-0.000381038975857573	0.80022311217235	-0.000328564292496274	9.591944708225	0.599847584409657
1.95	2.25	-0.000412132623792668	0.800235746051159	-0.000331212349591133	9.54394418402449	0.599835146950483
2.05	2.25	-0.000353528847313084	0.800247200022909	-0.000334244368989558	9.4959428026853	0.599858588461075
2.15	2.25	-0.000167722985485669	0.800255689201215	-0.000337694373464293	9.44793715257055	0.599932910805806
2.25	2.25	0.000167859804812696	0.800267938779738	-0.000341013286396982	9.39992285737945	0.600067143921925
2.35	2.25	0.000714837278748534	0.800278891480485	-0.00034336262558733	9.35189425297292	0.600285934911499
2.45	2.25	0.00154544659622686	0.800287557880114	-0.000344350399070714	9.30384362453351	0.600618178638491
2.55	2.25	0.00274450192892513	0.800293109496443	-0.000343760052991915	9.25576080154405	0.60109780077157
2.65	2.25	0.00441024793293498	0.800294724485546	-0.000341332334591124	9.20763273855125	0.601764099173174
2.75	2.25	0.00665580627626354	0.800291460231253	-0.000336677534283165	9.15944307437372	0.602662322510505
2.85	2.25	0.00961136989014281	0.80028225801853	-0.000329282514647621	9.11117163613397	0.603844547956057
2.95	2.25	0.0134273352149627	0.80026599791753	-0.000318558242287895	9.06279385829576	0.605370934085985
3.05	2.25	0.0182787128372595	0.80024157835955	-0.000303904957107198	9.01428008077013	0.607311485134904
3.15	2.25	0.0243712425861536	0.800208018802781	-0.000284793557296584	8.96559467756608	0.609748497034461
3.25	2.25	0.0319496412700885	0.800164581348699	-0.000260869993812721	8.91669495295085	0.612779856508035
3.35	2.25	0.0413082757447694	0.800110892053415	-0.000232089814882773	8.86752972961612	0.616523310297908
3.45	2.25	0.0528041562744323	0.800047017440364	-0.000198885073604987	8.81803754929526	0.621121662509773
3.55	2.25	0.0668712752443845	0.799973417327573	-0.000162354976868267	8.76814442238355	0.626748510097754
3.65	2.25	0.0840336824134361	0.799890661092876	-0.000124452491198602	8.71776111926756	0.633613472965374
3.75	2.25	0.104911986105002	0.799798791076107	-8.81097240415894e-05	8.66678012186521	0.641964794442001
3.85	2.25	0.130214113924002	0.799696306385468	-5.72080049377112e-05	8.61507258537671	0.652085645569601
3.95	2.25	0.160696804683952	0.799579010151777	-3.62683792346883e-05	8.56248602480771	0.664278721873581
4.05	2.25	0.197081661102597	0.799439454022856	-2.97471902353205e-05	8.50884392015197	0.678832664441039
4.15	2.25	0.239913258195391	0.799268240708874	-4.09169343235005e-05	8.45394890120459	0.695965303278157
4.25	2.25	0.289363072833791	0.799058394156556	-7.0525075544216e-05	8.39759132673152	0.715745229133516
4.35	2.25	0.345015405889322	0.798812506740991	-0.000115700753310918	8.33956445377166	0.738006162355729
4.45	2.25	0.405711594296784	0.798549377763413	-0.000169736897416603	8.27968561543207	0.762284637718714
4.55	2.25	0.469549174436021	0.798304571102625	-0.000223176285663697	8.21782006831038	0.787819669774408
4.65	2.25	0.534098127175068	0.798121339047738	-0.00026603213170572	8.15390160583296	0.813639250870027
4.75	2.25	0.596801326962077	0.798035100423675	-0.000290315075607852	8.0879434976995	0.838720530784831
4.85	2.25	0.655424120941859	0.798060412070484	-0.000291828954161659	8.0200359202532	0.862169648376744
4.95	2.25	0.708387921885062	0.798187855949475	-0.000270620487802511	7.95033080370388	0.883355168754025
5.05	2.25	0.75489064076651	0.798390891113915	-0.000230179856192747	7.87901924554641	0.901956256306604
5.15	2.25	0.794826128456215	0.798636849729253	-0.000175981944068068	7.80630807074874	0.917930451382486
5.25	2.25	0.82858807162949	0.798896078667395	-0.000114014581212924	7.73240062760225	0.931435228651796
5.35	2.25	0.856852235894347	0.799146626975283	-4.96976851384506e-05	7.65748407921879	0.942740894357739
5.45	2.25	0.880397702591308	0.799374999450532	1.26961803567388e-05	7.5817229852096	0.952159081036523
5.55	2.25	0.899988207757607	0.799574709664865	7.02021092518578e-05	7.50525764498374	0.959995283103043
5.65	2.25	0.916308549947323	0.799744157753226	0.000121055660018033	7.42820539396493	0.966523419978929
5.75	2.25	0.929940568702198	0.799884695402796	0.000164458618261922	7.3506633519693	0.971976227480879
5.85	2.25	0.941362833420375	0.799999187530782	0.000200315468521174	7.27271161088078	0.97654513336815
5.95	2.25	0.950962008974975	0.800091074766491	0.000228994870187561	7.19441628793076	0.98038480358999
6.05	2.25	0.959048264504803	0.80016382553314	0.000251138486735667	7.11583218323175	0.983619305801921
6.15	2.25	0.965870573636786	0.800220652110983	0.000267520387818799	7.03700496917114	0.986348229454714
6.25	2.25	0.971630043180447	0.800264389211909	0.000278950900516893	6.95797293708688	0.988652017272179
6.35	2.25	0.976490719642804	0.800297464656482	0.000286215561092002	6.87876836712542	0.990596287857122
6.45	2.25	0.980587977553004	0.800321917677962	0.00029003983458359	6.79941859602791	0.992235191021202
6.55	2.25	0.984034858688032	0.800339438668122	0.000291071679734248	6.719946851399	0.993613943475213
6.65	2.25	0.986926790611199	0.8003514158984	0.00028987581687585	6.6403729092914	0.99477071624448
6.75	2.25	0.989345077701525	0.800358981775312	0.000286935219528311	6.56071361954048	0.99573803108061
6.85	2.25	0.991359488935142	0.800363055182621	0.000282656715717741	6.48098333231797	0.996543795574057
6.95	2.25	0.993030193991771	0.800364378622182	0.000277378624159715	6.40119425050221	0.997212077596708
7.05	2.25	0.994409235361965	0.800363549969239	0.000271379102965332	6.32135672565194	0.997763694144786
7.15	2.25	0.995541672701961	0.800361049178385	0.000264884412331693	6.24147951031913	0.998216669080784
7.25	2.25	0.996466496345116	0.800357260488371	0.000258076643883117	6.16156997577925	0.998586598538046
7.35	2.25	0.997217377742724	0.800352490729274	0.000251100698285239	6.08163430165705	0.998886951097089
7.45	2.25	0.99782330349208	0.800346984315992	0.000244070435156056	6.00167764210575	0.999129321396832
7.55	2.25	0.998309124554594	0.800340935460377	0.00023707400309995	5.92170427194106	0.999323649821838
7.65	2.25	0.998696041683957	0.800334498071675	0.000230178404176721	5.84171771527669	0.999478416673583
7.75	2.25	0.99900204075832	0.800327793751151	0.0002234333683722	5.7617208586361	0.999600816303328
7.85	2.25	0.999242286737231	0.800320918227125	0.000216874620745251	5.68171605013802	0.999696914694892
7.95	2.25	0.999429481680112	0.800313946521477	0.000210526621838411	5.60170518610881	0.999771792672045
8.05	2.25	0.999574190182727	0.800306937091497	0.000204404855921992	5.52168978631686	0.999829676073091
8.15	2.25	0.999685134354409	0.800299935147252	0.000198517733729303	5.44167105892109	0.999874053741764
8.25	2.25	0.999769459807839	0.800292975309159	0.000192868167381425	5.36164995615458	0.999907783923136
8.35	2.25	0.999832973868855	0.800286083739031	0.000187454867547766	5.28162722170918	0.999933189547542
8.45	2.25	0.999880357190931	0.800279279851474	0.000182273405734517	5.20160343073887	0.999952142876372
8.55	2.25	0.999915350071034	0.800272577691317	0.000177317077789465	5.1215790233509	0.999966140028414
8.65	2.25	0.999940914934253	0.800265987044411	0.000172577600175033	5.04155433240246	0.999976365973701
8.75	2.25	0.999959376631622	0.800259514335463	0.00016804566531928	4.96152960636462	0.999983750652649
8.85	2.25	0.999972542345078	0.800253163354341	0.000163711379189243	4.8815050279553	0.999989016938031
8.95	2.25	0.999981802996637	0.800246935844282	0.000159564600587962	4.80148072917981	0.999992721198655
9.05	2.25	0.999988218107389	0.800240831977539	0.000155595199060157	4.72145680335245	0.999995287242955
9.15	2.25	0.99999258604573	0.800234850738975	0.000151793246134737	4.64143331460818	0.999997034418292
9.25	2.25	0.999995501548454	0.800228990234388	0.000148149152270331	4.56141030534938	0.999998200619382
9.35	2.25	0.999997402301237	0.800223247936347	0.000144653760025466	4.48138780201272	0.999998960920495
9.45	2.25	0.999998606236575	0.800217620878573	0.000141298402860317	4.40136581948421	0.99999944249463
9.55	2.25	0.999999341057412	0.800212105807878	0.000138074936901458	4.32134436443909	0.999999736422965
9.65	2.25	0.999999767332986	0.800206699300803	0.000134975752077249	4.24132343783617	0.999999906933194
9.75	2.25	0.999999996348124	0.80020139785156	0.000131993768041789	4.16130303675563	0.999999998539249
9.85	2.25	1.00000010372501	0.800196197936389	0.000129122419010295	4.08128315573297	1.00000004149
9.95	2.25	1.00000013968264	0.800191096058787	0.000126355631080098	4.00126378771185	1.00000005587306
10.05	2.25	1.0000001366572	0.800186088779497	0.000123687794745097	3.92124492471213	1.00000005466288
10.15	2.25	1.0000001148789	0.800181172734386	0.000121113734780106	3.84122655828878	1.00000004595156
10.25	2.25	1.00000008638848	0.800176344642819	0.000118628679137276	3.7612086798394	1.00000003455539
10.35	2.25	1.00000005787944	0.80017160130879	0.000116228228161488	3.68119128080427	1.00000002315177
10.45	2.25	1.00000003267012	0.800166939616539	0.000113908325010356	3.60117435279169	1.00000001306805
10.55	2.25	1.00000001204145	0.80016235652215	0.000111665228055648	3.52115788765265	1.00000000481658
10.65	2.25	0.999999996120364	0.800157849042166	0.0001094954857071	3.4411418775222	0.999999998448145
10.75	2.25	0.999999984444171	0.800153414240273	0.000107395914140567	3.36112631483988	0.999999993777669
10.85	2.25	0.999999976305831	0.800149049212531	0.000105363578178872	3.28111119235762	0.999999990522332
10.95	2.25	0.999999970952504	0.800144751071907	0.000103395775590101	3.20109650314097	0.999999988381002
11.05	2.25	0.999999967689093	0.800140516932335	0.000101490025074866	3.12108224056743	0.999999987075637
11.15	2.25	0.999999965922793	0.80013634389269	9.96440581679288e-05	3.04106839832424	0.999999986369117
11.25	2.25	0.999999965173361	0.800132229020977	9.78558151963999e-05	2.96105497040704	0.999999986069344
11.35	2.25	0.999999965065697	0.800128169338884	9.61234456773959e-05	2.88104195112019	0.999999986026279
11.45	2.25	0.999999965315641	0.80012416180712	9.44453132820814e-05	2.80102933507896	0.999999986126256
11.55	2.25	0.999999965715906	0.800120203311651	9.28200057351393e-05	2.72101711721373	0.999999986286363
11.65	2.25	0.99999996612623	0.800116290651548	9.12463499938851e-05	2.64100529277582	0.999999986450492
11.75	2.25	0.999999966469591	0.800112420528848	8.97234331618435e-05	2.56099385734473	0.999999986587836
11.85	2.25	0.999999966734453	0.800108589541624	8.82506298527321e-05	2.48098280683629	0.999999986693781
11.95	2.25	0.999999966981127	0.800104794181674	8.68276367718852e-05	2.40097213751108	0.999999986792451
12.05	2.25	0.999999967348671	0.800101030838834	8.54545158316928e-05	2.32096184598266	0.999999986939468
12.15	2.25	0.999999968057233	0.800097295815015	8.41317470634986e-05	2.24095192922471	0.999999987222893
12.25	2.25	0.999999969399945	0.800093585351821	8.28602928680933e-05	2.16094238457629	0.999999987759978
12.35	2.25	0.999999971718577	0.800089895676777	8.16416748118765e-05	2.08093320974396	0.999999988687431
12.45	2.25	0.999999975358617	0.800086223074221	8.04780631556268e-05	2.00092440279936	0.999999990143447
12.55	2.25	0.999999980602069	0.800082563987689	7.93723776466817e-05	1.92091596217001	0.999999992240828
12.65	2.25	0.999999987579503	0.800078915160683	7.83283949005672e-05	1.84090788662076	0.999999995031801
12.75	2.25	0.999999996165447	0.800075273822118	7.73508534845653e-05	1.76090017522206	0.999999998466179
12.85	2.25	1.00000000586141	0.800071637920688	7.64455420982187e-05	1.68089282730093	1.00000000234456
12.95	2.25	1.0000000156672	0.800068006409119	7.56193500118031e-05	1.60088584236994	1.00000000626688
13.05	2.25	1.00000002393386	0.8000643795744	7.48802525815283e-05	1.52087922002957	1.00000000957354
13.15	2.25	1.00000002818357	0.800060759404121	7.42371998156635e-05	1.44087295984047	1.00000001127343
13.25	2.25	1.00000002488192	0.80005714997194	7.36998739962982e-05	1.36086706116413	1.00000000995277
13.35	2.25	1.00000000916924	0.800053557817938	7.32782846853282e-05	1.28086152297265	1.00000000366769
13.45	2.25	0.999999974619366	0.800049992291745	7.29821773657039e-05	1.20085634363049	0.999999989847746
13.55	2.25	0.999999913212668	0.800046465818381	7.28202454085551e-05	1.12085152065105	0.999999965285067
13.65	2.25	0.99999981589	0.800042994036887	7.27991538546549e-05	1.04084705042699	0.999999926356
13.75	2.25	0.999999674272598	0.800039595749874	7.29224059174634e-05	0.960842927923655	0.999999869709039
13.85	2.25	0.999999484315249	0.800036292605975	7.31891077665311e-05	0.880839146309369	0.9999997937261
13.95	2.25	0.99999925266738	0.800033108418387	7.35927131750399e-05	0.800835696478547	0.999999701066952
14.05	2.25	0.999999006136125	0.800030068005732	7.41198568620002e-05	0.720832566411206	0.99999960245445
14.15	2.25	0.999998803615463	0.800027195436835	7.47494155422392e-05	0.640829740322228	0.999999521446185
14.25	2.25	0.999998747924021	0.800024511586406	7.54519696102779e-05	0.560827197608455	0.999999499169608
14.35	2.25	0.999998992089913	0.800022030987063	7.61898749941904e-05	0.480824911729206	0.999999596835965
14.45	2.25	0.999999730992679	0.800019758118395	7.69181875606347e-05	0.400822849380756	0.999999892397071
14.55	2.25	1.00000116578039	0.800017683521833	7.75866986663619e-05	0.320820970654003	1.00000046631216
14.65	2.25	1.00000342683672	0.800015780467714	7.81433200292618e-05	0.240819231263332	1.00000137073469
14.75	2.25	1.00000644398482	0.800014002699886	7.85389735670065e-05	0.160817588301061	1.00000257759393
14.85	2.25	1.00000976364764	0.800010969271467	7.87339787180799e-05	0.0808160112249219	1.00000390545906
14.95	2.25	1.00001233561535	0.400014309969253	7.87296316891219e-05	0.000814763292104529	1.00000493424614
0.05	2.35	-4.41984492747378e-06	0.400005609579871	-0.000324783663750337	10.4560700273951	0.599998232062029
0.15	2.35	-5.1099577661924e-06	0.800017179583167	-0.000324854258577002	10.4080694956757	0.599997956016894
0.25	2.35	-5.77338352524292e-06	0.800028843485627	-0.000324991874934696	10.3600682928689	0.59999769064659
0.35	2.35	-5.71026310687006e-06	0.800040605941137	-0.000325205386286282	10.312066403933	0.599997715894757
0.45	2.35	-4.16731624826909e-06	0.800052518003486	-0.000325506870319192	10.2640637855833	0.599998333073501
0.55	2.35	-3.59568528219412e-07	0.800064585197908	-0.000325908497468988	10.2160603684366	0.599999856172589
0.65	2.35	6.44785754541656e-06	0.800076791491915	-0.00032641817655702	10.1680560582983	0.600002579143018
0.75	2.35	1.680242638394e-05	0.800089052501545	-0.000327009539779363	10.1200507406658	0.600006720970554
0.85	2.35	3.04765592813852e-05	0.800101300995126	-0.000327677977987222	10.0720442964201	0.600012190623712
0.95	2.35	4.61076419685272e-05	0.800113281242897	-0.000328459142269588	10.0240366336827	0.600018443056787
1.05	2.35	5.94646817481961e-05	0.800125174033407	-0.000329328993484248	9.97602775123325	0.600023785872699
1.15	2.35	6.49987717341898e-05	0.800136991477436	-0.000330234243495495	9.92801780631892	0.600025999508694
1.25	2.35	5.63544256158242e-05	0.800148790030407	-0.000331149652709891	9.8800071514636	0.600022541770246
1.35	2.35	2.7396343430281e-05	0.800160697096572	-0.000332066534445298	9.83199634398862	0.600010958537372
1.45	2.35	-2.62227833881148e-05	0.800172901955559	-0.000332992714224126	9.78398611390717	0.599989510886645
1.55	2.35	-0.000105019733057868	0.800185622903224	-0.000333957495411643	9.73597727417405	0.599957992106777
1.65	2.35	-0.000203410835052599	0.800199056967586	-0.0003350175312392	9.68797056176631	0.599918635665979
1.75	2.35	-0.000307630687793993	0.800213313926822	-0.000336260512639429	9.63996640864149	0.599876947724882
1.85	2.35	-0.000394425331987104	0.800228325203133	-0.000337795550918548	9.59196465746547	0.599842229867205
1.95	2.35	-0.000431370846338016	0.80024368463831	-0.000339707105455289	9.5439642597852	0.599827451661465
2.05	2.35	-0.000380139019517438	0.800258617834461	-0.000342074365203453	9.49596303118034	0.599847944392193
2.15	2.35	-0.000202806486358452	0.800271687609399	-0.000344909194459527	9.44795756212046	0.599918877405457
2.25	2.35	0.000126909256515183	0.800288202185045	-0.00034665406412892	9.39994341238897	0.600050763702606
2.35	2.35	0.000666737595588258	0.800304690009144	-0.000346052785042448	9.35191485242366	0.600266695038235
2.45	2.35	0.00148793247170008	0.800320221848025	-0.000343354593660597	9.30386416179885	0.60059517298868
2.55	2.35	0.00267489108709185	0.800334306205321	-0.000338371218915863	9.25578115966009	0.601069956434837
2.65	2.35	0.0043254190433555	0.800346502838003	-0.000330664886634382	9.2076527801246	0.601730167617342
2.75	2.35	0.00655206573890447	0.80035629276638	-0.000319636358276539	9.15946263222223	0.602620826295562
2.85	2.35	0.00948427155765845	0.800363085863286	-0.000304572222841893	9.11119050563633	0.603793708623063
2.95	2.35	0.0132714544026707	0.800366274667573	-0.000284704763439407	9.06281179264169	0.605308581761068
3.05	2.35	0.0180873739089596	0.800365309577964	-0.000259294218513092	9.01429679028927	0.607234949563584
3.15	2.35	0.0241362016476906	0.800359787592885	-0.000227739041727861	8.96560983452054	0.609654480659076
3.25	2.35	0.0316607298934186	0.800349544186269	-0.000189722954264217	8.91670820370032	0.612664291957367
3.35	2.35	0.0409530224518429	0.80033472393102	-0.000145407061322042	8.867540716681	0.616381208980737
3.45	2.35	0.0523674243205118	0.800315780768954	-9.56687208147726e-05	8.81804594625808	0.620946969728205
3.55	2.35	0.0663349937245298	0.800293325285194	-4.23738214833549e-05	8.76814998438517	0.626533997489812
3.65	2.35	0.0833768092999135	0.800267704969045	1.1358065649366e-05	8.7177637504689	0.633350723719965
3.75	2.35	0.104110929898413	0.800238205770798	6.09783341431846e-05	8.66677995780219	0.641644371959365
3.85	2.35	0.129243945576237	0.800201862961296	0.000100559730512803	8.61507008169215	0.651697578230495
3.95	2.35	0.15953367195082	0.800152154405941	0.000123252767989504	8.56248203395362	0.663813468780328
4.05	2.35	0.195706776189241	0.800078360713316	0.0001223174219741	8.50883972561871	0.678282710475697
4.15	2.35	0.238318507148614	0.799966927353333	9.27644483250234e-05	8.45394616946282	0.695327402859446
4.25	2.35	0.287557538924933	0.799806129362354	3.33358105298347e-05	8.39759193971877	0.715023015569973
4.35	2.35	0.343030969112031	0.799593821072976	-5.18502619483664e-05	8.33957021062133	0.737212387644812
4.45	2.35	0.403604817238789	0.799344959909161	-0.000152904945150244	8.27969784493784	0.761441926895515
4.55	2.35	0.467396942482958	0.799093114380497	-0.000255672612782968	8.21783925648671	0.786958776993183
4.65	2.35	0.531986707330638	0.798882007406754	-0.000344927008187543	8.15392717606322	0.812794682932255
4.75	2.35	0.594811854761206	0.798749935019359	-0.000408088775519646	8.08797384598201	0.837924741904482
4.85	2.35	0.653619677362694	0.798715993578362	-0.000437955638400787	8.02006870846381	0.861447870945078
4.95	2.35	0.706806493249667	0.798775908151223	-0.000433514464502225	7.95036340653414	0.882722597299867
5.05	2.35	0.753545068780814	0.798907964006717	-0.000398924487373225	7.87904919854219	0.901418027512326
5.15	2.35	0.793709128115599	0.799083457921491	-0.000341490238700521	7.80633339721521	0.91748365124624
5.25	2.35	0.82767925097132	0.799275654938027	-0.000269551546171908	7.7324199956743	0.931071700388528
5.35	2.35	0.856124658196959	0.799464521116368	-0.000190888500602309	7.6574968074102	0.942449863278784
5.45	2.35	0.879822786084005	0.799637631160666	-0.00011182356672403	7.58172894873388	0.951929114433602
5.55	2.35	0.899538785103948	0.79978890913337	-3.69224091954627e-05	7.50525713774098	0.959815514041579
5.65	2.35	0.915960437089221	0.799916688999278	3.09120196512281e-05	7.42819898686339	0.966384174835688
5.75	2.35	0.929673126403467	0.800021939229591	9.0148551131974e-05	7.35065177054136	0.971869250561387
5.85	2.35	0.941158939242967	0.800106953595798	0.000140280017816019	7.27269564101865	0.976463575697187
5.95	2.35	0.950807733857352	0.800174511295727	0.00018149879945729	7.19439670980006	0.980323093542941
6.05	2.35	0.958932435315229	0.800227398090527	0.000214430904552106	7.11580972916074	0.983572974126092
6.15	2.35	0.965784321720682	0.800268167684103	0.00023993622672943	7.03698029998786	0.986313728688273
6.25	2.35	0.971566387543688	0.800299047270469	0.000258968653911808	6.95794663161999	0.988626555017475
6.35	2.35	0.976444203933344	0.800321921873073	0.000272484426337237	6.8787409204855	0.990577681573338
6.45	2.35	0.980554364498161	0.800338357215599	0.000281386577117353	6.79939042333067	0.992221745799264
6.55	2.35	0.984010878295292	0.800349638215819	0.000286494853147232	6.71991829453904	0.993604351318117
6.65	2.35	0.986909935530306	0.800356811033579	0.00028853273967512	6.6403442451399	0.994763974212123
6.75	2.35	0.989333438490675	0.800360722900562	0.000288125376862397	6.56068506851499	0.99573337539627
6.85	2.35	0.991351622368062	0.80036205738734	0.000285803976038897	6.48095506668385	0.996540648947225
6.95	2.35	0.993025018352914	0.800361364510386	0.000282013751993772	6.40116640204742	0.997210007341166
7.05	2.35	0.994405947590007	0.800359085894794	0.000277123423442298	6.32132939256356	0.997762379036003
7.15	2.35	0.995539683112679	0.800355575533924	0.000271435064431446	6.24145276320824	0.998215873245071
7.25	2.35	0.996465377435784	0.800351116773623	0.000265193590010628	6.16154386287185	0.998586150974314
7.35	2.35	0.997216824235998	0.800345936125709	0.000258595490160088	6.08160885320836	0.998886729694399
7.45	2.35	0.997823101322507	0.800340214451875	0.000251796638257278	6.00165287411433	0.999129240529003
7.55	2.35	0.998309126947625	0.800334095984678	0.000244919130893908	5.92168018924561	0.99932365077905
7.65	2.35	0.998696150840371	0.800327695580544	0.000238057191336991	5.84169431411726	0.999478460336149
7.75	2.35	0.999002193950657	0.800321104535885	0.000231282209304127	5.76169812875594	0.999600877580263
7.85	2.35	0.99924244586177	0.800314395241299	0.000224647007171787	5.68169397649523	0.999696978344708
7.95	2.35	0.99942962549915	0.800307624901593	0.000218189427067014	5.60168375025865	0.99977185019966
8.05	2.35	0.999574308646231	0.800300838508206	0.000211935329660816	5.5216689675181	0.999829723458492
8.15	2.35	0.999685224514869	0.800294071216403	0.000205901087912817	5.44165083501222	0.999874089805947
8.25	2.35	0.999769522943064	0.800287350250196	0.000200095650356184	5.36163030423914	0.999907809177226
8.35	2.35	0.999833013509176	0.80028069643352	0.000194522238944385	5.28160811868385	0.99993320540367
8.45	2.35	0.999880377813377	0.80027412542577	0.000189179737713641	5.20158485369265	0.999952151125351
8.55	2.35	0.999915356276433	0.800267648723511	0.000184063821056507	5.12156094985945	0.999966142510573
8.65	2.35	0.999940910966171	0.800261274475836	0.000179167862903057	5.04153674073789	0.999976364386469
8.75	2.35	0.999959366130403	0.800255008151393	0.000174483662656533	4.96151247563778	0.999983746452161
8.85	2.35	0.999972528257544	0.800248853085112	0.000170002018187699	4.88148833820475	0.999989011303018
8.95	2.35	0.999981787583461	0.800242810927705	0.000165713172122338	4.8014644614192	0.999992715033384
9.05	2.35	0.999988203006813	0.800236882014766	0.000161607153563694	4.72144093958635	0.999995281202725
9.15	2.35	0.999992572365098	0.800231065669598	0.000157674034384687	4.64141783782397	0.999997028946039
9.25	2.35	0.999995489964577	0.80022536045021	0.000153904116178745	4.56139519949201	0.999998195985831
9.35	2.35	0.999997393157743	0.800219764349791	0.0001502880616864	4.48137305194737	0.999998957263097
9.45	2.35	0.999998599631439	0.800214274957601	0.000146816982042534	4.401351410951	0.999999439852576
9.55	2.35	0.999999336917416	0.80020888958669	0.000143482489793574	4.32133028400311	0.999999734766966
9.65	2.35	0.999999765474193	0.800203605373634	0.000140276725339836	4.24130967283527	0.999999906189677
9.75	2.35	0.999999996522945	0.800198419354746	0.00013719236380417	4.16128957524774	0.999999998609178
9.85	2.35	1.00000010565727	0.800193328522959	0.000134222607276235	4.08126998644448	1.00000004226291
9.95	2.35	1.00000014309245	0.800188329868608	0.000131361167045477	4.00125089998776	1.00000005723698
10.05	2.35	1.0000001412775	0.800183420407154	0.000128602239075236	3.92123230846875	1.000000056511
10.15	2.35	1.00000012046558	0.800178597196502	0.000125940475497531	3.8412142039693	1.00000004818623
10.25	2.35	1.00000009272558	0.800173857346017	0.000123370954110753	3.76119657837246	1.00000003709023
10.35	2.35	1.00000006478089	0.800169198019117	0.000120889147550806	3.68117942356556	1.00000002591236
10.45	2.35	1.00000003997915	0.800164616430953	0.000118490893234505	3.60116273156857	1.00000001599166
10.55	2.35	1.00000001962852	0.800160109842519	0.0001161723649643	3.52114649461147	1.00000000785141
10.65	2.35	1.00000000388037	0.800155675552094	0.000113930046915355	3.44113070517825	1.00000000155215
10.75	2.35	0.999999992293495	0.800151310884898	0.00011176071039903	3.36111535602955	0.999999996917398
10.85	2.35	0.99999998417947	0.800147013181681	0.000109661393742532	3.28110044021253	0.999999993671788
10.95	2.35	0.999999978801665	0.800142779786559	0.000107629385710168	3.20108595106372	0.999999991520666
11.05	2.35	0.999999975479272	0.800138608034765	0.000105662212524103	3.12107188220859	0.999999990191709
11.15	2.35	0.999999973632319	0.800134495240478	0.00010375762878247	3.04105822756018	0.999999989452927
11.25	2.35	0.99999997279215	0.800130438685122	0.000101913612497549	2.96104498131822	0.99999998911686
11.35	2.35	0.999999972593811	0.800126435606466	0.00010012836433586	2.88103213796944	0.999999989037525
11.45	2.35	0.999999972761024	0.800122483188795	9.84003112703507e-05	2.80101969228935	0.99999998910441
11.55	2.35	0.999999973090536	0.800118578554639	9.6728114808045e-05	2.72100763934547	0.999999989236215
11.65	2.35	0.99999997343992	0.800114718758481	9.51106840220359e-05	2.64099597450178	0.999999989375968
11.75	2.35	0.999999973720871	0.800110900783182	9.35471934880511e-05	2.56098469342399	0.999999989488348
11.85	2.35	0.999999973898498	0.800107121540153	9.20371065081347e-05	2.48097379208513	0.999999989559399
11.95	2.35	0.999999973995663	0.800103377874415	9.05802040218614e-05	2.40096326677084	0.999999989598265
12.05	2.35	0.99999997410015	0.800099666576656	8.91766196356459e-05	2.32095311408363	0.99999998964006
12.15	2.35	0.99999997437132	0.800095984404439	8.78268814652396e-05	2.24094333094535	0.999999989748528
12.25	2.35	0.99999997504211	0.800092328116117	8.65319613651167e-05	2.16093391459676	0.999999990016844
12.35	2.35	0.999999976411977	0.800088694521159	8.52933317120323e-05	2.0809248625931	0.999999990564791
12.45	2.35	0.999999978826701	0.800085080551788	8.41130292785537e-05	2.00091617279403	0.99999999153068
12.55	2.35	0.999999982641756	0.800081483360966	8.29937241734608e-05	1.92090784334615	0.999999993056702
12.65	2.35	0.999999988166539	0.800077900451819	8.1938789402602e-05	1.84089987265576	0.999999995266616
12.75	2.35	0.999999995586353	0.80007432984269	8.09523633214276e-05	1.760892259349	0.999999998234541
12.85	2.35	1.00000000485649	0.800070770269994	8.00393929316094e-05	1.68088500221657	1.00000000194259
12.95	2.35	1.00000001555766	0.800067221428154	7.92056412394494e-05	1.60087810014015	1.00000000622306
13.05	2.35	1.00000002669568	0.800063684241236	7.84576371956253e-05	1.52087155199837	1.00000001067827
13.15	2.35	1.00000003642462	0.800060161155575	7.78025434048578e-05	1.44086535655167	1.00000001456985
13.25	2.35	1.00000004168085	0.80005665643648	7.72479157303364e-05	1.36085951230751	1.00000001667234
13.35	2.35	1.00000003774838	0.800053176445499	7.6801331773106e-05	1.28085401736931	1.00000001509935
13.45	2.35	1.00000001785004	0.800049729868253	7.64698724212309e-05	1.200848869274	1.00000000714002
13.55	2.35	0.99999997298804	0.800046327856567	7.62594531205688e-05	1.12084406482158	0.999999989195216
13.65	2.35	0.999999892441758	0.800042984042028	7.61740184398636e-05	1.04083959989446	0.999999956976703
13.75	2.35	0.999999765541871	0.800039714370654	7.62146334903504e-05	0.960835469252388	0.999999906216748
13.85	2.35	0.999999585504057	0.800036536699594	7.63785276866373e-05	0.88083166627135	0.999999834201623
13.95	2.35	0.999999356083414	0.800033470087112	7.6658167568202e-05	0.800828182573807	0.999999742433366
14.05	2.35	0.999999101398043	0.800030533699927	7.704045563006e-05	0.720825007483643	0.999999640559217
14.15	2.35	0.999998878216969	0.800027745264555	7.75061704927034e-05	0.640822127246271	0.999999551286788
14.25	2.35	0.999998788085924	0.800025119014528	7.80297807757607e-05	0.560819524006855	0.999999515234369
14.35	2.35	0.999998983794274	0.800022663150297	7.85797806899694e-05	0.480817174664935	0.99999959351771
14.45	2.35	0.9999996611274	0.800020376953697	7.91197074950261e-05	0.400815049946805	0.99999986445096
14.55	2.35	1.00000102344486	0.800018247899265	7.96100037925666e-05	0.320813114365144	1.00000040937795
14.65	2.35	1.00000320504899	0.800016249383666	8.00108696212827e-05	0.240811328136193	1.0000012820196
14.75	2.35	1.0000061422061	0.800014339441532	8.02861911195542e-05	0.160809652498003	1.00000245688244
14.85	2.35	1.00000939154376	0.80001115845815	8.04085180240554e-05	0.0808080601396709	1.0000037566175
14.95	2.35	1.00001191809017	0.400014280509153	8.03895867481523e-05	0.000806813534266786	1.00000476723607
0.05	2.45	-4.43751893379493e-06	0.400005566457099	-0.000336188003478028	10.4560898580038	0.599998224992426
0.15	2.45	-5.11719447733603e-06	0.800017042910418	-0.000336304438216343	10.4080893320247	0.599997953122209
0.25	2.45	-5.7538121909965e-06	0.800028600331962	-0.000336529779459429	10.3600881403415	0.599997698475124
0.35	2.45	-5.64045985863821e-06	0.800040238342359	-0.000336866333949052	10.312086268208	0.599997743816057
0.45	2.45	-4.01848558697463e-06	0.800052005562668	-0.00033731611675048	10.2640836727004	0.599998392605765
0.55	2.45	-1.04958856179639e-07	0.800063910511554	-0.00033787603855324	10.216080284679	0.599999958016458
0.65	2.45	6.83010372899345e-06	0.800075956128969	-0.000338534801694584	10.168076010082	0.600002732041492
0.75	2.45	1.74970558290145e-05	0.800087979980662	-0.000339276078259041	10.1200707326868	0.600006998822332
0.85	2.45	3.13860750339869e-05	0.800100030667396	-0.000340100146661509	10.0720643324473	0.600012554430014
0.95	2.45	4.69382452955793e-05	0.800111965305097	-0.000341023741072266	10.0240567199307	0.600018775298118
1.05	2.45	6.03460822013169e-05	0.800123798109397	-0.000341999369658236	9.97604789201281	0.60002413843288
1.15	2.45	6.58397177772406e-05	0.800135657048206	-0.000342957933986308	9.92803800126711	0.600026335887111
1.25	2.45	5.68945100649067e-05	0.800147654995559	-0.000343878733166225	9.88002739855314	0.600022757804026
1.35	2.45	2.72272489903071e-05	0.800159981658322	-0.000344753370302864	9.83201664057563	0.600010890899596
1.45	2.45	-2.76767006180591e-05	0.800172895968606	-0.000345589793052969	9.78400645767648	0.599988929319753
1.55	2.45	-0.000108531691962579	0.800186693607273	-0.000346420242210975	9.73599766455181	0.599956587323215
1.65	2.45	-0.000209978989597758	0.800201654837741	-0.000347309238153322	9.68799100187959	0.599916008404161
1.75	2.45	-0.000318483930613077	0.800217973146689	-0.000348360613104568	9.6399869077867	0.599872606427755
1.85	2.45	-0.000410945430255388	0.800235652302901	-0.000349720485097799	9.59198523338568	0.599835621827898
1.95	2.45	-0.000454836995201714	0.800254253092149	-0.000351566594120248	9.54398493750933	0.599818065201919
2.05	2.45	-0.000412222145093344	0.800273266802307	-0.000354038812017298	9.4959838415637	0.599835111141963
2.15	2.45	-0.000245150002200872	0.800292307074326	-0.000356865754288346	9.44797853643753	0.59990193999912
2.25	2.45	8.15020752444926e-05	0.800312665189628	-0.000357771714733685	9.39996445974858	0.600032600830098
2.35	2.45	0.000613519572248078	0.800335911313764	-0.000355560615707405	9.35193579812961	0.600245407828899
2.45	2.45	0.00142310256447534	0.800359994740614	-0.00035094653210313	9.30388486832272	0.60056924102579
2.55	2.45	0.00259510435624001	0.800384735665334	-0.000343669978989346	9.25580147886836	0.601038041742496
2.65	2.45	0.00422704805703543	0.80041008407379	-0.000333194345217059	9.20767253313109	0.601690819222814
2.75	2.45	0.00643080306709412	0.800436006373392	-0.000318788920193982	9.15948159865419	0.602572321226838
2.85	2.45	0.00933484861731722	0.800462475346248	-0.00029959924003011	9.11120841627057	0.603733939446927
2.95	2.45	0.0130873552554069	0.800489507882837	-0.000274728694826937	9.06282832552441	0.605234942102163
3.05	2.45	0.0178605044813748	0.800517228188343	-0.000243335569558375	9.01431157165708	0.60714420179255
3.15	2.45	0.0238565038747484	0.800545936529171	-0.000204758647719642	8.96562244637953	0.609542601549899
3.25	2.45	0.0313157432455658	0.80057616375263	-0.000158686030992375	8.91671820063828	0.612526297298226
3.35	2.45	0.040527410685321	0.800608680555486	-0.000105377942162977	8.86754765524739	0.616210964274128
3.45	2.45	0.0518425124831851	0.800644406731354	-4.59452173161597e-05	8.81804943073476	0.620737004993274
3.55	2.45	0.0656884077943397	0.800684133210868	1.73325330481386e-05	8.76814973251454	0.626275363117736
3.65	2.45	0.0825823871127332	0.800727941464513	8.06966161007519e-05	8.71775968094695	0.633032954845093
3.75	2.45	0.10313918241514	0.800774213858789	0.000138703246280378	8.66677229699579	0.641255672966056
3.85	2.45	0.128063481576361	0.800818239818553	0.000184280498744261	8.61505947888628	0.651225392630544
3.95	2.45	0.158114107456483	0.800850725187767	0.000209259423799417	8.56246966185916	0.663245642982593
4.05	2.45	0.194023612981269	0.800857047225655	0.000205579686958301	8.50882732741946	0.677609445192508
4.15	2.45	0.23636008317506	0.800818676687945	0.000167215777060136	8.45393600130334	0.694544033270024
4.25	2.45	0.285333228077624	0.800718177012273	9.25161779077776e-05	8.39758655999416	0.71413329123105
4.35	2.45	0.340578392619416	0.800547657732572	-1.38269529201996e-05	8.33957209914572	0.736231357047766
4.45	2.45	0.400992587475023	0.800317355242741	-0.000140253835445372	8.27970890152859	0.760397034990009
4.55	2.45	0.464719680145674	0.800058302638698	-0.000270039797449169	8.21786030952771	0.785887872058269
4.65	2.45	0.529351725179498	0.799814660607356	-0.000385017040667983	8.15395767726365	0.811740690071799
4.75	2.45	0.592321093972643	0.799628106587118	-0.00046996493935859	8.08801188770629	0.836928437589057
4.85	2.45	0.651353316287037	0.799523181893566	-0.000515892285124943	8.02011137592177	0.860541326514815
4.95	2.45	0.704813732300598	0.799501831025052	-0.000521086883828698	7.95040733879284	0.881925492920239
5.05	2.45	0.751843673102477	0.799548198131761	-0.000490001459887732	7.8790911655858	0.900737469240991
5.15	2.45	0.792291451990102	0.799638402475187	-0.000430916949242654	7.80637073359407	0.916916580796041
5.25	2.45	0.826520926390149	0.799749265233509	-0.000353471660133806	7.7324508224776	0.930608370556059
5.35	2.45	0.855192819822316	0.799863097410957	-0.000266769590362878	7.65752006030833	0.942077127928926
5.45	2.45	0.879082263099782	0.799968795560497	-0.000178295278309306	7.58174427536219	0.951632905239913
5.55	2.45	0.898955995539004	0.800060809983417	-9.35299928978678e-05	7.5052647332646	0.959582398215602
5.65	2.45	0.915505403598861	0.800137425292004	-1.6034017315192e-05	7.42819941993833	0.966202161439544
5.75	2.45	0.929320215178882	0.800199176337514	5.22332082511293e-05	7.35064583000944	0.971728086071553
5.85	2.45	0.940886848218259	0.800247693488666	0.000110519333787285	7.27268421578697	0.976354739287304
5.95	2.45	0.950599103006537	0.800284979641659	0.000158906907337448	7.19438070302052	0.980239641202615
6.05	2.45	0.958773309702045	0.800313014240405	0.000198005490047471	7.11579000213711	0.983509323880818
6.15	2.45	0.965663594743941	0.80033356933916	0.000228718412551495	7.03695763929758	0.986265437897576
6.25	2.45	0.971475286395608	0.800348148024798	0.000252077881075237	6.9579217330463	0.988590114558243
6.35	2.45	0.976375841697479	0.800357985764543	0.000269135658358161	6.8787143843562	0.990550336678992
6.45	2.45	0.980503363554411	0.800364079399125	0.000280895623532841	6.79936275709306	0.992201345421765
6.55	2.45	0.983973060370374	0.800367224744796	0.000288276142915763	6.71988991954628	0.993589224148149
6.65	2.45	0.986882070073057	0.800368053578896	0.00029209264086277	6.64031550556306	0.994752828029223
6.75	2.45	0.989313040262218	0.800367066220428	0.000293053194570853	6.56065624100935	0.995725216104887
6.85	2.45	0.991336789670191	0.800364658682074	0.000291762041800332	6.48092636995503	0.996534715868077
6.95	2.45	0.993014304365924	0.800361144628226	0.000288727502101999	6.4011380058217	0.99720572174637
7.05	2.45	0.994398258455577	0.800356772844236	0.000284372002700923	6.32130142570721	0.997759303382231
7.15	2.45	0.995534197498084	0.800351741015879	0.000279042747774469	6.24142532089586	0.998213678999234
7.25	2.45	0.99646148328281	0.800346206552494	0.000273022152357984	6.16151701279917	0.998584593313124
7.35	2.45	0.997214069215441	0.800340295071626	0.00026653755213517	6.08158264090031	0.998885627686177
7.45	2.45	0.997821154190824	0.800334107044225	0.000259769952705631	6.00162732740799	0.99912846167633
7.55	2.45	0.998307747553403	0.80032772299614	0.000252861739747427	5.92165532203948	0.999323099021361
7.65	2.45	0.998695166974353	0.800321207578375	0.000245923365101289	5.8416701294798	0.999478066789741
7.75	2.45	0.999001483592476	0.80031461275189	0.000239039075634519	5.76167462148237	0.99960059343699
7.85	2.45	0.999241923665687	0.800307980281246	0.000232271776445917	5.68167113519368	0.999696769466275
7.95	2.45	0.999429232593581	0.800301343690924	0.00022566712843365	5.60166155903859	0.999771693037433
8.05	2.45	0.999574005008954	0.800294729805419	0.000219256978804577	5.52164740734471	0.999829602003582
8.15	2.45	0.999684983336554	0.800288159968667	0.00021306221657697	5.44162988478219	0.999873993334622
8.25	2.45	0.999769326513377	0.800281651017161	0.000207095136306053	5.36160994162534	0.999907730605351
8.35	2.45	0.999832850257818	0.800275216064391	0.000201361383527629	5.28158832078958	0.999933140103127
8.45	2.45	0.999880240217649	0.8002688651403	0.000195861545935967	5.20156559754984	0.99995209608706
8.55	2.45	0.999915239410684	0.800262605719082	0.000190592446058503	5.1215422128001	0.999966095764274
8.65	2.45	0.999940811519731	0.800256443159678	0.000185548182893678	5.04151850066317	0.999976324607893
8.75	2.45	0.999959281761578	0.800250381076887	0.000180720963752849	4.96149471120535	0.999983712704631
8.85	2.45	0.999972457183772	0.800244421656504	0.000176101761210908	4.88147102895151	0.999988982873509
8.95	2.45	0.99998172833337	0.80023856592362	0.000171680825288913	4.80144758783363	0.999992691333348
9.05	2.45	0.999988154279926	0.800232813971498	0.000167448076546658	4.72142448314209	0.999995261711971
9.15	2.45	0.999992532960306	0.800227165155906	0.000163393401771516	4.64140178098431	0.999997013184123
9.25	2.45	0.999995458750232	0.800221618259404	0.000159506870886376	4.56137952569294	0.999998183500093
9.35	2.45	0.999997369064944	0.800216171628744	0.000155778890672036	4.48135774556541	0.999998947625978
9.45	2.45	0.999998581658503	0.800210823288603	0.000152200308502699	4.40133645726085	0.999999432663401
9.55	2.45	0.999999324138091	0.800205571034099	0.000148762476922428	4.32131566912876	0.999999729655236
9.65	2.45	0.999999757045386	0.800200412504948	0.000145457288339631	4.24129538369768	0.999999902818154
9.75	2.45	0.999999991689839	0.800195345243342	0.000142277187087202	4.16127559951129	0.999999996675936
9.85	2.45	1.00000010375512	0.800190366737946	0.000139215165018516	4.08125631246377	1.00000004150205
9.95	2.45	1.00000014354509	0.800185474456226	0.000136264745433968	4.00123751675587	1.00000005741803
10.05	2.45	1.00000014359315	0.800180665866791	0.000133419959221318	3.9212192055679	1.00000005743726
10.15	2.45	1.00000012423056	0.800175938453779	0.000130675316195957	3.84120137152419	1.00000004969222
10.25	2.45	1.00000009759673	0.800171289724704	0.000128025773982239	3.76118400700668	1.00000003903869
10.35	2.45	1.0000000704773	0.800166717213186	0.000125466706198043	3.68116710436105	1.00000002819092
10.45	2.45	1.00000004627376	0.800162218477742	0.000122993871241968	3.6011506560281	1.0000000185095
10.55	2.45	1.00000002634004	0.800157791097689	0.000120603382763183	3.52113465462406	1.00000001053601
10.65	2.45	1.00000001086583	0.800153432666887	0.000118291682314621	3.44111909298719	1.00000000434633
10.75	2.45	0.999999999441649	0.800149140786117	0.000116055514928246	3.36110396420277	0.999999999776659
10.85	2.45	0.999999991405183	0.80014491305457	0.000113891907868846	3.28108926161509	0.999999996562073
10.95	2.45	0.999999986041355	0.800140747061014	0.000111798152816365	3.20107497883198	0.999999994416542
11.05	2.45	0.999999982687381	0.800136640374899	0.000109771791801256	3.12106110972571	0.999999993074953
11.15	2.45	0.99999998077866	0.800132590537878	0.000107810606935533	3.04104764843263	0.999999992311464
11.25	2.45	0.999999979859902	0.800128595056031	0.000105912614139028	2.96103458935281	0.999999991943961
11.35	2.45	0.99999997957773	0.800124651393068	0.000104076060938389	2.88102192715048	0.999999991831092
11.45	2.45	0.999999979665307	0.800120756965009	0.000102299428443077	2.80100965675555	0.999999991866123
11.55	2.45	0.999999979925634	0.800116909136648	0.000100581437529591	2.72099777336612	0.999999991970254
11.65	2.45	0.99999998021753	0.800113105220388	9.8921059174958e-05	2.64098627245171	0.999999992087012
11.75	2.45	0.999999980446472	0.800109342478125	9.73175290775995e-05	2.56097514975694	0.999999992178589
11.85	2.45	0.999999980561138	0.800105618127039	9.57703664642068e-05	2.48096440130498	0.999999992224455
11.95	2.45	0.999999980555433	0.800101929350469	9.42793971215183e-05	2.40095402340026	0.999999992222173
12.05	2.45	0.99999998047484	0.800098273315388	9.28447806765374e-05	2.32094401262964	0.999999992189936
12.15	2.45	0.999999980425169	0.80009464719857	9.14670421597444e-05	2.24093436586119	0.999999992170067
12.25	2.45	0.999999980581087	0.800091048223758	9.01471077608673e-05	2.16092508023963	0.999999992232435
12.35	2.45	0.999999981191393	0.80008747371318	8.88863443425108e-05	2.08091615317707	0.999999992476557
12.45	2.45	0.999999982577587	0.800083921156575	8.76866017264307e-05	2.00090758233779	0.999999993031035
12.55	2.45	0.999999985121719	0.800080388301688	8.65502554460686e-05	1.92089936561535	0.999999994048688
12.65	2.45	0.999999989238224	0.800076873269413	8.54802460420499e-05	1.8408915011	0.99999999569529
12.75	2.45	0.999999995321635	0.800073374696229	8.44801083517982e-05	1.76088398703453	0.999999998128654
12.85	2.45	1.00000000365728	0.800069891904629	8.3553981186742e-05	1.68087682175663	1.00000000146291
12.95	2.45	1.00000001427548	0.800066425099464	8.27065843272241e-05	1.60087000362628	1.00000000571019
13.05	2.45	1.00000002672334	0.800062975584516	8.19431465180937e-05	1.52086353093818	1.00000001068933
13.15	2.45	1.00000003972718	0.80005954598889	8.12692659946693e-05	1.44085740182054	1.00000001589087
13.25	2.45	1.00000005073204	0.800056140487731	8.06906848105385e-05	1.3608516141237	1.00000002029282
13.35	2.45	1.00000005534535	0.800052764996554	8.02129610364659e-05	1.28084616530431	1.00000002213814
13.45	2.45	1.00000004679533	0.800049427313368	7.98410294414428e-05	1.20084105231071	1.00000001871813
13.55	2.45	1.00000001565163	0.800046137178207	7.95786517946872e-05	1.12083627147331	1.00000000626065
13.65	2.45	0.999999950244218	0.800042906215269	7.94277720132321e-05	1.04083181839597	0.999999980097687
13.75	2.45	0.99999983842554	0.800039747718206	7.93878080633072e-05	0.960827687831078	0.999999935370216
13.85	2.45	0.999999671474329	0.800036676233884	7.94549298715115e-05	0.880823873501178	0.999999868589732
13.95	2.45	0.999999450900038	0.800033706894356	7.96213888936902e-05	0.800820367807394	0.999999780360015
14.05	2.45	0.999999198474784	0.800030854443191	7.98749789038252e-05	0.720817161349139	0.999999679389914
14.15	2.45	0.999998968753111	0.80002813190639	8.01987183306947e-05	0.640814242185267	0.999999587501244
14.25	2.45	0.999998861420844	0.800025548879816	8.05708524599093e-05	0.560811594818296	0.999999544568338
14.35	2.45	0.999999027970177	0.800023109459302	8.09652798022274e-05	0.480809199007768	0.999999611188071
14.45	2.45	0.999999663688406	0.80002080994407	8.13525110609392e-05	0.400807028741268	0.999999865475362
14.55	2.45	1.000000972603	0.800018636615022	8.17012690725435e-05	0.320805052019863	1.0000003890412
14.65	2.45	1.00000309148768	0.800016564132545	8.1980826189958e-05	0.240803232517063	1.00000123659507
14.75	2.45	1.00000596189967	0.800014554816408	8.21641359804044e-05	0.160801534548402	1.00000238475987
14.85	2.45	1.00000914992042	0.800011269247384	8.22317360152003e-05	0.0807999330646122	1.00000365996817
14.95	2.45	1.00001163548414	0.400014219982288	8.22017051669717e-05	0.000798688961353288	1.00000465419365
0.05	2.55	-4.45552783518788e-06	0.400005502813142	-0.000347481724887327	10.4561103701856	0.599998217788866
0.15	2.55	-5.1225324080122e-06	0.800016844808974	-0.000347635424489721	10.4081098524202	0.599997950987037
0.25	2.55	-5.72621376647093e-06	0.80002825654893	-0.000347933026975141	10.3601086766373	0.599997709514493
0.35	2.55	-5.54828085294639e-06	0.80003973281849	-0.000348372887772607	10.3121068280912	0.599997780687659
0.45	2.55	-3.81397396895355e-06	0.800051318591191	-0.000348950912119469	10.2641042637594	0.599998474410412
0.55	2.55	2.80819253958548e-07	0.800063022500381	-0.000349654649622139	10.2161009139095	0.600000112327702
0.65	2.55	7.4715959803994e-06	0.800074841434482	-0.000350461288200567	10.1680966830112	0.600002988638392
0.75	2.55	1.82433410269468e-05	0.800086713036848	-0.000351370507817165	10.1200914546226	0.600007297336411
0.85	2.55	3.21645303824296e-05	0.800098646310202	-0.000352400131155972	10.0720851096449	0.600012865812153
0.95	2.55	4.77157391963202e-05	0.800110517691924	-0.000353515844179383	10.0240775581665	0.600019086295679
1.05	2.55	6.13098670805554e-05	0.800122251324994	-0.000354667923625887	9.97606879316398	0.600024523946832
1.15	2.55	6.6761952864889e-05	0.800134172430776	-0.000355825637472043	9.9280589634339	0.600026704781146
1.25	2.55	5.74275282664207e-05	0.800146431052275	-0.000356960736696248	9.88004841883452	0.600022971011307
1.35	2.55	2.68948458755671e-05	0.800159273001009	-0.000358066988382934	9.83203771550313	0.60001075793835
1.45	2.55	-2.95192396837546e-05	0.800173024898929	-0.000359160126539586	9.78402758427779	0.599988192304126
1.55	2.55	-0.000112728253448175	0.800188058047839	-0.000360280913471456	9.73601884195755	0.599954908698621
1.65	2.55	-0.000217589684918799	0.800204730254302	-0.000361502012273816	9.68801223340464	0.599912964126032
1.75	2.55	-0.000330793084779862	0.800223308648547	-0.000362936353999564	9.64000820340507	0.599867682766088
1.85	2.55	-0.000429497934789739	0.800243867037857	-0.000364748619649251	9.59200661279413	0.599828200826084
1.95	2.55	-0.000481518383399443	0.800266128500431	-0.000367165304847198	9.54400643535383	0.59980739264664
2.05	2.55	-0.000448081100441036	0.800289527118165	-0.000370282010442297	9.49600550453431	0.599820767559824
2.15	2.55	-0.000287912341323778	0.800313251154078	-0.000373454906359494	9.44800037938634	0.59988483506347
2.25	2.55	3.8327808063287e-05	0.800336562793968	-0.000374761718786648	9.39998634770409	0.600015331123225
2.35	2.55	0.000560550116599701	0.800367832971028	-0.000373036301019613	9.35195753752814	0.60022422004664
2.45	2.55	0.00135703215244133	0.800401431319816	-0.000368546450167103	9.30390631571909	0.600542812860977
2.55	2.55	0.00251279664596862	0.800437765574945	-0.000361306409021946	9.25582247179083	0.601005118658387
2.65	2.55	0.00412484766702721	0.800477269894231	-0.000350870046359056	9.20769287650768	0.601649939066811
2.75	2.55	0.00630428310797755	0.800520481877063	-0.000336457036204726	9.15950105128851	0.602521713243191
2.85	2.55	0.00917854563794878	0.800567989833189	-0.000317131092729259	9.11122668167569	0.603671418255179
2.95	2.55	0.012894459409397	0.800620476273752	-0.000291922829979848	9.06284504811955	0.605157783763759
3.05	2.55	0.017622502280285	0.800678782026832	-0.000259932712900901	9.01432633864539	0.607049000912114
3.15	2.55	0.0235627667530962	0.800743956382038	-0.000220454003801227	8.96563479674789	0.609425106701239
3.25	2.55	0.0309530610589152	0.800817270882783	-0.000173140045028772	8.91672764398096	0.612381224423566
3.35	2.55	0.0400794857524062	0.800900162557567	-0.000118228597290559	8.86755370410071	0.616031794300962
3.45	2.55	0.0512894596359952	0.800994046901736	-5.68246948414726e-05	8.81805165065238	0.620515783854398
3.55	2.55	0.0650063566608508	0.801099908691862	8.77459023009771e-06	8.76814781381657	0.62600254266434
3.65	2.55	0.0817433641599025	0.801217553528662	7.47616187524129e-05	8.71775353416882	0.632697345663961
3.75	2.55	0.10211156834196	0.801344418875219	0.000135603246534548	8.66676216938134	0.640844627336784
3.85	2.55	0.126813484392084	0.801473966359228	0.000184089868237189	8.61504608049668	0.650725393756834
3.95	2.55	0.156608811876921	0.801593997263505	0.000211862900829138	8.56245427631091	0.662643524750768
4.05	2.55	0.192236137124723	0.801685792413627	0.000210626483560204	8.50881186551391	0.676894454849889
4.15	2.55	0.234276981104331	0.801725586764274	0.000174096554145205	8.45392294216701	0.693710792441733
4.25	2.55	0.282963302939598	0.801689904369893	0.000100385281798136	8.39757872639632	0.713185321175839
4.35	2.55	0.337960571059613	0.801564736718283	-5.96453878851401e-06	8.33957224704888	0.735184228423845
4.45	2.55	0.39819913866113	0.801355233191089	-0.000133390149863926	8.27971917512483	0.759279655464452
4.55	2.55	0.461851216585599	0.801089615364651	-0.000264978253895354	8.2178817011609	0.78474048663424
4.65	2.55	0.526523185063609	0.800812379885815	-0.000382213896637766	8.15398968334406	0.810609274025444
4.75	2.55	0.589642405598733	0.800568698645935	-0.000469457312580726	8.08805251187539	0.835856962239493
4.85	2.55	0.648911604603494	0.800388854873752	-0.000517335641856689	8.02015749828705	0.859564641841398
4.95	2.55	0.70266309111575	0.800281408337299	-0.00052387659548409	7.95045531900087	0.8810652364463
5.05	2.55	0.750004367966637	0.800236764252217	-0.000493425017120922	7.87913747159125	0.900001747186655
5.15	2.55	0.790756213057557	0.800236209590813	-0.000434287342469976	7.80641242071746	0.916302485223023
5.25	2.55	0.825264237215993	0.80026038393347	-0.000356215652501243	7.73248578494388	0.930105694886397
5.35	2.55	0.854179791993753	0.800294122837698	-0.000268468197118936	7.65754707145819	0.941671916797501
5.45	2.55	0.87827535578788	0.800327754353906	-0.000178687453314811	7.58176288361664	0.951310142315152
5.55	2.55	0.898319261901268	0.800356310660045	-9.24941062163032e-05	7.50527508825021	0.959327704760507
5.65	2.55	0.915006701641894	0.800378043589475	-1.35594406789828e-05	7.4282020858566	0.966002680656757
5.75	2.55	0.928932029651059	0.800393044346498	5.60761889853682e-05	7.35064161982984	0.971572811860424
5.85	2.55	0.940586293603611	0.800402253006341	0.000115606767725541	7.27267406039825	0.976234517441445
5.95	2.55	0.95036751309758	0.800406859649207	0.000165083676996299	7.19436555703611	0.980147005239032
6.05	2.55	0.958595665156066	0.80040799641062	0.000205102689893294	7.11577078172928	0.983438266062426
6.15	2.55	0.965527927661978	0.800406611722372	0.000236566023431356	7.03693518520438	0.986211171064791
6.25	2.55	0.971372129605421	0.800403443860146	0.000260513476190667	6.95789679192149	0.988548851842168
6.35	2.55	0.976297749402557	0.800399040651391	0.000278009941591444	6.87868760265633	0.990519099761023
6.45	2.55	0.980444508466999	0.800393795313684	0.000290075544423269	6.79933468299453	0.9921778033868
6.55	2.55	0.983928902298785	0.800387983464526	0.000297646226598506	6.7198610096052	0.993571560919514
6.65	2.55	0.986849086974785	0.800381795067384	0.00030155505487648	6.64028613383708	0.994739634789914
6.75	2.55	0.989288511939101	0.800375359614766	0.000302526964793412	6.56062670913076	0.99571540477564
6.85	2.55	0.991318624878418	0.800368764916671	0.000301181734186297	6.48089691720389	0.996527449951367
6.95	2.55	0.993000903260445	0.800362070610426	0.000298041606823745	6.40110881863886	0.997200361304178
7.05	2.55	0.994388403553776	0.80035531761863	0.000293541192878478	6.3212726463506	0.99775536142151
7.15	2.55	0.995526967537644	0.800348534632464	0.000288038133440299	6.24139705511471	0.998210787015058
7.25	2.55	0.996456185390131	0.800341742473121	0.000281823610593606	6.16148933650794	0.998582474156052
7.35	2.55	0.997210185678216	0.800334956969141	0.000275132184263915	6.08155560589678	0.998884074271286
7.45	2.55	0.997818300851343	0.800328190810462	0.000268150696617062	6.00160096621378	0.999127320340537
7.55	2.55	0.998305641427468	0.800321454705672	0.000261026149518791	5.92162965195622	0.999322256570987
7.65	2.55	0.998693601175873	0.800314758071247	0.000253872558568851	5.84164515595775	0.999477440470349
7.75	2.55	0.999000308026227	0.800308109412511	0.000246776842770229	5.76165034089462	0.999600123210491
7.85	2.55	0.999241030257989	0.800301516507898	0.000239803836940496	5.68164753710237	0.999696412103195
7.95	2.55	0.99942854407749	0.800294986473965	0.000233000523933621	5.60163862803065	0.999771417630996
8.05	2.55	0.999573466479148	0.800288525764557	0.000226399584100463	5.52162512450565	0.999829386591659
8.15	2.55	0.99968455594898	0.80028214014061	0.000220022354106291	5.44160822886755	0.999873822379592
8.25	2.55	0.999768982833647	0.800275834634389	0.000213881278780554	5.36158888998124	0.999907593133459
8.35	2.55	0.999832570866435	0.800269613522283	0.000207981930408874	5.28156785006625	0.999933028346574
8.45	2.55	0.999880011263998	0.80026348031449	0.000202324661407054	5.20154568424572	0.999952004505599
8.55	2.55	0.999915050875403	0.800257437764123	0.000196905946632764	5.12152283366801	0.999966020350161
8.65	2.55	0.999940655999368	0.80025148789569	0.000191719465165838	5.04149963300536	0.999976262399747
8.75	2.55	0.999959153632867	0.800245632050194	0.0001867569635122	4.96147633307969	0.999983661453147
8.85	2.55	0.99997235203941	0.800239870943352	0.000182008936860967	4.88145311930743	0.999988940815764
8.95	2.55	0.999981642608401	0.80023420473266	0.000177465159611984	4.80143012659338	0.99999265704336
9.05	2.55	0.999988085009106	0.800228633089117	0.000173115091716343	4.72140745123984	0.999995234003642
9.15	2.55	0.999992477623261	0.800223155269948	0.000168948183738868	4.64138516037366	0.999996991049304
9.25	2.55	0.999995415173761	0.800217770189092	0.00016495409994652	4.56136329933102	0.999998166069504
9.35	2.55	0.999997335361191	0.800212476483014	0.000161122875683215	4.48134189738054	0.999998934144476
9.45	2.55	0.999998556184681	0.800207272570213	0.000157445022784018	4.4013209721089	0.999999422473872
9.55	2.55	0.999999305468441	0.800202156703177	0.000153911594541207	4.32130053274242	0.999999722187376
9.65	2.55	0.999999743949584	0.800197127012506	0.000150514219616617	4.24128058263192	0.999999897579834
9.75	2.55	0.999999983114489	0.800192181543065	0.000147245112609391	4.16126112108731	0.999999993245796
9.85	2.55	1.00000009880654	0.800187318282604	0.000144097067727593	4.08124214471317	1.00000003952262
9.95	2.55	1.00000014147267	0.800182535183473	0.000141063440516915	4.00122364836649	1.00000005658907
10.05	2.55	1.00000014377298	0.800177830178174	0.000138138121642668	3.92120562583188	1.00000005750919
10.15	2.55	1.00000012614959	0.800173201189579	0.000135315505865362	3.84118807028899	1.00000005045984
10.25	2.55	1.00000010083757	0.800168646136867	0.000132590458627328	3.76117097462923	1.00000004033503
10.35	2.55	1.00000007470401	0.800164162937734	0.000129958282081707	3.68115433166516	1.0000000298816
10.45	2.55	1.0000000512188	0.800159749507927	0.000127414681861851	3.60113813426503	1.00000002048752
10.55	2.55	1.00000003179258	0.800155403758608	0.000124955735640099	3.52112237543611	1.00000001271703
10.65	2.55	1.00000001666149	0.800151123592233	0.000122577864138961	3.4411070483741	1.0000000066646
10.75	2.55	1.0000000054537	0.800146906897494	0.000120277805107109	3.36109214649065	1.00000000218148
10.85	2.55	0.999999997537279	0.800142751543678	0.000118052590620823	3.2810776634275	0.999999999014912
10.95	2.55	0.999999992221648	0.800138655374954	0.00011589952792541	3.20106359306286	0.999999996888659
11.05	2.55	0.999999988863979	0.800134616204821	0.000113816183978843	3.12104992951383	0.999999995545592
11.15	2.55	0.999999986916241	0.800130631811128	0.000111800373807529	3.04103666713705	0.999999994766497
11.25	2.55	0.999999985937227	0.800126699931967	0.000109850152772928	2.96102380052909	0.999999994374891
11.35	2.55	0.999999985585674	0.800122818262717	0.000107963812685674	2.88101132452719	0.999999994234269
11.45	2.55	0.999999985604904	0.800118984454739	0.0001061398818735	2.80099923421066	0.999999994241962
11.55	2.55	0.999999985805496	0.800115196116014	0.00010437712897081	2.72098752490288	0.999999994322198
11.65	2.55	0.999999986049929	0.800111450814271	0.000102674570497944	2.64097619217365	0.999999994419972
11.75	2.55	0.999999986241419	0.800107746083365	0.000101031481928276	2.56096523184156	0.999999994496568
11.85	2.55	0.999999986318023	0.800104079433424	9.944741202512e-05	2.48095463997583	0.999999994527209
11.95	2.55	0.999999986252295	0.800100448366007	9.79222002312932e-05	2.40094441289694	0.999999994500918
12.05	2.55	0.999999986056158	0.800096850395294	9.64559967456177e-05	2.32093454717552	0.999999994422463
12.15	2.55	0.999999985790165	0.800093283077061	9.50492849257361e-05	2.24092503962843	0.999999994316066
12.25	2.55	0.999999985575842	0.800089744047149	9.3702905394504e-05	2.16091588731122	0.999999994230337
12.35	2.55	0.999999985609307	0.800086231071732	9.24180811592967e-05	2.08090708750577	0.999999994243723
12.45	2.55	0.999999986173532	0.800082742111797	9.11964422425331e-05	2.0008986377018	0.999999994469413
12.55	2.55	0.99999998764515	0.800079275404263	9.00400477983922e-05	1.92089053557085	0.99999999505806
12.65	2.55	0.999999990489002	0.800075829561815	8.89514020053452e-05	1.84088277893111	0.999999996195601
12.75	2.55	0.999999995229073	0.800072403692661	8.79334586571465e-05	1.76087536570179	0.999999998091629
12.85	2.55	1.0000000023778	0.80006899753985	8.69896068381982e-05	1.68086829384585	1.00000000095112
12.95	2.55	1.00000001229772	0.800065611637516	8.61236279514077e-05	1.60086156130105	1.00000000491909
13.05	2.55	1.0000000249625	0.800062247478398	8.53396121883983e-05	1.52085516590029	1.000000009985
13.15	2.55	1.00000003958486	0.800058907683297	8.46418211653914e-05	1.44084910528441	1.00000001583394
13.25	2.55	1.00000005409482	0.800055596159279	8.40344839875392e-05	1.36084337681251	1.00000002163793
13.35	2.55	1.00000006449831	0.800052318229465	8.35215163918395e-05	1.28083797747646	1.00000002579932
13.45	2.55	1.00000006423516	0.800049080713586	8.3106158289407e-05	1.2008329038263	1.00000002569407
13.55	2.55	1.00000004379879	0.800045891935317	8.27905334860898e-05	1.12082815190978	1.00000001751952
13.65	2.55	0.999999991071846	0.800042761629344	8.25751464707621e-05	1.04082371722062	0.999999996428738
13.75	2.55	0.99999989304081	0.800039700717965	8.2458344082434e-05	0.960819594635108	0.999999957216324
13.85	2.55	0.99999973970034	0.80003672092302	8.24357827909246e-05	0.880815778295325	0.999999895880136
13.95	2.55	0.999999530909001	0.80003383417452	8.24999540088933e-05	0.800812261373477	0.9999998123636
14.05	2.55	0.999999286515651	0.800031051774021	8.26398289026854e-05	0.720809035634602	0.99999971460626
14.15	2.55	0.999999059003565	0.800028383273548	8.28406900868845e-05	0.640806090720121	0.999999623601426
14.25	2.55	0.999998945986658	0.800025835048081	8.30842210961061e-05	0.560803413125542	0.999999578394663
14.35	2.55	0.999999097070866	0.800023408585383	8.33489270281954e-05	0.48080098496975	0.999999638828346
14.45	2.55	0.999999706122495	0.80002109860752	8.36109624442955e-05	0.400798782875645	0.999999882448998
14.55	2.55	1.00000097668289	0.800018891290634	8.3845444853689e-05	0.320796777610012	1.00000039067316
14.65	2.55	1.00000304675136	0.800016763070376	8.40283281043267e-05	0.240794935533734	1.00000121870054
14.75	2.55	1.00000586198297	0.800014680223153	8.41388862512315e-05	0.160793223294576	1.00000234479319
14.85	2.55	1.00000899690257	0.800011322500329	8.41628053530387e-05	0.0807916174770641	1.00000359876103
14.95	2.55	1.00001144565964	0.40001413581696	8.41219650498703e-05	0.000790376923421033	1.00000457826385
0.05	2.65	-4.47400243425482e-06	0.400005422641178	-0.000358627270975148	10.4561315560499	0.599998210399026
0.15	2.65	-5.12752221834015e-06	0.800016597411156	-0.000358810810209099	10.4081310484963	0.599997948991113
0.25	2.65	-5.69613616243321e-06	0.800027832205529	-0.000359167042785987	10.3601298925088	0.599997721545535
0.35	2.65	-5.44985969403065e-06	0.800039118353628	-0.000359692871010416	10.3121280731636	0.599997820056122
0.45	2.65	-3.60049991330416e-06	0.800050499502928	-0.000360382564387788	10.2641255470675	0.599998559800035
0.55	2.65	6.62186636644464e-07	0.800061988326449	-0.000361223912728808	10.2161222436095	0.600000264874655
0.65	2.65	8.04095412887729e-06	0.800073590227294	-0.00036220082301247	10.1681180660114	0.600003216381652
0.75	2.65	1.88907191359313e-05	0.800085291991887	-0.000363312269570685	10.1201128980267	0.600007556287654
0.85	2.65	3.28333742907331e-05	0.800097106433516	-0.000364559405703391	10.0721066217368	0.600013133349716
0.95	2.65	4.87386658627208e-05	0.800108730319121	-0.000365902500114455	10.0240991435495	0.600019495466345
1.05	2.65	6.23145087338169e-05	0.800120433874391	-0.000367335562949683	9.97609045427229	0.600024925803494
1.15	2.65	6.76190062565303e-05	0.800132416096621	-0.000368852732966039	9.92808070261434	0.600027047602503
1.25	2.65	5.786351307975e-05	0.800144906270645	-0.000370416193558516	9.88007023585311	0.600023145405232
1.35	2.65	2.64603248349377e-05	0.800158212142059	-0.000372032323806559	9.8320596097577	0.600010584129934
1.45	2.65	-3.14496023429615e-05	0.800172728185111	-0.000373732073943568	9.7840495564181	0.599987420159063
1.55	2.65	-0.000116967103901459	0.800188897200981	-0.000375567009984354	9.73604089538859	0.599953213158439
1.65	2.65	-0.000225150215083507	0.800207146543335	-0.000377614855920877	9.68803437620639	0.599909939913966
1.75	2.65	-0.000342893949854292	0.800227803010232	-0.000379988314532615	9.64003045092458	0.599862842420058
1.85	2.65	-0.000447532979321376	0.800250984860759	-0.000382841929930657	9.59202899106929	0.599820986808271
1.95	2.65	-0.000506832276507916	0.800276473010942	-0.00038634080956611	9.54402898358624	0.599797267089397
2.05	2.65	-0.000481020549140227	0.800303645775373	-0.00039043611108513	9.49602826251797	0.599807591780344
2.15	2.65	-0.000327123984818935	0.800331451147614	-0.000394460512633012	9.4480233428132	0.599869150406072
2.25	2.65	-6.7494406145164e-06	0.800359958793133	-0.000397709257010114	9.40000943269511	0.599997300223754
2.35	2.65	0.00050920142193147	0.800397441559109	-0.000398500154250785	9.35198057960795	0.600203680568773
2.45	2.65	0.00129508368944783	0.800439497592155	-0.00039608734063202	9.30392913430359	0.600518033475779
2.55	2.65	0.00243602881434879	0.800486496460585	-0.000391281374577964	9.25584490866795	0.600974411525739
2.65	2.65	0.00402931831095224	0.800539287480044	-0.000383777131540109	9.2077147537218	0.601611727324381
2.75	2.65	0.00618574061258676	0.800598869239175	-0.000372776352892914	9.15952214359357	0.602474296245035
2.85	2.65	0.009031907651983	0.800666348515608	-0.000357327506929048	9.1112467052745	0.603612763060793
2.95	2.65	0.0127134064188317	0.800743005885618	-0.000336460998320879	9.06286365781095	0.605085362567533
3.05	2.65	0.0173991045235814	0.800830350513246	-0.000309274148423213	9.01434313045127	0.606959641809433
3.15	2.65	0.0232870883585128	0.800930141013261	-0.000275033139548685	8.96564931683956	0.609314835343405
3.25	2.65	0.0306127200878953	0.801044353810042	-0.000233318131010457	8.91673940660367	0.612245088035158
3.35	2.65	0.0396591775818126	0.801175060897227	-0.000184222285215434	8.86756222218911	0.615863671032725
3.45	2.65	0.0507704838430975	0.801324151072823	-0.000128605275992463	8.81805648328958	0.620308193537239
3.55	2.65	0.0643662365140491	0.801492797307866	-6.83864024120287e-05	8.76814863436642	0.62574649460562
3.65	2.65	0.0809557242825711	0.801680551077062	-6.83499066446558e-06	8.71775022109085	0.632382289713028
3.75	2.65	0.101146546994154	0.801883966899017	5.12275471842921e-05	8.66675491731745	0.640458618797661
3.85	2.65	0.125639093525954	0.802094794127482	9.94556206298957e-05	8.61503552094476	0.650255637410382
3.95	2.65	0.155193773885191	0.802298109272395	0.000130427915316242	8.56244158439724	0.662077509554077
4.05	2.65	0.190554705650937	0.802471343746481	0.000136701810737707	8.50879881349902	0.676221882260375
4.15	2.65	0.232315894976924	0.802585799518503	0.000112527926696839	8.45391184723661	0.69292635799077
4.25	2.65	0.280730117869288	0.802612287606176	5.59677117789866e-05	8.39757224180327	0.712292047147715
4.35	2.65	0.335491189490033	0.802530976546276	-2.92729086359378e-05	8.33957297663009	0.734196475796013
4.45	2.65	0.395561042497096	0.802342124850736	-0.000133266037991132	8.2797291580982	0.758224416998838
4.55	2.65	0.459138990346197	0.802071183282888	-0.000241280515453451	8.21790189785192	0.783655596138479
4.65	2.65	0.523845460276688	0.801762853527031	-0.000337066649899407	8.15401964298855	0.809538184110675
4.75	2.65	0.587103608712455	0.80146553554975	-0.000406827312654309	8.088090368046	0.834841443484982
4.85	2.65	0.646594969655827	0.801214922886772	-0.000442260859047893	8.02020031312239	0.858637987862331
4.95	2.65	0.700620725290049	0.801025863251204	-0.000441609994599147	7.95049965320837	0.88024829011602
5.05	2.65	0.7482562669844	0.800894744499853	-0.000408729448413801	7.87917998279464	0.89930250679376
5.15	2.65	0.789296092209426	0.800807808933906	-0.000351003531067816	7.80645032185108	0.91571843688377
5.25	2.65	0.824068304875856	0.800749367628362	-0.000277106572774215	7.7325170866715	0.929627321950342
5.35	2.65	0.853215194640024	0.80070669087373	-0.000195270545613201	7.65757062266324	0.94128607785601
5.45	2.65	0.877506601625458	0.800671494774286	-0.000112280843333237	7.58177827337243	0.951002640650183
5.55	2.65	0.897712295370043	0.800639385483793	-3.31123112427063e-05	7.50528248027989	0.959084918148017
5.65	2.65	0.914531034323979	0.800608599592433	3.90060040695852e-05	7.42820204022406	0.965812413729591
5.75	2.65	0.928561540909643	0.800578818748335	0.000102305290909826	7.35063493419507	0.971424616363857
5.85	2.65	0.940299245175845	0.800550336047109	0.000156121173873238	7.27266164454083	0.976119698070338
5.95	2.65	0.950146165857525	0.800523575647375	0.000200555419207306	7.19434834239529	0.98005846634301
6.05	2.65	0.958425739115079	0.80049886883641	0.000236194925149766	7.11574966161156	0.983370295646032
6.15	2.65	0.965398038646202	0.800476383851957	0.000263898018566212	7.03691097914014	0.986159215458481
6.25	2.65	0.971273267621788	0.800456133090693	0.000284642739819998	6.95787022765297	0.988509307048715
6.35	2.65	0.976222824356726	0.800438010548846	0.00029942574703892	6.87865931020395	0.99048912974269
6.45	2.65	0.980387968241937	0.800421834450789	0.000309199524959891	6.79930519648215	0.992155187296775
6.55	2.65	0.983886418479983	0.800407383968786	0.000314836989993816	6.71983077368698	0.993554567391993
6.65	2.65	0.986817299719881	0.800394426627943	0.000317114767406694	6.64025551252971	0.994726919887952
6.75	2.65	0.989264824690709	0.800382736673039	0.000316708599030032	6.56059599559127	0.995705929876284
6.85	2.65	0.991301040186397	0.800372106084095	0.000314196199569811	6.48086634353007	0.996520416074559
6.95	2.65	0.992987892069716	0.800362350193347	0.000310064336010554	6.40107856514491	0.997195156827887
7.05	2.65	0.994378801514167	0.800353309629066	0.000304717986126948	6.3212428500252	0.997751520605667
7.15	2.65	0.995519893019128	0.800344849931965	0.000298490204621265	6.24136781713457	0.998207957207651
7.25	2.65	0.996450974871421	0.800336859815957	0.000291651860459588	6.16146072878418	0.998580389948569
7.35	2.65	0.997206343004827	0.800329248735443	0.000284420768964976	6.08152767669347	0.998882537201931
7.45	2.65	0.997815457541111	0.80032194418892	0.000276969978645843	6.00157374491145	0.999126183016444
7.55	2.65	0.998303525756042	0.800314889023817	0.000269435121142456	5.92160315304874	0.999321410302417
7.65	2.65	0.998692014222588	0.800308038895914	0.000261920823543611	5.84161938237513	0.999476805689035
7.75	2.65	0.998999105221281	0.800301359964476	0.000254506233457179	5.7616252867415	0.999599642088512
7.85	2.65	0.999240107261767	0.800294826857879	0.000247249733353315	5.68162318989584	0.999696042904707
7.95	2.65	0.999427826056095	0.800288420916722	0.000240192930839159	5.60161497051299	0.999771130422438
8.05	2.65	0.99957290002807	0.800282128704884	0.000233364012961739	5.52160213609885	0.999829160011228
8.15	2.65	0.999684103068401	0.800275940769318	0.000226780547688547	5.44158588682809	0.99987364122736
8.25	2.65	0.999768616481355	0.800269850624546	0.000220451809007584	5.36156717030589	0.999907446592542
8.35	2.65	0.999832271713324	0.800263853936071	0.000214380694344323	5.2815467281923	0.99993290868533
8.45	2.65	0.99987976535723	0.800257947875969	0.000208565294462941	5.20152513558268	0.999951906142892
8.55	2.65	0.999914847978865	0.800252130625076	0.000203000169003901	5.12150283399229	0.999965939191546
8.65	2.65	0.999940488433109	0.800246400997813	0.000197677373426649	5.04148015874449	0.999976195373244
8.75	2.65	0.9999590154748	0.800240758167357	0.000192587277358427	4.96145736150834	0.99998360618992
8.85	2.65	0.999972238585732	0.800235201471182	0.00018771920868657	4.88143462867383	0.999988895434293
8.95	2.65	0.999981550015312	0.800229730279871	0.000183061953055352	4.80141209619163	0.999992620006125
9.05	2.65	0.999988010058873	0.800224343913929	0.00017860413434181	4.7213898614407	0.999995204023549
9.15	2.65	0.999992417573432	0.800219041596338	0.000174334497718811	4.64136799262431	0.999996967029373
9.25	2.65	0.999995367660364	0.800213822430354	0.000170242114160007	4.56134653613216	0.999998147064146
9.35	2.65	0.999997298335775	0.800208685394529	0.000166316521886956	4.48132552224747	0.99999891933431
9.45	2.65	0.999998527871678	0.800203629348514	0.000162547818244981	4.40130496952201	0.999999411148671
9.55	2.65	0.999999284334106	0.800198653045021	0.00015892671288047	4.32128488809114	0.999999713733642
9.65	2.65	0.999999728677138	0.800193755144167	0.000155444551600215	4.24126528215534	0.999999891470855
9.75	2.65	0.999999972582354	0.800188934228379	0.000152093318337127	4.16124615181381	0.999999989032942
9.85	2.65	1.00000009206809	0.800184188815801	0.000148865621255459	4.08122749440083	1.00000003682723
9.95	2.65	1.00000013773675	0.800179517371818	0.000145754668097421	4.00120930544542	1.0000000550947
10.05	2.65	1.00000014238519	0.800174918317946	0.000142754234383895	3.92119157934935	1.00000005695407
10.15	2.65	1.00000012657428	0.800170390038292	0.000139858627664217	3.84117430985776	1.00000005062971
10.25	2.65	1.00000010264095	0.800165930883705	0.000137062650065359	3.76115749037937	1.00000004105638
10.35	2.65	1.00000007753845	0.800161539173805	0.000134361560780197	3.68114111419937	1.00000003101538
10.45	2.65	1.00000005480863	0.800157213197406	0.000131751039913856	3.60112517461743	1.00000002192345
10.55	2.65	1.00000003592146	0.800152951211587	0.000129227154446349	3.52110966503424	1.00000001436858
10.65	2.65	1.00000002116139	0.800148751439851	0.00012678632709666	3.44109457900393	1.00000000846456
10.75	2.65	1.00000001019552	0.8001446120698	0.000124425308362588	3.36107991026425	1.00000000407821
10.85	2.65	1.00000000242307	0.800140531250408	0.000122141152105661	3.28106565275311	1.00000000096923
10.95	2.65	0.99999999717832	0.800136507089517	0.000119931194848597	3.20105180061692	0.999999998871328
11.05	2.65	0.999999993838438	0.800132537651596	0.000117793038783097	3.12103834821458	0.999999997535375
11.15	2.65	0.999999991871748	0.800128620956177	0.00011572453866945	3.04102529011946	0.999999996748699
11.25	2.65	0.999999990850761	0.800124754977223	0.000113723792428102	2.96101262112057	0.999999996340304
11.35	2.65	0.999999990445988	0.800120937643775	0.000111789135529126	2.88100033622383	0.999999996178395
11.45	2.65	0.99999999041082	0.800117166842226	0.000109919138971276	2.80098843065349	0.999999996164328
11.55	2.65	0.99999999056391	0.800113440420551	0.000108112610747866	2.72097689985394	0.999999996225564
11.65	2.65	0.99999999077287	0.80010975619519	0.000106368600461978	2.64096573949143	0.999999996309148
11.75	2.65	0.999999990941538	0.800106111960789	0.000104686406962429	2.56095494545551	0.999999996376615
11.85	2.65	0.999999991001985	0.800102505503833	0.000103065588396205	2.48094451385962	0.999999996400794
11.95	2.65	0.999999990911927	0.800098934620682	0.000101505974388106	2.40093444104032	0.999999996364771
12.05	2.65	0.99999999065777	0.800095397141136	0.000100007679685496	2.32092472355445	0.999999996263108
12.15	2.65	0.999999990263334	0.800091890958616	9.85711185838926e-05	2.24091535817345	0.999999996105334
12.25	2.65	0.999999989804019	0.800088414068314	9.7197019403217e-05	2.16090634187393	0.999999995921607
12.35	2.65	0.999999989425662	0.8000849646148	9.58864378625867e-05	2.08089767182341	0.999999995770265
12.45	2.65	0.999999989366354	0.800081540950658	9.46407679424109e-05	2.00088934536021	0.999999995746542
12.55	2.65	0.999999989977371	0.800078141707642	9.34617481016774e-05	1.92088135996608	0.999999995990949
12.65	2.65	0.999999991735722	0.800074765881265	9.23514600290567e-05	1.84087371323046	0.999999996694289
12.75	2.65	0.999999995234937	0.800071412929225	9.13123155447943e-05	1.76086640280541	0.999999998093975
12.85	2.65	1.00000000113264	0.800068082882473	9.03470262518672e-05	1.6808594263508	1.00000000045306
12.95	2.65	1.00000001002411	0.800064776466143	8.94585487514738e-05	1.60085278147039	1.00000000400964
13.05	2.65	1.00000002220359	0.80006149522509	8.86499970582906e-05	1.52084646564088	1.00000000888144
13.15	2.65	1.00000003727572	0.800058241646201	8.79245133608792e-05	1.44084047613816	1.00000001491029
13.25	2.65	1.00000005359753	0.800055019266775	8.72850887591649e-05	1.36083480996683	1.00000002143901
13.35	2.65	1.00000006758087	0.800051832755574	8.67343281112018e-05	1.28082946380042	1.00000002703235
13.45	2.65	1.00000007297822	0.800048687950737	8.62741574690769e-05	1.2008244339394	1.00000002919129
13.55	2.65	1.00000006042232	0.800045591836524	8.59054792191136e-05	1.12081971628949	1.00000002416893
13.65	2.65	1.00000001768463	0.8000425524388	8.56277884048924e-05	1.04081530635376	1.00000000707385
13.75	2.65	0.99999993132682	0.800039578616346	8.54387729713835e-05	0.960811199215391	0.999999972530728
13.85	2.65	0.99999979056457	0.800036679721234	8.53339298033107e-05	0.880807389465708	0.999999916225828
13.95	2.65	0.999999594109327	0.800033865096588	8.53062360581439e-05	0.800803871007605	0.999999837643731
14.05	2.65	0.999999360306773	0.800031143375409	8.53459206350188e-05	0.720800636646176	0.999999744122709
14.15	2.65	0.999999139819083	0.800028521544238	8.54403835861963e-05	0.640797677383448	0.999999655927633
14.25	2.65	0.999999028195134	0.800026003748534	8.55743129554083e-05	0.560794981384631	0.999999611278054
14.35	2.65	0.99999917287402	0.800023589855439	8.573005061414e-05	0.480792532707285	0.999999669149608
14.45	2.65	0.999999765729303	0.800021273870862	8.58882632505421e-05	0.400790310106816	0.999999906291721
14.55	2.65	1.00000100899264	0.800019042447798	8.60289814925617e-05	0.320788286559445	1.00000040359705
14.65	2.65	1.00000304088982	0.800016873929749	8.61330748778905e-05	0.24078643054701	1.00000121635593
14.75	2.65	1.00000581010369	0.800014738069307	8.6184220766412e-05	0.160784710530654	1.00000232404147
14.85	2.65	1.00000889859519	0.800011332939005	8.61713944492621e-05	0.0807831043268409	1.00000355943808
14.95	2.65	1.0000113139756	0.40001403326197	8.61187810395948e-05	0.000781868439442905	1.00000452559024
0.05	2.75	-4.49314080413344e-06	0.400005329460529	-0.000369595248609887	10.4561534057063	0.599998202743678
0.15	2.75	-5.13485135759789e-06	0.800016311899772	-0.000369802191051912	10.4081529099468	0.599997946059457
0.25	2.75	-5.67282039559464e-06	0.800027346087508	-0.000370205574620158	10.3601517768956	0.599997730871842
0.35	2.75	-5.36790857398158e-06	0.800038420589993	-0.000370803582141875	10.312149991456	0.59999785283657
0.45	2.75	-3.42293404993375e-06	0.800049577511204	-0.000371593451778781	10.264147509941	0.59999863082638
0.55	2.75	9.75119314688558e-07	0.800060831113964	-0.000372569812567871	10.2161442611763	0.600000390047726
0.65	2.75	8.51543815596176e-06	0.800072191908746	-0.000373726566112605	10.1681401477218	0.600003406175262
0.75	2.75	1.95256482983742e-05	0.800083664484351	-0.000375058005238398	10.1201350530236	0.600007810259319
0.85	2.75	3.36550697313151e-05	0.800095253789856	-0.000376531894796648	10.0721288581118	0.600013462027893
0.95	2.75	4.96753391485785e-05	0.800106689116694	-0.000378153564192554	10.0241214682747	0.600019870135659
1.05	2.75	6.31467948050255e-05	0.800118316674696	-0.000379976208525357	9.97611287564549	0.600025258717922
1.15	2.75	6.83083859717652e-05	0.800130268046502	-0.000381983605208021	9.92810322814116	0.600027323354389
1.25	2.75	5.81668636656947e-05	0.800142867280129	-0.000384153310577324	9.88009287087779	0.600023266745466
1.35	2.75	2.59744297541169e-05	0.800156470280393	-0.000386519156101389	9.83208236055636	0.600010389771902
1.45	2.75	-3.32675942617471e-05	0.800171525583017	-0.000389130191122711	9.78407243157482	0.599986692962295
1.55	2.75	-0.000120804232595234	0.800188532349656	-0.00039204744231523	9.73606390687461	0.599951678306962
1.65	2.75	-0.000231843961161391	0.800207971254686	-0.000395346204331127	9.68805754077777	0.599907262415535
1.75	2.75	-0.000353421701986418	0.800230212708741	-0.000399117798890937	9.64005379197315	0.599858631319205
1.85	2.75	-0.000462944017877301	0.800255405128569	-0.000403463424221124	9.59205254051504	0.599814822392849
1.95	2.75	-0.000528014078996793	0.80028335731979	-0.000408456018964919	9.54405278098446	0.599788794368401
2.05	2.75	-0.000508192257777328	0.800313441888784	-0.000414036586616914	9.49605234224362	0.599796723096889
2.15	2.75	-0.000359964836072617	0.800344305088918	-0.000419983480872586	9.4480477047279	0.599856014065571
2.25	2.75	-5.01849415917815e-05	0.800379529946913	-0.000426181141988682	9.4000340730058	0.599979926023363
2.35	2.75	0.000465075985865621	0.800420037882889	-0.000430459071418966	9.3520053741883	0.600186030394346
2.45	2.75	0.00124322215180043	0.800468823198468	-0.000431980708582719	9.30395388764839	0.60049728886072
2.55	2.75	0.00237177968805847	0.800524499910736	-0.000432029598843958	9.25586950222366	0.600948711875223
2.65	2.75	0.00394930904033728	0.800588257337161	-0.000430194112318158	9.20773905388942	0.601579723616135
2.75	2.75	0.00608657446257725	0.800661425752001	-0.000425719824998378	9.15954596934301	0.602434629785031
2.85	2.75	0.00890952032076375	0.800745518318496	-0.000417753949384984	9.11126981958811	0.603563808128305
2.95	2.75	0.0125626982589367	0.800842312409351	-0.00040542037487607	9.06288576607171	0.605025079303575
3.05	2.75	0.0172136361095617	0.800953881782196	-0.000387873638476598	9.01436388246138	0.606885454443825
3.15	2.75	0.0230587602480566	0.801082585982599	-0.000364372891304486	8.96566831353678	0.609223504099223
3.25	2.75	0.0303314143786645	0.801230998451978	-0.000334391327290598	8.91675621399523	0.612132565751466
3.35	2.75	0.0393123677165972	0.801401728977033	-0.000297768156025913	8.86757639570564	0.615724947086639
3.45	2.75	0.0503428463107082	0.801597068222909	-0.00025490376807092	8.81806760608021	0.620137138524283
3.55	2.75	0.063839337709224	0.801818352202621	-0.000206987705724528	8.76815637277779	0.62553573508369
3.65	2.75	0.0803079178067079	0.802064925733475	-0.000156228863966204	8.71775439908966	0.632123167122683
3.75	2.75	0.100353306869455	0.802332611778431	-0.000106025105948054	8.66675560801669	0.640141322747782
3.85	2.75	0.124674120421464	0.802611736184485	-6.09672950898108e-05	8.6150331466462	0.649869648168586
3.95	2.75	0.154031306938927	0.8028851067012	-2.65348246312608e-05	8.56243700610337	0.661612522775571
4.05	2.75	0.189173457770779	0.80312694515979	-8.34063694085363e-06	8.50879337783857	0.675669383108312
4.15	2.75	0.230704742298831	0.803304433049397	-1.08772567406066e-05	8.45390734793536	0.692281896919532
4.25	2.75	0.278894941397934	0.803383596461118	-3.59436129794697e-05	8.39757075381293	0.711557976559174
4.35	2.75	0.333461103176768	0.803339706191768	-8.12538553779167e-05	8.33957654595653	0.733384441270707
4.45	2.75	0.393391149700614	0.803168875985206	-0.000139951695574063	8.279739384739	0.757356459880246
4.55	2.75	0.456906841714467	0.802894162412639	-0.000201597019787993	8.21791951783496	0.782762736685787
4.65	2.75	0.521640432477223	0.802560356417838	-0.000254554199758498	8.1540442575255	0.808656172990889
4.75	2.75	0.585011912173309	0.802218494481401	-0.000288923496078796	8.08812043966059	0.834004764869324
4.85	2.75	0.644685579647981	0.801908769005465	-0.000298812405243968	8.0202334472156	0.857874231859193
4.95	2.75	0.698937051701696	0.801651300421692	-0.000283135301349541	7.95053306483223	0.879574820680678
5.05	2.75	0.746815205848816	0.80144752242287	-0.000244932870655765	7.87921098642705	0.898726082339526
5.15	2.75	0.788092753342929	0.801287876243728	-0.000189824168720865	7.80647670536053	0.915237101337172
5.25	2.75	0.823083228462588	0.801159797382713	-0.000124335490247238	7.73253730668436	0.929233291385035
5.35	2.75	0.85242133666395	0.801052638157435	-5.46080853945859e-05	7.65758383313011	0.94096853466558
5.45	2.75	0.876874666095295	0.800959310858256	1.43466259329034e-05	7.58178424008585	0.950749866438118
5.55	2.75	0.897214126917509	0.800875926908766	7.89097958134487e-05	7.50528144035846	0.958885650767004
5.65	2.75	0.914141399621921	0.80080072687917	0.000136795585654255	7.42819455197598	0.965656559848768
5.75	2.75	0.9282588046436	0.800733059911177	0.000186826616079324	7.3506217440819	0.97130352185744
5.85	2.75	0.940065391391735	0.800672682931195	0.000228658330279553	7.27264358244726	0.976026156556694
5.95	2.75	0.949966486956181	0.800619380668555	0.000262518472449272	7.19432624648069	0.979986594782472
6.05	2.75	0.958288392877458	0.800572813018796	0.00028899148456144	7.11572432897905	0.983315357150983
6.15	2.75	0.965293584362697	0.80053249216048	0.000308855072130863	7.03688313678907	0.986117433745079
6.25	2.75	0.97119423557285	0.80049781855744	0.000322964606083515	6.9578405182124	0.98847769422914
6.35	2.75	0.976163340206302	0.800468133742593	0.000332176497558871	6.87862828777063	0.990465336082521
6.45	2.75	0.980343436733611	0.800442769032794	0.000337301023043646	6.79927332892953	0.992137374693444
6.55	2.75	0.983853262728081	0.80042108232458	0.000339076189033975	6.71979844879083	0.993541305091232
6.65	2.75	0.98679274921309	0.800402481942326	0.000338155919020073	6.64022304606371	0.994717099685236
6.75	2.75	0.989246744431084	0.800386439478002	0.000335107527311024	6.56056364016512	0.995698697772434
6.85	2.75	0.99128779382693	0.800372494421873	0.00033041487509644	6.48083429739365	0.996515117530772
6.95	2.75	0.992978232790279	0.800360253246236	0.000324484723837749	6.4010469804985	0.997191293116112
7.05	2.75	0.994371785347685	0.800349385093892	0.000317654633273935	6.32121184058977	0.997748714139074
7.15	2.75	0.995514810254985	0.800339615651022	0.000310201345522724	6.24133746487703	0.998205924101994
7.25	2.75	0.996447295964156	0.800330720283092	0.000302349010003338	6.16143108978019	0.998578918385662
7.35	2.75	0.997203676091038	0.800322517123912	0.000294276881742228	6.08149878616335	0.998881470436415
7.45	2.75	0.997813515224134	0.800314860526727	0.000286126308495287	6.00154562149352	0.999125406089654
7.55	2.75	0.99830209927156	0.800307635095774	0.000278006937683475	5.92157580238759	0.999320839708624
7.65	2.75	0.998690953465648	0.800300750391828	0.000270002144344239	5.84159280010608	0.999476381386259
7.75	2.75	0.998998303411787	0.800294136329447	0.000262173721843199	5.76159946095046	0.999599321364715
7.85	2.75	0.999239489264884	0.800287739238553	0.000254565896766292	5.68159810312842	0.999695795705954
7.95	2.75	0.999427339567437	0.800281518539305	0.000247208738435645	5.60159060139973	0.999770935826975
8.05	2.75	0.999572508990072	0.800275443968617	0.000240121033749324	5.52157846065633	0.999829003596029
8.15	2.75	0.99968378281127	0.800269493292656	0.000233312694952598	5.44156287948826	0.999873513124508
8.25	2.75	0.999768350185175	0.800263650441992	0.000226786762723403	5.36154480471906	0.99990734007407
8.35	2.75	0.999832047871748	0.80025790400864	0.000220541060658621	5.28152497784314	0.999932819148699
8.45	2.75	0.999879575991375	0.800252246049853	0.000214569551016404	5.20150397425277	0.99995183039655
8.55	2.75	0.999914687405304	0.800246671148616	0.000208863435837386	5.12148223609797	0.999965874962122
8.65	2.75	0.999940352434513	0.800241175686413	0.000203412041997645	5.04146009957423	0.999976140973805
8.75	2.75	0.999958900757663	0.800235757289114	0.000198203524079878	4.96143781738008	0.999983560303065
8.85	2.75	0.999972142438224	0.800230414412409	0.000193225414413608	4.88141557702948	0.999988856975289
8.95	2.75	0.999981470100852	0.800225146037708	0.000188465045938176	4.80139351564279	0.999992588040341
9.05	2.75	0.999987944298684	0.800219951454358	0.000183909870064102	4.72137173177756	0.999995177719474
9.15	2.75	0.999992364084861	0.800214830107892	0.000179547688862046	4.64135029479707	0.999996945633944
9.25	2.75	0.999995324728062	0.800209781497845	0.000175366817640761	4.56132925221295	0.999998129891225
9.35	2.75	0.999997264400441	0.80020480511191	0.000171356192396838	4.48130863537877	0.999998905760176
9.45	2.75	0.999998501526645	0.800199900386115	0.000167505433621662	4.40128846385659	0.999999400610658
9.55	2.75	0.999999264323964	0.800195066682851	0.000163804876630965	4.32126874872723	0.999999705729586
9.65	2.75	0.999999713895268	0.800190303280766	0.000160245576610673	4.24124949506993	0.999999885558107
9.75	2.75	0.999999962066048	0.800185609372095	0.000156819295102471	4.16123070379618	0.999999984826419
9.85	2.75	1.00000008499096	0.800180984064299	0.000153518473595805	4.08121237298788	1.00000003399638
9.95	2.75	1.00000013339883	0.800176426383797	0.000150336198369019	4.00119449885978	1.00000005335953
10.05	2.75	1.00000014020131	0.800171935280306	0.000147266160281785	3.92117707644098	1.00000005608052
10.15	2.75	1.00000012606146	0.800167509631257	0.000144302612058182	3.84116010004939	1.00000005042458
10.25	2.75	1.0000001034055	0.800163148245388	0.000141440325102404	3.76114356361584	1.0000000413622
10.35	2.75	1.00000007926335	0.800158849865721	0.000138674547360451	3.681127460901	1.00000003170534
10.45	2.75	1.00000005724159	0.800154613171723	0.000136000963332425	3.60111178563707	1.00000002289664
10.55	2.75	1.00000003886398	0.80015043678077	0.000133415656911161	3.52109653161794	1.00000001554559
10.65	2.75	1.00000002445903	0.800146319249162	0.000130915077604317	3.44108169275478	1.00000000978361
10.75	2.75	1.00000001372947	0.80014225907284	0.000128496010434855	3.36106726310916	1.00000000549179
10.85	2.75	1.00000000610306	0.800138254687993	0.000126155549620684	3.28105323691207	1.00000000244122
10.95	2.75	1.00000000093681	0.800134304471885	0.00012389107617165	3.20103960857446	1.00000000037472
11.05	2.75	0.999999997626111	0.800130406744048	0.000121700239384653	3.121026372693	0.999999999050444
11.15	2.75	0.999999995654075	0.800126559768073	0.000119580942103834	3.04101352405342	0.99999999826163
11.25	2.75	0.999999994605571	0.800122761754454	0.00011753132975942	2.96100105763271	0.999999997842228
11.35	2.75	0.999999994161743	0.800119010864487	0.000115549782952675	2.88098896860107	0.999999997664697
11.45	2.75	0.999999994085259	0.800115305215852	0.000113634913415862	2.80097725232361	0.999999997634104
11.55	2.75	0.999999994202609	0.800111642890059	0.000111785563123188	2.72096590436214	0.999999997681044
11.65	2.75	0.999999994387189	0.800108021942212	0.000110000806187887	2.64095492047657	0.999999997754876
11.75	2.75	0.999999994545348	0.800104440413695	0.000108279953163726	2.56094429662575	0.999999997818139
11.85	2.75	0.999999994606677	0.800100896348146	0.00010662255725354	2.48093402896728	0.999999997842671
11.95	2.75	0.999999994519378	0.800097387811487	0.000105028421777426	2.40092411385575	0.999999997807751
12.05	2.75	0.999999994251384	0.800093912916674	0.000103497608271704	2.32091454783886	0.999999997700553
12.15	2.75	0.999999993797922	0.800090469853972	0.00010203044430982	2.24090532765064	0.999999997519169
12.25	2.75	0.999999993196093	0.800087056927646	0.000100627530124129	2.16089645020101	0.999999997278437
12.35	2.75	0.999999992546663	0.800083672600059	9.92897428017476e-05	2.08088791256071	0.999999997018665
12.45	2.75	0.999999992042144	0.800080315543908	9.80182367199688e-05	2.00087971194071	0.999999996816858
12.55	2.75	0.999999991997813	0.800076984703454	9.68144382012717e-05	1.92087184566487	0.999999996799125
12.65	2.75	0.99999999287796	0.800073679364913	9.5680032061961e-05	1.84086431113509	0.999999997151184
12.75	2.75	0.999999995302908	0.800070399235599	9.46169368244525e-05	1.76085710578821	0.999999998121163
12.85	2.75	1.0000000000131	0.800067144530357	9.36272645177548e-05	1.68085022704492	1.00000000000524
12.95	2.75	1.00000000775623	0.800063916062465	9.27132601935157e-05	1.60084367225168	1.00000000310249
13.05	2.75	1.0000000190552	0.800060715334455	9.18772155726011e-05	1.52083743861863	1.00000000762208
13.15	2.75	1.00000003381518	0.800057544622533	9.11213512129122e-05	1.44083152315819	1.00000001352607
13.25	2.75	1.00000005074726	0.80005440704638	9.04476623524425e-05	1.36082592263129	1.00000002029891
13.35	2.75	1.00000006663672	0.800051306614513	8.98577256015768e-05	1.28082063350889	1.00000002665469
13.45	2.75	1.00000007558015	0.800048248233831	8.93524672021496e-05	1.20081565195591	1.00000003023206
13.55	2.75	1.00000006846512	0.800045237670683	8.89318983301706e-05	1.1208109738397	1.00000002738605
13.65	2.75	1.00000003316256	0.800042281448933	8.85948289623131e-05	1.04080659475511	1.00000001326502
13.75	2.75	0.999999956111775	0.800039386667891	8.83385780711555e-05	0.960802510040967	0.99999998244471
13.85	2.75	0.999999826122021	0.800036560718385	8.81587037529166e-05	0.88079871474008	0.999999930448809
13.95	2.75	0.999999641159106	0.800033810869132	8.80487812672442e-05	0.80079520342928	0.999999856463643
14.05	2.75	0.999999418438545	0.800031143689059	8.80002596945593e-05	0.720791969827744	0.999999767375418
14.15	2.75	0.999999207079704	0.800028564268454	8.80024290552361e-05	0.640789006096584	0.999999682831882
14.25	2.75	0.999999100685571	0.800026075210979	8.80425309498001e-05	0.560786301793092	0.999999640274228
14.35	2.75	0.999999244437555	0.800023675402254	8.81060490986836e-05	0.48078384256681	0.999999697775022
14.45	2.75	0.999999827888659	0.800021358635301	8.81772238923123e-05	0.400781608906021	0.999999931155464
14.55	2.75	1.00000105139975	0.800019112305029	8.8239847501594e-05	0.320779575570024	1.0000004205599
14.65	2.75	1.00000305266676	0.800016916582068	8.8278409522398e-05	0.240777712744883	1.00000122106671
14.75	2.75	1.00000578252532	0.800014744171446	8.82796662152574e-05	0.160775990343307	1.00000231301013
14.85	2.75	1.00000882950581	0.800011310817805	8.82346942175247e-05	0.0807743871577164	1.00000353180233
14.95	2.75	1.00001121402745	0.400013915978524	8.81691667739883e-05	0.000773157176695213	1.00000448561098
0.05	2.85	-4.51242646538198e-06	0.400005226103516	-0.000380363324123061	10.4561759077367	0.599998195029414
0.15	2.85	-5.14575922862492e-06	0.800015997102683	-0.000380588079642174	10.4081754249973	0.599997941696309
0.25	2.85	-5.66182111702556e-06	0.800026812569688	-0.000381028950183146	10.3601743173998	0.599997735271553
0.35	2.85	-5.31566840746711e-06	0.800037658347022	-0.000381687178761995	10.3121725698247	0.599997873732637
0.45	2.85	-3.30484907330755e-06	0.800048574008646	-0.000382565134021983	10.264170138571	0.599998678060371
0.55	2.85	1.1871406349964e-06	0.800059572247297	-0.000383665332414822	10.2161669524076	0.600000474856254
0.65	2.85	8.85559027959793e-06	0.800070662899366	-0.000384990367977107	10.1681629138462	0.600003542236112
0.75	2.85	2.00634835551706e-05	0.800081854841604	-0.000386541006756829	10.1201579059662	0.600008025393422
0.85	2.85	3.45440443097348e-05	0.800093090857846	-0.000388283015036803	10.072151806972	0.600013817617724
0.95	2.85	5.04594266749324e-05	0.80010436074051	-0.000390244778475832	10.0241445238751	0.60002018377067
1.05	2.85	6.37214544056666e-05	0.800115848672314	-0.000392506506864465	9.97613605373313	0.600025488581762
1.15	2.85	6.87976060864982e-05	0.800127611623826	-0.00039508170462203	9.92812654313195	0.600027519042435
1.25	2.85	5.83282954117325e-05	0.800140133678581	-0.000397988246081167	9.88011633643696	0.600023331318165
1.35	2.85	2.5477135302647e-05	0.800153783335122	-0.000401280484091698	9.83210599326013	0.600010190854121
1.45	2.85	-3.48287414991973e-05	0.800169040677007	-0.000405025339230434	9.7840962514076	0.5999860685034
1.55	2.85	-0.000123916536033592	0.800186440699236	-0.000409293137721363	9.73608793769677	0.599950433385587
1.65	2.85	-0.000237078392894874	0.800206501890913	-0.000414153090301852	9.6880818108241	0.599905168642842
1.75	2.85	-0.00036142585006395	0.800229636141479	-0.000419667695565118	9.64007833418381	0.599855429659974
1.85	2.85	-0.000474429527772123	0.800256047310557	-0.000425883697617055	9.59207739214778	0.599810228188891
1.95	2.85	-0.000543779083098188	0.800285630694542	-0.000432821526471852	9.54407798146722	0.599782488366761
2.05	2.85	-0.000529359007098774	0.800317870635426	-0.000440483224617309	9.4960779304903	0.59978825639716
2.15	2.85	-0.000388416580514575	0.800351888797632	-0.000448923042129965	9.44807372915384	0.599844633367794
2.25	2.85	-8.29304771830339e-05	0.800389898775092	-0.000458104070596212	9.40006057314106	0.599966827809127
2.35	2.85	0.000435946532274601	0.800430348822255	-0.000466749934945031	9.35203225113493	0.60017437861291
2.45	2.85	0.00120643971194433	0.800484643859219	-0.000474217111783653	9.30398101537809	0.600482575884778
2.55	2.85	0.00232536214431928	0.800546473580108	-0.000481023577475563	9.2558968346228	0.600930144857728
2.65	2.85	0.00389175606797571	0.800617765298596	-0.000486919301041782	9.20776651336469	0.60155670242719
2.75	2.85	0.00601592968363079	0.800700187997702	-0.000491351313367075	9.15957343770176	0.602406371873452
2.85	2.85	0.00882320732808549	0.800795619130001	-0.00049365697010047	9.111297133946	0.603529282931234
2.95	2.85	0.0124573947503675	0.800906227204661	-0.000493116829614956	9.06291271615201	0.604982957900147
3.05	2.85	0.0170851106835189	0.801034503996033	-0.000488983479664996	9.01439020987102	0.606834044273407
3.15	2.85	0.0229016697286524	0.801183244037427	-0.000480521797269326	8.96569371419522	0.609160667891461
3.25	2.85	0.0301390667853929	0.801355449992566	-0.000467070572587882	8.91678034542163	0.612055626714157
3.35	2.85	0.039076462476959	0.801554118171756	-0.000448129658835208	8.86759889130343	0.615630584990784
3.45	2.85	0.0500532169859785	0.801781829516547	-0.000423473977004038	8.81808809881045	0.620021286794391
3.55	2.85	0.0634837472147214	0.802040041461337	-0.000393290354281377	8.76817453047444	0.625393498885889
3.65	2.85	0.0798719964013412	0.802327958876636	-0.000358322730814807	8.71776997273906	0.631948798560536
3.75	2.85	0.0998207821221399	0.802640893757611	-0.000319994089895509	8.66676849200399	0.639928312848856
3.85	2.85	0.124027561212919	0.802968172086681	-0.000280450281322276	8.615043445585	0.649611024485167
3.95	2.85	0.153253665603077	0.803291004945139	-0.000242448625281638	8.56244509603835	0.661301466241231
4.05	2.85	0.188250684090898	0.803581353892378	-0.000209010561785024	8.50879994109391	0.675300273636359
4.15	2.85	0.229629553856413	0.803803498477541	-0.000182801441418649	8.45391335376044	0.691851821542565
4.25	2.85	0.277671352881454	0.803920095090872	-0.000165316433109531	8.39757735750075	0.711068541152582
4.35	2.85	0.332108550686992	0.803902963501125	-0.000156122146361963	8.33958489520406	0.732843420274797
4.45	2.85	0.391946322911434	0.803745288860712	-0.000152531650812639	8.27975035728081	0.756778529164573
4.55	2.85	0.45542134912964	0.803468416227122	-0.000150026390938996	8.217933458905	0.782168539651856
4.65	2.85	0.520173767837172	0.803117154977432	-0.000143417193658015	8.15406081288775	0.808069507134869
4.75	2.85	0.583621498490104	0.802744342541368	-0.000128319168318681	8.08813856130325	0.833448599396042
4.85	2.85	0.643417397190531	0.802393289129058	-0.000102315206895565	8.02025158236668	0.857366958876212
4.95	2.85	0.697820061316454	0.802087799156057	-6.53699020741249e-05	7.95054946150594	0.879128024526582
5.05	2.85	0.745860682933101	0.801832857933422	-1.9473637446621e-05	7.8792240088775	0.89834427317324
5.15	2.85	0.787297414531059	0.801621884920111	3.21685278132594e-05	7.80648506925667	0.914918965812424
5.25	2.85	0.822434033252348	0.801444550365766	8.601048466688e-05	7.73254019459862	0.928973613300939
5.35	2.85	0.85190014774314	0.801291710894375	0.000138833304240531	7.65758090016389	0.940760059097256
5.45	2.85	0.876461814530573	0.801157156332331	0.000188118115520017	7.58177554597572	0.950584725812229
5.55	2.85	0.896890686622977	0.801037382806975	0.000232160189899595	7.50526734781106	0.958756274649191
5.65	2.85	0.913890387373994	0.800930655291276	0.000270011950819525	7.42817562135031	0.965556154949597
5.75	2.85	0.928065641434774	0.800836103393653	0.000301341009893064	7.35059864177433	0.971226256573909
5.85	2.85	0.939917925041108	0.800753115018156	0.000326265226124733	7.2726170099003	0.975967170016443
5.95	2.85	0.949854790619426	0.800681028196366	0.000345200386813823	7.19429689015295	0.97994191624777
6.05	2.85	0.95820447313173	0.800619029767165	0.000358736031911706	7.11569282834602	0.983281789252692
6.15	2.85	0.965231073209164	0.800566166814858	0.000367542585594169	7.03685006636665	0.986092429283666
6.25	2.85	0.971148102938944	0.800521403834988	0.000372306697554923	6.95780637970546	0.988459241175578
6.35	2.85	0.976129641780954	0.800483687067363	0.000373689341773489	6.87859350907089	0.990451856712382
6.45	2.85	0.98031910050087	0.800451998100432	0.000372300988091479	6.79923826743423	0.992127640200348
6.55	2.85	0.983835912106575	0.800425391190119	0.000368688888576311	6.71976339720396	0.99353436484263
6.65	2.85	0.986780558515402	0.800403014952375	0.000363332542623653	6.64018823940633	0.994712223406161
6.75	2.85	0.989238321815471	0.800384121555107	0.000356644401126678	6.56052926315228	0.995695328726188
6.85	2.85	0.991282087136907	0.800368067008825	0.000348973709773611	6.48080049164856	0.996512834854763
6.95	2.85	0.992974454203617	0.800354305735319	0.000340612047100106	6.40101385129446	0.997189781681447
7.05	2.85	0.994369351358894	0.800342381881571	0.000331799599100187	6.32117946295868	0.997747740543558
7.15	2.85	0.995513294091764	0.800331919137798	0.000322731560375612	6.24130588902062	0.998205317636706
7.25	2.85	0.996446390048382	0.800322610225696	0.000313564293039645	6.16140034578161	0.998578556019353
7.35	2.85	0.997203162588707	0.800314206776275	0.00030442103808799	6.08146888803254	0.998881265035483
7.45	2.85	0.997813243089658	0.800306510000295	0.000295397080668015	6.00151657059994	0.999125297235863
7.55	2.85	0.998301966488639	0.800299362341879	0.000286564338526752	5.92154759034253	0.999320786595456
7.65	2.85	0.998690893429562	0.800292640172369	0.000277975383921149	5.84156541115906	0.999476357371825
7.75	2.85	0.998998274595879	0.800286247499854	0.000269666932033878	5.76157287396226	0.999599309838352
7.85	2.85	0.999239467475557	0.800280110625384	0.000261662840752083	5.681572293179	0.999695786990223
7.95	2.85	0.999427312224072	0.800274173655754	0.000253976670708023	5.60156554108439	0.999770924889629
8.05	2.85	0.999572470974647	0.800268394773921	0.000246613854541663	5.52155412111746	0.999828988389859
8.15	2.85	0.999683733521525	0.800262743170273	0.000239573521887043	5.44153923122475	0.99987349340861
8.25	2.85	0.999768291498498	0.800257196541882	0.000232850023299811	5.36152181821008	0.999907316599399
8.35	2.85	0.999831982787427	0.800251739075266	0.000226434191862779	5.28150262401823	0.999932793114971
8.45	2.85	0.999879507768553	0.800246359836256	0.000220314378127458	5.20148222483579	0.999951803107421
8.55	2.85	0.999914619054741	0.800241051498993	0.000214477289362028	5.12146106384859	0.999965847621896
8.65	2.85	0.999940286455467	0.800235809354891	0.000208908661596375	5.04143947844696	0.999976114582187
8.75	2.85	0.999958839038045	0.800230630549891	0.000203593789168318	4.96141772261815	0.999983535615218
8.85	2.85	0.999972086257649	0.800225513505693	0.000198517933968904	4.88139598520774	0.999988834503059
8.95	2.85	0.999981420193192	0.800220457487863	0.000193666634219528	4.80137440467169	0.999992568077277
9.05	2.85	0.999987900943853	0.800215462288961	0.000189025929659917	4.72135308087815	0.999995160377541
9.15	2.85	0.999992327209665	0.800210528001016	0.000184582518619807	4.64133208445504	0.999996930883866
9.25	2.85	0.999995294003409	0.800205654855945	0.000180323859972929	4.56131146411832	0.999998117601363
9.35	2.85	0.999997239327667	0.800200843116919	0.000176238231289439	4.48129125235642	0.999998895731067
9.45	2.85	0.999998481509529	0.800196093007147	0.000172314752983569	4.40127146979167	0.999999392603812
9.55	2.85	0.999999248725559	0.80019140466545	0.000168543386483752	4.32125212848872	0.999999699490224
9.65	2.85	0.99999970208031	0.800186778120682	0.000164914913372231	4.2412332344345	0.999999880832124
9.75	2.85	0.999999953430578	0.800182213278806	0.000161420901068495	4.16121478937423	0.999999981372231
9.85	2.85	1.00000007898128	0.800177709918414	0.00015805365951906	4.0811967921528	1.00000003159251
9.95	2.85	1.00000012952193	0.800173267691203	0.00015480619262727	4.00117923968129	1.00000005180877
10.05	2.85	1.00000013802885	0.800168886125557	0.000151672147242802	3.92116212762284	1.00000005521154
10.15	2.85	1.00000012522915	0.800164564631528	0.00014864576172531	3.84114545087182	1.00000005009166
10.25	2.85	1.00000010360929	0.800160302506425	0.000145721815887082	3.76112920388251	1.00000004144372
10.35	2.85	1.00000008025381	0.800156098940383	0.00014289558336081	3.68111338089046	1.00000003210152
10.45	2.85	1.00000005881727	0.800151953021738	0.000140162787174014	3.60109797605841	1.00000002352691
10.55	2.85	1.00000004086453	0.800147863742016	0.000137519559122625	3.52108298357028	1.00000001634581
10.65	2.85	1.00000002675858	0.800143830000634	0.000134962403130341	3.4410683976903	1.00000001070343
10.75	2.85	1.00000001623048	0.800139850609342	0.000132488162844694	3.36105421279926	1.00000000649219
10.85	2.85	1.00000000873094	0.80013592429663	0.000130093993405691	3.28104042341625	1.00000000349238
10.95	2.85	1.00000000363548	0.800132049712224	0.000127777337391436	3.20102702421149	1.00000000145419
11.05	2.85	1.00000000035429	0.800128225431854	0.000125535904705785	3.12101401001407	1.00000000014172
11.15	2.85	0.999999998382621	0.800124449962594	0.000123367656463034	3.04100137581681	0.999999999353048
11.25	2.85	0.999999997315491	0.800120721748969	0.000121270792406806	2.96098911677966	0.999999998926196
11.35	2.85	0.999999996842886	0.800117039180093	0.000119243741866158	2.88097722823243	0.999999998737154
11.45	2.85	0.99999999673539	0.80011340059824	0.000117285157857112	2.80096570567707	0.999999998694156
11.55	2.85	0.999999996826518	0.800109804309027	0.000115393913970468	2.7209545447896	0.999999998730607
11.65	2.85	0.999999996995409	0.800106248593762	0.000113569103825674	2.64094374142146	0.999999998798163
11.75	2.85	0.999999997151969	0.800102731724267	0.000111810042360085	2.56093329160011	0.999999998860788
11.85	2.85	0.999999997225772	0.80009925198058	0.00011011626865732	2.48092319152839	0.999999998890309
11.95	2.85	0.999999997159651	0.800095807672167	0.000108487549382158	2.40091343758221	0.99999999886386
12.05	2.85	0.999999996908972	0.800092397163024	0.000106923882242627	2.32090402630614	0.999999998763589
12.15	2.85	0.999999996447697	0.800089018901207	0.000105425498452224	2.24089495440612	0.999999998579079
12.25	2.85	0.999999995782475	0.800085671453439	0.000103992863215536	2.16088621873875	0.99999999831299
12.35	2.85	0.9999999949757	0.800082353545151	0.000102626673086796	2.08087781629616	0.99999999799028
12.45	2.85	0.999999994177356	0.800079064106362	0.000101327848735778	2.00086974418582	0.999999997670942
12.55	2.85	0.999999993662845	0.800075802323549	0.000100097521658227	1.92086199960423	0.999999997465138
12.65	2.85	0.99999999386924	0.800072567697227	9.89370126767224e-05	1.84085457980391	0.999999997547696
12.75	2.85	0.999999995415001	0.800069360104325	9.78478000145139e-05	1.76084748205324	0.999999998166001
12.85	2.85	0.999999999078154	0.800066179863798	9.68314740706083e-05	1.68084070358972	0.999999999631262
12.95	2.85	1.00000000569679	0.800063027802755	9.58896755996154e-05	1.6008342415681	1.00000000227872
13.05	2.85	1.00000001594689	0.800059905319368	9.50240140275918e-05	1.52082809300678	1.00000000637875
13.15	2.85	1.00000002995269	0.800056814437673	9.42359625641101e-05	1.44082225473758	1.00000001198108
13.25	2.85	1.00000004670416	0.800053757848376	9.35267278707262e-05	1.36081672336609	1.00000001868166
13.35	2.85	1.0000000633076	0.800050738928857	9.2897093658461e-05	1.28081149525059	1.00000002532304
13.45	2.85	1.00000007419264	0.800047761734895	9.23472401007144e-05	1.20080656650636	1.00000002967706
13.55	2.85	1.00000007054966	0.800044830955842	9.18765446190439e-05	1.120801933037	1.00000002821987
13.65	2.85	1.00000004046895	0.800041951823194	9.14833733120233e-05	1.04079759058372	1.00000001618758
13.75	2.85	0.999999970462863	0.800039129959673	9.11648763245086e-05	0.960793534766015	0.999999988185145
13.85	2.85	0.999999849195716	0.800036371150497	9.09168035705861e-05	0.880789761063727	0.999999939678287
13.95	2.85	0.999999674191004	0.800033681010945	9.07333592217854e-05	0.800786264664752	0.999999869676401
14.05	2.85	0.999999461840735	0.800031064515774	9.06071140413133e-05	0.720783040084291	0.999999784736294
14.15	2.85	0.999999259982479	0.800028525350636	9.0528994872339e-05	0.64078008046607	0.999999703992992
14.25	2.85	0.999999160435706	0.800026065051524	9.04883720144623e-05	0.560777376526369	0.999999664174282
14.35	2.85	0.999999306139223	0.800023681927887	9.04732703999304e-05	0.480774915225027	0.999999722455689
14.45	2.85	0.999999884157822	0.800021369834874	9.04707417660216e-05	0.400772678468079	0.999999953663129
14.55	2.85	1.00000109261758	0.800019116986639	9.04674532675926e-05	0.320770642471943	1.00000043704703
14.65	2.85	1.0000030681412	0.800016905194879	9.04505694761699e-05	0.240768778819617	1.00000122725648
14.75	2.85	1.00000576305238	0.800014709614597	9.04090191323406e-05	0.160767058621403	1.00000230522095
14.85	2.85	1.00000877178055	0.800011263212369	9.03352411613513e-05	0.0807654614814159	1.00000350871222
14.95	2.85	1.00001112707149	0.400013786498404	9.02559981558321e-05	0.000764238751525418	1.0000044508286
0.05	2.95	-4.53007892871698e-06	0.400005114716007	-0.000390914461385988	10.4561990495709	0.599998187968428
0.15	2.95	-5.15862750462263e-06	0.800015659246297	-0.000391151876513172	10.4081985807628	0.599997936548998
0.25	2.95	-5.66186458586362e-06	0.800026241187913	-0.000391621429007938	10.3601975006004	0.599997735254166
0.35	2.95	-5.29178984652872e-06	0.800036843206658	-0.000392328133033562	10.3121957941589	0.599997883284061
0.45	2.95	-3.24330097319606e-06	0.800047501886579	-0.000393280608670833	10.2641934180601	0.599998702679611
0.55	2.95	1.30119103419525e-06	0.800058228848366	-0.000394490237030319	10.2161903014574	0.600000520476414
0.65	2.95	9.0322540587833e-06	0.80006903572679	-0.00039596704363499	10.1681863472443	0.600003612901624
0.75	2.95	2.03062809926922e-05	0.800079948837597	-0.000397712549689681	10.1201814389713	0.600008122512397
0.85	2.95	3.50662932378314e-05	0.800090789422895	-0.000399734823408402	10.072175453554	0.600014026517295
0.95	2.95	5.10498893853463e-05	0.800101724870417	-0.000402076994057806	10.024168299632	0.600020419955754
1.05	2.95	6.4255733625523e-05	0.800112883467004	-0.000404803581739967	9.97615997883689	0.60002570229345
1.15	2.95	6.90968034013669e-05	0.800124367219422	-0.000407980391346981	9.9281506405312	0.600027638721361
1.25	2.95	5.83171221573288e-05	0.800136599896982	-0.000411679736913397	9.88014063173693	0.600023326848863
1.35	2.95	2.49911137808075e-05	0.800149982713414	-0.000415981965147341	9.83213051544642	0.600009996445512
1.45	2.95	-3.60065553117718e-05	0.80016501449332	-0.000420971277487411	9.78412103390281	0.599985597377875
1.55	2.95	-0.000126029359139902	0.800182247514942	-0.000426727525921582	9.73611301841133	0.599949588256344
1.65	2.95	-0.000240384944509326	0.800202219457388	-0.000433316716102786	9.68810723171328	0.599903846022196
1.75	2.95	-0.000366201216771619	0.800225367864541	-0.000440780292155263	9.64010414038403	0.599853519513291
1.85	2.95	-0.000480978581606199	0.800251927474332	-0.000449123488802935	9.59210363081854	0.599807608567357
1.95	2.95	-0.000552433471675277	0.800281806258571	-0.000458315976390929	9.54410470116518	0.59977902661133
2.05	2.95	-0.000540291688199487	0.800314426471426	-0.000468357578591324	9.49610518200544	0.59978388332472
2.15	2.95	-0.000401201806767015	0.800348557774843	-0.000479449538615123	9.44810156197481	0.599839519277293
2.25	2.95	-0.000100132564626382	0.800388103098297	-0.000491878085583345	9.40008904288914	0.599959946974149
2.35	2.95	0.000413441238828269	0.8004310680555	-0.000505463957768804	9.35206140089574	0.600165376495531
2.45	2.95	0.00118330146746555	0.800485902458446	-0.000519755777804962	9.30401083991097	0.600473320586986
2.55	2.95	0.00229940151267357	0.800549504488378	-0.000534472913289714	9.25592731498044	0.600919760605069
2.65	2.95	0.00386153683308192	0.80062346032119	-0.000549386441140987	9.20779763624967	0.601544614733233
2.75	2.95	0.00598043519450678	0.800709510339147	-0.000564196640097985	9.15960516842526	0.602392174077803
2.85	2.95	0.00878141324231778	0.800809640183772	-0.000578495889232582	9.11132940732894	0.603512565296927
2.95	2.95	0.0124080709615723	0.800926181056584	-0.000591766285538711	9.06294543198443	0.604963228384629
3.05	2.95	0.0170267092149253	0.801061823566512	-0.000603385301336528	9.01442322928682	0.60681068368597
3.15	2.95	0.0228322288038889	0.801219578763197	-0.000612632064321404	8.96572685699748	0.609132891521556
3.25	2.95	0.0300561118945091	0.801402667006848	-0.00061869480896343	8.91681338909868	0.612022444757804
3.35	2.95	0.0389769045651675	0.801614283485366	-0.000620682245498224	8.86763157264378	0.615590761826067
3.45	2.95	0.0499332576905745	0.801857161854888	-0.000617642175740692	8.81812011913403	0.61997330307623
3.55	2.95	0.0633388113954669	0.802132829354214	-0.000608591142207868	8.76820556550635	0.625335524558187
3.65	2.95	0.0796967270920728	0.802440431048274	-0.000592559446907046	8.71779968790073	0.631878690836829
3.75	2.95	0.0996091538861216	0.802775034395632	-0.000568656108202228	8.66679656316454	0.639843661554449
3.85	2.95	0.123773192676994	0.803125477451824	-0.00053615727339011	8.6150695838626	0.649509277070798
3.95	2.95	0.152950431254192	0.803472187676908	-0.000494617759063077	8.56246907293262	0.661180172501677
4.05	2.95	0.187893716716339	0.803786017953027	-0.000443997108583983	8.50882160732523	0.675157486686536
4.15	2.95	0.229216654422396	0.804029831755943	-0.000384778538736277	8.45393264275225	0.691686661768958
4.25	2.95	0.277204645286239	0.80416465576638	-0.000318044997581842	8.39759426459723	0.710881858114496
4.35	2.95	0.331595941872682	0.804160659487803	-0.000245470706556448	8.33959942910227	0.732638376749073
4.45	2.95	0.391402077547429	0.804009643147268	-0.000169201030714819	8.2797624718102	0.756560831018971
4.55	2.95	0.454865113188394	0.803732146551395	-9.16316145928002e-05	8.21794298756291	0.781946045275358
4.65	2.95	0.519627883359514	0.803372975604138	-1.51422977378234e-05	8.15406743628932	0.807851153343806
4.75	2.95	0.583107295458248	0.802985781992335	5.81388181679406e-05	8.08814182970722	0.833242918183299
4.85	2.95	0.642951759877632	0.802615300343063	0.000126487254266874	8.02025099212083	0.857180703951053
4.95	2.95	0.697413430841575	0.802287039578457	0.000188640853529229	7.95054455911421	0.87896537233663
5.05	2.95	0.745516875847966	0.802007657885963	0.000243789864169607	7.87921448582275	0.898206750339186
5.15	2.95	0.787014824115808	0.8017720096927	0.000291529765971012	7.80647081964141	0.914805929646323
5.25	2.95	0.822207428306241	0.801570871321434	0.000331798134379548	7.73252132700126	0.928882971322497
5.35	2.95	0.851722405771577	0.801395868410541	0.000364805991058504	7.65755771198694	0.940688962308631
5.45	2.95	0.876325246233774	0.801241260260151	0.000390968998356819	7.58174847627834	0.95053009849351
5.55	2.95	0.896787884898596	0.801103769643547	0.000410842662688554	7.50523692399659	0.958715153959438
5.65	2.95	0.913814681833203	0.800981705560532	0.000425065170765535	7.42814241029392	0.965525872733281
5.75	2.95	0.928011280982296	0.800874114239218	0.000434310284680632	7.35056321069241	0.971204512392918
5.85	2.95	0.939880097139395	0.800780219000435	0.000439251127228914	7.27257989830093	0.975952038855758
5.95	2.95	0.949829554855314	0.800699148111218	0.000440534291304988	7.1942585919117	0.979931821942125
6.05	2.95	0.95818865769161	0.80062985984441	0.000438762833790843	7.11565378196775	0.983275463076644
6.15	2.95	0.965222161757818	0.800571172076796	0.000434486365952241	7.03681065132077	0.986088864703127
6.25	2.95	0.971144125977243	0.800521831108791	0.000428196479248512	6.95776691695121	0.988457650390897
6.35	2.95	0.976129078766594	0.800480582791989	0.000420325971956944	6.87855426426246	0.990451631506638
6.45	2.95	0.980320794810334	0.800446229476153	0.000411250639440718	6.79919945567633	0.992128317924134
6.55	2.95	0.983838998804354	0.80041766833383	0.000401292683149826	6.71972518855659	0.993535599521741
6.65	2.95	0.986784403934435	0.800393912558704	0.00039072504518593	6.64015076459662	0.994713761573774
6.75	2.95	0.989242473591636	0.800374099165814	0.000379776177552205	6.56049261914502	0.995696989436655
6.85	2.95	0.991286233277887	0.800357487411728	0.000368634910104365	6.48076474686613	0.996514493311155
6.95	2.95	0.992978389848591	0.80034345129373	0.000357455196841603	6.40097905037277	0.997191355939437
7.05	2.95	0.994372952018166	0.800331468776752	0.000346360604007858	6.32114563099112	0.997749180807267
7.15	2.95	0.995516494303623	0.800321109616563	0.000335448462768614	6.24127303528338	0.998206597721449
7.25	2.95	0.996449166534893	0.800312023008535	0.000324793650755807	6.16136846695992	0.998579666613957
7.35	2.95	0.99720552112421	0.800303925811129	0.000314451993845277	6.08143797098213	0.998882208449684
7.45	2.95	0.997815208412757	0.800296591756289	0.000304463297585659	6.00148659468536	0.999126083365103
7.55	2.95	0.998303574690333	0.80028984183437	0.000294854027357002	5.9215185293969	0.999321429876133
7.65	2.95	0.99869218633812	0.800283535897948	0.000285639662655682	5.84153723510928	0.999476874535248
7.75	2.95	0.998999295754796	0.800277565445259	0.000276826752062589	5.76154555016173	0.999599718301918
7.85	2.95	0.999240259376172	0.800271847496697	0.000268414696550935	5.68154578748708	0.999696103750469
7.95	2.95	0.999427914510758	0.800266319455827	0.000260397286904831	5.60153981872796	0.999771165804303
8.05	2.95	0.99957291938919	0.800260934840334	0.000252764020023481	5.52152914736688	0.999829167755676
8.15	2.95	0.999684059395471	0.800255659768928	0.000245501216652999	5.44151497191279	0.999873623758189
8.25	2.95	0.999768521638711	0.800250470098061	0.000238592961510101	5.36149824011918	0.999907408655484
8.35	2.95	0.999832139631449	0.800245349110772	0.000232021885494541	5.28147969515844	0.99993285585258
8.45	2.95	0.999879609713189	0.800240285670019	0.000225769807299542	5.20145991463294	0.999951843885276
8.55	2.95	0.999914680883969	0.80023527275916	0.000219818251898829	5.12143934325967	0.999965872353587
8.65	2.95	0.999940319812725	0.800230306341723	0.000214148860757493	5.04141832001743	0.99997612792509
8.75	2.95	0.999958852903549	0.800225384481911	0.000208743708488891	4.96139710049366	0.99998354116142
8.85	2.95	0.999972087403934	0.800220506675621	0.000203585539450349	4.88137587511094	0.999988834961574
8.95	2.95	0.999981413601997	0.800215673349432	0.000198657936238606	4.80135478385322	0.999992565440799
9.05	2.95	0.999987890175066	0.800210885491971	0.000193945431761645	4.72133392804898	0.999995156070026
9.15	2.95	0.999992314718683	0.800206144388299	0.000189433574650467	4.64131337970656	0.999996925887473
9.25	2.95	0.999995281407266	0.80020145143297	0.000185108957472912	4.56129318883483	0.999998112562906
9.35	2.95	0.999997227622975	0.800196808002635	0.000180959215499582	4.48127338912406	0.99999889104919
9.45	2.95	0.999998471246896	0.800192215372514	0.000176973003041621	4.40125400230677	0.999999388498758
9.55	2.95	0.999999240145992	0.800187674664848	0.000173139953532451	4.32123504146771	0.999999696058397
9.65	2.95	0.999999695219352	0.800183186819834	0.000169450627982931	4.24121651352725	0.999999878087741
9.75	2.95	0.999999948195769	0.800178752582258	0.000165896456268904	4.16119842108167	0.999999979278307
9.85	2.95	1.0000000752081	0.800174372498319	0.000162469674492187	4.08118076374976	1.00000003008324
9.95	2.95	1.00000012701282	0.800170046919199	0.000159163261007719	4.00116353914477	1.00000005080513
10.05	2.95	1.00000013657924	0.800165776008474	0.000155970873177868	3.92114674356598	1.0000000546317
10.15	2.95	1.00000012464377	0.800161559751614	0.000152886786510985	3.84113037248337	1.00000004985751
10.25	2.95	1.00000010371145	0.800157397966475	0.000149905837005368	3.76111442087167	1.00000004148458
10.35	2.95	1.00000008088976	0.800153290313897	0.000147023367677536	3.68109888343674	1.0000000323559
10.45	2.95	1.00000005985723	0.800149236308112	0.000144235179600315	3.60108375476617	1.00000002394289
10.55	2.95	1.00000004220169	0.800145235326689	0.000141537487641818	3.52106902942748	1.00000001688068
10.65	2.95	1.00000002830688	0.800141286620017	0.000138926881128787	3.44105470203107	1.00000001132275
10.75	2.95	1.00000001792188	0.800137389320354	0.00013640028916887	3.36104076726982	1.00000000716875
10.85	2.95	1.00000001051259	0.800133542450592	0.000133954950686106	3.28102721994371	1.00000000420503
10.95	2.95	1.00000000546706	0.800129744932836	0.000131588388780539	3.20101405497521	1.00000000218682
11.05	2.95	1.00000000220584	0.800125995597103	0.000129298389395214	3.12100126741903	1.00000000088234
11.15	2.95	1.00000000023274	0.800122293190221	0.000127082983765895	3.0409888524687	1.0000000000931
11.25	2.95	0.999999999150153	0.800118636385298	0.000124940434636036	2.96097680546131	0.999999999660061
11.35	2.95	0.999999998654667	0.800115023791961	0.000122869225700189	2.88096512188119	0.999999999461867
11.45	2.95	0.999999998523025	0.800111453967674	0.000120868054074399	2.8009537973629	0.99999999940921
11.55	2.95	0.999999998594542	0.800107925430421	0.000118935825366196	2.72094282769354	0.999999999437817
11.65	2.95	0.999999998753538	0.800104436673196	0.0001170716508888	2.64093220881433	0.999999999501415
11.75	2.95	0.999999998913836	0.800100986180444	0.000115274846478125	2.56092193682115	0.999999999565535
11.85	2.95	0.999999999006556	0.800097572447032	0.000113544932381641	2.48091200796382	0.999999999602622
11.95	2.95	0.999999998972231	0.800094193999976	0.000111881633430315	2.40090241864362	0.999999999588892
12.05	2.95	0.999999998758384	0.800090849423306	0.000110284878732699	2.32089316540873	0.999999999503353
12.15	2.95	0.999999998323997	0.80008753738639	0.000108754799993417	2.24088424494698	0.999999999329599
12.25	2.95	0.999999997652574	0.800084256675997	0.000107291727415875	2.16087565407525	0.99999999906103
12.35	2.95	0.999999996775335	0.800081006232199	0.000105896182075653	2.08086738972503	0.999999998710134
12.45	2.95	0.999999995804972	0.800077785188204	0.000104568863565223	2.00085944892316	0.999999998321989
12.55	2.95	0.999999994977753	0.800074592913708	0.000103310631453568	1.92085182876725	0.999999997991101
12.65	2.95	0.999999994696699	0.800071429061288	0.000102122479125475	1.84084452639504	0.999999997878679
12.75	2.95	0.999999995560805	0.800068293614661	0.000101005498214785	1.76083753894777	0.999999998224322
12.85	2.95	0.999999998354667	0.800065186937081	9.99608317582686e-05	1.68083086352808	0.999999999341867
12.95	2.95	1.00000000396111	0.800062109817608	9.89896142087064e-05	1.6008244971543	1.00000000158444
13.05	2.95	1.00000001314999	0.800059063512149	9.80928963184844e-05	1.5208184367147	1.00000000526
13.15	2.95	1.00000002619627	0.800056049775761	9.72715536026063e-05	1.44081267892712	1.00000001047851
13.25	2.95	1.0000000422993	0.800053070882253	9.65261777036433e-05	1.36080722031119	1.00000001691972
13.35	2.95	1.0000000588275	0.800050129626871	9.5856951472682e-05	1.28080205718118	1.000000023531
13.45	2.95	1.00000007050947	0.800047229307777	9.52635105287174e-05	1.20079718566607	1.00000002820379
13.55	2.95	1.00000006884384	0.800044373681463	9.47447962338593e-05	1.12079260175783	1.00000002753754
13.65	2.95	1.0000000421978	0.80004156688555	9.42989074920218e-05	1.0407883013782	1.00000001687912
13.75	2.95	0.999999977273177	0.800038813319197	9.39229607424895e-05	0.960784280436119	0.999999990909271
13.85	2.95	0.999999862762849	0.800036117464911	9.36129686218183e-05	0.88078053482455	0.99999994510514
13.95	2.95	0.999999695965475	0.800033483626765	9.33637480109907e-05	0.800777060279543	0.99999987838619
14.05	2.95	0.999999492686339	0.80003091554947	9.31688673770677e-05	0.720773852006051	0.999999797074536
14.15	2.95	0.999999299702316	0.800028415875207	9.30206431218232e-05	0.640770903979521	0.999999719880926
14.25	2.95	0.999999207213324	0.800025985398172	9.29101965820603e-05	0.560768207882567	0.99999968288533
14.35	2.95	0.999999355980283	0.800023622103459	9.28275905154905e-05	0.480765751758764	0.999999742392113
14.45	2.95	0.999999930509965	0.800021320043123	9.27620787780616e-05	0.400763518684743	0.999999972203986
14.55	2.95	1.00000112646988	0.800019068224941	9.27025264731902e-05	0.320761486084994	1.00000045058795
14.65	2.95	1.0000030790387	0.80001684987769	9.26380867816096e-05	0.240759626711736	1.00000123161548
14.75	2.95	1.00000574155739	0.800014642159299	9.2559244762506e-05	0.160757912692346	1.00000229662295
14.85	2.95	1.00000871388575	0.800011194989476	9.2459353950562e-05	0.0807563243344647	1.0000034855543
14.95	2.95	1.00001104080431	0.400013646569762	9.23661093449384e-05	0.000755110256088583	1.00000441632172
0.05	3.05	-4.54301650531953e-06	0.400004997009787	-0.000401235442660469	10.4562228177465	0.599998182793398
0.15	3.05	-5.16997601872695e-06	0.800015303346203	-0.00040148060742052	10.4082223634772	0.599997932009592
0.25	3.05	-5.66909638730004e-06	0.800025640227851	-0.000401970182000647	10.3602213122104	0.599997732361445
0.35	3.05	-5.29228735296792e-06	0.800035986063098	-0.000402712288991295	10.3122196494514	0.599997883085059
0.45	3.05	-3.23272074995045e-06	0.800046371702879	-0.000403721239151746	10.2642173325593	0.5999987069117
0.55	3.05	1.33827583754858e-06	0.800056801968696	-0.000405018028826433	10.2162142916951	0.600000535310335
0.65	3.05	9.145865635823e-06	0.80006728073832	-0.000406624729013607	10.1682104305963	0.600003658346254
0.75	3.05	2.05845606406538e-05	0.800077802220701	-0.000408546114629044	10.1202056325379	0.600008233824256
0.85	3.05	3.52859604731669e-05	0.800088322491055	-0.000410829521204355	10.0721997766928	0.600014114384189
0.95	3.05	5.12569040163978e-05	0.800098858797645	-0.000413534792010567	10.0241927751781	0.600020502761607
1.05	3.05	6.43939497046549e-05	0.800109581718517	-0.00041671227567706	9.97618463266679	0.600025757579882
1.15	3.05	6.91484385169492e-05	0.800120549989005	-0.000420476006859101	9.92817550345849	0.600027659375407
1.25	3.05	5.81368424110214e-05	0.800132246399475	-0.000424952253145563	9.88016574035191	0.600023254736964
1.35	3.05	2.44956869104714e-05	0.800145041587547	-0.000430248701584195	9.83215591235514	0.600009798274764
1.45	3.05	-3.68536453250858e-05	0.800159417840739	-0.00043646741555693	9.78414676717757	0.59998525854187
1.55	3.05	-0.000127212477666365	0.800175911949651	-0.00044369830574597	9.73613914112866	0.599949115008933
1.65	3.05	-0.000241816677600261	0.800195046771529	-0.000452007743777127	9.68813380093023	0.59990327332896
1.75	3.05	-0.00036770386651246	0.800217250139696	-0.000461428078606281	9.64013121534111	0.599852918453395
1.85	3.05	-0.000482295593596355	0.800242765116725	-0.000471946380125628	9.59213127012262	0.599807081762561
1.95	3.05	-0.000553390166893452	0.800271543836528	-0.000483496173425059	9.54413295956937	0.599778643933243
2.05	3.05	-0.00054142348547075	0.800303128141625	-0.000496021866986504	9.49613411359842	0.599783430605812
2.15	3.05	-0.000404626079399664	0.80033687724551	-0.000509813701496545	9.44813124815536	0.59983814956824
2.25	3.05	-0.000104192797401967	0.800374961192126	-0.000525552500820157	9.40011959501928	0.599958322881039
2.35	3.05	0.000411252812082006	0.80041520949562	-0.000544144406018791	9.3520929239794	0.600164501124833
2.45	3.05	0.00117940900943038	0.800469392011846	-0.000565323639619852	9.30404343572792	0.600471763603772
2.55	3.05	0.00229625536427475	0.800531395919489	-0.000588112614771812	9.25596107014734	0.60091850214571
2.65	3.05	0.00386048439148966	0.800603339689091	-0.000612325103302402	9.2078326099166	0.601544193756596
2.75	3.05	0.00598232360279805	0.800687097331194	-0.000637902873903602	9.15964141169431	0.602392929441119
2.85	3.05	0.0087871054980931	0.800784740976667	-0.000664683370023032	9.11136696032172	0.603514842199237
2.95	3.05	0.0124186403354269	0.800898630683294	-0.000692349317737273	9.06298431599243	0.604967456134171
3.05	3.05	0.017043513270766	0.801031456764608	-0.000720407292806747	9.01446343847634	0.606817405308306
3.15	3.05	0.0228569593414378	0.801186222030398	-0.000748154362518208	8.96576834954337	0.609142783736575
3.25	3.05	0.0300908520861715	0.801366140418589	-0.000774626236621128	8.9168560769278	0.612036340834469
3.35	3.05	0.0390242008004154	0.801574406472827	-0.000798528130639638	8.8676753090434	0.615609680320166
3.45	3.05	0.0499962038092538	0.801813760960659	-0.000818153251558427	8.81816468363572	0.619998481523701
3.55	3.05	0.0634211342417773	0.802085747663246	-0.000831300449469598	8.76825064570475	0.625368453696711
3.65	3.05	0.0798028490528553	0.802389539654166	-0.000835214743050984	8.71784485837962	0.631921139621142
3.75	3.05	0.0997441874963723	0.802720246688622	-0.000826592876696119	8.6668412627135	0.639897674998549
3.85	3.05	0.123942794670604	0.803066767747821	-0.000801718080418653	8.61511309392323	0.649577117868242
3.95	3.05	0.15316041544231	0.803409617084225	-0.000756803532917814	8.56251050284868	0.661264166176924
4.05	3.05	0.188149316393939	0.803719771963334	-0.000688610903060515	8.5088598952135	0.675259726557575
4.15	3.05	0.229521372189047	0.803960273461525	-0.000595338259164502	8.4539665835285	0.691808548875619
4.25	3.05	0.277558774824488	0.804092390980087	-0.000477622425475303	8.39762257652259	0.711023509929795
4.35	3.05	0.331995101626684	0.804086591667794	-0.00033931170732003	8.33962086400116	0.732798040650673
4.45	3.05	0.391836365217597	0.803934974231148	-0.000187561275865384	8.27977596000788	0.756734546087039
4.55	3.05	0.455319543991974	0.803658279100486	-3.19475244651225e-05	8.21794778966129	0.78212781759679
4.65	3.05	0.520084389451298	0.803301314688713	0.000117278192478446	8.15406326000133	0.808033755780519
4.75	3.05	0.583547812433818	0.802917503413178	0.000251202330867913	8.08812887312958	0.833419124973527
4.85	3.05	0.643361297784279	0.802551184270835	0.000363769908483014	8.02022989846749	0.857344519113711
4.95	3.05	0.697782037192672	0.80222742940627	0.000452339144898098	7.95051630034787	0.879112814877069
5.05	3.05	0.745840037783541	0.801952530263639	0.000517297485348436	7.87918021474518	0.898336015113416
5.15	3.05	0.787292603024149	0.801721096908609	0.000561127778112688	7.80643173124385	0.91491704120966
5.25	3.05	0.822442993052853	0.801523781048176	0.000587374604450848	7.73247855490143	0.928977197221141
5.35	3.05	0.851920567966446	0.801352173333112	0.000599810159292059	7.65751226701192	0.940768227186578
5.45	3.05	0.87649133038945	0.801200553693271	0.000601904735390914	7.58170122106951	0.95059653215578
5.55	3.05	0.896927013142935	0.801065694118831	0.000596573333223768	7.50518857225997	0.958770805257174
5.65	3.05	0.913931408687799	0.800945963235086	0.000586115526627125	7.42809353974522	0.96557256347512
5.75	3.05	0.928109467993643	0.800840466311619	0.000572264615688352	7.35051428164457	0.971243787197457
5.85	3.05	0.939962926426175	0.800748479151343	0.000556283556276345	7.27253127299884	0.97598517057047
5.95	3.05	0.949899608884812	0.80066917326311	0.000539069509431537	7.19421055215757	0.979959843553925
6.05	3.05	0.958248020544431	0.800601540321274	0.000521247814859703	7.11560654413297	0.983299208217773
6.15	3.05	0.965272517993498	0.800544422403745	0.000503248292936442	7.03676437868004	0.986109007197399
6.25	3.05	0.971186846520922	0.80049658210882	0.000485363351126191	6.95772172964965	0.988474738608369
6.35	3.05	0.976165290762693	0.800456775241175	0.000467790313588268	6.8785102473381	0.990466116305077
6.45	3.05	0.980351436139293	0.800423809324139	0.000450661275226217	6.79915666554445	0.992140574455717
6.55	3.05	0.983864859500512	0.800396583345304	0.00043406365309851	6.71968365829733	0.993545943800205
6.65	3.05	0.986806157116275	0.800374110157435	0.000418054082473351	6.64011050831286	0.99472246284651
6.75	3.05	0.989260698340627	0.800355525238351	0.000402667698375095	6.56045363559142	0.995704279336251
6.85	3.05	0.991301431519064	0.80034008583585	0.000387924297299007	6.48072702249728	0.996520572607626
6.95	3.05	0.992990998865275	0.800327163982466	0.000373832434184268	6.40094256191955	0.99719639954611
7.05	3.05	0.994383353849993	0.800316236062328	0.000360392178511812	6.32111034764553	0.997753341539997
7.15	3.05	0.995525022957205	0.800306870833981	0.000347597014640668	6.24123892055292	0.998210009182882
7.25	3.05	0.996456113682215	0.800298717171709	0.000335435204155638	6.1613354802383	0.998582445472886
7.35	3.05	0.997211140768095	0.800291492303726	0.000323890814090341	6.08140606887404	0.998884456307238
7.45	3.05	0.997819720851157	0.800284970984149	0.000312944538305587	6.00145573211593	0.999127888340463
7.55	3.05	0.998307170002098	0.800278975805333	0.000302574389313106	5.92148866053215	0.999322868000839
7.65	3.05	0.998695027533671	0.800273368710794	0.000292756304843644	5.84150831411013	0.999478011013469
7.75	3.05	0.999001521678938	0.800268043680088	0.000283464693530651	5.76151753179174	0.999600608671575
7.85	3.05	0.999241987411567	0.800262920507105	0.000274672931128233	5.68151862759195	0.999696794964627
7.95	3.05	0.999429243105136	0.800257939569212	0.000266353811574345	5.60151347460325	0.999771697242054
8.05	3.05	0.999573930413711	0.800253057474868	0.000258479953354867	5.52150357802907	0.999829572165485
8.15	3.05	0.999684820333154	0.800248243478432	0.000251024160114135	5.44149013828741	0.999873928133261
8.25	3.05	0.999769087598379	0.800243476556223	0.000243959733990762	5.36147410515876	0.999907635039352
8.35	3.05	0.999832555182576	0.800238743045966	0.000237260740901328	5.28145622390179	0.99993302207303
8.45	3.05	0.99987991053899	0.800234034761427	0.000230902228097983	5.20143707421634	0.999951964215596
8.55	3.05	0.999914895253189	0.800229347503902	0.000224860394974047	5.12141710288931	0.999965958101276
8.65	3.05	0.99994046987404	0.800224679901422	0.000219112719764187	5.04139665091163	0.999976187949616
8.75	3.05	0.999958955809779	0.800220032515996	0.000213638045419389	4.96137597580213	0.999983582323911
8.85	3.05	0.999972156276181	0.80021540716738	0.00020841662850826	4.88135526981767	0.999988862510472
8.95	3.05	0.999981458345994	0.800210806429923	0.000203430155970024	4.80133467466824	0.999992583338397
9.05	3.05	0.999987918163548	0.800206233265573	0.000198661734252547	4.72131429329384	0.999995167265419
9.15	3.05	0.999992331354402	0.800201690763044	0.000194095855918298	4.64129419919702	0.999996932541761
9.25	3.05	0.999995290581441	0.800197181957798	0.000189718348151641	4.56127444376401	0.999998116232576
9.35	3.05	0.999997232083609	0.800192709713322	0.000185516307731524	4.4812550619482	0.999998892833444
9.45	3.05	0.999998472890639	0.800188276647185	0.00018147802647386	4.40123607663549	0.999999389156256
9.55	3.05	0.999999240246136	0.800183885089733	0.000177592910488805	4.32121750195997	0.999999696098455
9.65	3.05	0.9999996946013	0.800179537065549	0.000173851396495782	4.24119934579374	0.99999987784052
9.75	3.05	0.999999947369977	0.800175234290559	0.000170244867552251	4.16118161159428	0.999999978947991
9.85	3.05	1.00000007446909	0.80017097817909	0.000166765570278818	4.08116429975811	1.00000002978764
9.95	3.05	1.0000001265116	0.800166769857365	0.000163406535167991	4.0011474085999	1.00000005060464
10.05	3.05	1.00000013637515	0.800162610180238	0.000160161501100619	3.92113093505087	1.00000005455006
10.15	3.05	1.00000012474076	0.800158499749672	0.000157024844873531	3.84111487515	1.0000000498963
10.25	3.05	1.00000010408275	0.800154438933435	0.000153991516344757	3.76109922438424	1.0000000416331
10.35	3.05	1.00000008149405	0.800150427883442	0.000151056979297389	3.68108397792047	1.00000003259762
10.45	3.05	1.00000006064878	0.800146466553272	0.000148217158216749	3.60106913076116	1.00000002425951
10.55	3.05	1.00000004313628	0.800142554714662	0.00014546839088402	3.52105467784729	1.00000001725451
10.65	3.05	1.00000002934489	0.800138691973042	0.000142807386550691	3.44104061412523	1.00000001173795
10.75	3.05	1.00000001902955	0.800134877782063	0.000140231189461644	3.36102693458998	1.00000000761182
10.85	3.05	1.00000001166224	0.800131111457401	0.000137737147406518	3.28101363431287	1.0000000046649
10.95	3.05	1.00000000663672	0.80012739218994	0.000135322885010216	3.20100070845953	1.00000000265469
11.05	3.05	1.00000000337867	0.800123719058613	0.000132986281255032	3.12098815230189	1.00000000135147
11.15	3.05	1.00000000139651	0.800120091043093	0.000130725451091619	3.04097596122654	1.0000000005586
11.25	3.05	1.00000000029689	0.800116507036628	0.000128538730548566	2.96096413074093	1.00000000011876
11.35	3.05	0.999999999780536	0.800112965859315	0.000126424665125698	2.88095265647814	0.999999999912215
11.45	3.05	0.999999999628397	0.800109466272012	0.000124382000950861	2.80094153420074	0.999999999851359
11.55	3.05	0.999999999684115	0.800106006991301	0.000122409678360314	2.72093075980363	0.999999999873646
11.65	3.05	0.999999999836296	0.800102586705689	0.000120506827322258	2.64092032931604	0.999999999934518
11.75	3.05	1.00000000000252	0.800099204093481	0.000118672764261797	2.56091023890229	1.00000000000101
11.85	3.05	1.0000000001163	0.800095857842449	0.000116906989597734	2.48090048486117	1.00000000004652
11.95	3.05	1.00000000011798	0.800092546671733	0.000115209185344598	2.40089106362367	1.00000000004719
12.05	3.05	0.999999999950858	0.800089269356041	0.00011357921191875	2.32088197174856	0.999999999980343
12.15	3.05	0.999999999564088	0.800086024752485	0.000112017103396041	2.24087320591549	0.999999999825635
12.25	3.05	0.999999998924456	0.800082811829916	0.000110523060130827	2.16086476291501	0.999999999569782
12.35	3.05	0.999999998038987	0.800079629700872	0.000109097437841441	2.08085663963509	0.999999999215595
12.45	3.05	0.999999996989331	0.800076477655741	0.00010774073197958	2.00084883304331	0.999999998795732
12.55	3.05	0.999999995976208	0.80007335519872	0.000106453556294217	1.92084134016429	0.999999998390483
12.65	3.05	0.999999995367077	0.800070262084661	0.000105236614405583	1.84083415805188	0.999999998146831
12.75	3.05	0.999999995732127	0.800067198355615	0.000104090663197822	1.76082728375619	0.999999998292851
12.85	3.05	0.999999997842784	0.800064164375478	0.000103016466880057	1.68082071428611	0.999999999137114
12.95	3.05	1.00000000259472	0.80006116086064	0.000102014740666955	1.60081444656956	1.00000000103789
13.05	3.05	1.00000001080747	0.800058188904369	0.000101086083387611	1.52080847741481	1.00000000432299
13.15	3.05	1.00000002285224	0.800055249992494	0.000100230898773154	1.4408028034786	1.00000000914089
13.25	3.05	1.00000003807817	0.800052346008008	9.94493059857079e-05	1.36079742124824	1.00000001523127
13.35	3.05	1.00000005405892	0.800049479222528	9.8741041123941e-05	1.28079232704551	1.00000002162357
13.45	3.05	1.00000006577828	0.800046652272795	9.81053527135325e-05	1.20078751705864	1.00000002631131
13.55	3.05	1.00000006502442	0.800043868119914	9.75408955930762e-05	1.12078298740306	1.00000002600977
13.65	3.05	1.00000004045861	0.800041129987562	9.70456288271436e-05	1.04077873420032	1.00000001618344
13.75	3.05	0.999999979033282	0.800038441271397	9.66167237764783e-05	0.960774753646786	0.999999991613313
13.85	3.05	0.999999869576955	0.800035805404943	9.62504881361765e-05	0.88077104201989	0.999999947830782
13.95	3.05	0.999999709310756	0.800033225657085	9.59423105431431e-05	0.800767595544217	0.999999883724302
14.05	3.05	0.999999513625609	0.800030704824309	9.56866287117212e-05	0.720764410021203	0.999999805450244
14.15	3.05	0.999999328410988	0.800028244771306	9.5476923545399e-05	0.640761480130996	0.999999731364395
14.25	3.05	0.999999242390338	0.800025845774658	9.53057443571464e-05	0.560758798364988	0.999999696956135
14.35	3.05	0.999999394225517	0.800023505648475	9.51647794118947e-05	0.480756353669478	0.999999757690207
14.45	3.05	0.99999996584918	0.80002121869458	9.50450041579654e-05	0.400754130098418	0.999999986339672
14.55	3.05	1.00000115034046	0.800018974639621	9.49369678762068e-05	0.320752106093812	1.00000046013618
14.65	3.05	1.00000308119462	0.800016757906972	9.48313148848427e-05	0.240750255407089	1.00000123247785
14.75	3.05	1.00000571246092	0.80001454727988	9.47196686328927e-05	0.160748551051962	1.00000228498437
14.85	3.05	1.00000864914147	0.800011109517886	9.45960321998953e-05	0.0807469739648702	1.00000345965659
14.95	3.05	1.00001094793458	0.40001349741112	9.44890023024304e-05	0.000745769939922435	1.00000437917383
0.05	3.15	-4.54796698315119e-06	0.400004874489276	-0.000411315892709823	10.4562471981072	0.599998180813207
0.15	3.15	-5.17468930758949e-06	0.800014933374906	-0.000411564279656456	10.4082467586988	0.599997930124277
0.25	3.15	-5.6746849506742e-06	0.800025016376537	-0.000412065598985978	10.3602457372694	0.59999773012602
0.35	3.15	-5.30358432016426e-06	0.800035097784908	-0.000412829672908684	10.3122441198929	0.599997878566272
0.45	3.15	-3.26004602575941e-06	0.800045203290803	-0.000413874295101477	10.2642418649347	0.59999869598159
0.55	3.15	1.28232924895334e-06	0.800055332071908	-0.000415228139766596	10.2162389040952	0.6000005129317
0.65	3.15	9.06721174432554e-06	0.80006548377159	-0.000416931920690638	10.168235142941	0.600003626884698
0.75	3.15	2.05485760734584e-05	0.800075607682885	-0.000419010667851827	10.1202304656104	0.600008219430429
0.85	3.15	3.51471348420864e-05	0.800085749218662	-0.000421508927862253	10.0722247546899	0.600014058853937
0.95	3.15	5.12403333666093e-05	0.800095732512782	-0.000424507866091126	10.0242179259376	0.600020496133347
1.05	3.15	6.44359511241892e-05	0.80010584117268	-0.00042808114850231	9.97620998689282	0.60002577438045
1.15	3.15	6.89560983085602e-05	0.800116204090518	-0.000432365032745462	9.92820110041562	0.600027582439323
1.25	3.15	5.7736172633899e-05	0.80012714981596	-0.000437528913817772	9.88019162842288	0.600023094469054
1.35	3.15	2.39666167799383e-05	0.800139041420512	-0.000443704893222819	9.83218214657458	0.600009586646712
1.45	3.15	-3.73642226261718e-05	0.800152333467361	-0.000451013502214933	9.78417340914849	0.59998505431095
1.55	3.15	-0.000127453759622829	0.800167527934358	-0.000459553581586357	9.73616625813711	0.599949018496151
1.65	3.15	-0.000241407738990723	0.800185108042195	-0.000469390930342782	9.688161464345	0.599903436904404
1.75	3.15	-0.000366118452202533	0.800205459091798	-0.000480554035704281	9.64015949862888	0.599853552619119
1.85	3.15	-0.000478844577394443	0.800228778757866	-0.000493037459815047	9.59216024662604	0.599808462169042
1.95	3.15	-0.000547199970107161	0.800254956086186	-0.000506799705445782	9.54416269975482	0.599781120011957
2.05	3.15	-0.000531607020428942	0.800283423460386	-0.000521769832545724	9.49616468360128	0.599787357191828
2.15	3.15	-0.000391412697015923	0.800313652366765	-0.00053827794447199	9.44816272357549	0.599843434921194
2.25	3.15	-9.22427324357833e-05	0.800349273344157	-0.000557124987715586	9.40015210527066	0.599963102907026
2.35	3.15	0.000416997899706569	0.800388929718807	-0.000580181356695629	9.35212671659214	0.600166799159883
2.45	3.15	0.00119088267728505	0.800437176049707	-0.000607485759886738	9.30407873255594	0.600476353070914
2.55	3.15	0.00231536213259006	0.800492940741682	-0.000637546684099755	9.2559979970025	0.600926144853036
2.65	3.15	0.0038885662959386	0.80055776961934	-0.000670342688631814	9.20787130484702	0.601555426518375
2.75	3.15	0.006021254256281	0.800633350469449	-0.000705973609470125	9.15968202254032	0.602408501702512
2.85	3.15	0.0088394446795567	0.800721543536814	-0.00074444802979095	9.11140963706745	0.603535777871823
2.95	3.15	0.0124877170835723	0.800824484907179	-0.000785612564522864	9.06302920223214	0.604995086833429
3.05	3.15	0.0171335449787316	0.800944634070452	-0.000829089972140317	9.01451066091436	0.606853417991493
3.15	3.15	0.0229732165665319	0.801084762561863	-0.000874196538451695	8.96581800405866	0.609189286626613
3.25	3.15	0.0302398675160639	0.801247864945648	-0.000919828804026229	8.91690820947953	0.612095947006426
3.35	3.15	0.0392140152979994	0.801436947999109	-0.000964316571103998	8.86772988947719	0.6156856061192
3.45	3.15	0.0502366306446323	0.801654624807791	-0.00100524660875989	8.81822157039748	0.620094652257853
3.55	3.15	0.0637239993646788	0.80190241010358	-0.00103927503502002	8.76830953983535	0.625489599745871
3.65	3.15	0.0801821250740557	0.802179595656137	-0.00106197003973529	8.71790524638999	0.632072850029622
3.75	3.15	0.100215877597122	0.802481616286288	-0.00106776246183559	8.6669023506607	0.640086351038849
3.85	3.15	0.124524342955527	0.802797967173911	-0.00105012547968576	8.61517373993633	0.649809737182211
3.95	3.15	0.153869345328982	0.803110094003152	-0.00100213782584142	8.56256916287961	0.661547738131593
4.05	3.15	0.18900078977594	0.803390291408497	-0.000917566690382471	8.50891460610892	0.675600315910376
4.15	3.15	0.230524529379103	0.803603316917782	-0.000792478018281528	8.45401501531977	0.692209811751641
4.25	3.15	0.27871218342791	0.803712488158246	-0.000627105240490511	8.39766218530678	0.711484873371164
4.35	3.15	0.333282421866695	0.803690445971945	-0.000427347183041978	8.33964915905518	0.733312968746678
4.45	3.15	0.393224117776465	0.803531206316122	-0.000205054922234918	8.27979085919928	0.757289647110586
4.55	3.15	0.456758943437105	0.803256674002312	2.34847439968377e-05	8.21794798555024	0.782703577374842
4.65	3.15	0.521517937267875	0.802911659615142	0.000240680619972593	8.15404848392813	0.80860717490715
4.75	3.15	0.584919027725599	0.80254834689676	0.000431301427751495	8.08809995893754	0.83396761109024
4.85	3.15	0.644624130802341	0.802208926238113	0.00058526159125354	8.02018861749878	0.857849652320936
4.95	3.15	0.698906678053592	0.801915975252569	0.000698629457383441	7.95046502830208	0.879562671221437
5.05	3.15	0.746813868907714	0.801673461178506	0.000772893679376242	7.87912154505684	0.898725547563086
5.15	3.15	0.788117308220748	0.801474138484929	0.0008132086617628	7.80636814320573	0.915246923288299
5.25	3.15	0.82312990683327	0.801307352057788	0.000826463833494842	7.73241219612777	0.929251962733308
5.35	3.15	0.852486099436331	0.801163882514075	0.000819741297511448	7.65744485618018	0.940994439774532
5.45	3.15	0.876953448633362	0.80103759417851	0.000799358402917717	7.58163404324119	0.950781379453345
5.55	3.15	0.897303013458899	0.800925131342242	0.000770437105349887	7.505122529264	0.95892120538356
5.65	3.15	0.914236752347745	0.800824930394873	0.000736838180021809	7.42802922357911	0.965694700939098
5.75	3.15	0.928357358616992	0.800736286071995	0.000701297106420182	7.35045204971477	0.971342943446797
5.85	3.15	0.940164318367276	0.800658729768701	0.000665640808406726	7.27247131412721	0.97606572734691
5.95	3.15	0.950063429032703	0.800591715096921	0.000631012278239792	7.19415293935788	0.980025371613081
6.05	3.15	0.958381468251874	0.800534515859401	0.000598067261743677	7.11555127420994	0.983352587300749
6.15	3.15	0.965381369456468	0.800486239994273	0.000567130760179335	7.03671140055541	0.986152547782587
6.25	3.15	0.971275729172279	0.800445890865909	0.000538313766916239	6.95767096385336	0.988510291668912
6.35	3.15	0.976237915619178	0.800412436280707	0.000511596169171184	6.87846159897115	0.990495166247671
6.45	3.15	0.980410787494699	0.800384866661252	0.000486883224247902	6.79911003262432	0.99216431499788
6.55	3.15	0.983913346429805	0.800362236437178	0.0004640425451775	6.71963893695137	0.993565338571922
6.65	3.15	0.98684573291131	0.800343689130382	0.000442927315328401	6.64006759588667	0.994738293164524
6.75	3.15	0.989292953994365	0.800328469214628	0.000423390114566762	6.56041243241883	0.995717181597746
6.85	3.15	0.991327668675247	0.800315924387169	0.000405290554580339	6.48068743283831	0.996531067470099
6.95	3.15	0.993012286744605	0.80030550151486	0.000388498972080724	6.40090449439926	0.997204914697842
7.05	3.15	0.994400573779171	0.800296738825574	0.000372897714714548	6.32107371540657	0.997760229511669
7.15	3.15	0.995538903353547	0.800289256207923	0.000358381038426079	6.24120364125299	0.998215561341419
7.25	3.15	0.996467257706793	0.800282744883322	0.000344854273834742	6.16130147597034	0.998586903082717
7.35	3.15	0.997220048347893	0.80027695725421	0.000332232672124733	6.08137326605254	0.998888019339157
7.45	3.15	0.997826806368055	0.800271697401338	0.000320440175610816	6.0014240613516	0.999130722547222
7.55	3.15	0.998312776634052	0.800266812476818	0.000309408249892911	5.9214580565044	0.999325110653621
7.65	3.15	0.998699438993304	0.800262185092196	0.000299074845611156	5.84147871544004	0.999479775597322
7.75	3.15	0.999004971911486	0.80025772670852	0.00028938351501551	5.76148888091452	0.999601988764594
7.85	3.15	0.999244668675391	0.800253371981506	0.000280282683072562	5.68149087062675	0.999697867470156
7.95	3.15	0.99943131275373	0.800249073985416	0.000271725059330769	5.60148656121802	0.999772525101492
8.05	3.15	0.999575516620423	0.800244800226483	0.000263667169978141	5.52147746129866	0.999830206648169
8.15	3.15	0.999686026942446	0.800240529351936	0.000256068987740026	5.44146477454413	0.999874410776978
8.25	3.15	0.999769998245416	0.800236248464212	0.000248893638070625	5.3614494538354	0.999907999298166
8.35	3.15	0.999833236792381	0.800231950953751	0.000242107162234785	5.28143224736771	0.999933294716953
8.45	3.15	0.99988041629436	0.800227634772011	0.000235678321095656	5.20141373760818	0.999952166517744
8.55	3.15	0.999915267104573	0.800223301073351	0.000229578426482358	5.12139437393799	0.999966106841829
8.65	3.15	0.999940740652982	0.800218953162638	0.000223781190232118	5.04137449976771	0.999976296261193
8.75	3.15	0.999959150998896	0.800214595693269	0.000218262583670918	4.96135437486164	0.999983660399559
8.85	3.15	0.999972295482015	0.800210234067667	0.000213000702625313	4.88133419355045	0.999988918192806
8.95	3.15	0.999981556515777	0.800205873999294	0.000207975635080722	4.80131409945066	0.999992622606311
9.05	3.15	0.999987986582468	0.80020152120182	0.000203169330145519	4.72129419724751	0.999995194632987
9.15	3.15	0.999992378456014	0.800197181176364	0.000198565467683153	4.64127456203486	0.999996951382405
9.25	3.15	0.999995322600272	0.800192859073606	0.000194149329286745	4.56125524664472	0.999998129040109
9.35	3.15	0.999997253575715	0.800188559611508	0.000189907671264258	4.48123628733987	0.999998901430286
9.45	3.15	0.999998487144659	0.800184287033391	0.000185828600703459	4.40121770818875	0.999999394857864
9.55	3.15	0.999999249604523	0.800180045094759	0.000181901455722269	4.32119952439099	0.999999699841809
9.65	3.15	0.99999970070861	0.800175837069445	0.000178116691042061	4.24118174477689	0.999999880283444
9.75	3.15	0.999999951362595	0.800171665768494	0.000174465769606214	4.16116437366434	0.999999980545038
9.85	3.15	1.00000007711848	0.800167533566537	0.000170941061098805	4.08114741222162	1.00000003084739
9.95	3.15	1.00000012833107	0.800163442432199	0.000167535747773886	4.00113085945513	1.00000005133243
10.05	3.15	1.0000001376984	0.80015939395989	0.000164243737866822	3.92111471291592	1.00000005507936
10.15	3.15	1.00000012577881	0.80015538940156	0.000161059586793758	3.8410989691983	1.00000005031153
10.25	3.15	1.00000010496456	0.800151429697167	0.000157978425923135	3.76108362428691	1.00000004198583
10.35	3.15	1.00000008229498	0.80014751550339	0.00015499589880512	3.68106867379478	1.00000003291799
10.45	3.15	1.00000006141018	0.800143647220384	0.000152108104613714	3.60105411312456	1.00000002456407
10.55	3.15	1.00000004387868	0.800139825016462	0.000149311548241264	3.52103993757623	1.00000001755147
10.65	3.15	1.00000003007659	0.800136048850805	0.000146603096784194	3.44102614241835	1.00000001203063
10.75	3.15	1.00000001975212	0.800132318494443	0.000143979941852006	3.36101272293498	1.00000000790085
10.85	3.15	1.0000000123739	0.800128633549734	0.000141439567309773	3.28099967445657	1.00000000494956
10.95	3.15	1.00000000733432	0.800124993468614	0.00013897972182389	3.20098699238069	1.00000000293373
11.05	3.15	1.00000000405889	0.800121397569835	0.000136598395985247	3.1209746721863	1.00000000162356
11.15	3.15	1.00000000205661	0.800117845055625	0.000134293803306244	3.04096270944395	1.00000000082264
11.25	3.15	1.00000000093528	0.800114335027926	0.000132064364804542	2.96095109982357	1.00000000037411
11.35	3.15	1.0000000003973	0.80011086650461	0.000129908696686162	2.88093983910041	1.00000000015892
11.45	3.15	1.00000000022585	0.800107438435922	0.000127825600650494	2.80092892315982	1.00000000009034
11.55	3.15	1.00000000026738	0.800104049721422	0.000125814056377142	2.72091834800088	1.00000000010695
11.65	3.15	1.00000000041369	0.800100699227793	0.000123873215682816	2.64090810973883	1.00000000016548
11.75	3.15	1.00000000058564	0.800097385807693	0.000122002397853826	2.5608982046063	1.00000000023425
11.85	3.15	1.00000000071941	0.800094108319942	0.000120201085411904	2.48088862895304	1.00000000028776
11.95	3.15	1.00000000075652	0.80009086565125	0.000118468919823734	2.40087937924397	1.00000000030261
12.05	3.15	1.00000000063866	0.800087656739578	0.000116805696285854	2.32087045205522	1.00000000025546
12.15	3.15	1.00000000030917	0.800084480599228	0.00011521135679407	2.24086184406781	1.00000000012367
12.25	3.15	0.999999999723518	0.800081336347607	0.000113685980705161	2.16085355205861	0.999999999889407
12.35	3.15	0.999999998870853	0.800078223233332	0.000112229771764334	2.08084557288797	0.999999999548341
12.45	3.15	0.999999997808172	0.800075140665483	0.000110843040810208	2.0008379034837	0.999999999123269
12.55	3.15	0.999999996705742	0.800072088243054	0.000109526183105997	1.92083054082066	0.999999998682297
12.65	3.15	0.999999995897364	0.800069065783936	0.000108279649514513	1.84082348189592	0.999999998358946
12.75	3.15	0.999999995920906	0.800066073351997	0.000107103910654535	1.76081672369936	0.999999998368362
12.85	3.15	0.999999997523391	0.80006311128086	0.000105999413471804	1.68081026318081	0.999999999009357
12.95	3.15	1.0000000015925	0.800060180192658	0.000104966529816685	1.60080409721559	1.000000000637
13.05	3.15	1.00000000896607	0.800057281010028	0.00010400549704143	1.52079822257223	1.00000000358643
13.15	3.15	1.00000002007036	0.800054414959877	0.000103116351223151	1.44079263588787	1.00000000802814
13.25	3.15	1.000000034356	0.800051583567868	0.000102298854302705	1.36078733365834	1.0000000137424
13.35	3.15	1.0000000495517	0.800048788643135	0.000101552417342286	1.28078231225076	1.00000001982068
13.45	3.15	1.00000006085183	0.800046032253307	0.000100876022965066	1.20077756794447	1.00000002434073
13.55	3.15	1.0000000603038	0.800043316689557	0.000100268150832659	1.12077309700059	1.00000002412152
13.65	3.15	1.00000003685629	0.800040644419771	9.97267101966837e-05	1.04076889574918	1.00000001474252
13.75	3.15	0.999999977736785	0.800038018023545	9.92489831028763e-05	0.960764960665042	0.999999991094714
13.85	3.15	0.999999871968996	0.800035440095198	9.88315804440364e-05	0.880761288379733	0.999999948787598
13.95	3.15	0.999999716789547	0.800032913089699	9.84704107515043e-05	0.800757875551642	0.999999886715819
14.05	3.15	0.999999527292816	0.80003043907339	9.81606595066782e-05	0.720754718498107	0.999999810917126
14.15	3.15	0.999999348607297	0.800028019330332	9.78967760555622e-05	0.640751812498095	0.999999739442919
14.25	3.15	0.999999268092408	0.80002565377459	9.7672468687129e-05	0.560749150723734	0.999999707236963
14.35	3.15	0.999999422383332	0.800023340141176	9.74807192323727e-05	0.480746722879948	0.999999768953333
14.45	3.15	0.999999990846629	0.800021072990082	9.73138495427052e-05	0.400744513846958	0.999999996338652
14.55	3.15	1.00000116390188	0.800018842675421	9.71637047947145e-05	0.320742502937996	1.00000046556075
14.65	3.15	1.00000307321551	0.800016634614923	9.7022059458511e-05	0.24074066477548	1.0000012292862
14.75	3.15	1.00000567336205	0.800014428910398	9.68813905217362e-05	0.160738973162527	1.00000226934482
14.85	3.15	1.00000857434486	0.800011009174843	9.67361951910923e-05	0.0807374096092225	1.00000342973795
14.95	3.15	1.0000108448084	0.400013339892588	9.6615995725196e-05	0.000736216994782098	1.00000433792336
0.05	3.25	-4.54220579552865e-06	0.400004748578628	-0.000421147773452927	10.4562721759459	0.599998183117682
0.15	3.25	-5.16833755176852e-06	0.800014553075248	-0.000421395275888564	10.4082717514624	0.599997932664979
0.25	3.25	-5.67026276023315e-06	0.800024375491746	-0.000421900588396377	10.3602707603375	0.599997731894896
0.35	3.25	-5.30989600863531e-06	0.800034186092932	-0.000422674562696686	10.3122691892797	0.599997876041596
0.45	3.25	-3.29774645976276e-06	0.80004400609859	-0.000423737183486939	10.26426699781	0.599998680901416
0.55	3.25	1.17258657851744e-06	0.800053829299504	-0.000425120276834854	10.2162641195583	0.600000469034631
0.65	3.25	8.83441789292061e-06	0.800063658965907	-0.000426870193572222	10.1682604631739	0.600003533767157
0.75	3.25	2.03658867977151e-05	0.800073334555312	-0.000429045289666308	10.1202559149524	0.600008146354719
0.85	3.25	3.50459208756521e-05	0.800082944692511	-0.000431696603937492	10.072250359396	0.60001401836835
0.95	3.25	5.0967389383591e-05	0.80009243270956	-0.000434912674191412	10.0242437183101	0.600020386955753
1.05	3.25	6.41142187416512e-05	0.800101868716964	-0.000438793253313243	9.9762360050605	0.600025645687497
1.15	3.25	6.84738032303394e-05	0.800111464046539	-0.000443477942344908	9.92822739009821	0.600027389521292
1.25	3.25	5.7112279415408e-05	0.800121466260114	-0.000449163847761862	9.88021824629473	0.600022844911766
1.35	3.25	2.33433643471552e-05	0.800132199957796	-0.000456014224180832	9.83220915824705	0.600009337345739
1.45	3.25	-3.77086680351529e-05	0.800144071006835	-0.000464165597190156	9.78420088790557	0.599984916532786
1.55	3.25	-0.000127078277571105	0.800157525683291	-0.000473722169818507	9.73619428333059	0.599949168688972
1.65	3.25	-0.000239692597312656	0.800172987918762	-0.000484746084022283	9.68819011923675	0.599904122961075
1.75	3.25	-0.000362273813595886	0.800190782252278	-0.00049725664055198	9.64018886821256	0.599855090474562
1.85	3.25	-0.000471925993107375	0.800211044922791	-0.000511248252746131	9.59219041619551	0.599811229602757
1.95	3.25	-0.000536061568474124	0.80023358036595	-0.000526736327003844	9.5441937538157	0.59978557537261
2.05	3.25	-0.000515084177431276	0.800257536872018	-0.000543852641092308	9.49619670425827	0.599793966329027
2.15	3.25	-0.000371684465597191	0.800283782017785	-0.000563033056792408	9.44819582512651	0.599851326213761
2.25	3.25	-6.80160976444582e-05	0.800313449958802	-0.000584827968757457	9.40018644638248	0.599972793560942
2.35	3.25	0.000441036745363887	0.800348458784361	-0.000611134031898094	9.35216256557604	0.600176414698146
2.45	3.25	0.00122102928003695	0.800389058764087	-0.00064278112173081	9.30411639237703	0.600488411712015
2.55	3.25	0.0023557267112254	0.800435694682625	-0.000678664947364768	9.25603769432738	0.60094229068449
2.65	3.25	0.00394247152446599	0.800489602455803	-0.000718541672040297	9.20791326006244	0.601576988609786
2.75	3.25	0.00609229766384722	0.800552187499358	-0.000762510737398007	9.15972646908837	0.602436919065539
2.85	3.25	0.00893198949732324	0.800624999523212	-0.000810691088990886	9.11145682102297	0.603572795798929
2.95	3.25	0.0126071901078669	0.800709819660073	-0.000863061624662957	9.06307937484195	0.605042876043147
3.05	3.25	0.0172867100172102	0.800808719162231	-0.000919344831230862	9.01456406619844	0.606914684006884
3.15	3.25	0.0231684823337186	0.80092406690273	-0.00097887727411865	8.96587486028631	0.609267392933487
3.25	3.25	0.030487647773467	0.801058467046305	-0.00104044303118315	8.91696868213876	0.612195059109387
3.35	3.25	0.0395271375487138	0.801214586486219	-0.00110206080285675	8.86779405272904	0.615810855019486
3.45	3.25	0.0506307654433004	0.801394802432547	-0.0011607280613217	8.81828935376903	0.62025230617732
3.55	3.25	0.0642180426735045	0.801600569233527	-0.00121214546015439	8.76838065737907	0.625687217069402
3.65	3.25	0.0807984006682721	0.801831384146947	-0.00125047830136729	8.71797910740005	0.632319360267309
3.75	3.25	0.100979928033485	0.802083260389358	-0.001268262444075	8.66697795528912	0.640391971213394
3.85	3.25	0.125463951218465	0.802346761096011	-0.00125662401070091	8.61524957082142	0.650185580487386
3.95	3.25	0.155012312624887	0.80260500164059	-0.00120602997948036	8.56264309580289	0.662004925049955
4.05	3.25	0.190370987057601	0.802832630459894	-0.00110776320335866	8.50898387744079	0.67614839482304
4.15	3.25	0.232136017095576	0.802997450978509	-0.000956138070942196	8.45407629630519	0.69285440683823
4.25	3.25	0.280561951800822	0.803066379398361	-0.000751088398842381	8.3977118122728	0.712224780720329
4.35	3.25	0.335343549738454	0.803015828963707	-0.000500257133505285	8.33968354042649	0.734137419895381
4.45	3.25	0.395442369624513	0.802843096666541	-0.000219422829430567	8.27980701778866	0.758176947849805
4.55	3.25	0.459055898889708	0.802572042901852	6.95591829100465e-05	8.2179441139378	0.783622359555883
4.65	3.25	0.523801673056964	0.802247444507008	0.000343041952465076	8.15402433739006	0.809520669222786
4.75	3.25	0.587099676405865	0.801919358554334	0.000580606041406357	8.08805693545865	0.834839870562346
4.85	3.25	0.6466287858873	0.801626322909698	0.000768868489476958	8.02012948580027	0.85865151435492
4.95	3.25	0.700688470291403	0.801386675127812	0.00090284696483832	7.95039340330331	0.880275388116561
5.05	3.25	0.748353317796122	0.801200408514295	0.000984932196810265	7.87904129153094	0.899341327118449
5.15	3.25	0.789417624271515	0.801057067882713	0.0010224630661664	7.80628287455502	0.915767049708606
5.25	3.25	0.824209566108937	0.800943696901846	0.00102506723591742	7.7323249569418	0.929683826443575
5.35	3.25	0.853371579972778	0.800849610639284	0.00100254350808688	7.65735799329194	0.941348631989111
5.45	3.25	0.877673666861962	0.800767883952275	0.000963555046038427	7.58154921874587	0.951069466744785
5.55	3.25	0.897885790819276	0.800694875873046	0.000915051598756223	7.5050408152709	0.95915431632771
5.65	3.25	0.914706977175416	0.800629088491287	0.000862195730746421	7.42795122831997	0.965882790870166
5.75	3.25	0.928736309998204	0.800570107892814	0.000808566483882449	7.35037804237916	0.971494523999281
5.85	3.25	0.940469672330918	0.800517885875912	0.000756472692792174	7.27240133191069	0.976187868932367
5.95	3.25	0.950309603542856	0.800472355048923	0.000707274654338849	7.1940868713113	0.980123841417142
6.05	3.25	0.958580094362102	0.80043327844244	0.0006616645466174	7.11548892271207	0.983432037744841
6.15	3.25	0.965541772477421	0.800400232633597	0.000619888853255997	7.03665252398321	0.986216708990968
6.25	3.25	0.971405365107551	0.800372651342692	0.000581913708265991	6.95761530471725	0.988562146043021
6.35	3.25	0.976342743172654	0.800349886027342	0.000547541758336569	6.8784089014546	0.990537097269062
6.45	3.25	0.980495573972133	0.800331261804211	0.000516491179526911	6.79906005275134	0.992198229588853
6.55	3.25	0.98398191393159	0.800316120414736	0.00048844678718951	6.71959144783497	0.993592765572636
6.65	3.25	0.98690115395461	0.800303849040717	0.000463091439664824	6.64002238983254	0.994760461581844
6.75	3.25	0.989337705837815	0.800293896915628	0.000440124028420074	6.5603693211181	0.995735082335126
6.85	3.25	0.991363754643629	0.80028578264033	0.00041926865386459	6.48064624647783	0.996545501857452
6.95	3.25	0.993041331527489	0.800279095025807	0.000400278227236536	6.40086508022672	0.997216532610995
7.05	3.25	0.994423898362792	0.800273489791689	0.000382934714040774	6.32103593608572	0.997769559345117
7.15	3.25	0.995557584083292	0.800268683871767	0.000367047491294192	6.24116737320752	0.998223033633317
7.25	3.25	0.996482173008521	0.800264448559497	0.000352450768850869	6.16126660782531	0.998592869203408
7.35	3.25	0.997231915853579	0.800260602314494	0.00033900066687377	6.08133969722531	0.998892766341431
7.45	3.25	0.997836212570983	0.800257003745607	0.00032657230114716	6.00139170080909	0.999134485028393
7.55	3.25	0.998320200713046	0.800253545071696	0.000315057070344583	5.92142682168338	0.999328080285218
7.65	3.25	0.998705272067995	0.800250146216451	0.000304360238437301	5.84144853131652	0.999482108827198
7.75	3.25	0.999009532699047	0.800246749599269	0.000294398842789938	5.7614596792034	0.999603813079619
7.85	3.25	0.999248216294936	0.800243315625473	0.000285099921790749	5.68146258909212	0.999699286517974
7.95	3.25	0.999434057252895	0.800239818843604	0.000276399035429777	5.60145914307543	0.999773622901158
8.05	3.25	0.999577627667819	0.800236244718335	0.000268239042835492	5.52145085469288	0.999831051067128
8.15	3.25	0.999687641030281	0.800232586957724	0.000260569098133209	5.44143893208832	0.999875056412112
8.25	3.25	0.999771224671367	0.800228845330015	0.000253343826880079	5.36142433220039	0.999908489868547
8.35	3.25	0.999834162633016	0.800225023906358	0.00024652264912611	5.28140780691237	0.999933665053206
8.45	3.25	0.99988111053949	0.800221129668142	0.000240069219255828	5.20138994204383	0.999952444215796
8.55	3.25	0.9999157840895	0.80021717142257	0.00023395095779479	5.12137119002178	0.9999663136358
8.65	3.25	0.999941122900819	0.800213158974849	0.000228138654769404	5.04135189702102	0.999976449160327
8.75	3.25	0.999959431566148	0.800209102511126	0.000222606128543764	4.96133232531075	0.999983772626459
8.85	3.25	0.999972499885651	0.800205012151816	0.000217329927809912	4.88131267148739	0.99998899995426
8.95	3.25	0.999981704308185	0.800200897640415	0.000212289067109576	4.80129308121289	0.999992681723274
9.05	3.25	0.999988092630943	0.800196768138107	0.000207464789240187	4.72127366101507	0.999995237052377
9.15	3.25	0.999992453975359	0.800192632099297	0.000202840349492734	4.64125448764435	0.999996981590143
9.25	3.25	0.999995375980203	0.800188497207704	0.000198400818308838	4.56123561541898	0.999998150392081
9.35	3.25	0.999997291038763	0.800184370356299	0.000194132900064587	4.48121708193286	0.999998916415505
9.45	3.25	0.999998513265077	0.80018025765804	0.000190024766334794	4.40119891244465	0.999999405306031
9.55	3.25	0.999999267714087	0.800176164477171	0.000186065902642759	4.32118112321683	0.999999707085635
9.65	3.25	0.999999713211155	0.800172095473296	0.000182246967860637	4.24116372402782	0.999999885284462
9.75	3.25	0.999999959975553	0.800168054652436	0.000178559665728883	4.16114672004067	0.999999983990221
9.85	3.25	1.0000000830566	0.800164045420896	0.000174996628046533	4.08113011317678	1.00000003322264
9.95	3.25	1.00000013244474	0.800160070639257	0.00017155130883978	4.00111390311358	1.00000005297789
10.05	3.25	1.00000014057675	0.800156132674346	0.00016821788930347	3.92109808800019	1.0000000562307
10.15	3.25	1.00000012782568	0.800152233448255	0.000164991192620607	3.84108266496422	1.00000005113027
10.25	3.25	1.00000010645391	0.800148374483786	0.000161866608341097	3.76106763046618	1.00000004258156
10.35	3.25	1.00000008341077	0.800144556945964	0.000158840025621768	3.68105298054418	1.00000003336431
10.45	3.25	1.00000006227478	0.800140781679946	0.000155907774521631	3.60103871098083	1.00000002490991
10.55	3.25	1.00000004457274	0.800137049245213	0.00015306657498596	3.52102481741613	1.00000001782909
10.65	3.25	1.00000003065285	0.800133359946622	0.000150313492563637	3.44101129542305	1.00000001226114
10.75	3.25	1.00000002024488	0.8001297138626	0.000147645900499884	3.36099814055829	1.00000000809795
10.85	3.25	1.00000001280527	0.800126110870834	0.000145061447325545	3.28098534839644	1.00000000512211
10.95	3.25	1.00000000771854	0.800122550671917	0.000142558029567083	3.20097291455343	1.00000000308742
11.05	3.25	1.00000000440513	0.800119032811289	0.000140133768894648	3.12096083470311	1.00000000176205
11.15	3.25	1.00000000237091	0.800115556699886	0.000137786993176431	3.04094910458939	1.00000000094836
11.25	3.25	1.00000000122199	0.800112121633849	0.000135516221066069	2.96093772003554	1.0000000004888
11.35	3.25	1.00000000066023	0.800108726813585	0.0001333201494149	2.88092667695144	1.00000000026409
11.45	3.25	1.00000000046924	0.800105371362589	0.000131197643222778	2.80091597133933	1.00000000018769
11.55	3.25	1.0000000004968	0.800102054346247	0.000129147727576559	2.72090559929822	1.00000000019872
11.65	3.25	1.00000000063682	0.800098774790981	0.000127169580996079	2.64089555702699	1.00000000025473
11.75	3.25	1.00000000081276	0.80009553170391	0.000125262529786198	2.56088584082614	1.0000000003251
11.85	3.25	1.00000000096342	0.800092324093321	0.000123426042684879	2.48087644709798	1.00000000038537
11.95	3.25	1.00000000103219	0.800089150990024	0.000121659725303097	2.40086737234524	1.00000000041288
12.05	3.25	1.00000000096095	0.800086011469731	0.000119963313570345	2.32085861316768	1.00000000038438
12.15	3.25	1.00000000069026	0.800082904676446	0.000118336665537273	2.24085016625657	1.0000000002761
12.25	3.25	1.00000000016857	0.80007982984666	0.000116779750728248	2.16084202838664	1.00000000006743
12.35	3.25	0.999999999372557	0.800076786334105	0.000115292636275371	2.08083419640513	0.999999999749023
12.45	3.25	0.999999998340545	0.800073773634561	0.000113875469040651	2.00082666721749	0.999999999336218
12.55	3.25	0.999999997217952	0.800070791409948	0.000112528453034797	1.92081943776931	0.999999998887181
12.65	3.25	0.999999996308766	0.800067839510807	0.00011125182145064	1.84081250502432	0.999999998523506
12.75	3.25	0.999999996118851	0.800064917995879	0.00011004580285098	1.7608058659385	0.99999999844754
12.85	3.25	0.999999997365696	0.80006202714756	0.00010891058123036	1.68079951743143	0.999999998946278
12.95	3.25	1.00000000091657	0.800059167481734	0.0001078462500365	1.60079345635665	1.00000000036663
13.05	3.25	1.00000000760671	0.800056339750859	0.000106852760657511	1.520787679475	1.00000000304268
13.15	3.25	1.00000001788775	0.80005354493955	0.000105929866419129	1.44078218343605	1.0000000071551
13.25	3.25	1.0000000312748	0.800050784252552	0.000105077063885825	1.36077696477477	1.00000001250992
13.35	3.25	1.00000004561027	0.800048059096	0.000104293533815768	1.28077201993077	1.00000001824411
13.45	3.25	1.00000005625853	0.80004537105322	0.000103578084816657	1.20076734529585	1.00000002250341
13.55	3.25	1.00000005549287	0.800042721856446	0.000102929102830722	1.12076293728962	1.00000002219715
13.65	3.25	1.00000003253042	0.800040113353692	0.000102344509370276	1.0407587924519	1.00000001301217
13.75	3.25	0.999999974875653	0.800037547465609	0.000101821729953702	0.960754907522793	0.999999989950261
13.85	3.25	0.999999871774835	0.800035026118926	0.000101357672183184	0.880751279457687	0.999999948709934
13.95	3.25	0.999999720533336	0.800032551131199	0.000100948709894911	0.800747905299526	0.999999888213335
14.05	3.25	0.999999536023497	0.800030124007554	0.000100590667277998	0.72074478181258	0.999999814409399
14.15	3.25	0.999999362698055	0.800027745598076	0.000100278796201021	0.640741904786824	0.999999745079222
14.25	3.25	0.999999286632394	0.800025415562783	0.000100007744202041	0.560739267971367	0.999999714652957
14.35	3.25	0.999999442490733	0.800023131612163	9.97715228112002e-05	0.480736861715135	0.999999776996293
14.45	3.25	1.00000000708714	0.800020888551402	9.95635094537951e-05	0.400734671606379	1.00000000283486
14.55	3.25	1.00000116814348	0.800018677272196	9.93765522410742e-05	0.320732677716663	1.00000046725739
14.65	3.25	1.00000305541492	0.800016484017332	9.92032924846924e-05	0.240730855441575	1.00000122216597
14.75	3.25	1.00000562390973	0.800014289965598	9.90368637476887e-05	0.16072917929987	1.00000224956389
14.85	3.25	1.00000848860283	0.80001089569615	9.88721643618925e-05	0.0807276313316386	1.00000339544113
14.95	3.25	1.00001073022426	0.400013174661163	9.87396790738388e-05	0.000726451406435576	1.0000042920897
0.05	3.35	-4.52480705020226e-06	0.400004620986637	-0.000430725695851696	10.4562977361416	0.59999819007718
0.15	3.35	-5.14879708270016e-06	0.800014167067453	-0.000430968339621253	10.4082973264124	0.599997940481167
0.25	3.35	-5.65018625486986e-06	0.800023724062791	-0.000431469047628969	10.3602963656036	0.599997739925498
0.35	3.35	-5.2955002695966e-06	0.800033256208343	-0.000432238840790858	10.3122948411163	0.599997881799892
0.45	3.35	-3.29930908170275e-06	0.800042776684212	-0.000433298094297984	10.2642927137409	0.599998680276367
0.55	3.35	1.14645443720405e-06	0.800052268090098	-0.000434677929556759	10.216289919025	0.600000458581775
0.65	3.35	8.77848370772101e-06	0.800061707288828	-0.000436424398429556	10.1682863681234	0.600003511393483
0.75	3.35	2.00957259684129e-05	0.800071015304888	-0.000438630412366458	10.1202819522026	0.600008038290387
0.85	3.35	3.46510343006e-05	0.80008013762674	-0.00044137459378809	10.0722765599522	0.60001386041372
0.95	3.35	5.03718391382633e-05	0.800089090669687	-0.000444708281782734	10.0242701176925	0.600020148735655
1.05	3.35	6.3531139346654e-05	0.800097753410341	-0.000448745704628384	9.97626264479594	0.600025412455739
1.15	3.35	6.77733540086104e-05	0.80010646647805	-0.000453666662635096	9.92825432066163	0.600027109341603
1.25	3.35	5.62886798206865e-05	0.800115399241741	-0.000459669923209256	9.88024553060207	0.600022515471928
1.35	3.35	2.25679157643753e-05	0.800124814759233	-0.000466933096631076	9.83223686960011	0.600009027166306
1.45	3.35	-3.80767122411927e-05	0.800135052379656	-0.000475603768138501	9.78422910808887	0.599984769315103
1.55	3.35	-0.000126468304512688	0.800146485778632	-0.00048578935334746	9.73622310045254	0.599949412678195
1.65	3.35	-0.000237305917377563	0.800159461331864	-0.000497547557279348	9.68821962505313	0.599905077633049
1.75	3.35	-0.000357102783198847	0.800174223282648	-0.000510890028636537	9.64021915548991	0.59985715888672
1.85	3.35	-0.000462863180886645	0.800190829658993	-0.000525818226455685	9.59222157759277	0.599814854727645
1.95	3.35	-0.00052222278620045	0.800209036206431	-0.000542419676765268	9.54422588600577	0.59979111088552
2.05	3.35	-0.000496173099630272	0.800228154934153	-0.000561002740055139	9.49622992399138	0.599801530760148
2.15	3.35	-0.00034526811225396	0.800247881571179	-0.000581830426103832	9.44823027128715	0.599861892755098
2.25	3.35	-3.22101172435299e-05	0.800268820066051	-0.000605745183054339	9.40022228193429	0.599987115953103
2.35	3.35	0.000479566055318567	0.800297070273309	-0.000634563090234274	9.3522000747314	0.600191826422127
2.45	3.35	0.0012664125657623	0.800328546083022	-0.000669020648437844	9.30415592957515	0.600506565026305
2.55	3.35	0.00241288394604779	0.800363978639268	-0.000708643577552798	9.2560795651959	0.600965153578419
2.65	3.35	0.00401614906943731	0.800404212252924	-0.000753223905791067	9.20795775697757	0.601606459627775
2.75	3.35	0.00618752802071347	0.80045026788803	-0.000802850692888393	9.15977389597157	0.602475011208285
2.85	3.35	0.00905461193082124	0.800503293831695	-0.000857688751078162	9.11150749979628	0.603621844772328
2.95	3.35	0.0127642806338649	0.800564622320348	-0.000917792381566195	9.06313364060527	0.605105712253546
3.05	3.35	0.017486983247684	0.800635829920388	-0.000982948066105393	9.01462225420989	0.606994793299074
3.15	3.35	0.0234227215153712	0.800718766262587	-0.00105250589283021	8.96593728418414	0.609369088606148
3.25	3.35	0.0308091900464581	0.800815527612275	-0.0011251715661494	8.91703560082538	0.612323676018583
3.35	3.35	0.0399324143776654	0.800928336716379	-0.00119874496591435	8.86786562221241	0.615972965751066
3.45	3.35	0.0511398647366461	0.801059263232701	-0.00126980708820283	8.81836555978812	0.620455945894658
3.55	3.35	0.0648552062274211	0.801209687248517	-0.00133338194078091	8.76846122516385	0.625942082490968
3.65	3.35	0.0815922848873731	0.801379386677975	-0.00138264094516403	8.71806338726798	0.632636913954949
3.75	3.35	0.101963327903213	0.801565153561317	-0.00140877872047737	8.66706478823382	0.640785331161285
3.85	3.35	0.126672524200108	0.801758982830041	-0.00140126409621278	8.61533714826048	0.650669009680043
3.95	3.35	0.15648169014272	0.801946221048624	-0.00134872785890476	8.56272884300485	0.662592676057088
4.05	3.35	0.192131656026663	0.802104650148649	-0.00124072013623698	8.50906440914579	0.676852662410665
4.15	3.35	0.234205720953346	0.8022061087458	-0.00107035619931674	8.4541475087963	0.693682288381338
4.25	3.35	0.28293635022339	0.802222250933318	-0.000837406652371174	8.39776917464929	0.713174540089356
4.35	3.35	0.337987486609864	0.802134418248722	-0.000550787447537743	8.33972261114746	0.735194994643946
4.45	3.35	0.398285650836767	0.801944150261813	-0.000229059175557017	8.27982413206951	0.759314260334707
4.55	3.35	0.461997520512032	0.801677788320636	0.000102034329965745	8.21793708453652	0.784799008204813
4.65	3.35	0.526723708054056	0.801379994644899	0.000414662388563546	8.15399294463943	0.810689483221622
4.75	3.35	0.589887272539482	0.801098014935105	0.000684852651208295	8.08800301695411	0.835954909015793
4.85	3.35	0.649189147093642	0.800865631444172	0.000896980898115057	8.02005658012143	0.859675658837457
4.95	3.35	0.702962265456656	0.800695691079187	0.00104535794553546	7.95030607816153	0.881184906182662
5.05	3.35	0.750316212603115	0.800583047342038	0.00113299200900468	7.87894438767423	0.900126485041246
5.15	3.35	0.791074161738812	0.800513084425801	0.00116870903789616	7.80618087628359	0.916429664695525
5.25	3.35	0.825583652137163	0.800469845432498	0.00116400413128841	7.73222159912892	0.930233460854865
5.35	3.35	0.85449723177195	0.80044071402472	0.00113053754363848	7.65725610828809	0.94179889270878
5.45	3.35	0.87858794968795	0.800417703303436	0.00107859100922682	7.58145076239739	0.95143517987518
5.55	3.35	0.898624340762433	0.80039676446319	0.00101638708840271	7.50494699485229	0.959449736304973
5.65	3.35	0.91530167455667	0.800376451965318	0.000950005699954589	7.42786266831559	0.966120669822668
5.75	3.35	0.929214423963681	0.800356704633828	0.000883629910139852	7.35029494688685	0.971685769585472
5.85	3.35	0.940853868847548	0.80033800286153	0.000819922166589232	7.27232362300287	0.976341547539019
5.95	3.35	0.95061838244914	0.800320891824939	0.000760410578004759	7.19401429679128	0.980247352979656
6.05	3.35	0.958828386846717	0.800305767167624	0.000705826020010437	7.11542113458602	0.983531354738687
6.15	3.35	0.96574155219215	0.800292816662374	0.000656369885294806	7.03658913242064	0.98629662087686
6.25	3.35	0.97156620356435	0.800282039363512	0.000611913380555862	6.95755591311047	0.98862648142574
6.35	3.35	0.976472284274696	0.800273293935131	0.000572138519441915	6.87835312773242	0.990588913709878
6.45	3.35	0.98059992528006	0.800266350534311	0.00053663347493382	6.79900754116002	0.992239970112024
6.55	3.35	0.984065962497242	0.800260934946009	0.00050495418300079	6.71954187439179	0.993626384998897
6.65	3.35	0.986968818069599	0.800256761592653	0.000476662047527039	6.63997546377216	0.99478752722784
6.75	3.35	0.989392134271481	0.800253555863385	0.000451345333846448	6.56032478394549	0.995756853708592
6.85	3.35	0.991407483764172	0.800251067689772	0.000428629816380632	6.48060386971169	0.996562993505669
6.95	3.35	0.993076409071117	0.800249078584677	0.000408182617087044	6.40082466253585	0.997230563628447
7.05	3.35	0.994451980988086	0.800247404127381	0.00038971193618138	6.32099730025467	0.997780792395234
7.15	3.35	0.995580014404209	0.80024589347363	0.000372964478590686	6.24113036318812	0.998232005761684
7.25	3.35	0.996500040591731	0.800244427061811	0.000357721744773858	6.1612310860119	0.998600016236692
7.35	3.35	0.997246105687485	0.800242913340916	0.000343795918205987	6.08130554201589	0.998898442274994
7.45	3.35	0.997847443736145	0.800241285078372	0.000331025786778916	6.00135880446822	0.999138977494458
7.55	3.35	0.998329057372563	0.800239495609989	0.000319272941632383	5.92139508849563	0.999331622949025
7.65	3.35	0.998712228419575	0.80023751525539	0.000308418371403487	5.84141787600503	0.99948489136783
7.75	3.35	0.999014973160276	0.800235328028003	0.00029835949248467	5.76143002558227	0.999605989264111
7.85	3.35	0.999252451906934	0.800232928704849	0.000289007608706751	5.68143386891975	0.999700980762773
7.95	3.35	0.999437339066769	0.80023032027979	0.000280285768725899	5.6014312950779	0.999774935626708
8.05	3.35	0.999580157708605	0.800227511797116	0.000272126976357418	5.52142382372938	0.999832063083442
8.15	3.35	0.999689581302835	0.800224516545585	0.000264472705315322	5.44141266843448	0.999875832521134
8.25	3.35	0.999772704573021	0.800221350583501	0.000257271670592689	5.36139879092904	0.999909081829208
8.35	3.35	0.999835285061534	0.800218031559718	0.000250478812506037	5.28138294735492	0.999934114024614
8.45	3.35	0.99988195692649	0.800214577793729	0.000244054454555175	5.2013657273187	0.999952782770596
8.55	3.35	0.999916418544693	0.800211007577998	0.000237963601945683	5.1213475866188	0.999966567417877
8.65	3.35	0.999941595617835	0.800207338667057	0.000232175353122164	5.04132887443316	0.999976638247134
8.75	3.35	0.999959781613796	0.800203587920545	0.00022666240151558	4.96130985570644	0.999983912645518
8.85	3.35	0.999972757487298	0.800199771070394	0.000221400609758997	4.88129072941783	0.999989102994919
8.95	3.35	0.999981892695022	0.800195902585953	0.000216368641964963	4.8012716433501	0.999992757078009
9.05	3.35	0.999988229541231	0.800191995614309	0.000211547642964631	4.72125270591735	0.999995291816492
9.15	3.35	0.999992552860442	0.80018806197627	0.000206920956321892	4.641233995546	0.999997021144177
9.25	3.35	0.999995446968676	0.800184112202663	0.000202473874460888	4.56121556804216	0.99999817878747
9.35	3.35	0.99999734170217	0.800180155597445	0.000198193416189561	4.4811974623194	0.999998936680868
9.45	3.35	0.999998549221728	0.800176200317902	0.000194068127854385	4.40117970480596	0.999999419688691
9.55	3.35	0.999999293101673	0.800172253463953	0.000190087905426163	4.3211623128003	0.999999717240669
9.65	3.35	0.999999731053822	0.800168321170761	0.00018624383514676	4.24114529699818	0.999999892421529
9.75	3.35	0.999999972466711	0.800164408700553	0.000182528051130212	4.16112866337488	0.999999988986684
9.85	3.35	1.00000009177498	0.800160520530797	0.000178933608208439	4.08111241457111	1.00000003670999
9.95	3.35	1.00000013851809	0.800156660436966	0.000175454368980001	4.00109655090168	1.00000005540723
10.05	3.35	1.0000001448047	0.800152831568921	0.00017208490362949	3.92108107108092	1.00000005792188
10.15	3.35	1.00000013077122	0.800149036520491	0.000168820401691853	3.84106597273824	1.00000005230849
10.25	3.35	1.00000010851075	0.800145277392303	0.000165656594472152	3.76105125278019	1.0000000434043
10.35	3.35	1.0000000848526	0.800141555848177	0.000162589687393606	3.68103690764189	1.00000003394104
10.45	3.35	1.00000006329083	0.800137873165405	0.000159616301189552	3.60102293345998	1.00000002531633
10.55	3.35	1.0000000452933	0.80013423027981	0.000156733421152735	3.52100932619043	1.00000001811732
10.65	3.35	1.00000003116733	0.800130627825751	0.000153938353576873	3.44099608168873	1.00000001246693
10.75	3.35	1.00000002061444	0.800127066172157	0.000151228688624414	3.3609831957643	1.00000000824578
10.85	3.35	1.0000000130717	0.800123545454745	0.000148602268867377	3.28097066421792	1.00000000522868
10.95	3.35	1.0000000079103	0.80012006560536	0.00014605716291765	3.2009584828679	1.00000000316412
11.05	3.35	1.0000000045416	0.800116626378655	0.000143591643375085	3.12094664756889	1.00000000181664
11.15	3.35	1.00000000246534	0.800113227376811	0.000141204168651772	3.04093515422589	1.00000000098614
11.25	3.35	1.00000000128361	0.800109868072583	0.000138893368020854	2.96092399880513	1.00000000051344
11.35	3.35	1.00000000069587	0.800106547831169	0.000136658029482063	2.88091317734252	1.00000000027835
11.45	3.35	1.0000000004847	0.800103265931232	0.000134497089795615	2.80090268595045	1.00000000019388
11.55	3.35	1.00000000049798	0.800100021585406	0.000132409626343885	2.720892520823	1.00000000019919
11.65	3.35	1.00000000063071	0.800096813960567	0.000130394850301861	2.64088267823973	1.00000000025228
11.75	3.35	1.00000000080823	0.80009364219816	0.000128452100423371	2.56087315456805	1.00000000032329
11.85	3.35	1.00000000097164	0.80009050543475	0.000126580837243292	2.48086394626398	1.00000000038866
11.95	3.35	1.00000000106656	0.80008740282291	0.00012478063675399	2.40085504987137	1.00000000042662
12.05	3.35	1.00000000103611	0.800084333552594	0.000123051183242667	2.32084646201916	1.00000000041444
12.15	3.35	1.00000000082027	0.800081296872786	0.000121392260485456	2.24083817941683	1.00000000032811
12.25	3.35	1.00000000036373	0.800078292113395	0.000119803740666382	2.16083019884734	1.00000000014549
12.35	3.35	0.999999999635108	0.800075318706975	0.000118285570452779	2.08082251715768	0.999999999854043
12.45	3.35	0.999999998659295	0.800072376209756	0.000116837753431125	2.00081513124629	0.999999999463718
12.55	3.35	0.999999997562308	0.800069464321248	0.000115460328487334	1.92080803804729	0.999999999024923
12.65	3.35	0.999999996623013	0.800066582901476	0.000114153343596446	1.84080123451112	0.999999998649205
12.75	3.35	0.999999996317882	0.800063731984777	0.00011291682477728	1.76079471758199	0.999999998527153
12.85	3.35	0.999999997333819	0.800060911788927	0.00011175074020423	1.68078848417297	0.999999998933528
12.95	3.35	1.0000000005114	0.800058122718504	0.000110654959812512	1.60078253114071	1.00000000020456
13.05	3.35	1.00000000667036	0.800055365361811	0.000109629211241415	1.5207768552635	1.00000000266814
13.15	3.35	1.00000001626768	0.800052640481044	0.00010867303341674	1.44077145322785	1.00000000650707
13.25	3.35	1.00000002885592	0.800049948996566	0.00010778572976041	1.36076632163032	1.00000001154237
13.35	3.35	1.00000004235919	0.800047291966851	0.000106966323452738	1.28076145700195	1.00000001694367
13.45	3.35	1.00000005227779	0.800044670566582	0.000106213517566871	1.20075685586043	1.00000002091112
13.55	3.35	1.00000005107948	0.800042086065077	0.000105525662739375	1.12075251478981	1.00000002043179
13.65	3.35	1.00000002822632	0.800039539805329	0.000104900734085211	1.04074843053597	1.00000001129053
13.75	3.35	0.999999971489513	0.800037033179038	0.000104336317484693	0.960744600088758	0.999999988595805
13.85	3.35	0.999999870344852	0.800034567584582	0.000103829602391828	0.880741020698344	0.999999948137941
13.95	3.35	0.999999722192137	0.800032144342339	0.00010337737513589	0.800737689748417	0.999999888876855
14.05	3.35	0.999999541723747	0.80002976452722	0.000102976003754564	0.720734604391407	0.999999816689499
14.15	3.35	0.999999372768319	0.800027428665441	0.000102621404916013	0.640731760855601	0.999999749107328
14.25	3.35	0.999999300167452	0.800025136240026	0.000102308988282711	0.56072915338299	0.999999720066981
14.35	3.35	0.999999456649862	0.800022884969538	0.000102033587175725	0.48072677287518	0.999999782659945
14.45	3.35	1.00000001648581	0.800020669883444	0.000101789410118705	0.400724605535566	1.00000000659432
14.55	3.35	1.00000116467673	0.800018482331625	0.000101570086829673	0.320722632106343	1.00000046587069
14.65	3.35	1.00000302902316	0.800016309245023	0.000101368931553355	0.240720828680721	1.00000121160926
14.75	3.35	1.00000556493771	0.80001413269382	0.000101179594715101	0.160719170435551	1.00000222597508
14.85	3.35	1.00000839241548	0.800010770410183	0.000100997315966888	0.0807176399043722	1.00000335696619
14.95	3.35	1.00001060449013	0.40001300222441	0.000100853571319461	0.000716473848699654	1.00000424179605
0.05	3.45	-4.49789877851438e-06	0.400004494298784	-0.00044004824668126	10.4563238633406	0.599998200840489
0.15	3.45	-5.11748135779891e-06	0.800013782923021	-0.000440281954265637	10.4083234679529	0.599997953007457
0.25	3.45	-5.61419944189899e-06	0.800023075131011	-0.000440768198321889	10.3603225368957	0.599997754320223
0.35	3.45	-5.25921698610549e-06	0.800032329337568	-0.000441517551061329	10.3123210582255	0.599997896313206
0.45	3.45	-3.27443744384718e-06	0.800041552714145	-0.000442550078056615	10.2643189939355	0.599998690225022
0.55	3.45	1.13052935106392e-06	0.8000507219226	-0.000443897195074798	10.216316281419	0.60000045221174
0.65	3.45	8.63896290910477e-06	0.800059805212048	-0.000445609218849364	10.1683128348782	0.600003455585164
0.75	3.45	1.96397589554364e-05	0.800068764081523	-0.00044777716404914	10.1203085517781	0.600007855903582
0.85	3.45	3.40950709796143e-05	0.800077365065051	-0.000450509045020388	10.0723033260429	0.600013638028392
0.95	3.45	4.9893692356746e-05	0.800085625719536	-0.000453843389715491	10.0242970855694	0.600019957476943
1.05	3.45	6.28441733833875e-05	0.800093582563203	-0.000457885826732939	9.97628985730065	0.600025137669353
1.15	3.45	6.68858688432507e-05	0.800101389050281	-0.000462850106502705	9.92828183303384	0.600026754347537
1.25	3.45	5.53004676539368e-05	0.800109180197937	-0.000468928720437488	9.88027340923354	0.600022120187062
1.35	3.45	2.17126652675815e-05	0.800117165502808	-0.000476300265667235	9.83226519154159	0.600008685066107
1.45	3.45	-3.83742813822587e-05	0.800125617318845	-0.000485115369061988	9.7842579593909	0.599984650287447
1.55	3.45	-0.000125552788202856	0.800134832881203	-0.000495481565576792	9.73625257362207	0.599949778884719
1.65	3.45	-0.000234282804528521	0.800145077706374	-0.000507453156307627	9.68824981598425	0.599906286878189
1.75	3.45	-0.00035088670730039	0.800156512535533	-0.000521037782747915	9.64025016090951	0.59985964531708
1.85	3.45	-0.000452303633624846	0.800169101823878	-0.000536238760206222	9.59225349540343	0.59981907854655
1.95	3.45	-0.000506231249667172	0.800182487775769	-0.000553150255699374	9.54425882200983	0.599797507500133
2.05	3.45	-0.000473422898914623	0.800195825226527	-0.000572065468746325	9.49626400281561	0.599810630840434
2.15	3.45	-0.000313407754662533	0.800207759190723	-0.000593451811601959	9.44826562920657	0.599874636898135
2.25	3.45	3.81094790209365e-06	0.800222057958151	-0.000618498534040641	9.40025913474666	0.600001524379161
2.35	3.45	0.000523152540721587	0.800240828845211	-0.000648631344727317	9.3522387379985	0.600209261016289
2.45	3.45	0.00131986677916374	0.800261414583838	-0.000684296059747017	9.30419674314526	0.600527946711665
2.55	3.45	0.00248010707422518	0.800283918182855	-0.000725373262891091	9.25612286886026	0.60099204282969
2.65	3.45	0.00410190521512253	0.80030863501596	-0.000771837631853863	9.2080038894533	0.601640762086049
2.75	3.45	0.00629737190872777	0.800336021097749	-0.000823840011506785	9.15982320910581	0.602518948763491
2.85	3.45	0.00919513781757421	0.800366687695006	-0.000881578565015256	9.11156036548176	0.60367805512703
2.95	3.45	0.0129434861008492	0.800401422658956	-0.000945141098041398	9.06319044765438	0.60517739444034
3.05	3.45	0.0177146939475566	0.800441231698922	-0.00101434230847119	9.01468339560447	0.607085877579023
3.15	3.45	0.0237110780710216	0.800487376461557	-0.0010885382869839	8.96600313373673	0.609484431228409
3.25	3.45	0.031173205397585	0.800541382124394	-0.00116639703484939	8.91710647652064	0.612469282159034
3.35	3.45	0.0403905951675719	0.800604974701271	-0.00124561164208021	8.86794173217645	0.616156238067029
3.45	3.45	0.0517148574059011	0.800679884288119	-0.00132255791625137	8.81844692619496	0.62068594296236
3.55	3.45	0.0655743693787263	0.800767419342261	-0.00139192487284575	8.76854758191263	0.626229747751491
3.65	3.45	0.0824879915540902	0.800867693311882	-0.00144639121565837	8.7181540499057	0.632995196621636
3.75	3.45	0.103072654696798	0.800978404303885	-0.00147648779089768	8.66715850080837	0.641229061878719
3.85	3.45	0.128035797578285	0.801093199131451	-0.00147086747088328	8.61543192322342	0.651214319031314
3.95	3.45	0.158139191107711	0.801199985501637	-0.00141726599230216	8.56282182782724	0.663255676443084
4.05	3.45	0.194117783179197	0.801280126228356	-0.00130440461376028	8.5091518349771	0.677647113271679
4.15	3.45	0.236540340189206	0.801310049257242	-0.00112485051389488	8.45422479433057	0.694616136075682
4.25	3.45	0.285614200232925	0.801266767002898	-0.000878347342749533	8.39783125629884	0.71424568009317
4.35	3.45	0.340968347295086	0.801137155458257	-0.000574481370522603	8.33976452827437	0.736387338918034
4.45	3.45	0.401489721133269	0.800927470811361	-0.000233186681989075	8.2798418039895	0.760595888453308
4.55	3.45	0.465310428683775	0.800666753610303	0.000117936055760148	8.21792809927943	0.78612417147351
4.65	3.45	0.530012402051646	0.800399442138259	0.000449109056772383	8.15395710554158	0.812004960820658
4.75	3.45	0.593022644655311	0.800169560294371	0.00073474068901357	8.0879424349203	0.837209057862124
4.85	3.45	0.652067300901054	0.8000055383169	0.000958201260780712	8.01997526393051	0.860826920360422
4.95	3.45	0.705517120256742	0.799914092105886	0.00111348759641532	7.95020917324476	0.882206848102697
5.05	3.45	0.752520997048689	0.799884358030328	0.00120388155743399	7.87883732498959	0.901008398819476
5.15	3.45	0.792934400810955	0.799897095748316	0.00123887058127691	7.80606866732228	0.917173760324382
5.25	3.45	0.827126446640808	0.79993300466275	0.00123078914995657	7.73210839852961	0.930850578656323
5.35	3.45	0.855760900669321	0.79997730142042	0.00119214797885145	7.65714504620966	0.942304360267728
5.45	3.45	0.879614151621258	0.800020790319315	0.00113398446052977	7.58134397759214	0.951845660648503
5.55	3.45	0.899453092768697	0.800058937682087	0.00106513149102149	7.50484578155232	0.959781237107479
5.65	3.45	0.915968769214923	0.800090326685356	0.00099212343490951	7.42776766505168	0.966387507685969
5.75	3.45	0.929750483272523	0.800115264080376	0.000919455143128746	7.35020632103214	0.971900193309009
5.85	3.45	0.94128435728106	0.80013480053248	0.000849982486898032	7.27224122788494	0.976513742912424
5.95	3.45	0.950964096250302	0.800150151856135	0.000785335638356989	7.19393779402487	0.980385638500121
6.05	3.45	0.959106121271229	0.800162412911855	0.000726281210855143	7.11535008312806	0.983642448508492
6.15	3.45	0.965964783799495	0.800172452015002	0.0006730110058615	7.03652304973938	0.986385913519798
6.25	3.45	0.971745710596045	0.800180901628083	0.000625357773961498	6.95749431481509	0.988698284238418
6.35	3.45	0.976616677180514	0.800188191838357	0.000582948468331454	6.87829555150851	0.990646670872206
6.45	3.45	0.980716084681948	0.80019459670808	0.000545308328525634	6.79895355980037	0.992286433872779
6.55	3.45	0.984159393230836	0.800200278873379	0.000511928432924712	6.71949110157792	0.993663757292334
6.65	3.45	0.987043931850674	0.80020532658546	0.000482307255662315	6.63992755526099	0.99481757274027
6.75	3.45	0.989452473798875	0.800209781947519	0.000455974388003398	6.56027943601445	0.99578098951955
6.85	3.45	0.991455899773818	0.800213661151725	0.000432502440707181	6.48056081611175	0.996582359909527
6.95	3.45	0.993115200060936	0.800216968227912	0.00041151140562434	6.40078367076558	0.997246080024375
7.05	3.45	0.994483003538219	0.800219703873246	0.000392668429135907	6.32095816766294	0.997793201415288
7.15	3.45	0.995604770423624	0.800221870725418	0.000375684980125095	6.24109291320511	0.99824190816945
7.25	3.45	0.996519746488425	0.800223476161303	0.000360312707530166	6.16119516467055	0.99860789859537
7.35	3.45	0.997261747378301	0.800224533436619	0.000346338805534745	6.08127101483732	0.99890469895132
7.45	3.45	0.997859820551887	0.800225061759913	0.000333581381200544	6.00132555372988	0.999143928220755
7.55	3.45	0.998338817237054	0.800225085721812	0.000321885104910052	5.92136301086902	0.999335526894822
7.65	3.45	0.998719896152145	0.800224634371849	0.000311117284393575	5.84138688053247	0.999487958460858
7.75	3.45	0.999020973339421	0.800223740141845	0.000301164415350778	5.76140003195458	0.999608389335768
7.85	3.45	0.999257127413513	0.800222437747147	0.000291929208883917	5.68140480601476	0.999702850965405
7.95	3.45	0.999440966178052	0.800220763149992	0.000283328065156075	5.60140309972154	0.999776386471221
8.05	3.45	0.999582958423669	0.800218752634776	0.000275288948056304	5.52139643964426	0.999833183369467
8.15	3.45	0.999691733432817	0.800216442021137	0.000267749609411302	5.44138604534538	0.999876693373127
8.25	3.45	0.999774350016496	0.800213866024511	0.000260656111435259	5.36137288379897	0.999909740006598
8.35	3.45	0.999836536598143	0.800211057761698	0.000253961599543027	5.28135771572975	0.999934614639257
8.45	3.45	0.999882903794809	0.800208048391867	0.000247625282363621	5.20134113476215	0.999953161517924
8.55	3.45	0.999917131018407	0.80020486687857	0.000241611581882867	5.12132360022282	0.999966852407363
8.65	3.45	0.999942128754002	0.800201539856006	0.00023588942204062	5.04130546439179	0.999976851501601
8.75	3.45	0.999960178315458	0.800198091581557	0.000230431629856066	4.96128699494317	0.999984071326183
8.85	3.45	0.999973050997801	0.800194543957604	0.000225214427651297	4.88126839325885	0.999989220399121
8.95	3.45	0.999982108621521	0.800190916606026	0.00022021699930055	4.80124980923683	0.999992843448608
9.05	3.45	0.99998838748875	0.80018722698119	0.000215421117114657	4.7212313531532	0.9999953549955
9.15	3.45	0.999992667744682	0.800183490508585	0.000210810818395838	4.64121310507312	0.999997067097873
9.25	3.45	0.999995530064771	0.800179720738845	0.000206372123601159	4.56119512224445	0.999998212025909
9.35	3.45	0.999997401477426	0.800175929508523	0.000202092789390396	4.48117744484888	0.99999896059097
9.45	3.45	0.999998591992546	0.800172127101221	0.000197962091621273	4.40116010042988	0.999999436797019
9.55	3.45	0.999999323548263	0.80016832240406	0.00019397063404699	4.32114310726661	0.999999729419305
9.65	3.45	0.999999752620616	0.800164523056258	0.000190110179781078	4.24112647691744	0.999999901048246
9.75	3.45	0.999999987671569	0.800160735587477	0.000186373502661144	4.16111021611673	0.999999995068628
9.85	3.45	1.00000010244615	0.800156965544832	0.000182754256446184	4.08109432817368	1.00000004097846
9.95	3.45	1.00000014597441	0.800153217608117	0.000179246859930121	4.00107881399241	1.00000005838976
10.05	3.45	1.00000014999148	0.800149495693266	0.000175846396355024	3.92106367280752	1.00000005999659
10.15	3.45	1.00000013436194	0.800145803044667	0.000172548525606423	3.84104890270843	1.00000005374477
10.25	3.45	1.00000011098254	0.800142142317018	0.000169349408051209	3.76103450100924	1.00000004439302
10.35	3.45	1.00000008654175	0.800138515647651	0.000166245638481188	3.68102046450687	1.0000000346167
10.45	3.45	1.00000006443332	0.800134924720326	0.000163234189440574	3.6010067896598	1.00000002577333
10.55	3.45	1.00000004605408	0.800131370821474	0.000160312362580285	3.52099347271094	1.00000001842163
10.65	3.45	1.00000003166134	0.800127854889795	0.000157477747364111	3.44098050977205	1.00000001266454
10.75	3.45	1.00000002092161	0.800124377560201	0.000154728186037792	3.36096789688182	1.00000000836864
10.85	3.45	1.00000001324744	0.800120939202858	0.00015206174426946	3.28095563004634	1.00000000529898
10.95	3.45	1.00000000799295	0.800117539958096	0.000149476686565048	3.20094370526788	1.00000000319718
11.05	3.45	1.0000000045576	0.800114179767908	0.000146971455961602	3.12093211856577	1.00000000182304
11.15	3.45	1.00000000243287	0.80011085840452	0.000144544657222753	3.04092086599229	1.00000000097315
11.25	3.45	1.00000000121521	0.800107575496755	0.000142195043124303	2.96090994364488	1.00000000048609
11.35	3.45	1.00000000060042	0.80010433055445	0.00013992150320256	2.88089934767585	1.00000000024017
11.45	3.45	1.00000000036894	0.80010112299154	0.000137723054568427	2.80088907430012	1.00000000014758
11.55	3.45	1.00000000036781	0.800097952148042	0.000135598834185631	2.72087911980125	1.00000000014712
11.65	3.45	1.00000000049231	0.800094817311324	0.000133548092239372	2.64086948053591	1.00000000019693
11.75	3.45	1.000000000669	0.800091717736879	0.000131570186137782	2.56086015293688	1.0000000002676
11.85	3.45	1.0000000008409	0.800088652668871	0.000129664574502339	2.48085113351441	1.00000000033636
11.95	3.45	1.00000000095582	0.800085621360469	0.000127830810862252	2.40084241885604	1.00000000038233
12.05	3.45	1.00000000095882	0.800082623094129	0.000126068536324017	2.32083400562472	1.00000000038353
12.15	3.45	1.00000000079064	0.800079657201713	0.0001243774707546	2.24082589055498	1.00000000031626
12.25	3.45	1.00000000039466	0.800076723084215	0.000122757401973182	2.16081807044717	1.00000000015787
12.35	3.45	0.999999999734854	0.800073820230842	0.000121208172281745	2.08081054215921	0.999999999893942
12.45	3.45	0.999999998827006	0.800070948236813	0.000119729661936477	2.00080330259587	0.999999999530802
12.55	3.45	0.999999997782634	0.800068106819306	0.000118321769077969	1.92079634869501	0.999999999113054
12.65	3.45	0.999999996860279	0.800065295830542	0.000116984385814135	1.84078967741077	0.999999998744112
12.75	3.45	0.999999996510756	0.800062515267099	0.000115717370371606	1.760783285694	0.999999998604303
12.85	3.45	0.999999997391858	0.800059765274409	0.000114520515441686	1.68077717047065	0.999999998956743
12.95	3.45	1.00000000031534	0.800057046145589	0.000113393513279012	1.60077132862031	1.00000000012614
13.05	3.45	1.00000000607853	0.800054358314207	0.000112335918476304	1.52076575695833	1.00000000243141
13.15	3.45	1.00000001513108	0.800051702341229	0.000111347109947741	1.44076045222653	1.00000000605243
13.25	3.45	1.00000002704459	0.800049078897464	0.000110426254058333	1.36075541109924	1.00000001081784
13.35	3.45	1.00000003980129	0.800046488743795	0.000109572271400357	1.28075063021151	1.00000001592051
13.45	3.45	1.00000004901077	0.800043932712292	0.000108783809697331	1.20074610621459	1.00000001960431
13.55	3.45	1.00000004730843	0.800041411691111	0.000108059225011225	1.12074183585808	1.00000001892337
13.65	3.45	1.00000002437805	0.800038926613994	0.000107396572228237	1.04073781608691	1.00000000975122
13.75	3.45	0.99999996824201	0.800036478450199	0.000106793603642871	0.960734044124154	0.999999987296804
13.85	3.45	0.999999868600962	0.800034068181913	0.000106247771302029	0.880730517487444	0.999999947440385
13.95	3.45	0.999999722956947	0.800031696743387	0.000105756225199096	0.800727233862527	0.999999889182779
14.05	3.45	0.999999545841514	0.800029364881053	0.000105315796304534	0.720724190739993	0.999999818336605
14.15	3.45	0.999999380485204	0.800027072880589	0.000104922953145558	0.640721384726178	0.999999752194082
14.25	3.45	0.999999310521195	0.80002482010379	0.000104573725906362	0.560718810487621	0.999999724208478
14.35	3.45	0.999999466758372	0.800022604297328	0.000104263606708299	0.480716459405567	0.999999786703349
14.45	3.45	1.00000002092192	0.80002042069331	0.000103987462123078	0.400714318225216	1.00000000836877
14.55	3.45	1.00000115527445	0.800018261034158	0.000103739535547116	0.320712368290763	1.00000046210978
14.65	3.45	1.00000299564011	0.800016112831899	0.000103513669357434	0.240710586334002	1.00000119825604
14.75	3.45	1.00000549784514	0.800013958908356	0.000103303928150198	0.160708948144056	1.00000219913805
14.85	3.45	1.00000828700438	0.80001063438858	0.000103105849222717	0.080707436716231	1.00000331480175
14.95	3.45	1.00001046872378	0.400012823004191	0.000102951911817559	0.000706285603491769	1.00000418748951
0.05	3.55	-4.46546842123396e-06	0.400004371637107	-0.000449119808366678	10.4563505422524	0.599998213812632
0.15	3.55	-5.0796223493135e-06	0.800013410549561	-0.000449340588325134	10.4083501605464	0.59999796815106
0.25	3.55	-5.57033001449983e-06	0.800022445915891	-0.000449802348036887	10.3603492580694	0.599997771867994
0.35	3.55	-5.21401314050863e-06	0.800031430177015	-0.000450515342377293	10.3123478235171	0.599997914394744
0.45	3.55	-3.23996931286985e-06	0.80004036350284	-0.000451499810578021	10.2643458201154	0.599998704012275
0.55	3.55	1.13003240868255e-06	0.800049214178135	-0.000452787925912422	10.2163431872102	0.600000452012963
0.65	3.55	8.55810432521909e-06	0.80005793935784	-0.00045442813040658	10.1683398420202	0.60000342324173
0.75	3.55	1.93962812861966e-05	0.800066480933923	-0.000456492448679264	10.1203356866494	0.600007758512514
0.85	3.55	3.34290019425397e-05	0.800074714104658	-0.000459095866941487	10.0723306227512	0.600013371600777
0.95	3.55	4.92580635207991e-05	0.800082299247281	-0.00046230102039187	10.0243245811968	0.600019703225408
1.05	3.55	6.20859875642083e-05	0.800089512333688	-0.000466202061902801	9.97631759388465	0.600024834395026
1.15	3.55	6.59452179613696e-05	0.800096401058127	-0.000471001537889713	9.92830986564011	0.600026378087185
1.25	3.55	5.42624440184095e-05	0.800103044088786	-0.000476890008744205	9.88030180461387	0.600021704977607
1.35	3.55	2.08265124890737e-05	0.800109586913953	-0.000484039703131921	9.832294026952	0.600008330604996
1.45	3.55	-3.86567455086889e-05	0.800116228365163	-0.000492595654502649	9.78428732093859	0.599984537301796
1.55	3.55	-0.000124539497981651	0.800123184019302	-0.00050266149872898	9.73628255376057	0.599950184200807
1.65	3.55	-0.000231027635230482	0.8001306320006	-0.000514288936460811	9.68828051042009	0.599907588945908
1.75	3.55	-0.000344225896384447	0.800138642781756	-0.000527482483696957	9.64028166589953	0.599862309641446
1.85	3.55	-0.000440975363900792	0.800147092838994	-0.000542234377860628	9.59228590734492	0.59982360985444
1.95	3.55	-0.000489122125286631	0.800155552616693	-0.000558604057539829	9.54429224214184	0.599804351149885
2.05	3.55	-0.0004499906663263	0.800163133530256	-0.000576847141711091	9.4962985506914	0.599820003733469
2.15	3.55	-0.000283974023807935	0.800168551053778	-0.000597617494089274	9.44830147113834	0.599886410390477
2.25	3.55	4.19584754949336e-05	0.800173723101161	-0.000622502491859612	9.40029650246339	0.600016783390198
2.35	3.55	0.000567678777862853	0.80018370420044	-0.000652531263506895	9.3522779381593	0.600227071511145
2.45	3.55	0.0013744288670189	0.800193322601873	-0.000687591367953164	9.30423811788017	0.600549771546808
2.55	3.55	0.00254900411280608	0.800202572348411	-0.000727734095161484	9.25616675443494	0.601019601645122
2.65	3.55	0.00418991576113922	0.80021130261067	-0.000773128679717535	9.20805063130494	0.601675966304456
2.75	3.55	0.00641004376336212	0.800219477859404	-0.000824017016130257	9.15987317235036	0.602564017505345
2.85	3.55	0.00933911274403325	0.800227185660867	-0.000880625758970311	9.11161393826252	0.603735645097613
2.95	3.55	0.0131268613391807	0.800234658296489	-0.000943048097034449	9.06324803675468	0.605250744535672
3.05	3.55	0.0179474413637007	0.800242316924762	-0.00101110001911642	9.01474541333663	0.60717897654548
3.15	3.55	0.0240055358159445	0.800250825699812	-0.00108414186809942	8.96606997416536	0.609602214326378
3.25	3.55	0.0315446493986047	0.800261134450189	-0.00116085129005975	8.91717847785482	0.612617859759442
3.35	3.55	0.0408578817014505	0.80027447376243	-0.00123893774861226	8.86801912105286	0.61634315268058
3.45	3.55	0.0523010951952412	0.800292242024236	-0.00131480175263202	8.8185297389788	0.620920438078096
3.55	3.55	0.0663075192039984	0.80031569218687	-0.00138316766089457	8.76863555869113	0.626523007681599
3.65	3.55	0.0834011898719131	0.800345299754821	-0.00143676327672833	8.71824649958715	0.633360475948765
3.75	3.55	0.104203905100291	0.800379707767773	-0.00146618598882557	8.66725414219696	0.641681562040116
3.85	3.55	0.129426479581379	0.80041426701978	-0.00146017606931333	8.6155287188455	0.651770591832552
3.95	3.55	0.159830660903217	0.800439510357459	-0.00140657849825253	8.56291684554773	0.663932264361287
4.05	3.55	0.196145343114959	0.800440452503527	-0.00129423984514447	8.50924119495695	0.678458137245984
4.15	3.55	0.238924306431709	0.800398179257973	-0.00111584963422187	8.45430377727404	0.695569722572684
4.25	3.55	0.288348991971043	0.800295112893189	-0.000871233068709349	8.39789464643014	0.715339596788417
4.35	3.55	0.344012426771654	0.800123681005952	-0.000569963756079843	8.3398072199388	0.737604970708662
4.45	3.55	0.404760985560956	0.799894825515513	-0.000231820326739181	8.27985960487403	0.761904394224382
4.55	3.55	0.468691563188764	0.799640208453382	0.000115903690132643	8.21791854270679	0.787476625275506
4.65	3.55	0.533367355693122	0.79940394326468	0.000443832573328892	8.15392000953954	0.813346942277249
4.75	3.55	0.596219840394848	0.799226746083974	0.000726761399472183	8.0878799913086	0.838487936157939
4.85	3.55	0.655001246408884	0.799131654010383	0.000948319963907516	8.0198916117104	0.862000498563554
4.95	3.55	0.708121037913247	0.799119259383442	0.00110257949370618	7.95010961357317	0.883248415165299
5.05	3.55	0.754768121421784	0.799173017777818	0.00119272654587855	7.87872744689526	0.901907248568714
5.15	3.55	0.794830701446185	0.799269103468492	0.0012280490988336	7.80595362507784	0.917932280578474
5.25	3.55	0.828699681916424	0.799384896062267	0.00122065389505995	7.73199246369536	0.93147987276657
5.35	3.55	0.857050108884218	0.799503447870991	0.00118285226058612	7.65703143577854	0.942820043553687
5.45	3.55	0.880661687708357	0.799614338768508	0.00112553821966242	7.5812348875116	0.952264675083343
5.55	3.55	0.900299607323589	0.799712523143399	0.0010574608715647	7.50474253697413	0.960119842929436
5.65	3.55	0.916650612122772	0.799796581491687	0.000985119917926011	7.42767091395718	0.966660244849109
5.75	3.55	0.930298757543316	0.799867158263628	0.000913009321235195	7.3501162239557	0.972119503017326
5.85	3.55	0.941724938150349	0.799925848742248	0.000844003255337431	7.27215761989721	0.97668997526014
5.95	3.55	0.951318128656092	0.799974519856195	0.000779758120826855	7.19386031126082	0.980527251462437
6.05	3.55	0.95939069547221	0.800014952515534	0.000721067215631225	7.11527825522195	0.983756278188884
6.15	3.55	0.966193625379393	0.800048688182692	0.000668145262042486	7.03645636356333	0.986477450151757
6.25	3.55	0.971929807610677	0.800076990123393	0.000620842323891581	6.95743225595323	0.988771923044271
6.35	3.55	0.97676481649693	0.800100860938702	0.000578796752797253	6.87823762943182	0.990705926598772
6.45	3.55	0.980835294898927	0.800121082341794	0.000541539839261932	6.7988993216572	0.992334117959571
6.55	3.55	0.984255302949187	0.800138259319665	0.000508564341750203	6.71944013837189	0.993702121179675
6.65	3.55	0.987121055961534	0.800152860474172	0.000479367134185987	6.63987950316955	0.994848422384614
6.75	3.55	0.989514440701931	0.800165251602846	0.000453473960839259	6.56023397478242	0.995805776280772
6.85	3.55	0.991505631119096	0.8001757221834	0.000430452230669625	6.48051766583216	0.996602252447639
6.95	3.55	0.993155052795087	0.800184505543974	0.000409916097769187	6.40074258790876	0.997262021118035
7.05	3.55	0.994514882227717	0.800191793849597	0.000391526781014446	6.32091894089647	0.997805952891087
7.15	3.55	0.995630216224738	0.800197749027721	0.000374990122634282	6.24105535932927	0.998252086489895
7.25	3.55	0.99654000779388	0.800202510606109	0.000360052704707684	6.16115912484844	0.998616003117552
7.35	3.55	0.997277836085256	0.800206201251886	0.000346497367211034	6.08123635120418	0.998911134434102
7.45	3.55	0.997872557032651	0.800208930627452	0.000334138647021346	6.00129214640732	0.999149022813061
7.55	3.55	0.998348866414741	0.800210798033235	0.000322818439024538	5.92133075537437	0.999339546565897
7.65	3.55	0.99872779655242	0.800211894190958	0.000312402038362664	5.84135568555401	0.999491118620968
7.75	3.55	0.999027160575983	0.800212302430656	0.000302774631218682	5.76136981745429	0.999610864230393
7.85	3.55	0.999261953243873	0.80021209947561	0.000293838245334423	5.68137550161737	0.999704781297549
7.95	3.55	0.999444714017307	0.800211355966828	0.000285509138748331	5.60137464334949	0.999777885606923
8.05	3.55	0.999585856011502	0.800210136828255	0.000277715587474842	5.52136877636154	0.999834342404601
8.15	3.55	0.999693963200163	0.800208501543779	0.000270396025284565	5.44135912637717	0.999877585280065
8.25	3.55	0.999776057583462	0.800206504393476	0.000263497487350481	5.36134666569842	0.999910423033385
8.35	3.55	0.99983783774605	0.800204194679871	0.000256974311314974	5.28133215966771	0.99993513509842
8.45	3.55	0.999883890186605	0.800201616961469	0.000250787054328962	5.20131620591937	0.999953556074642
8.55	3.55	0.99991787488848	0.800198811301999	0.000244901588448175	5.12129926726803	0.999967149955392
8.65	3.55	0.999942686746947	0.800195813537386	0.000239288343331139	5.04128169903163	0.999977074698779
8.75	3.55	0.999960594620764	0.800192655558167	0.000233921669338771	4.96126377153285	0.999984237848306
8.85	3.55	0.999973359901662	0.800189365602688	0.000228779299202105	4.88124568846422	0.999989343960665
8.95	3.55	0.999982336576315	0.800185968555532	0.000223841890467584	4.80122760174051	0.999992934630526
9.05	3.55	0.999988554784007	0.800182486244902	0.000219092634209853	4.72120962339842	0.999995421913603
9.15	3.55	0.99999278984963	0.800178937733717	0.000214516918616698	4.64119183504027	0.999997115939852
9.25	3.55	0.999995618701199	0.80017533959946	0.000210102038276437	4.5611742952561	0.999998247480479
9.35	3.55	0.999997465472023	0.80017170619913	0.000205836941853792	4.48115704539962	0.999998986188809
9.45	3.55	0.999998637949866	0.800168049916428	0.000201712012535867	4.40114011403793	0.999999455179946
9.55	3.55	0.999999356378594	0.800164381389786	0.000197718876480021	4.32112352034458	0.999999742551438
9.65	3.55	0.999999775951222	0.800160709720071	0.000193850235651103	4.24110727665988	0.999999910380489
9.75	3.55	1.00000000416483	0.800157042658055	0.000190099721832185	4.16109139040246	1.00000000166593
9.85	3.55	1.00000011404387	0.800153386772301	0.000186461769463842	4.08107586548103	1.00000004561755
9.95	3.55	1.00000015408405	0.800149747598275	0.0001829315049162	4.00106070332584	1.00000006163362
10.05	3.55	1.0000001556271	0.800146129769994	0.000179504650489071	3.9210459036341	1.00000006225084
10.15	3.55	1.00000013824993	0.800142537135885	0.000176177441353728	3.84103146490295	1.00000005529997
10.25	3.55	1.00000011364042	0.800138972860157	0.000172946554028199	3.7610173848067	1.00000004545617
10.35	3.55	1.0000000883364	0.800135439511447	0.000169809045082188	3.68100366046146	1.00000003533456
10.45	3.55	1.00000006562368	0.800131939140223	0.000166762298808052	3.60099028860931	1.00000002624947
10.55	3.55	1.00000004682219	0.800128473346299	0.000163803982841616	3.52097726574592	1.00000001872888
10.65	3.55	1.00000003213478	0.800125043337987	0.00016093201068428	3.4409645882089	1.00000001285391
10.75	3.55	1.00000002118949	0.800121649983876	0.000158144510308612	3.36095225223924	1.0000000084758
10.85	3.55	1.00000001337188	0.800118293858409	0.000155439797966581	3.28094025402465	1.00000000534875
10.95	3.55	1.00000000801707	0.800114975282361	0.000152816356557394	3.20092858973054	1.00000000320683
11.05	3.55	1.00000000451121	0.80011169435871	0.000150272817751409	3.12091725552299	1.00000000180449
11.15	3.55	1.00000000233649	0.800108451005015	0.000147807947473145	3.0409062475861	1.0000000009346
11.25	3.55	1.0000000010829	0.800105244982695	0.000145420633985613	2.96089556213556	1.00000000043316
11.35	3.55	1.00000000044185	0.800102075923867	0.000143109878187123	2.88088519542941	1.00000000017674
11.45	3.55	1.00000000019105	0.800098943356177	0.000140874785660995	2.80087514377665	1.00000000007642
11.55	3.55	1.0000000001761	0.800095846726097	0.000138714559960872	2.72086540354398	1.00000000007044
11.65	3.55	1.00000000029198	0.800092785420939	0.0001366284967082	2.64085597116097	1.00000000011679
11.75	3.55	1.00000000046594	0.800089758789984	0.000134615978134159	2.56084684312358	1.00000000018637
11.85	3.55	1.00000000064251	0.800086766164825	0.000132676467548767	2.48083801599613	1.000000000257
11.95	3.55	1.00000000077156	0.800083806879148	0.000130809503355589	2.40082948641178	1.00000000030862
12.05	3.55	1.00000000080032	0.800080880287938	0.000129014692112652	2.32082125107132	1.00000000032013
12.15	3.55	1.00000000067122	0.800077985786107	0.000127291700249855	2.24081330674025	1.00000000026849
12.25	3.55	1.00000000032792	0.800075122826329	0.000125640243897985	2.16080565024403	1.00000000013117
12.35	3.55	0.999999999732285	0.800072290935763	0.000124060076448173	2.0807982784612	0.999999999892914
12.45	3.55	0.99999999889444	0.80006948973121	0.000122550973444893	2.00079118831421	0.999999999557776
12.55	3.55	0.99999999791552	0.800066718931996	0.000121112714471521	1.92078437675756	0.999999999166208
12.65	3.55	0.999999997038168	0.800063978369847	0.000119745061830077	1.84077784076332	0.999999998815267
12.75	3.55	0.999999996691611	0.800061267994828	0.000118447736060439	1.76077157730409	0.999999998676644
12.85	3.55	0.999999997507344	0.800058587876474	0.000117220388509587	1.68076558333442	0.999999999002938
12.95	3.55	1.00000000026883	0.80005593819956	0.000116062571586804	1.60075985577256	1.00000000010753
13.05	3.55	1.00000000574812	0.80005331925428	0.000114973707723419	1.5207543914859	1.00000000229925
13.15	3.55	1.0000000143805	0.800050731421493	0.000113953058595481	1.44074918728522	1.0000000057522
13.25	3.55	1.00000002574488	0.800048175154704	0.000112999696541644	1.36074423993386	1.00000001029795
13.35	3.55	1.00000003786538	0.800045650961558	0.000112112480500248	1.28073954617878	1.00000001514615
13.45	3.55	1.00000004644127	0.80004315938831	0.000111290038771516	1.20073510280823	1.00000001857651
13.55	3.55	1.00000004425439	0.800040701010692	0.000110530760307626	1.12073090673515	1.00000001770175
13.65	3.55	1.00000002119004	0.800038276432292	0.000109832794871537	1.04072695509458	1.00000000847602
13.75	3.55	0.999999965505346	0.800035886286487	0.000109194059968477	0.960723245326056	0.999999986202138
13.85	3.55	0.999999867115595	0.800033531229128	0.000108612249071882	0.880719775189476	0.999999946846238
13.95	3.55	0.999999723622274	0.800031211896028	0.000108084831826378	0.800716542638599	0.99999988944891
14.05	3.55	0.999999549400039	0.80002892878423	0.000107609033859228	0.720713545459589	0.999999819760016
14.15	3.55	0.999999387088907	0.800026682002408	0.000107181783522568	0.640710780586718	0.999999754835563
14.25	3.55	0.999999319119614	0.800024470832287	0.000106799618770171	0.5607082430553	0.999999727647846
14.35	3.55	0.999999474379692	0.800022293061633	0.000106458562921495	0.480705924667494	0.999999789751877
14.45	3.55	1.00000002203658	0.800020144106173	0.000106154006949293	0.400703812652027	1.00000000881463
14.55	3.55	1.00000114159358	0.800018016049017	0.000105880679582685	0.320701888900987	1.00000045663743
14.65	3.55	1.00000295688626	0.800015896901632	0.000105632841303918	0.240700130738159	1.00000118275451
14.75	3.55	1.00000542418531	0.800013770133774	0.000105404892202735	0.160698514527934	1.00000216967413
14.85	3.55	1.00000817385437	0.8000104885392	0.000105192630538207	0.080697023699562	1.00000326954175
14.95	3.55	1.00001032436898	0.40001263736961	0.000105029532646656	0.000695888496695676	1.00000412974759
0.05	3.65	-4.43223474335871e-06	0.400004256192153	-0.00045795145025427	10.456377758049	0.599998227106103
0.15	3.65	-5.04093844503467e-06	0.800013059890681	-0.000458155570986406	10.4083773891329	0.599997983624622
0.25	3.65	-5.52605596399548e-06	0.800021853405586	-0.000458583297703598	10.3603765134694	0.599997789577614
0.35	3.65	-5.16983937387321e-06	0.800030583503928	-0.000459244201470012	10.3123751203713	0.599997932064251
0.45	3.65	-3.20900558647589e-06	0.80003924331974	-0.00046015783832015	10.264373174289	0.599998716397765
0.55	3.65	1.12491711264236e-06	0.80004779303043	-0.000461355611351263	10.2163706165051	0.600000449966845
0.65	3.65	8.47961527976704e-06	0.800056180139763	-0.00046288258300576	10.1683673670599	0.600003391846112
0.75	3.65	1.91789548250436e-05	0.800064334546233	-0.000464798321862091	10.1203633320763	0.60000767158193
0.85	3.65	3.29558036934605e-05	0.80007215499728	-0.000467181963574809	10.0723584192719	0.600013182321477
0.95	3.65	4.86708648914796e-05	0.800079162913758	-0.000470112908232458	10.0243525640121	0.600019468345957
1.05	3.65	6.13354870630977e-05	0.800085681570082	-0.000473709295868312	9.97634580436359	0.600024534194825
1.15	3.65	6.50131105967504e-05	0.800091702499177	-0.000478142319646408	9.92833835620478	0.600026005244239
1.25	3.65	5.32410108921814e-05	0.800097254969083	-0.00048358119043046	9.88033063860811	0.600021296404357
1.35	3.65	1.99592079158079e-05	0.800102425313652	-0.000490181603355697	9.8323232776177	0.600007983683166
1.45	3.65	-3.89344019978716e-05	0.800107342281518	-0.000498076091729227	9.78431706985342	0.599984426239201
1.55	3.65	-0.000123563931372344	0.800112143342956	-0.000507360458844441	9.73631288850341	0.599950574427451
1.65	3.65	-0.000227892794111837	0.800116923134955	-0.000518083005009881	9.68831152166341	0.599908842882355
1.75	3.65	-0.000337811652673425	0.800121664717474	-0.000530246389163478	9.64031344479622	0.599864875338931
1.85	3.65	-0.000430039959221785	0.800126152568849	-0.000543835331294985	9.59231854491704	0.599827984016311
1.95	3.65	-0.000472467991854639	0.800129860899682	-0.00055888917558288	9.54432583315877	0.599811012803258
2.05	3.65	-0.000426700984036329	0.800131800110902	-0.000575646482633334	9.49633320422966	0.599829319606386
2.15	3.65	-0.000254115322969149	0.800130269407013	-0.000594803734868753	9.44833733025553	0.599898353870812
2.25	3.65	7.15164676914665e-05	0.800130668821738	-0.000618233986889037	9.40033383766486	0.600028606587077
2.35	3.65	0.000605278156005015	0.800131358011595	-0.000646538011084533	9.35231707191753	0.600242111262402
2.45	3.65	0.00142310395091382	0.800130268645591	-0.000679001658300376	9.30427933024989	0.600569241580366
2.55	3.65	0.00261199085093079	0.80012676202194	-0.000715818979307201	9.25621034589215	0.601044796340372
2.65	3.65	0.00427120295784909	0.800120276816824	-0.000757290858283901	9.20809692458712	0.60170848118314
2.75	3.65	0.00651452439081436	0.800110317670372	-0.000803713889967928	9.15992251425549	0.602605809756326
2.85	3.65	0.00947279267768671	0.800096481037081	-0.000855314058020262	9.11166669906723	0.603789117071075
2.95	3.65	0.0132971485451665	0.800078481649434	-0.000912160246731676	9.06330460432487	0.605318859418067
3.05	3.65	0.0181635125336254	0.800056200904515	-0.000974048388708331	9.01480617990212	0.60726540501345
3.15	3.65	0.0242787837604128	0.800029756674177	-0.00104034715865804	8.96613531336108	0.609711513504165
3.25	3.65	0.0318892138625601	0.799999578458066	-0.00110979492312803	8.91724870874006	0.612755685545024
3.35	3.65	0.0412912539092223	0.799966455222775	-0.00118024136682752	8.8680944549143	0.616516501563689
3.45	3.65	0.0528447568113607	0.79993149869916	-0.0012483383894931	8.81861020423488	0.621137902724544
3.55	3.65	0.066987519781376	0.799895932323243	-0.00130920781632968	8.76872089977498	0.62679500791255
3.65	3.65	0.0842484706022677	0.799860587289472	-0.00135615367421994	8.7183360483161	0.633699388240907
3.75	3.65	0.10525403116925	0.799824996631076	-0.00138054733494826	8.66734666631367	0.6421016124677
3.85	3.65	0.130718257825482	0.799786093210358	-0.00137208716147549	8.6156222637964	0.652287303130193
3.95	3.65	0.16140295270976	0.799736827465052	-0.00131968846831874	8.5630086030124	0.664561181083904
4.05	3.65	0.198031385744894	0.799665557785313	-0.00121322525533528	8.50932745311088	0.679212554297958
4.15	3.65	0.241143290735918	0.79955761426837	-0.00104612540808306	8.45438002520505	0.696457316294367
4.25	3.65	0.290895784889665	0.799400326482734	-0.000818360922939811	8.39795590243948	0.716358313955866
4.35	3.65	0.346848135217348	0.799191131832367	-0.000538797506534787	8.33984861054074	0.738739254086939
4.45	3.65	0.407808714200094	0.798945167113396	-0.000225567587694586	8.27987712962973	0.763123485680038
4.55	3.65	0.471841578584619	0.798696393693656	9.64109754812722e-05	8.2179098456543	0.788736631433848
4.65	3.65	0.536492654787646	0.798488550086808	0.000400377033873116	8.15388490824217	0.814597061915058
4.75	3.65	0.59919789758596	0.798359300581165	0.000663376895469867	8.08782055947118	0.839679159034384
4.85	3.65	0.657734100253856	0.798326789505747	0.000870458762110475	8.01981177416902	0.863093640101542
4.95	3.65	0.71054688932187	0.798386102773246	0.00101611065542735	7.95001440363289	0.884218755728748
5.05	3.65	0.756862369231049	0.798515617098531	0.00110306936156176	7.87862217996428	0.90274494769242
5.15	3.65	0.796599068693085	0.798687418931089	0.00113961937487013	7.80584321487092	0.918639627477234
5.25	3.65	0.830168013429017	0.798875925357375	0.00113664774760321	7.73188099636626	0.932067205371607
5.35	3.65	0.858254629651671	0.799062244507487	0.0011052898479427	7.65692200360279	0.943301851860668
5.45	3.65	0.881641645973642	0.799234838002698	0.00105545687147166	7.58112961630575	0.952656658389457
5.55	3.65	0.901092648066123	0.799388169756592	0.000995161783850481	7.50464272450449	0.960437059226449
5.65	3.65	0.917290391261614	0.799520782159039	0.000930405602903206	7.42757721059955	0.966916156504646
5.75	3.65	0.93081407730937	0.799633588130396	0.000865380586093827	7.35002881101381	0.972325630923748
5.85	3.65	0.942139770364012	0.79972864197022	0.000802806712146005	7.2720763628119	0.976855908145605
5.95	3.65	0.951652076901774	0.799808371867815	0.000744287684678692	7.19378488005398	0.980660830760709
6.05	3.65	0.959659619801036	0.799875158388928	0.000690628309493433	7.1152082131107	0.983863847920415
6.15	3.65	0.966410279096121	0.799931137573683	0.000642091423658151	7.03639122857177	0.986564111638448
6.25	3.65	0.972104415398344	0.799978134753894	0.000598592807610705	6.95737154141958	0.988841766159338
6.35	3.65	0.976905568471878	0.800017666605253	0.000559841896984047	6.87818086894731	0.990762227388751
6.45	3.65	0.980948754442508	0.800050973888416	0.000525439135887028	6.7988460830397	0.992379501777003
6.55	3.65	0.984346736559036	0.800079064216459	0.000494940597133731	6.71939003023396	0.993738694623615
6.65	3.65	0.98719469688635	0.800102754529553	0.000467898922444801	6.63983217670099	0.99487787875454
6.75	3.65	0.989573698294947	0.800122708821683	0.000443887718610002	6.5601891226027	0.995829479317979
6.85	3.65	0.991553256595278	0.800139469744548	0.000422514757392161	6.48047501918451	0.996621302638111
6.95	3.65	0.993193270386043	0.800153484191048	0.000403427844572834	6.40070191303915	0.997277308154417
7.05	3.65	0.994545493052091	0.800165123569847	0.000386316072372209	6.32088003515707	0.997818197220836
7.15	3.65	0.995654680712641	0.80017469965421	0.000370908314776826	6.24101804733563	0.998261872285056
7.25	3.65	0.996559511271215	0.800182476858998	0.000356970208698085	6.16112325487768	0.998623804508486
7.35	3.65	0.997293341127864	0.800188681693608	0.000344300429255433	6.08120179192853	0.998917336451146
7.45	3.65	0.997884845409863	0.80019351001209	0.000332726768265882	6.00125878399775	0.999153938163945
7.55	3.65	0.998358572820969	0.80019713256318	0.000322102320791005	5.92129849097292	0.999343429128388
7.65	3.65	0.998735435840543	0.80019969924075	0.000312301949803039	5.84132443309276	0.999494174336217
7.75	3.65	0.999033149828948	0.800201342349328	0.000303219110557839	5.76133950178817	0.999613259931579
7.85	3.65	0.999266629728025	0.800202179130473	0.000294763060778478	5.68134605693413	0.99970665189121
7.95	3.65	0.999448349833927	0.800202313740045	0.000286856448906016	5.60134601181991	0.999779339933571
8.05	3.65	0.999588670087283	0.800201838821559	0.000279433253509768	5.52134090699523	0.999835468034913
8.15	3.65	0.999696131121461	0.800200836785518	0.000272437037808876	5.44133197405259	0.999878452448584
8.25	3.65	0.999777719674065	0.800199380875788	0.000265819479716935	5.3613201903397	0.999911087869626
8.35	3.65	0.999839105706927	0.800197536082527	0.000259539138314069	5.28130632554465	0.999935642282771
8.45	3.65	0.99988485255313	0.800195359943322	0.000253560420226589	5.20129098105066	0.999953941021252
8.55	3.65	0.999918601511656	0.80019290326149	0.000247852713769232	5.12127462291099	0.999967440604662
8.65	3.65	0.999943232466894	0.800190210760457	0.000242389661913826	5.04125760924468	0.999977292986758
8.75	3.65	0.999961002270653	0.800187321686355	0.000237148550439182	4.96124021279927	0.999984400908261
8.85	3.65	0.999973662756314	0.800184270365751	0.000232109790773612	4.88122263936786	0.999989465102526
8.95	3.65	0.9999825603405	0.800181086722752	0.000227256481097198	4.80120504268566	0.9999930241362
9.05	3.65	0.999988719199849	0.800177796757245	0.000222574031972158	4.72118753636755	0.99999548767994
9.15	3.65	0.999992909989663	0.800174422985584	0.000218049845712643	4.64117020338432	0.999997163995865
9.25	3.65	0.999995706002937	0.800170984844202	0.000213673040508217	4.56115310351289	0.999998282401175
9.35	3.65	0.999997528560911	0.800167499057109	0.000209434212418553	4.48113627913664	0.999999011424365
9.45	3.65	0.999998683289863	0.800163979967907	0.000205325229335874	4.40111975971638	0.999999473315945
9.55	3.65	0.999999388783161	0.800160439838214	0.000201339052570063	4.32110356520185	0.999999755513264
9.65	3.65	0.999999798981974	0.800156889113531	0.000197469581992467	4.2410877086082	0.99999991959279
9.75	3.65	1.00000002044037	0.800153336659096	0.000193711522003792	4.16107219794152	1.00000000817615
9.85	3.65	1.00000012547735	0.800149789967806	0.000190060265399402	4.08105703762287	1.00000005019094
9.95	3.65	1.00000016206455	0.80014625534244	0.000186511793185563	4.0010422295303	1.00000006482582
10.05	3.65	1.00000016115706	0.800142738054951	0.00018306258828177	3.92102777375345	1.00000006446282
10.15	3.65	1.00000014204857	0.80013924248509	0.000179709561495153	3.84101366913443	1.00000005681943
10.25	3.65	1.00000011622089	0.800135772240728	0.00017644998833727	3.76099991365188	1.00000004648836
10.35	3.65	1.00000009006293	0.800132330262194	0.00017328145530228	3.68098650469134	1.00000003602517
10.45	3.65	1.00000006675355	0.800128918912719	0.000170201814447317	3.60097343923439	1.00000002670142
10.55	3.65	1.0000000475364	0.800125540056733	0.000167209145265431	3.52096071399043	1.00000001901456
10.65	3.65	1.00000003256015	0.800122195127944	0.00016430172280883	3.44094832548855	1.00000001302406
10.75	3.65	1.00000002141461	0.80011888518851	0.000161477991288846	3.36093627014186	1.00000000856584
10.85	3.65	1.00000001345839	0.800115610980771	0.00015873654231956	3.28092454429326	1.00000000538336
10.95	3.65	1.00000000800772	0.80011237297261	0.000156076097165875	3.20091314424844	1.00000000320309
11.05	3.65	1.00000000443549	0.800109171397565	0.000153495492287631	3.12090206630045	1.0000000017742
11.15	3.65	1.00000000221457	0.800106006290412	0.000150993667717759	3.04089130674843	1.00000000088583
11.25	3.65	1.00000000092849	0.800102877519118	0.000148569657676749	2.96088086191218	1.00000000037139
11.35	3.65	1.0000000002642	0.80009978481368	0.000146222583003448	2.88087072814386	1.00000000010568
11.45	3.65	0.999999999996495	0.800096727792498	0.000143951644928058	2.80086090183732	0.999999999998598
11.55	3.65	0.999999999969292	0.800093705986636	0.000141756119846447	2.72085137943544	0.999999999987717
11.65	3.65	1.00000000007697	0.800090718862442	0.000139635354619734	2.64084215743578	1.00000000003079
11.75	3.65	1.00000000024708	0.80008776584277	0.000137588762131056	2.56083323239472	1.00000000009883
11.85	3.65	1.00000000042534	0.800084846327101	0.000135615816578477	2.48082460092986	1.00000000017014
11.95	3.65	1.00000000056346	0.800081959710604	0.000133716048298673	2.40081625972111	1.00000000022538
12.05	3.65	1.00000000061087	0.800079105402374	0.00013188903763236	2.32080820551014	1.00000000024435
12.15	3.65	1.00000000051212	0.800076282842612	0.000130134407485074	2.24080043509822	1.00000000020485
12.25	3.65	1.00000000021222	0.800073491518755	0.000128451814245245	2.16079294534251	1.00000000008489
12.35	3.65	0.999999999672729	0.800070730980199	0.000126840936666481	2.08078573315029	0.999999999869092
12.45	3.65	0.999999998900636	0.800068000851187	0.000125301462498431	2.00077879547126	0.999999999560254
12.55	3.65	0.999999997990003	0.800065300841235	0.000123833072521583	1.9207721292874	0.999999999196001
12.65	3.65	0.999999997171376	0.800062630752513	0.000122435421993581	1.84076573160043	0.99999999886855
12.75	3.65	0.999999996856274	0.800059990483228	0.000121108119492932	1.7607595994171	0.99999999874251
12.85	3.65	0.999999997653228	0.800057380026456	0.000119850703545604	1.68075372973315	0.999999999061291
12.95	3.65	1.00000000031939	0.800054799463888	0.000118662617621034	1.60074811951772	1.00000000012776
13.05	3.65	1.00000000560136	0.800052248954568	0.000117543184623918	1.5207427657017	1.00000000224054
13.15	3.65	1.00000001391688	0.800049728719527	0.000116491582284647	1.44073766517463	1.00000000556675
13.25	3.65	1.00000002484545	0.800047239024199	0.00011550682143489	1.36073281479641	1.00000000993818
13.35	3.65	1.00000003644283	0.80004478016172	0.000114587729273255	1.28072821143036	1.00000001457713
13.45	3.65	1.00000004448448	0.800042352440876	0.000113732939704455	1.20072385200218	1.00000001779379
13.55	3.65	1.00000004188311	0.800039956182291	0.000112940892109182	1.12071973358376	1.00000001675325
13.65	3.65	1.00000001870955	0.800037591724213	0.000112209838341429	1.04071585349024	1.00000000748382
13.75	3.65	0.999999963440907	0.800035259434101	0.000111537855175812	0.960712209361323	0.999999985376363
13.85	3.65	0.99999986619529	0.800032959713116	0.000110922855901818	0.880708799176095	0.999999946478116
13.95	3.65	0.99999972466541	0.800030692967714	0.000110362590727228	0.800705621126441	0.999999889866164
14.05	3.65	0.999999553063715	0.80002845950707	0.000109854622564994	0.720702673257752	0.999999821225486
14.15	3.65	0.999999393434874	0.800026259311577	0.000109396264719791	0.640699952790384	0.999999757373949
14.25	3.65	0.999999326999052	0.80002409161381	0.000108984473124846	0.560697455082641	0.999999730799621
14.35	3.65	0.99999948070719	0.800021954251648	0.000108615702210082	0.480695172310076	0.999999792282876
14.45	3.65	1.00000002114557	0.800019842809139	0.0001082857636275	0.400693092138335	1.00000000845823
14.55	3.65	1.00000112503243	0.800017749670411	0.000107989772371747	0.320691196964437	1.00000045001297
14.65	3.65	1.00000291420476	0.800015663285225	0.00010772232178474	0.240689464667125	1.0000011656819
14.75	3.65	1.00000534541788	0.800013567694995	0.000107478084695696	0.160687872155976	1.00000213816715
14.85	3.65	1.00000805442732	0.800010333660693	0.000107253086352853	0.0806864032698263	1.00000322177093
14.95	3.65	1.0000101728879	0.400012445656125	0.000107081778444973	0.000685284843748978	1.00000406915516
0.05	3.75	-4.40176416163423e-06	0.400004150714225	-0.000466560457244058	10.456405496768	0.599998239294335
0.15	3.75	-5.0056457337344e-06	0.800012739581272	-0.000466744605238182	10.4084051395343	0.599997997741706
0.25	3.75	-5.48677263738831e-06	0.800021312759186	-0.000467130026643239	10.3604042883668	0.599997805290945
0.35	3.75	-5.13413579411062e-06	0.800029812322936	-0.000467724670950259	10.3124029331362	0.599997946345682
0.45	3.75	-3.192671101523e-06	0.800038224932633	-0.000468545889131906	10.2644010394433	0.599998722931559
0.55	3.75	1.09825377932115e-06	0.800046502783894	-0.000469622695798059	10.2163985504313	0.600000439301512
0.65	3.75	8.38393999299158e-06	0.800054583963604	-0.000470996228045162	10.1683953887513	0.600003353575997
0.75	3.75	1.89970265320956e-05	0.800062386911244	-0.000472711964472654	10.1203914636694	0.600007598810613
0.85	3.75	3.26800474421975e-05	0.800069789794277	-0.000474800637132959	10.0723866863279	0.600013072018977
0.95	3.75	4.82550435631255e-05	0.800076298001154	-0.000477342886252095	10.024380997087	0.600019302017425
1.05	3.75	6.07174848575294e-05	0.800082207697922	-0.000480483116176146	9.97637444183683	0.600024286993943
1.15	3.75	6.41891787354813e-05	0.800087468418879	-0.000484361227708671	9.92836724571923	0.600025675671494
1.25	3.75	5.23012307336128e-05	0.80009206550424	-0.000489111603642624	9.88035983693217	0.600020920492293
1.35	3.75	1.91174017306411e-05	0.800096033928422	-0.000494863017726493	9.83235285004481	0.600007646960692
1.45	3.75	-3.93055353198772e-05	0.800099443458071	-0.000501729275414308	9.78434708903806	0.599984277785872
1.55	3.75	-0.00012290172269316	0.800102367569164	-0.000509795870824122	9.73634343252245	0.599950839310923
1.65	3.75	-0.000225433255292327	0.800104835658187	-0.000519109184432623	9.68834267145989	0.599909826697883
1.75	3.75	-0.000332618617650032	0.800106768968434	-0.000529675240240392	9.64034528166354	0.59986695255294
1.85	3.75	-0.000421107161845275	0.800107897348733	-0.000541478470928227	9.59235114940496	0.599831557135262
1.95	3.75	-0.000458958180884743	0.80010764408029	-0.000554546076224184	9.54435928825121	0.599816416727646
2.05	3.75	-0.000408442115376317	0.800104964113611	-0.000569136058423648	9.49636760915498	0.599836623153849
2.15	3.75	-0.000232361106273032	0.800098226738249	-0.000586188381397448	9.44837283603386	0.599907055557491
2.25	3.75	9.45087675463567e-05	0.800093599308566	-0.000606990623611868	9.40037069462159	0.600037803507019
2.35	3.75	0.000634382389285786	0.800086779374672	-0.000631624009520865	9.35235555457372	0.600253752955714
2.45	3.75	0.00146174552281234	0.800076589668087	-0.000659566183950906	9.3043196759324	0.600584698209125
2.55	3.75	0.00266314017453585	0.800062132340589	-0.000690914698545583	9.25625280284346	0.601065256069814
2.65	3.75	0.00433812971933348	0.800042583260514	-0.00072597112987682	9.20814176552949	0.601735251887733
2.75	3.75	0.00660117396375016	0.800017135936533	-0.000765025198284566	9.1599700374447	0.6026404695855
2.85	3.75	0.00958404642942376	0.799985022631704	-0.00080826215805256	9.11171722469345	0.60383361857177
2.95	3.75	0.0134390841759297	0.799945553196033	-0.000855695606312124	9.06335846688636	0.605375633670372
3.05	3.75	0.0183437096762548	0.799898178591294	-0.00090708382164066	9.01486371509103	0.607337483870502
3.15	3.75	0.0245066954279424	0.799842581154638	-0.000961811481504587	8.96619683707516	0.609802678171177
3.25	3.75	0.032176612541171	0.799778780046774	-0.00101872735295319	8.9173144850716	0.612870645016468
3.35	3.75	0.0416527469503765	0.799707223309329	-0.00107593426135514	8.86816464930109	0.616661098780151
3.45	3.75	0.0532983395263966	0.799628812798675	-0.0011305370568359	8.81868481763495	0.621319335810559
3.55	3.75	0.0675550859324352	0.799544774531648	-0.0011783728957125	8.76879968028021	0.627022034372974
3.65	3.75	0.0849561169930621	0.799456255911016	-0.00121378102762812	8.71841837894853	0.633982446797225
3.75	3.75	0.10613186692147	0.79936353670867	-0.00122951894472746	8.66743143314811	0.642452746768588
3.85	3.75	0.131799267269769	0.79926484974811	-0.00121699166382359	8.61570771847635	0.652719706907908
3.95	3.75	0.162720314599486	0.799155109158422	-0.00116700425763855	8.56309224892428	0.665088125839794
4.05	3.75	0.199613651973212	0.799025369359905	-0.00107121694650235	8.5094060031604	0.679845460789285
4.15	3.75	0.243007201872731	0.798864366523235	-0.000924297656193527	8.45444949425915	0.697202880749092
4.25	3.75	0.293037484043619	0.798663356584006	-0.000726385870166356	8.3980118950147	0.717214993617448
4.35	3.75	0.349235098792461	0.798423775868948	-0.000485009356289922	8.33988682677526	0.739694039516985
4.45	3.75	0.410376132426732	0.798164096929647	-0.000215358538194278	8.27989403273053	0.764150452970693
4.55	3.75	0.474496773338521	0.797920086748422	6.17871310750538e-05	8.2179033348143	0.789798709335408
4.65	3.75	0.539128341351728	0.797735140782065	0.000324138747650705	8.15385478103945	0.815651336540691
4.75	3.75	0.601710637211321	0.797644445481356	0.000552539270957956	8.0877685872593	0.840684254884528
4.85	3.75	0.660041263956466	0.797662220649227	0.000734403251754743	8.01974135493855	0.864016505582586
4.95	3.75	0.712596382179921	0.79777917013767	0.000864906778729986	7.94992992147733	0.885038552871969
5.05	3.75	0.758633426913529	0.797969653267368	0.000946037436657015	7.87852828957285	0.903453370765412
5.15	3.75	0.79809641594962	0.79820253367834	0.000984410648930131	7.80574424592316	0.919238566379848
5.25	3.75	0.831413259695501	0.798449889376604	0.000988874649229818	7.73178057803959	0.9325653038782
5.35	3.75	0.859278081534301	0.798691279091968	0.000968580525836707	7.65682291216231	0.94371123261372
5.45	3.75	0.882476138372739	0.798914251997621	0.000931757913525583	7.58103379069837	0.952990455349095
5.55	3.75	0.901769672441765	0.79911284490693	0.000885135960801332	7.50455137972732	0.960707868976706
5.65	3.75	0.917838103645513	0.799285526599102	0.00083382261635661	7.42749098993489	0.967135241458205
5.75	3.75	0.931256579764789	0.799433380573756	0.000781448148096709	7.34994793844585	0.972502631905916
5.85	3.75	0.942497134118441	0.799558788177221	0.000730424636891879	7.27200077545205	0.976998853647377
5.95	3.75	0.951940730860953	0.799664593305022	0.000682228113220039	7.19371433337196	0.980776292344381
6.05	3.75	0.959892873286925	0.799753630842501	0.000637654411453789	7.11514235926025	0.98395714931477
6.15	3.75	0.9665988533295	0.799828494805257	0.000597029260241873	7.03632967159274	0.9866395413318
6.25	3.75	0.972256925025941	0.799891449337681	0.000560369870866746	6.95731387415709	0.988902770010377
6.35	3.75	0.977028932341358	0.79994441719981	0.000527503309785749	6.87812669632615	0.990811572936543
6.45	3.75	0.981048534189681	0.799989005640169	0.000498149767948674	6.79879503560494	0.992419413675872
6.55	3.75	0.984427410156328	0.800026546894038	0.000471978954530351	6.71934177101899	0.993770964062531
6.65	3.75	0.987259877141988	0.800058141367895	0.000448646768633427	6.63978640370252	0.994903950856795
6.75	3.75	0.989626306351569	0.80008469786511	0.000427817976773151	6.56014556849687	0.995850522540627
6.85	3.75	0.991595659371408	0.800106968642577	0.000409179249355629	6.48043344941971	0.996638263748563
6.95	3.75	0.993227389452244	0.800125578839023	0.000392445746236967	6.40066212307085	0.997290955780898
7.05	3.75	0.994572891011764	0.800141050626697	0.00037736352491972	6.32084184732448	0.997829156404706
7.15	3.75	0.995676629913021	0.800153822753365	0.000363709354462377	6.24098130769366	0.998270651965208
7.25	3.75	0.996577048639587	0.800164266210505	0.000351289013397943	6.16108783017018	0.998630819455835
7.35	3.75	0.997307312100228	0.800172696721943	0.000339934790144785	6.08116756680354	0.998922924840091
7.45	3.75	0.997895939265303	0.800179384662361	0.000329502651052767	6.0012256585101	0.999158375706121
7.55	3.75	0.998367351223391	0.800184562921355	0.000319869367572175	5.92126637838424	0.999346940489356
7.65	3.75	0.998742355991179	0.800188433140059	0.000310929775005776	5.84129325795849	0.999496942396471
7.75	3.75	0.999038583324018	0.800191170667826	0.000302594256626965	5.76130919830936	0.999615433329607
7.85	3.75	0.999270877976544	0.800192928520362	0.000294786495225326	5.68131656754652	0.999708351190618
7.95	3.75	0.999451656705398	0.800193840563114	0.000287441501553031	5.60131728599131	0.999780662682159
8.05	3.75	0.999591232315837	0.800194024097026	0.000280503909716401	5.52131290020291	0.999836492926335
8.15	3.75	0.999698106882328	0.8001935819856	0.000273926518041067	5.44130464691475	0.999879242752931
8.25	3.75	0.999779235662799	0.800192604429339	0.00026766904930347	5.36129350787764	0.999911694265119
8.35	3.75	0.999840262985668	0.800191170469272	0.000261697102483624	5.28128025655542	0.999936105194267
8.45	3.75	0.999885731376963	0.800189349280218	0.000255981268722266	5.20126549757279	0.999954292550785
8.55	3.75	0.99991926530826	0.800187201298631	0.000250496386592874	5.12124969976856	0.999967706123304
8.65	3.75	0.999943731111457	0.800184779217887	0.000245220914504164	5.04123322365749	0.999977492444583
8.75	3.75	0.999961374773414	0.800182128874108	0.000240136400615933	4.96121634404883	0.999984549909366
8.85	3.75	0.999973939460438	0.80017929003961	0.000235227034112916	4.88119926851068	0.999989575784175
8.95	3.75	0.999982764712123	0.80017629713568	0.000230479263952724	4.8011821523069	0.999993105884849
9.05	3.75	0.999988869279147	0.800173179873599	0.000225881473769487	4.72116511036905	0.999995547711659
9.15	3.75	0.999993019561052	0.800169963830413	0.000221423703762427	4.64114822680224	0.999997207824421
9.25	3.75	0.999995785533439	0.800166670964885	0.000217097411960531	4.56113156236078	0.999998314213376
9.35	3.75	0.999997585948103	0.800163320078103	0.000212895268705442	4.48111516027056	0.999999034379241
9.45	3.75	0.999998724454244	0.800159927223038	0.00020881097957127	4.40109905071904	0.999999489781698
9.55	3.75	0.99999941813419	0.800156506067018	0.00020483913250036	4.32108325428331	0.999999767253676
9.65	3.75	0.999999819782181	0.80015306821104	0.000200975066009703	4.24106778452086	0.999999927912872
9.75	3.75	1.00000003508781	0.800149623469683	0.000197214755538794	4.1610526499075	1.00000001403512
9.85	3.75	1.00000013572311	0.800146180115706	0.000193554715749395	4.08103785527212	1.00000005428924
9.95	3.75	1.00000016917896	0.800142745092612	0.000189991916759916	4.00102340284799	1.00000006767159
10.05	3.75	1.00000016605584	0.800139324199065	0.000186523712570964	3.92100929303523	1.00000006642233
10.15	3.75	1.00000014538765	0.800135922248254	0.000183147780225203	3.84099552494853	1.00000005815506
10.25	3.75	1.00000011846732	0.80013254320542	0.000179862068320188	3.76098209680695	1.00000004738693
10.35	3.75	1.00000009154737	0.800129190306451	0.000176664753728853	3.68096900620922	1.00000003661895
10.45	3.75	1.00000006770885	0.800125866159922	0.000173554205493209	3.600956250327	1.00000002708354
10.55	3.75	1.00000004812572	0.800122572835175	0.000170528954838656	3.52094382604005	1.00000001925029
10.65	3.75	1.00000003289732	0.800119311938241	0.000167587670583	3.44093173003101	1.00000001315893
10.75	3.75	1.00000002157869	0.800116084677582	0.000164729139068997	3.36091995885207	1.00000000863148
10.85	3.75	1.00000001350411	0.800112891921113	0.000161952248009932	3.28090850897262	1.00000000540164
10.95	3.75	1.00000000797274	0.80010973424595	0.000159255973538032	3.20089737681388	1.00000000318909
11.05	3.75	1.00000000434557	0.800106611981923	0.000156639370023306	3.12088655877466	1.00000000173823
11.15	3.75	1.00000000208717	0.800103525249981	0.000154101562011477	3.04087605125109	1.00000000083487
11.25	3.75	1.00000000077528	0.800100473996313	0.000151641737995563	2.96086585065206	1.00000000031011
11.35	3.75	1.00000000009287	0.800097458022755	0.000149259145484933	2.88085595341146	1.00000000003715
11.45	3.75	0.999999999812062	0.800094477014296	0.000146953087035332	2.80084635599807	0.999999999924825
11.55	3.75	0.999999999775183	0.800091530564102	0.000144722916892112	2.72083705492336	0.999999999910073
11.65	3.75	0.999999999875911	0.800088618196397	0.00014256803795697	2.64082804674756	0.999999999950364
11.75	3.75	1.00000000004195	0.800085739387649	0.000140487898665455	2.56081932808407	1.00000000001678
11.85	3.75	1.00000000021991	0.800082893586257	0.000138481989572135	2.48081089560241	1.00000000008797
11.95	3.75	1.00000000036311	0.80008008023093	0.000136549839268249	2.4008027460297	1.00000000014525
12.05	3.75	1.00000000042311	0.800077298767846	0.00013469100936366	2.32079487615071	1.00000000016924
12.15	3.75	1.00000000034674	0.800074548666542	0.000132905088257561	2.24078728280637	1.0000000001387
12.25	3.75	1.00000000008097	0.800071829434495	0.000131191683362299	2.16077996289092	1.00000000003239
12.35	3.75	0.999999999588169	0.800069140630072	0.000129550411611099	2.08077291334718	0.999999999835268
12.45	3.75	0.999999998874043	0.800066481873509	0.000127980887897717	2.00076613116008	0.999999999549617
12.55	3.75	0.999999998028072	0.800063852855384	0.000126482711440741	1.92075961334801	0.999999999211229
12.65	3.75	0.999999997271772	0.800061253342005	0.000125055449960946	1.84075335695202	0.999999998908709
12.75	3.75	0.999999997002351	0.800058683176957	0.000123698621743074	1.76074735902304	0.99999999880094
12.85	3.75	0.999999997808673	0.800056142278333	0.000122411676032158	1.68074161660793	0.999999999123469
12.95	3.75	1.00000000042423	0.800053630631284	0.000121193972367006	1.60073612673629	1.00000000016969
13.05	3.75	1.0000000055715	0.800051148276104	0.0001200447598506	1.52073088641098	1.0000000022286
13.15	3.75	1.00000001365005	0.800048695292955	0.000118963157849326	1.44072589260726	1.00000000546002
13.25	3.75	1.00000002423691	0.800046271785312	0.000117948139893456	1.36072114228635	1.00000000969476
13.35	3.75	1.00000003541362	0.800043877865339	0.000116998522812035	1.28071663242985	1.00000001416545
13.45	3.75	1.0000000430234	0.800041513645178	0.000116112962881684	1.20071236009931	1.00000001720936
13.55	3.75	1.00000004009936	0.800039179237847	0.00011528996013009	1.1207083225199	1.00000001603974
13.65	3.75	1.00000001688616	0.800036874769151	0.000114527870142893	1.04070451717643	1.00000000675446
13.75	3.75	0.999999962069158	0.800034600396882	0.0001138249200707	0.96070094189324	0.999999984827663
13.85	3.75	0.999999865958193	0.800032356324478	0.000113179221867118	0.880697594847701	0.999999946383277
13.95	3.75	0.99999972632701	0.80003014278332	0.000112588771768792	0.800694474443602	0.999999890530804
14.05	3.75	0.999999557215603	0.800027959942594	0.000112051421791692	0.72069157895445	0.999999822886241
14.15	3.75	0.999999400060818	0.800025807691908	0.000111564809133212	0.640688905851547	0.999999760024327
14.25	3.75	0.999999334854565	0.80002368523821	0.000111126235932078	0.560686450778373	0.999999733941826
14.35	3.75	0.999999486585816	0.800021590476178	0.000110732508824196	0.480684206245168	0.999999794634326
14.45	3.75	1.00000001922727	0.800019519146502	0.000110379779026161	0.400682160316968	1.00000000769091
14.55	3.75	1.00000110668024	0.800017463904593	0.000110063470437878	0.320680295861425	1.00000044267209
14.65	3.75	1.00000286877085	0.800015413593212	0.00010977844192432	0.240678591282701	1.00000114750834
14.75	3.75	1.00000526278109	0.800013352769438	0.000109519587311995	0.160677024011099	1.00000210511243
14.85	3.75	1.00000793000497	0.800010170472715	0.00010928312610765	0.0806755782740187	1.00000317200199
14.95	3.75	1.00001001558741	0.400012248175883	0.000109104452035326	0.000674477401543785	1.00000400623496
0.05	3.85	-4.37554557628551e-06	0.400004057114715	-0.000474968814090449	10.4564337456555	0.599998249781769
0.15	3.85	-4.97481247461837e-06	0.800012455391128	-0.000475130367778606	10.4084333988148	0.59999801007501
0.25	3.85	-5.45230532704326e-06	0.800020834044775	-0.000475467361312752	10.3604325693839	0.599997819077869
0.35	3.85	-5.10437442557625e-06	0.800029132009079	-0.000475984760330739	10.3124312476566	0.59999795825023
0.45	3.85	-3.18542114281458e-06	0.80003733076708	-0.000476695397507915	10.2644294001935	0.599998725831543
0.55	3.85	1.05703485236913e-06	0.800045375269463	-0.0004776226204906	10.2164269717881	0.600000422813941
0.65	3.85	8.27441886207656e-06	0.800053194690419	-0.000478801428135472	10.1684238874424	0.600003309767545
0.75	3.85	1.88500052836974e-05	0.800060697924896	-0.000480267840618553	10.1204200587507	0.600007540002113
0.85	3.85	3.26294556532009e-05	0.800067688871295	-0.000482001234584252	10.0724153971112	0.600013051782261
0.95	3.85	4.80710272327631e-05	0.800073791447106	-0.000484071525782715	10.024409847524	0.600019228410893
1.05	3.85	6.02915651236764e-05	0.800079214935463	-0.000486640687311959	9.97640346519586	0.600024116626049
1.15	3.85	6.35225304608004e-05	0.800083871805589	-0.000489810147277694	9.92839648256549	0.600025409012184
1.25	3.85	5.14673712410161e-05	0.800087713982774	-0.000493674282015421	9.88038933457503	0.600020586948496
1.35	3.85	1.82715884707989e-05	0.800090738164432	-0.00049833033694978	9.83238266246667	0.600007308635388
1.45	3.85	-3.98997845446269e-05	0.800092972062787	-0.000503870529859696	9.784377276321	0.599984040086182
1.55	3.85	-0.000122849171398872	0.800094445594929	-0.000510370430351636	9.73637405953005	0.599950860331441
1.65	3.85	-0.000224201052091703	0.800095146977233	-0.000517880173451482	9.68837380594061	0.599910319579163
1.75	3.85	-0.000329563959754123	0.800094964123389	-0.000526422898824006	9.64037699227035	0.599868174416098
1.85	3.85	-0.000415566892410474	0.800093604751898	-0.000536006221574454	9.59238350463443	0.599833773243036
1.95	3.85	-0.000450477108736174	0.800090464064903	-0.000546663093299457	9.54439235887236	0.599819809156506
2.05	3.85	-0.000397346856284209	0.800084408266961	-0.000558594463299307	9.49640148250862	0.599841061257486
2.15	3.85	-0.000220722157272455	0.800074400815705	-0.000572816504893961	9.44840766251671	0.599911711137091
2.25	3.85	0.000107966387002768	0.800065436824297	-0.000589959082400885	9.40040668168449	0.600043186554801
2.35	3.85	0.000652680831577392	0.800052926498982	-0.000609557802258731	9.35239289941316	0.600261072332631
2.45	3.85	0.00148744519987875	0.800035791181693	-0.000631354753619462	9.30435855588446	0.600594978079951
2.55	3.85	0.00269842310873713	0.800013000392968	-0.000655458875379031	9.25629340342329	0.601079369243495
2.65	3.85	0.00438528059889134	0.799983575369604	-0.00068212916514356	9.20818429364258	0.601754112239557
2.75	3.85	0.00666292293247107	0.799946532653845	-0.000711582774367763	9.16001472186019	0.602665169172988
2.85	3.85	0.00966380402178921	0.799900885954025	-0.00074391052987417	9.11176431082032	0.603865521608716
2.95	3.85	0.0135411451146386	0.799845688664855	-0.000779034565722242	9.06340820836402	0.605416458045855
3.05	3.85	0.0184734751531299	0.799780112852151	-0.000816659158450946	9.0149163616935	0.607389390061252
3.15	3.85	0.0246709414334429	0.799703559719649	-0.000856193610699065	8.96625261699998	0.609868376573377
3.25	3.85	0.0323838176288023	0.799615789642241	-0.000896640067865662	8.91737357895892	0.612953527051521
3.35	3.85	0.0419134794992576	0.799517045630555	-0.000936445653902311	8.86822715288165	0.616765391799703
3.45	3.85	0.0536256840270331	0.799408119288902	-0.00097332517877445	8.81875068975405	0.621450273610813
3.55	3.85	0.0679650510441778	0.79929027366306	-0.00100407363831648	8.76886867354774	0.627186020417671
3.65	3.85	0.085467905189443	0.799164904460596	-0.00102441097742941	8.7184899521144	0.634187162075777
3.75	3.85	0.106767788912788	0.799032823840614	-0.0010289368489652	8.66750464851019	0.642707115565115
3.85	3.85	0.132583959049054	0.798893156578874	-0.00101131536721333	8.61578113532371	0.653033583619622
3.95	3.85	0.163678799043617	0.798742136080497	-0.000964839526394833	8.56316383579352	0.665471519617447
4.05	3.85	0.200767780292918	0.798572606543463	-0.000883500570452877	8.50947310616044	0.680307112117167
4.15	3.85	0.244370286755716	0.798375553669743	-0.000763552739177899	8.45450891046458	0.697748114702287
4.25	3.85	0.294607678545183	0.798144827645562	-0.000605289347248003	8.39806009807708	0.717843071418073
4.35	3.85	0.350989257577204	0.797884518639343	-0.000414410202601315	8.33992036292562	0.740395703030882
4.45	3.85	0.412266972202939	0.797615327239463	-0.000202197705477323	8.27991004358268	0.764906788881175
4.55	3.85	0.476456050890169	0.797374236254377	1.59946357169679e-05	8.21790008647271	0.790582420356068
4.65	3.85	0.541076676183222	0.797204419286638	0.000223687225907849	8.15383203210946	0.816430670473289
4.75	3.85	0.603571250169945	0.797139410411728	0.000406619189079176	8.08772765797665	0.841428500067978
4.85	3.85	0.661752633048697	0.797190817516711	0.000555240052739693	8.01968486759255	0.864701053219479
4.95	3.85	0.714119517965325	0.797346444980947	0.000665604556629144	7.94986130920575	0.88564780718613
5.05	3.85	0.759952508553876	0.797578011761391	0.000738742477167947	7.87845124057609	0.903981003421551
5.15	3.85	0.799214492364795	0.797852271842245	0.00077913557125886	7.80566223399114	0.919685796945918
5.25	3.85	0.832345895265777	0.79813976647524	0.000793019149728005	7.73169655910913	0.932938358106311
5.35	3.85	0.860047306084036	0.798419018194414	0.00078698938214156	7.65673919233276	0.944018922433614
5.45	3.85	0.883105889293001	0.798676939012024	0.000767095805077297	7.58095202583487	0.9532423557172
5.55	3.85	0.902282935591055	0.798907233622408	0.000738387279715269	7.50447265391159	0.960913174236422
5.65	3.85	0.918255443872341	0.799108265203676	0.000704787543728109	7.42741592759097	0.967302177548936
5.75	3.85	0.931595611855227	0.799281173740372	0.000669167350829629	7.34987681979226	0.972638244742091
5.85	3.85	0.942772540252202	0.799428506675361	0.000633509065306236	7.271933638876	0.977109016100881
5.95	3.85	0.952164546070351	0.799553341807818	0.000599096274208688	7.19365105830924	0.98086581842814
6.05	3.85	0.960074868186922	0.79965878364151	0.000566691532197064	7.11508272909131	0.984029947274769
6.15	3.85	0.966746921843181	0.799747708029232	0.00053668617044373	7.0362734189579	0.986698768737272
6.25	3.85	0.972377434334628	0.799822656911992	0.000509218346159985	6.95726071209491	0.988950973733851
6.35	3.85	0.977127020286503	0.799885816319169	0.000484261697343601	6.87807633862732	0.990850808114601
6.45	3.85	0.981128353548633	0.799939036129156	0.000461689436268624	6.79874720931478	0.992451341419453
6.55	3.85	0.98449232540783	0.799983867611328	0.000441319162731415	6.71929622343179	0.993796930163132
6.65	3.85	0.987312621291206	0.8000216058224	0.000422943177985908	6.63974290562557	0.994925048516482
6.75	3.85	0.98966910531039	0.800053330451567	0.000406348241286147	6.5601039150842	0.995867642124156
6.85	3.85	0.991630330489163	0.800079942346484	0.000391327841326621	6.48039345949777	0.996652132195665
6.95	3.85	0.993255419666843	0.800102194866722	0.000377689289039993	6.40062363759342	0.997302167866737
7.05	3.85	0.994595499013493	0.800120720149059	0.000365257316944868	6.32080472738523	0.997838199605397
7.15	3.85	0.995694815784227	0.800136050778054	0.00035387538996772	6.24094543237564	0.998277926313691
7.25	3.85	0.996591633674228	0.80014863749103	0.00034340557388517	6.16105309440712	0.998636653469691
7.35	3.85	0.997318970904132	0.80015886355183	0.000333727545135226	6.08113387935611	0.998927588361653
7.45	3.85	0.997905225766474	0.800167056373706	0.000324737136402521	6.00119294011207	0.99916209030659
7.55	3.85	0.998374719856043	0.800173496898675	0.000316344679043892	5.92123456008216	0.999349887942417
7.65	3.85	0.998748179034872	0.80017842716423	0.000308473308702815	5.8412622796483	0.999499271613949
7.75	3.85	0.999043165161678	0.800182056416544	0.00030105733599397	5.76127900746171	0.999617266064671
7.85	3.85	0.999274466867591	0.80018456606641	0.000294040739315031	5.68128711810563	0.999709786747036
7.95	3.85	0.999454454541263	0.800186113728783	0.000287375807598958	5.60128853742955	0.999781781816505
8.05	3.85	0.999593402725918	0.800186836539669	0.000281021941140976	5.52128481671218	0.999837361090367
8.15	3.85	0.999699781982119	0.800186853904897	0.000274944607055199	5.44127719671666	0.999879912792848
8.25	3.85	0.999780521677165	0.800186269802266	0.000269114438510665	5.36126666263559	0.999912208670866
8.35	3.85	0.999841244934992	0.800185174731423	0.000263506463694814	5.28125399087379	0.999936497973997
8.45	3.85	0.999886476978858	0.800183647383983	0.000258099448931543	5.20123978856997	0.999954590791543
8.55	3.85	0.999919828220371	0.800181756089289	0.00025287534064473	5.12122452671273	0.999967931288148
8.65	3.85	0.999944153619542	0.800179560077002	0.000247818791635762	5.04120856765555	0.999977661447817
8.75	3.85	0.999961690012024	0.800177110587983	0.000242916758909948	4.96119218778043	0.999984676004809
8.85	3.85	0.999974173239938	0.800174451856448	0.00023815816179614	4.88117559600067	0.999989669295975
8.95	3.85	0.999982937014754	0.800171621981115	0.000233533590475048	4.80115894873049	0.999993174805902
9.05	3.85	0.999988995477604	0.800168653698979	0.000229035057191613	4.72114236188502	0.999995598191042
9.15	3.85	0.999993111405351	0.800165575072038	0.000224655783057383	4.64112592041023	0.99999724456214
9.25	3.85	0.999995851945196	0.800162410096096	0.000220390015201893	4.56110968577931	0.999998340778079
9.35	3.85	0.99999763365563	0.800159179238928	0.000216232869628267	4.48109370183294	0.999999053462252
9.45	3.85	0.99999875849689	0.800155899914412	0.000212180196043281	4.40107799928472	0.999999503398756
9.55	3.85	0.999999442259995	0.800152586898944	0.000208228461638827	4.32106259916259	0.999999776903998
9.65	3.85	0.999999836759097	0.800149252695458	0.000204374651299553	4.24104751541112	0.999999934703639
9.75	3.85	1.00000004694544	0.800145907850724	0.00020061618214339	4.16103275683937	1.00000001877818
9.85	3.85	1.00000014393901	0.800142561230689	0.000196950830504743	4.0810183285642	1.0000000575756
9.95	3.85	1.0000001748211	0.800139220258787	0.000193376669937631	4.00100423306885	1.00000006992844
10.05	3.85	1.00000016989063	0.800135891121439	0.000189892018700406	3.92099047097166	1.00000006795625
10.15	3.85	1.00000014796121	0.800132578944994	0.000186495395815224	3.84097704157903	1.00000005918449
10.25	3.85	1.00000012016612	0.800129287947674	0.000183185484299095	3.76096394327973	1.00000004806645
10.35	3.85	1.00000009264304	0.800126021570009	0.000179961100912818	3.68095117382386	1.00000003705722
10.45	3.85	1.00000006839109	0.800122782586711	0.000176821171385596	3.60093873051917	1.00000002735644
10.55	3.85	1.00000004852619	0.800119573202653	0.000173764710412471	3.52092661036884	1.00000001941048
10.65	3.85	1.00000003310687	0.800116395135417	0.000170790805738222	3.44091481016818	1.00000001324275
10.75	3.85	1.00000002165969	0.800113249686221	0.000167898605681807	3.36090332657311	1.00000000866387
10.85	3.85	1.00000001349908	0.800110137801332	0.000165087309548935	3.280892156149	1.00000000539963
10.95	3.85	1.00000000791053	0.800107060125148	0.000162356160393418	3.20088129540635	1.00000000316421
11.05	3.85	1.00000000424557	0.800104017046444	0.000159704439744801	3.12087074082739	1.00000000169823
11.15	3.85	1.00000000196223	0.800101008738925	0.000157131463852656	3.04086048888636	1.00000000078489
11.25	3.85	1.00000000063373	0.800098035196804	0.000154636581016772	2.96085053606541	1.00000000025349
11.35	3.85	0.999999999939953	0.800095096266436	0.000152219169828237	2.88084087886725	0.999999999975981
11.45	3.85	0.999999999650944	0.800092191674474	0.000149878637832869	2.80083151382521	0.999999999860378
11.55	3.85	0.999999999607766	0.800089321053262	0.000147614420496066	2.72082243751137	0.999999999843106
11.65	3.85	0.999999999703532	0.80008648396374	0.000145425980079298	2.64081364654276	0.999999999881413
11.75	3.85	0.99999999986604	0.800083679916352	0.000143312804259465	2.56080513758607	0.999999999946416
11.85	3.85	1.00000000004267	0.800080908390186	0.000141274404239241	2.48079690736086	1.00000000001707
11.95	3.85	1.00000000018814	0.800078168850523	0.000139310312054629	2.40078895264134	1.00000000007526
12.05	3.85	1.00000000025594	0.800075460764949	0.000137420076973271	2.32078127025687	1.00000000010238
12.15	3.85	1.00000000019521	0.800072783618013	0.000135603260642274	2.24077385709111	1.00000000007809
12.25	3.85	0.999999999955138	0.800070136924346	0.000133859430864845	2.16076671007975	0.999999999982055
12.35	3.85	0.999999999499593	0.800067520240077	0.000132188153780146	2.08075982620675	0.999999999799837
12.45	3.85	0.999999998834189	0.800064933172201	0.000130588984332016	2.00075320249883	0.999999999533676
12.55	3.85	0.99999999804561	0.800062375385424	0.000129061454885204	1.92074683601818	0.999999999218244
12.65	3.85	0.999999997348691	0.800059846606016	0.000127605062019758	1.84074072385302	0.999999998939476
12.75	3.85	0.9999999971291	0.800057346622016	0.000126219251697593	1.76073486310649	0.99999999885164
12.85	3.85	0.999999997958984	0.800054875279401	0.000124903403085372	1.68072925088449	0.999999999183594
12.95	3.85	1.00000000055092	0.800052432473986	0.000123656811699987	1.60072388428431	1.00000000022037
13.05	3.85	1.00000000560532	0.800050018139416	0.000122478672907654	1.52071876038704	1.00000000224213
13.15	3.85	1.0000000135045	0.800047632232429	0.000121368067067187	1.4407138762584	1.0000000054018
13.25	3.85	1.00000002382225	0.800045274717632	0.000120323948090494	1.36070922896364	1.0000000095289
13.35	3.85	1.00000003466334	0.800042945555054	0.00011934513719576	1.28070481560278	1.00000001386534
13.45	3.85	1.00000004193415	0.800040644694564	0.00011843032362027	1.20070063337032	1.00000001677366
13.55	3.85	1.00000003878189	0.800038372080794	0.000117578072970223	1.12069667963831	1.00000001551276
13.65	3.85	1.00000001561742	0.800036127670114	0.000116786842372435	1.04069295205087	1.00000000624697
13.75	3.85	0.999999961325878	0.800033911455799	0.000116054998693339	0.96068944860246	0.999999984530351
13.85	3.85	0.999999866399762	0.800031723488717	0.000115380832355841	0.880686167649887	0.999999946559905
13.95	3.85	0.999999728683814	0.800029563867798	0.000114762555216921	0.800683107785867	0.999999891473526
14.05	3.85	0.99999956203333	0.800027432659428	0.000114198267743433	0.720680267485317	0.999999824813332
14.15	3.85	0.999999407260729	0.800025329691359	0.000113685880969056	0.640677644440839	0.999999762904292
14.25	3.85	0.999999343106074	0.80002325416291	0.00011322298547895	0.560675234549663	0.99999973724243
14.35	3.85	0.999999492564093	0.800021204030692	0.000112806677419769	0.480673030624981	0.999999797025637
14.45	3.85	1.00000001695462	0.800019175183358	0.000112433383534903	0.400671021100828	1.00000000678185
14.55	3.85	1.00000108732437	0.800017160525535	0.000112098775446747	0.320669189288006	1.00000043492975
14.65	3.85	1.00000282147229	0.800015149259479	0.000111797923428939	0.240667514092533	1.00000112858892
14.75	3.85	1.00000517724622	0.800013126416609	0.000111525898680964	0.160665973445697	1.00000207089849
14.85	3.85	1.00000780162236	0.800009999631636	0.000111279083443041	0.0806645519456494	1.00000312064895
14.95	3.85	1.00000985354045	0.400012045222844	0.000111093772780965	0.000663469324890713	1.00000394141618
0.05	3.95	-4.35293714528185e-06	0.400003976329679	-0.000483201063763263	10.4564624933872	0.599998258825142
0.15	3.95	-4.9464829140008e-06	0.800012209821068	-0.000483338252047009	10.4084621555173	0.599998021406834
0.25	3.95	-5.4173632871168e-06	0.800020421388025	-0.000483623197459523	10.3604613447711	0.599997833054685
0.35	3.95	-5.06873714081914e-06	0.800028548685953	-0.000484056688913167	10.3124600516418	0.599997972505144
0.45	3.95	-3.16507936925427e-06	0.800036570396383	-0.000484644851177925	10.2644582432989	0.599998733968252
0.55	3.95	1.03413343390163e-06	0.800044427300701	-0.000485401170699591	10.2164558657163	0.600000413653374
0.65	3.95	8.177862707222e-06	0.800052042973909	-0.000486347900827335	10.1684528457707	0.600003271145083
0.75	3.95	1.87083171636369e-05	0.800059333289486	-0.000487506998650916	10.1204490970667	0.600007483326865
0.85	3.95	3.28393388258942e-05	0.800065891753749	-0.00048884350309255	10.0724445282677	0.60001313573553
0.95	3.95	4.81227549441685e-05	0.800071720180697	-0.000490409349120549	10.0244390880666	0.600019249101978
1.05	3.95	6.00739679268274e-05	0.800076807307583	-0.000492337538639923	9.97643284160297	0.600024029587171
1.15	3.95	6.30318330600659e-05	0.800081055033636	-0.000494692388520618	9.9284260259642	0.600025212733224
1.25	3.95	5.07353096881158e-05	0.800084395500478	-0.000497531588675055	9.88041908041874	0.600020294123875
1.35	3.95	1.73636982514614e-05	0.800086803549866	-0.000500921465865151	9.8324126509558	0.600006945479301
1.45	3.95	-4.08675667193556e-05	0.80008828411685	-0.000504932717835356	9.78440755243765	0.599983652973312
1.55	3.95	-0.000123695685831196	0.800088844314865	-0.000509632618927285	9.73640467250495	0.599950521725668
1.65	3.95	-0.000224676502118481	0.800088450941907	-0.000515079955773747	9.68840480834126	0.599910129399153
1.75	3.95	-0.000329362490928037	0.800086972832339	-0.000521324199535904	9.64040843908422	0.599868255003629
1.85	3.95	-0.000414356045374057	0.800084098011745	-0.000528410184586259	9.59241545288674	0.59983425758185
1.95	3.95	-0.000447962278824645	0.800079181541131	-0.000536402050880394	9.54442486867964	0.59982081508847
2.05	3.95	-0.000393658242260115	0.800070836094707	-0.000545492088496329	9.49643462329532	0.599842536703096
2.15	3.95	-0.000219691619410115	0.800059908183317	-0.000556266503194333	9.44844156446439	0.599912123352236
2.25	3.95	0.000110777638777072	0.800047834124553	-0.000568775557775804	9.40044149537533	0.600044311055511
2.35	3.95	0.000659108692163628	0.800031635535385	-0.000582399723332433	9.35242873390968	0.600263643476865
2.45	3.95	0.00149880105758257	0.800010076305461	-0.000596957165514675	9.30439551420717	0.600599520423033
2.55	3.95	0.00271574654842646	0.79998207581128	-0.000612634434141213	9.25633159998495	0.601086298619371
2.65	3.95	0.00440964965183234	0.799946613817718	-0.000629658339076962	9.20822386091987	0.601763859860733
2.75	3.95	0.00669568500061601	0.799902660149814	-0.000648132997648881	9.16005580726416	0.602678274000246
2.85	3.95	0.00970671864479032	0.799849154241898	-0.000668009576232014	9.11180706967104	0.603882687457916
2.95	3.95	0.0135964905358433	0.799785050057205	-0.000689089438734365	9.06345279555434	0.605438596214337
3.05	3.95	0.0185441616692847	0.799709409742082	-0.000711013476667345	9.01496292171627	0.607417664667714
3.15	3.95	0.0247606562132264	0.799621529995884	-0.000733226399216848	8.9663012707656	0.609904262485291
3.25	3.95	0.0324972133304443	0.799521086680173	-0.000754917008238996	8.91742440542456	0.612998885332178
3.35	3.95	0.0420564100095289	0.799408272812022	-0.000774938232931821	8.86828016337558	0.616822564003812
3.45	3.95	0.053805478772935	0.799283880721959	-0.000791713148579722	8.81880579290111	0.621522191509174
3.55	3.95	0.0681907978520097	0.799149243660004	-0.000803139593673062	8.76892562910285	0.627276319140804
3.65	3.95	0.0857506735532931	0.799005918139193	-0.00080651846535549	8.71854831324601	0.634300269421317
3.75	3.95	0.107120665148201	0.798854990097978	-0.00079854983789113	8.66756369480122	0.64284826605928
3.85	3.95	0.133021683929968	0.798695993157813	-0.000775463518929177	8.61583980370947	0.653208673571987
3.95	3.95	0.164216719209853	0.798525725115038	-0.000733365385342997	8.56322066423038	0.665686687683941
4.05	3.95	0.201419807666647	0.798337767240294	-0.000668864958519715	8.5095262141735	0.680567923066659
4.15	3.95	0.245145714089263	0.798124022147999	-0.000579972756745521	8.45455604843297	0.698058285635705
4.25	3.95	0.295507142640894	0.797879413198796	-0.000467103429728125	8.39809879625307	0.718202857056358
4.35	3.95	0.352000870659937	0.797609166585972	-0.000333837148734355	8.33994819297645	0.740800348263975
4.45	3.95	0.413364334218942	0.797334984654073	-0.000187006338208071	8.27992496591401	0.765345733687577
4.55	3.95	0.477599848620773	0.797094445845422	-3.58363166083747e-05	8.21790080651261	0.791039939448309
4.65	3.95	0.54222034527745	0.79693069259928	0.000109718806836202	8.15381825674137	0.81688813811098
4.75	3.95	0.604669134614281	0.796876581246779	0.000240877632513851	8.08770015979968	0.841867653845712
4.85	3.95	0.662767646769752	0.796942607071077	0.000351481509297382	8.01964533235364	0.865107058707901
4.95	3.95	0.715027673020699	0.797115340092225	0.000438575235314907	7.94981202399298	0.88601106920828
5.05	3.95	0.760743479357346	0.797365389195592	0.000502138323657157	7.87839472851119	0.904297391742938
5.15	3.95	0.79988918552645	0.797658628701468	0.000544293328381559	7.80560093472408	0.91995567421058
5.25	3.95	0.832912734832729	0.797964949084494	0.000568375419590803	7.73163261124126	0.933165093933092
5.35	3.95	0.860518657189794	0.79826240665664	0.000578132564203234	7.65667432640117	0.944207462875918
5.45	3.95	0.883495348697877	0.798537587254245	0.000577169991740238	7.58088754588314	0.953398139479151
5.55	3.95	0.902603626542925	0.798783977655628	0.000568638240413793	7.50440947535671	0.96104145061717
5.65	3.95	0.918519137567256	0.798999809891679	0.000555109183379261	7.42735464228763	0.967407655026903
5.75	3.95	0.931812409200087	0.79918616316181	0.000538573274180462	7.3498177677682	0.972724963680035
5.85	3.95	0.942950878497282	0.799345580019481	0.000520502013055832	7.27187697485838	0.977180351398913
5.95	3.95	0.952311363496551	0.799481175834119	0.000501936738295048	7.19359680766749	0.980924545398621
6.05	3.95	0.960195824835274	0.799596122939585	0.000483580400772508	7.1150308318967	0.984078329934109
6.15	3.95	0.966846621624603	0.799693384747017	0.000465880367239393	7.03622376301775	0.986738648649841
6.25	3.95	0.972459623700299	0.799775601880672	0.000449097547973166	6.95721315672091	0.988983849480119
6.35	3.95	0.977194755397297	0.799845063515704	0.000433361230189689	6.87803073108534	0.990877902158919
6.45	3.95	0.981184136236103	0.799903722244354	0.000418710989269117	6.79870339574161	0.992473654494441
6.55	3.95	0.984538211725174	0.799953228221853	0.000405127797128026	6.71925405570904	0.99381528469007
6.65	3.95	0.987350307423436	0.79999496936798	0.000392556531610293	6.63970224538554	0.994940122969375
6.75	3.95	0.989699995405599	0.800030110938627	0.000380921867785909	6.56006463573921	0.99587999816224
6.85	3.95	0.991655590317283	0.800059631457053	0.000370139202775566	6.48035544694989	0.996662236126913
6.95	3.95	0.993276019266539	0.800084353953663	0.000360121928551539	6.40058679009792	0.997310407706615
7.05	3.95	0.994612246805643	0.800104972443775	0.000350786068786901	6.32076895490138	0.997844898722257
7.15	3.95	0.995708386062728	0.800122074019758	0.000342053047959453	6.24091065563478	0.998283354425091
7.25	3.95	0.996602588934804	0.800136157099952	0.000333851164673271	6.16101924385281	0.998641035573922
7.35	3.95	0.997327780124578	0.800147646407194	0.000326116188633351	6.08110089405693	0.998931112049831
7.45	3.95	0.997912279487382	0.800156905214217	0.000318791385337905	6.0011607667096	0.999164911794953
7.55	3.95	0.998380342711221	0.800164245334498	0.000311827185038095	5.92120315181045	0.999352137084488
7.65	3.95	0.998752640229849	0.800169935270709	0.000305180648047364	5.84123159544303	0.99950105609194
7.75	3.95	0.999046687284907	0.800174206869354	0.000298814830622505	5.76124901116553	0.999618674913963
7.85	3.95	0.999277233333022	0.800177260772036	0.000292698120535769	5.68125777776884	0.999710893333209
7.95	3.95	0.999456615896057	0.80017927090205	0.000286803586659656	5.60125982470059	0.999782646358423
8.05	3.95	0.999595082007947	0.800180388180969	0.000281108368598038	5.52125670631029	0.999838032803179
8.15	3.95	0.999701079274794	0.800180743631347	0.000275593120454027	5.44124966597784	0.999880431709918
8.25	3.95	0.999781517981036	0.80018045099031	0.0002702415140727	5.36123969112315	0.999912607192414
8.35	3.95	0.999842005454206	0.800179608931681	0.000265039801970473	5.28122756004491	0.999936802181682
8.45	3.95	0.99988705390432	0.800178302973	0.000259976436790826	5.20121388149074	0.999954821561728
8.55	3.95	0.999920263078888	0.800176607126295	0.000255041742339304	5.12119912781474	0.999968105231555
8.65	3.95	0.999944479248428	0.800174585337576	0.000250227630474866	5.0411836625281	0.999977791699371
8.75	3.95	0.99996193221079	0.800172292749494	0.000245527358246719	4.96116776299322	0.999984772884316
8.85	3.95	0.999974352144275	0.800169776813702	0.000240935319485302	4.88115163895264	0.99998974085771
8.95	3.95	0.99998306823257	0.800167078272868	0.000236446866308792	4.80113544752105	0.999993227293028
9.05	3.95	0.999989091022221	0.800164232028876	0.000232058155873069	4.72111930520459	0.999995636408888
9.15	3.95	0.999993180456749	0.800161267909633	0.000227766018902804	4.64110329744734	0.9999972721827
9.25	3.95	0.9999959014665	0.800158211345638	0.000223567846739782	4.56108748614203	0.9999983605866
9.35	3.95	0.999997668888582	0.800155083965199	0.000219461494405006	4.48107191548268	0.999999067555433
9.45	3.95	0.999998783356949	0.800151904116724	0.000215445197502264	4.40105661648072	0.99999951334278
9.55	3.95	0.999999459648867	0.800148687325312	0.000211517501170512	4.32104161041554	0.999999783859547
9.65	3.95	0.999999848809912	0.800145446690647	0.000207677199478074	4.24102691144475	0.999999939523965
9.75	3.95	1.00000005521345	0.800142193232334	0.000203923284127087	4.16101252855879	1.00000002208538
9.85	3.95	1.00000014954868	0.800138936188695	0.000200254901263458	4.08099846703004	1.00000005981947
9.95	3.95	1.00000017857849	0.800135683274492	0.00019667131541296	4.00098472947622	1.0000000714314
10.05	3.95	1.00000017236855	0.800132440902516	0.000193171879762698	3.92097131663331	1.00000006894742
10.15	3.95	1.00000014956316	0.800129214373758	0.000189756011883233	3.84095822791191	1.00000005982526
10.25	3.95	1.0000001211738	0.800126008040255	0.000186423174332818	3.76094546179431	1.00000004846952
10.35	3.95	1.00000009325134	0.800122825444446	0.000183172859419358	3.68093301611584	1.00000003730054
10.45	3.95	1.00000006873365	0.800119669438309	0.000180004577502595	3.60092088826297	1.00000002749346
10.55	3.95	1.0000000486938	0.800116542285255	0.000176917848429877	3.52090907531256	1.00000001947752
10.65	3.95	1.00000003316069	0.80011344574738	0.000173912195477599	3.4408975741297	1.00000001326427
10.75	3.95	1.00000002164048	0.800110381160293	0.000170987141447831	3.36088638143696	1.00000000865619
10.85	3.95	1.0000000134338	0.800107349497418	0.00016814220650716	3.28087549386392	1.00000000537352
10.95	3.95	1.00000000781675	0.800104351425467	0.000165376907342187	3.20086490798321	1.0000000031267
11.05	3.95	1.00000000413457	0.800101387352525	0.000162690757422316	3.12085462033738	1.00000000165383
11.15	3.95	1.00000000184106	0.80009845746979	0.00016008326795597	3.04084462745934	1.00000000073642
11.25	3.95	1.00000000050657	0.800095561788163	0.000157553949343223	2.96083492588835	1.00000000020263
11.35	3.95	0.99999999980907	0.800092700170332	0.000155102312861128	2.88082551218263	0.999999999923628
11.45	3.95	0.999999999517335	0.800089872359268	0.000152727872384425	2.80081638292948	0.999999999806934
11.55	3.95	0.999999999471676	0.80008707800348	0.000150430145869766	2.7208075347533	0.99999999978867
11.65	3.95	0.999999999564915	0.800084316679707	0.000148208656523445	2.6407989643219	0.999999999825966
11.75	3.95	0.999999999725029	0.800081587913255	0.000146062933355422	2.56079066835118	0.999999999890011
11.85	3.95	0.999999999900093	0.800078891196422	0.000143992511050902	2.48078264360847	0.999999999960037
11.95	3.95	1.00000000004605	0.800076226005147	0.000141996928936814	2.4007748869145	1.00000000001842
12.05	3.95	1.00000000011818	0.80007359181402	0.00014007572889342	2.32076739514421	1.00000000004727
12.15	3.95	1.00000000006778	0.800070988109686	0.000138228452105155	2.24076016522627	1.00000000002711
12.25	3.95	0.999999999846301	0.800068414402697	0.00013645463449298	2.16075319414137	0.999999999938521
12.35	3.95	0.999999999419466	0.800065870237477	0.000134753800654768	2.08074647891915	0.999999999767786
12.45	3.95	0.999999998793513	0.800063355200307	0.000133125456317087	2.00074001663358	0.999999999517405
12.55	3.95	0.999999998053517	0.80006086892485	0.000131569079182437	1.92073380439663	0.999999999221407
12.65	3.95	0.99999999740932	0.800058411094754	0.000130084108257129	1.84072783935006	0.999999998963728
12.75	3.95	0.999999997237178	0.800055981442902	0.000128669931797028	1.76072211865565	0.999999998894871
12.85	3.95	0.999999998094954	0.800053579746889	0.000127325874240131	1.68071663948447	0.999999999237982
12.95	3.95	1.00000000067681	0.800051205820651	0.000126051182764104	1.60071139900704	1.00000000027073
13.05	3.95	1.00000000566338	0.800048859502706	0.000124845014365412	1.52070639438721	1.00000000226535
13.15	3.95	1.00000001342135	0.80004654064221	0.000123706424777117	1.44070162278418	1.00000000536854
13.25	3.95	1.00000002352206	0.80004424908522	0.000122634360814338	1.36069708136847	1.00000000940883
13.35	3.95	1.00000003409299	0.80004198466436	0.00012162765789736	1.28069276735748	1.00000001363719
13.45	3.95	1.00000004110193	0.800039747196054	0.00012068504419548	1.20068867807501	1.00000001644077
13.55	3.95	1.00000003780711	0.800037536488922	0.000119805152027145	1.12068481103323	1.00000001512285
13.65	3.95	1.00000001478139	0.80003535236482	0.000118986535327138	1.04068116402566	1.00000000591256
13.75	3.95	0.999999961104364	0.800033194688696	0.000118227689137078	0.960677735203417	0.999999984441746
13.85	3.95	0.999999867444542	0.800031063394621	0.000117527063347919	0.880674523085929	0.999999946977817
13.95	3.95	0.999999731708941	0.800028958482459	0.000116883058617486	0.800671526434686	0.999999892683577
14.05	3.95	0.999999567555796	0.800026879944681	0.00011629398940703	0.720668743903029	0.999999827022318
14.15	3.95	0.999999415154786	0.800024827569443	0.000115757999192622	0.640666173379739	0.999999766061915
14.25	3.95	0.999999351967396	0.800022800562222	0.000115272920142899	0.560663810989532	0.999999740786958
14.35	3.95	0.999999498957641	0.800020796945497	0.000114836087594824	0.480661649822381	0.999999799583057
14.45	3.95	1.00000001474848	0.80001881274943	0.000114444152715032	0.400659678656608	1.00000000589939
14.55	3.95	1.00000106748965	0.800016841111427	0.000114092985860712	0.320657881224101	1.00000042699586
14.65	3.95	1.00000277293197	0.800014871568283	0.00011377782461702	0.240656236914018	1.00000110917279
14.75	3.95	1.00000508952352	0.800012889594829	0.000113493880366594	0.160654724142902	1.00000203580941
14.85	3.95	1.00000767005978	0.800009821738312	0.000113237668312451	0.0806533278649251	1.00000306802391
14.95	3.95	1.00000968756993	0.400011837075075	0.000113046340464583	0.000652264126749167	1.00000387502797
0.05	4.05	-4.33222858511556e-06	0.400003908566355	-0.000491282410137186	10.4564917301544	0.599998267108566
0.15	4.05	-4.91736688128215e-06	0.800012002962193	-0.000491394208177791	10.4084913997534	0.599998033053248
0.25	4.05	-5.37447221204189e-06	0.800020074134961	-0.000491625356272378	10.360490604498	0.599997850211115
0.35	4.05	-5.01042948829005e-06	0.800028059521961	-0.000491971817980359	10.3124893348035	0.599997995828205
0.45	4.05	-3.09539638427474e-06	0.800035936296606	-0.000492431562933068	10.264487557994	0.599998761841446
0.55	4.05	1.10478501518855e-06	0.80004364307873	-0.000493004720631709	10.2164852205106	0.600000441914006
0.65	4.05	8.24167860829911e-06	0.800051100590989	-0.0004936943260844	10.1684822500515	0.600003296671443
0.75	4.05	1.87970122331315e-05	0.80005822256807	-0.000494503378134416	10.1204785608641	0.600007518804893
0.85	4.05	3.30779779032609e-05	0.800064537705261	-0.000495422501358457	10.072474060161	0.600013231191161
0.95	4.05	4.82697129976553e-05	0.800070182536585	-0.000496484002981561	10.0244686990806	0.600019307885199
1.05	4.05	6.00044249689992e-05	0.800075080163719	-0.000497748097200879	9.97646254861492	0.600024001769988
1.15	4.05	6.26905723680428e-05	0.800079124600976	-0.00049924235545406	9.92845584869669	0.600025076228947
1.25	4.05	5.00775243046289e-05	0.800082241410113	-0.000500992197916555	9.88044904093706	0.600020031009722
1.35	4.05	1.63377099249504e-05	0.800084399208382	-0.00050303673152867	9.8324427742925	0.60000653508397
1.45	4.05	-4.23175863732898e-05	0.800085598170671	-0.00050542702613695	9.78443786715268	0.599983072965451
1.55	4.05	-0.000125624750440178	0.800085841513934	-0.000508223161941222	9.73643521095998	0.599949750099824
1.65	4.05	-0.000227138106706293	0.800085092933162	-0.000511494700924545	9.68843560683861	0.599909144757317
1.75	4.05	-0.000332415368096258	0.800083221039571	-0.000515323002551039	9.64043953800211	0.599867033852762
1.85	4.05	-0.000418095859396927	0.800079917747918	-0.000519799689923028	9.59244689690772	0.599832761656241
1.95	4.05	-0.000452647074018556	0.800074531990625	-0.00052501300051964	9.54445670846569	0.599818941170392
2.05	4.05	-0.00039988646101607	0.800065814735995	-0.000531040807262021	9.4964669249538	0.599840045415593
2.15	4.05	-0.000225735404252742	0.800053603033558	-0.000538021199174726	9.44847440529756	0.599909705838299
2.25	4.05	0.000104676525504213	0.800040722683974	-0.000545466171171469	9.40047494037271	0.600041870610202
2.35	4.05	0.000654598843854009	0.800023180389926	-0.000552564168614891	9.35246281867365	0.600261839537542
2.45	4.05	0.00149635078786568	0.799999989063028	-0.000559297049781606	9.30443026291045	0.600598540315146
2.55	4.05	0.00271524348148817	0.799970151203736	-0.000566030510910497	9.25636705324892	0.601086097392595
2.65	4.05	0.00441093149331865	0.799932762076189	-0.00057295391459267	9.20826007536623	0.601764372597327
2.75	4.05	0.00669872569188731	0.79988688253548	-0.00058001136779524	9.16009284559721	0.602679490276755
2.85	4.05	0.00971164890545527	0.799831511560465	-0.000586978843042516	9.1118449913105	0.603884659562182
2.95	4.05	0.0136035784750457	0.799765651940355	-0.000593524481810202	9.06349164924408	0.605441431390018
3.05	4.05	0.0185538035568197	0.799688422673676	-0.000599230909480211	9.0150027387394	0.607421521422728
3.15	4.05	0.0247733924309231	0.799599194522976	-0.000603594064097573	8.96634205720349	0.609909356972369
3.25	4.05	0.0325137742813739	0.799497735828794	-0.000606011920869063	8.91746613224379	0.61300550971255
3.35	4.05	0.0420777953466472	0.799384345880999	-0.000605770873368166	8.86832275339308	0.616831118138659
3.45	4.05	0.0538330725149544	0.799259927249529	-0.000602034731163837	8.81884910385235	0.621533229005982
3.55	4.05	0.0682265175080848	0.799125911837521	-0.000593841325327975	8.76896943228388	0.627290607003234
3.65	4.05	0.0857971399187375	0.798983921243906	-0.000580113629271668	8.71859226774363	0.634318855967495
3.75	4.05	0.1071813577508	0.798835044904956	-0.000559695242566802	8.6676073184462	0.64287254310032
3.85	4.05	0.133101013725015	0.798678727447892	-0.000531422794667222	8.61588244389066	0.653240405490006
3.95	4.05	0.164319909855179	0.798511559275931	-0.000494247887312071	8.56326147478366	0.665727963942072
4.05	4.05	0.201552448219486	0.798326788468905	-0.000447414663829852	8.50956414845088	0.680620979287794
4.15	4.05	0.245312868230892	0.798115885921502	-0.000390681655604551	8.45458988211395	0.698125147292357
4.25	4.05	0.295712024054761	0.797873315638481	-0.000324547610994524	8.39812719378115	0.718284809621904
4.35	4.05	0.352243342888374	0.797603918916747	-0.000250410017245996	8.33996982497057	0.74089733715535
4.45	4.05	0.413639783074126	0.797329182374955	-0.000170573856882882	8.27993866920273	0.765455913229651
4.55	4.05	0.477899082339667	0.797086681207889	-8.80593459608817e-05	8.21790575679386	0.791159632935867
4.65	4.05	0.542530872228559	0.796919746036857	-6.22949098862758e-06	8.1538141072514	0.817012348891424
4.75	4.05	0.604977503716643	0.796861556009515	7.16662677330159e-05	8.08768710131072	0.841991001486657
4.85	4.05	0.663061954559394	0.796923007101147	0.000142904971571185	8.01962405452895	0.865224781823757
4.95	4.05	0.715299305922036	0.797091099517057	0.000205560867858866	7.9497835934788	0.886119722368815
5.05	4.05	0.760987664873994	0.797336851727072	0.000258597426669647	7.8783604248894	0.904395065949598
5.15	4.05	0.800104532406444	0.797626475080245	0.000301802381939724	7.80556208964598	0.920041812962578
5.25	4.05	0.833100256447185	0.79793008526184	0.000335620469276462	7.73159048230472	0.933240102578874
5.35	4.05	0.860680742357479	0.798225838395403	0.000360944559292477	7.65663001774684	0.944272296942992
5.45	4.05	0.883634946039402	0.798500307171237	0.000378913786492306	7.58084197212094	0.953453978415761
5.55	4.05	0.902723716502579	0.798746881076129	0.000390747907529201	7.5043633577884	0.961089486601032
5.65	4.05	0.918622453522937	0.798963644214206	0.000397628875976753	7.42730852509282	0.967448981409175
5.75	4.05	0.93190133060028	0.799151507060715	0.000400627792282346	7.34977204395132	0.972760532240112
5.85	4.05	0.943027423351526	0.799312844928339	0.000400668678341149	7.27183191491743	0.977210969340611
5.95	4.05	0.952377227617419	0.799450621636575	0.000398518575436529	7.19355258682239	0.980950891046968
6.05	4.05	0.960252435850212	0.799567881059545	0.000394794340791789	7.11498755383666	0.984100974340085
6.15	4.05	0.96689519128215	0.799667483675485	0.000389978601197428	7.03618147948697	0.98675807651286
6.25	4.05	0.972501191770523	0.799751991933075	0.000384439579069034	6.9571718830307	0.989000476708209
6.35	4.05	0.977230223789765	0.799823639010328	0.000378451434758877	6.87799045801282	0.990892089515906
6.45	4.05	0.981214294396169	0.799884340284036	0.000372213212129982	6.79866409840755	0.992485717758467
6.55	4.05	0.984563755172992	0.79993572390231	0.000365865458786085	6.71921570002979	0.993825502069197
6.65	4.05	0.987371851300044	0.799979167613233	0.000359504212152284	6.6396647926341	0.994948740520018
6.75	4.05	0.989718084570595	0.800015835356588	0.000353192403391631	6.56002804566802	0.995887233828238
6.85	4.05	0.991670707152962	0.800046710682847	0.000346968918123391	6.48031967984301	0.996668282861185
6.95	4.05	0.993288589994041	0.800072625950203	0.00034085563400526	6.40055180804343	0.997315435997616
7.05	4.05	0.99462264684518	0.800094287192995	0.000334862771015003	6.32073472250845	0.997849058738072
7.15	4.05	0.99571694477265	0.800112294982065	0.000328992873599966	6.24087714036592	0.99828677790906
7.25	4.05	0.996609593929939	0.800127161759648	0.000323243708273067	6.16098641609813	0.998643837571976
7.35	4.05	0.997333481287024	0.800139326162121	0.000317610319885868	6.08106872704322	0.99893339251481
7.45	4.05	0.997916892728711	0.800149164814955	0.000312086448212232	6.00112923631069	0.999166757091484
7.55	4.05	0.998384053512829	0.800157002032449	0.000306665468203104	5.92117223630517	0.999353621405132
7.65	4.05	0.998755606970257	0.800163117795679	0.000301340983360254	5.84120127525242	0.999502242788103
7.75	4.05	0.999049044353761	0.800167754326209	0.000296107172619852	5.76121926858968	0.999619617741504
7.85	4.05	0.999279094027994	0.800171121520393	0.00029095896697857	5.68122859673606	0.999711637611198
7.95	4.05	0.999458075098495	0.800173401464004	0.000285892112698385	5.60123119053599	0.999783230039398
8.05	4.05	0.999596218634662	0.800174752206054	0.000280903162246897	5.52122860552716	0.999838487453865
8.15	4.05	0.999701958505855	0.800175310937165	0.000275989422237701	5.44122208609258	0.999880783402342
8.25	4.05	0.999782193266378	0.800175196688227	0.000271148878351317	5.3612126204933	0.999912877306551
8.35	4.05	0.999842520304792	0.800174512641544	0.000266380110498529	5.28120098772856	0.999937008121917
8.45	4.05	0.999887443476387	0.800173348125896	0.000261682206825585	5.20118779712551	0.999954977390555
8.55	4.05	0.999920555562162	0.800171780351902	0.000257054681168567	5.12117352151427	0.999968222224865
8.65	4.05	0.999944697071185	0.800169875930949	0.000252497397008906	5.04115852479386	0.999977878828474
8.75	4.05	0.99996209307603	0.800167692210488	0.000248010498781353	4.96114308464	0.999984837230412
8.85	4.05	0.99997446991221	0.800165278452282	0.000243594351047668	4.88112741104577	0.999989787964884
8.95	4.05	0.999983153665037	0.800162676873452	0.000239249485000132	4.80111166132395	0.999993261466015
9.05	4.05	0.999989152404582	0.800159923566565	0.000234976552047938	4.72109595213529	0.999995660961833
9.15	4.05	0.999993224112437	0.800157049312142	0.00023077628362364	4.64108036904281	0.999997289644975
9.25	4.05	0.999995932178598	0.800154080294808	0.000226649456850572	4.56106497402925	0.999998372871439
9.35	4.05	0.999997690241867	0.800151038732642	0.000222596865315724	4.48104981135557	0.999999076096747
9.45	4.05	0.999998798012676	0.800147943428763	0.000218619294484285	4.40103491208212	0.999999519205071
9.55	4.05	0.999999469563324	0.80014481025282	0.000214717501391784	4.32102029752355	0.999999787825329
9.65	4.05	0.999999855406508	0.800141652559918	0.00021089219816929	4.24100598186268	0.999999942162603
9.75	4.05	1.00000005951685	0.800138481553639	0.00020714403898329	4.16099197410828	1.00000002380674
9.85	4.05	1.00000015228824	0.800135306599735	0.000203473610196398	4.08097827954671	1.0000000609153
9.95	4.05	1.00000018026727	0.80013213549606	0.000199881423263371	4.00096490080747	1.00000007210691
10.05	4.05	1.00000017336287	0.800128974704381	0.000196367910254134	3.92095183863777	1.00000006934515
10.15	4.05	1.00000015010717	0.800125829548868	0.000192933421489137	3.84093909246021	1.00000006004287
10.25	4.05	1.00000012143231	0.800122704385762	0.000189578225232005	3.7609266607709	1.00000004857292
10.35	4.05	1.00000009333381	0.80011960274825	0.000186302508952744	3.68091454142139	1.00000003733352
10.45	4.05	1.00000006871146	0.800116527469977	0.000183106382063122	3.60090273181734	1.00000002748458
10.55	4.05	1.00000004861252	0.800113480790475	0.000179989879694013	3.52089122905798	1.00000001944501
10.65	4.05	1.00000003304868	0.800110464445169	0.000176952967496312	3.44088003003401	1.00000001321947
10.75	4.05	1.00000002151487	0.800107479742247	0.000173995546978706	3.36086913149679	1.00000000860595
10.85	4.05	1.00000001330447	0.800104527628573	0.000171117461366608	3.28085853010772	1.00000000532179
10.95	4.05	1.00000000768907	0.800101608746323	0.000168318501717277	3.20084822247399	1.00000000307563
11.05	4.05	1.00000000401106	0.800098723481724	0.000165598413090217	3.12083820517519	1.00000000160442
11.15	4.05	1.00000000172254	0.800095872007323	0.000162956900628246	3.04082847478333	1.00000000068901
11.25	4.05	1.00000000039282	0.800093054318684	0.000160393635407136	2.96081902787854	1.00000000015713
11.35	4.05	0.999999999699243	0.80009027026645	0.000157908259880814	2.88080986106127	0.999999999879697
11.45	4.05	0.99999999941022	0.8000875195845	0.000155500392855452	2.80080097096216	0.999999999764088
11.55	4.05	0.9999999993659	0.800084801914814	0.000153169633771262	2.72079235424969	0.99999999974636
11.65	4.05	0.999999999459162	0.800082116829449	0.000150915566316302	2.6407840076363	0.999999999783665
11.75	4.05	0.999999999618318	0.800079463850181	0.000148737761095156	2.56077592788292	0.999999999847327
11.85	4.05	0.999999999792132	0.800076842465967	0.00014663577747038	2.48076811180219	0.999999999916853
11.95	4.05	0.999999999937668	0.80007425214853	0.000144609164264205	2.40076055626049	0.999999999975067
12.05	4.05	1.00000000001179	0.800071692366254	0.000142657459395278	2.32075325817885	1.00000000000472
12.15	4.05	0.999999999967807	0.80006916259638	0.000140780188273865	2.24074621453273	0.999999999987123
12.25	4.05	0.999999999759334	0.800066662335523	0.000138976860908348	2.16073942235067	0.999999999903734
12.35	4.05	0.999999999354034	0.800064191108425	0.000137246967701738	2.08073287871173	0.999999999741613
12.45	4.05	0.999999998759139	0.800061748474671	0.000135589973803437	2.00072658074157	0.999999999503656
12.55	4.05	0.999999998058838	0.80005933403306	0.000134005312103102	1.92072052560683	0.999999999223535
12.65	4.05	0.999999997459098	0.800056947423254	0.000132492374888108	1.840714710508	0.999999998983639
12.75	4.05	0.999999997328297	0.800054588324285	0.000131050504336322	1.76070913267059	0.999999998931319
12.85	4.05	0.999999998211895	0.800052256449607	0.000129678982234795	1.68070378933565	0.999999999284758
12.95	4.05	1.00000000078774	0.800049951538706	0.000128377019475458	1.60069867775109	1.0000000003151
13.05	4.05	1.00000000571878	0.800047673345753	0.000127143746212355	1.52069379516664	1.00000000228751
13.15	4.05	1.00000001335803	0.800045421626634	0.000125978203947818	1.44068913883689	1.00000000534321
13.25	4.05	1.00000002327584	0.800043196126632	0.000124879340980811	1.3606847060378	1.00000000931033
13.35	4.05	1.00000003362325	0.800040996572141	0.000123846012907611	1.28068049410237	1.0000000134493
13.45	4.05	1.0000000404296	0.800038822670356	0.000122876989464187	1.20067650047957	1.00000001617184
13.55	4.05	1.00000003706345	0.800036674120595	0.000121970968176304	1.12067272281508	1.00000001482538
13.65	4.05	1.00000001425807	0.800034550638594	0.000121126593408571	1.0406691590424	1.00000000570323
13.75	4.05	0.999999961284876	0.800032451989985	0.000120342476567359	0.960665807457103	0.99999998451395
13.85	4.05	0.999999868984202	0.800030378020368	0.000119617209292989	0.880662666726184	0.999999947593681
13.95	4.05	0.999999735318413	0.800028328656692	0.000118949357369102	0.800659735762291	0.999999894127365
14.05	4.05	0.999999573737238	0.800026303839896	0.000118337419816103	0.720657013377378	0.999999829494895
14.15	4.05	0.999999423749189	0.80002430333562	0.000117779738053004	0.640654497635038	0.999999769499676
14.25	4.05	0.999999361509258	0.80002232636595	0.000117274347373628	0.560652184865419	0.999999744603703
14.35	4.05	0.999999505912166	0.800020371022158	0.00011681878151268	0.480650068413609	0.999999802364866
14.45	4.05	1.00000001283718	0.800018433470972	0.0001164098748093	0.400648137382046	1.00000000513487
14.55	4.05	1.0000010474912	0.800016507070124	0.000116043656694392	0.32064637590602	1.00000041899648
14.65	4.05	1.00000272355193	0.800014581672046	0.000115715495789649	0.240644763843085	1.00000108942077
14.75	4.05	1.00000500009649	0.800012643171332	0.000115420711889037	0.160643280082736	1.0000020000386
14.85	4.05	1.00000753586866	0.800009637342081	0.000115155925810765	0.0806419099233082	1.00000301434746
14.95	4.05	1.00000951826961	0.400011623995712	0.000114959101231529	0.000640865641915837	1.00000380730784
0.05	4.15	-4.31235117146482e-06	0.400003853900268	-0.000499237948488537	10.4565214476572	0.599998275059531
0.15	4.15	-4.8856263183684e-06	0.800011834758987	-0.000499323820723464	10.4085211231801	0.599998045749473
0.25	4.15	-5.31957652542173e-06	0.800019791654153	-0.000499500241417999	10.3605203401539	0.59999787216939
0.35	4.15	-4.92020951600403e-06	0.800027662513535	-0.00049975845829483	10.3125190886147	0.599998031916194
0.45	4.15	-2.95708729247293e-06	0.800035424550859	-0.000500088205285365	10.2645173355171	0.599998817165083
0.55	4.15	1.30191888779757e-06	0.800043017983146	-0.000500475654049384	10.2165150268798	0.600000520767555
0.65	4.15	8.49981452546279e-06	0.800050366773414	-0.000500903946922317	10.1685120899698	0.60000339992581
0.75	4.15	1.90977585588827e-05	0.800057389209042	-0.000501361321455177	10.1205084387712	0.600007639103424
0.85	4.15	3.33647347976401e-05	0.800063621165176	-0.000501867045107319	10.0725039808357	0.600013345893919
0.95	4.15	4.84504154859121e-05	0.800069210911582	-0.000502435770371815	10.0244986686225	0.600019380166194
1.05	4.15	6.00101346986675e-05	0.800074078223508	-0.000503052921614611	9.97649257432398	0.600024004053879
1.15	4.15	6.24488270934664e-05	0.80007812520869	-0.000503702129972928	9.92848593811246	0.600024979530837
1.25	4.15	4.94693852001716e-05	0.800081291843889	-0.000504377202746932	9.88047920205332	0.60001978775408
1.35	4.15	1.5190888785483e-05	0.800083558696575	-0.000505093980506739	9.83247301658696	0.600006076355514
1.45	4.15	-4.4227981372461e-05	0.800084938049305	-0.000505885235202148	9.78446820253792	0.599982308807451
1.55	4.15	-0.000128577543354486	0.800085443489385	-0.000506801790903182	9.73646565474745	0.599948568982658
1.65	4.15	-0.000231464021120199	0.800085042622996	-0.00050791846919292	9.68846617898432	0.599907414391552
1.75	4.15	-0.000338474122813717	0.800083594577124	-0.000509340078552741	9.64047026471661	0.599864610350874
1.85	4.15	-0.000426189199053313	0.800080762974456	-0.000511198280601456	9.59247781204263	0.599829524320379
1.95	4.15	-0.000462795463356745	0.800075847896651	-0.00051360751394262	9.54448785181042	0.599814881814657
2.05	4.15	-0.00041170589238948	0.800067375748554	-0.000516509802696779	9.49649833178943	0.599835317643044
2.15	4.15	-0.000241402733001996	0.800056882824535	-0.000519636412363129	9.44850611788152	0.599903438906799
2.25	4.15	8.98600754573381e-05	0.800044125972523	-0.000521945561409609	9.40050695647665	0.600035944030183
2.35	4.15	0.000640959612447518	0.80002696667237	-0.000522386873334237	9.35249507114343	0.600256383844979
2.45	4.15	0.00148234089211041	0.800004610761341	-0.000521275744372304	9.30446269740649	0.600592936356844
2.55	4.15	0.00269919313696048	0.799976131028244	-0.000519275006636819	9.25639964720438	0.601079677254784
2.65	4.15	0.00439147068309679	0.799940779227857	-0.000516471337005017	9.20829281818022	0.601756588273239
2.75	4.15	0.00667464257672439	0.799897762759505	-0.000512591207850714	9.1601257200697	0.60266985703069
2.85	4.15	0.00968166788844099	0.79984622543602	-0.000507225585385461	9.11187796379414	0.603872667155376
2.95	4.15	0.0135661875900256	0.799785340935297	-0.000499927723666954	9.06352466504114	0.60542647503601
3.05	4.15	0.0185071302464683	0.799714435064604	-0.000490248053659713	9.01503571949618	0.607402852098587
3.15	4.15	0.0247151066287244	0.799633115890914	-0.000477755829624398	8.96637489893441	0.60988604265149
3.25	4.15	0.0324410073509208	0.799541404735822	-0.00046206909214677	8.91749870379494	0.612976402940368
3.35	4.15	0.0419870761297697	0.79943984649891	-0.000442900704880816	8.86835489568774	0.616794830451908
3.45	4.15	0.0537202932692893	0.799329548851241	-0.000420122370491053	8.81888063047262	0.621488117307716
3.55	4.15	0.0680869542978661	0.799212062523117	-0.000393843905620484	8.76900013197992	0.627234781719146
3.65	4.15	0.0856255655541974	0.799088981876445	-0.000364497876474635	8.71862190931557	0.634250226221679
3.75	4.15	0.10697230023805	0.798961150906249	-0.000332908214578787	8.66763565801599	0.64278892009522
3.85	4.15	0.132849225031914	0.798827473387696	-0.00030030640215881	8.6159092337593	0.653139690012766
3.95	4.15	0.164021107206312	0.79868363705731	-0.000268245853796943	8.56328647184759	0.665608442882525
4.05	4.15	0.201204351966704	0.79852159659647	-0.000238367441662507	8.50958711883229	0.680481740786681
4.15	4.15	0.244916459417159	0.798331183429705	-0.000212005943820151	8.45461059807668	0.697966583766864
4.25	4.15	0.295272768756156	0.798105029906286	-0.000189710298831403	8.39814542049191	0.718109107502462
4.35	4.15	0.351771925526305	0.797846229185378	-0.000170857225760452	8.33998529932394	0.740708770210522
4.45	4.15	0.413151800240762	0.797574959633579	-0.000153592719144081	8.27995108000192	0.765260720096305
4.55	4.15	0.477413363373732	0.797328256010788	-0.000135248105203206	8.21791474105744	0.790965345349493
4.65	4.15	0.542066658788972	0.797149836209852	-0.000113140975988248	8.15381927541143	0.816826663515589
4.75	4.15	0.604551350237381	0.79707410355781	-8.5430718054203e-05	8.08768809209653	0.841820540094953
4.85	4.15	0.662685422458525	0.797113714260167	-5.16489949624218e-05	8.0196206041485	0.86507416898341
4.95	4.15	0.714978111674477	0.797257589531359	-1.27161122622933e-05	7.9497755944772	0.885991244669791
5.05	4.15	0.760722226481463	0.797478514321428	2.94699336459964e-05	7.87834795446906	0.904288890592585
5.15	4.15	0.799891350954897	0.797744121148012	7.2619957282982e-05	7.80554540138088	0.919956540381959
5.25	4.15	0.832933490839101	0.798025531728015	0.000114574282230761	7.73156996917817	0.93317339633564
5.35	4.15	0.860553548931214	0.798301508999665	0.000153630177934647	7.65660616125941	0.944221419572486
5.45	4.15	0.883540420895334	0.798558896962331	0.000188664824360452	7.58081529137474	0.953416168358134
5.55	4.15	0.90265545794013	0.798791103061367	0.000219108433028441	7.50433436749423	0.961062183176052
5.65	4.15	0.918574836877584	0.798996057375242	0.00024483716317659	7.42727770605221	0.967429934751034
5.75	4.15	0.931869595107805	0.799174414281462	0.000266041696453849	7.34973982569862	0.972747838043122
5.85	4.15	0.943007649885772	0.799328245100194	0.000283105428790208	7.27179866822114	0.977203059954309
5.95	4.15	0.952366260772883	0.79946020010544	0.000296507497499651	7.19351862318281	0.980946504309153
6.05	4.15	0.960247783246859	0.799573024742714	0.000306753697590121	7.11495312936106	0.984099113298744
6.15	4.15	0.966894918840614	0.79966931019691	0.000314332079018557	7.03614680109251	0.986757967536245
6.25	4.15	0.972503824853563	0.799751385130462	0.000319687734018118	6.95713711553577	0.989001529941425
6.35	4.15	0.977234658852583	0.79982128572929	0.000323211195042032	6.87795573119802	0.990893863541033
6.45	4.15	0.981219722784046	0.799880765355085	0.000325235739753265	6.79862951352091	0.992487889113619
6.55	4.15	0.984569599048838	0.79993132162052	0.000326040034102929	6.71918133548293	0.993827839619535
6.65	4.15	0.98737771082345	0.799974229001104	0.00032585360136548	6.63963070881173	0.99495108432938
6.75	4.15	0.989723695055482	0.80001057109902	0.000324863457315869	6.55999428887758	0.995889478022193
6.85	4.15	0.991675904807592	0.80004126997816	0.000323220886104426	6.48028628548732	0.996670361923037
6.95	4.15	0.993293284877329	0.800067111705114	0.00032104777400281	6.40051880312302	0.997317313950932
7.05	4.15	0.994626801784631	0.800088768062116	0.000318442214143354	6.32070212756533	0.997850720713852
7.15	4.15	0.995720559137253	0.800106814757493	0.000315483280950911	6.24084497097419	0.998288223654901
7.25	4.15	0.996612691309137	0.800121746583421	0.000312234984615337	6.1609546839948	0.998645076523655
7.35	4.15	0.997336100278774	0.80013398998182	0.000308749475665334	6.08103744097886	0.99893444011151
7.45	4.15	0.997919080177638	0.800143913444444	0.000305069597171397	6.00109840268534	0.999167632071055
7.55	4.15	0.998385859660071	0.800151836120647	0.000301230889390516	5.92114185964214	0.999354343864028
7.65	4.15	0.998757082079343	0.800158034952994	0.00029726314733794	5.84117135855102	0.999502832831737
7.75	4.15	0.99905023646274	0.800162750609482	0.000293191620865674	5.76118981358883	0.999620094585096
7.85	4.15	0.999280047548944	0.800166192437101	0.000289037934761579	5.68119960411264	0.999712019019578
7.95	4.15	0.999458830043617	0.800168542621239	0.000284820791936344	5.60120266005583	0.999783532017447
8.05	4.15	0.999596810295373	0.800169959702265	0.000280556511408335	5.52120053616183	0.999838724118149
8.15	4.15	0.999702417449623	0.800170581571297	0.00027625944116439	5.44119447611146	0.999880966979849
8.25	4.15	0.999782545546956	0.800170528042921	0.000271942277257399	5.3611854675377	0.999913018218782
8.35	4.15	0.999842787806486	0.800169903082478	0.000267616312626987	5.28117428887294	0.999937115122594
8.45	4.15	0.999887644332979	0.800168796748321	0.000263291633524461	5.20116154892906	0.999955057733192
8.55	4.15	0.99992070460711	0.800167286896718	0.000258977276453184	5.1211477200654	0.999968281842844
8.65	4.15	0.999944806288364	0.800165440685765	0.000254681355558772	5.04113316574939	0.999977922515345
8.75	4.15	0.999962172030191	0.800163315906923	0.000250411167254981	4.96111816326021	0.999984868812076
8.85	4.15	0.99997452614601	0.800160962166063	0.000246173277384002	4.88110292222631	0.999989810458404
8.95	4.15	0.999983193055263	0.800158421932094	0.00024197359479325	4.80108759962523	0.999993277222105
9.05	4.15	0.9999891794745	0.800155731466862	0.000237817433941928	4.72107231180991	0.9999956717898
9.15	4.15	0.999993242300251	0.800152921648757	0.000233709569081532	4.64105714406129	0.9999972969201
9.25	4.15	0.999995944064077	0.800150018699945	0.000229654281202742	4.56104215810449	0.999998377625631
9.35	4.15	0.99999769773452	0.800147044826616	0.000225655399470397	4.48102739796606	0.999999079093808
9.45	4.15	0.999998802505582	0.800144018780399	0.000221716338010072	4.40101289449413	0.999999521002233
9.55	4.15	0.999999472057023	0.800140956348923	0.000217840128848019	4.32099866881242	0.999999788822809
9.65	4.15	0.99999985660733	0.80013787078267	0.000214029451862291	4.24098473493316	0.999999942642932
9.75	4.15	1.00000005991383	0.80013477316474	0.000210286662134006	4.16097110171399	1.00000002396553
9.85	4.15	1.00000015221245	0.80013167273035	0.000206613815222383	4.0809577743087	1.00000006088498
9.95	4.15	1.00000017993682	0.800128577141543	0.000203012690743346	4.00094475523192	1.00000007197473
10.05	4.15	1.00000017291671	0.800125492722952	0.000199484814417412	3.92093204513271	1.00000006916668
10.15	4.15	1.00000014962984	0.800122424663394	0.000196031478972246	3.8409196433513	1.00000005985193
10.25	4.15	1.00000012097193	0.80011937718802	0.00019265376381777	3.76090754831619	1.00000004838877
10.35	4.15	1.00000009291487	0.800116353705028	0.000189352553778569	3.68089575782512	1.00000003716595
10.45	4.15	1.00000006834369	0.80011335693057	0.000186128556897967	3.60088426924268	1.00000002733748
10.55	4.15	1.00000004829693	0.800110388995137	0.000182982321322703	3.5208730796387	1.00000001931877
10.65	4.15	1.00000003278155	0.800107451534076	0.000179914251282667	3.44086218588518	1.00000001311262
10.75	4.15	1.00000002129029	0.800104545764859	0.000176924622253563	3.36085158472443	1.00000000851612
10.85	4.15	1.00000001311585	0.800101672552961	0.000174013595151896	3.28084127281741	1.00000000524634
10.95	4.15	1.00000000753	0.800098832468335	0.000171181229666093	3.20083124677858	1.000000003012
11.05	4.15	1.00000000387577	0.800096025833866	0.000168427496630568	3.12082150320152	1.00000000155031
11.15	4.15	1.00000000160598	0.800093252767111	0.000165752289428699	3.04081203867816	1.00000000064239
11.25	4.15	1.00000000029066	0.800090513216383	0.000163155434433672	2.96080284981356	1.00000000011626
11.35	4.15	0.999999999607771	0.800087806992141	0.000160636700365553	2.88079393323749	0.999999999843108
11.45	4.15	0.99999999932623	0.800085133794299	0.000158195806666814	2.80078528561352	0.999999999730492
11.55	4.15	0.999999999286613	0.800082493236169	0.000155832430724979	2.72077690364622	0.999999999714645
11.65	4.15	0.999999999382218	0.800079884865511	0.000153546214002793	2.64076878408666	0.999999999752887
11.75	4.15	0.999999999541866	0.800077308183042	0.000151336767037463	2.56076092373668	0.999999999816746
11.85	4.15	0.99999999971504	0.800074762658838	0.000149203673211916	2.48075331945175	0.999999999886016
11.95	4.15	0.999999999859842	0.800072247746684	0.000147146491373036	2.4007459681429	0.999999999943937
12.05	4.15	0.999999999934566	0.800069762896792	0.000145164757186238	2.3207388667775	0.999999999973826
12.15	4.15	0.999999999894308	0.800067307566701	0.000143257983253525	2.24073201237917	0.999999999957723
12.25	4.15	0.999999999694713	0.800064881230603	0.000141425657924581	2.16072540202666	0.999999999877885
12.35	4.15	0.999999999305309	0.800062483386845	0.000139667242850561	2.08071903285155	0.999999999722124
12.45	4.15	0.999999998734442	0.800060113563542	0.00013798216920294	2.00071290203484	0.999999999493777
12.55	4.15	0.999999998065774	0.800057771321943	0.000136369832679714	1.92070700680194	0.99999999922631
12.65	4.15	0.999999997502079	0.800055456257263	0.00013482958725943	1.8407013444162	0.999999999000832
12.75	4.15	0.999999997404875	0.800053167996623	0.000133360738035936	1.76069591217101	0.99999999896195
12.85	4.15	0.999999998308562	0.800050906193846	0.000131962533344464	1.68069070738111	0.999999999323425
12.95	4.15	1.0000000008763	0.800048670521176	0.000130634156816751	1.6006857273749	1.00000000035052
13.05	4.15	1.00000000575515	0.800046460658446	0.000129374720164943	1.52068096949021	1.00000000230206
13.15	4.15	1.00000001328631	0.800044276281078	0.000128183257870646	1.44067643107802	1.00000000531452
13.25	4.15	1.00000002304089	0.800042117049175	0.000127058725204628	1.36067210951921	1.00000000921636
13.35	4.15	1.00000003319511	0.800039982601033	0.000126000001086419	1.28066800226015	1.00000001327804
13.45	4.15	1.00000003984108	0.800037872554984	0.000125005897027079	1.20066410687079	1.00000001593643
13.55	4.15	1.00000003645862	0.800035786523135	0.000124075172447887	1.12066042112389	1.00000001458345
13.65	4.15	1.0000000139418	0.800033724138229	0.00012320655482855	1.04065694308426	1.00000000557672
13.75	4.15	0.999999961753381	0.800031685089901	0.000122398760187342	0.960653671180882	0.999999984701352
13.85	4.15	0.999999870903405	0.800029669157744	0.000121650505580319	0.880650604214997	0.999999948361362
13.95	4.15	0.999999739404556	0.800027676216254	0.000120960500936191	0.800647741235011	0.999999895761823
14.05	4.15	0.999999580488028	0.800025706172157	0.000120327404518683	0.720645081194391	0.999999832195211
14.15	4.15	0.999999432983538	0.800023758781608	0.000119749726652201	0.640642622313321	0.999999773193415
14.25	4.15	0.999999371711791	0.800021833291114	0.000119225673895597	0.560640361108811	0.999999748684716
14.35	4.15	0.999999513459042	0.800019927862743	0.000118752944924331	0.480638291163054	0.999999805383617
14.45	4.15	1.00000001131275	0.800018038795785	0.000118328523609768	0.400636401886138	1.0000000045251
14.55	4.15	1.00000102748911	0.800016159658594	0.000117948566050643	0.32063467780263	1.00000041099564
14.65	4.15	1.00000267356437	0.800014280604558	0.000117608541908686	0.240633099227019	1.00000106942575
14.75	4.15	1.00000490926828	0.800012387929501	0.00011730385237614	0.160631645512376	1.00000196370731
14.85	4.15	1.00000739941362	0.800009446943438	0.000117031199483532	0.0806303022919324	1.00000295976545
14.95	4.15	1.00000934604345	0.400011406233504	0.000116829314379873	0.000629277994066316	1.00000373841738
0.05	4.25	-4.29385825661864e-06	0.400003812652733	-0.000507093250526733	10.4565516390983	0.599998282456697
0.15	4.25	-4.85306214697686e-06	0.800011706708073	-0.000507153210409193	10.4085513189792	0.599998058775141
0.25	4.25	-5.25741199514648e-06	0.800019577074909	-0.000507274678625785	10.3605505448772	0.599997897035202
0.35	4.25	-4.80832738200765e-06	0.800027362978733	-0.00050744519255143	10.3125493061851	0.599998076669047
0.45	4.25	-2.76944354670209e-06	0.800035043176213	-0.000507648074696535	10.2645475690244	0.599998892222581
0.55	4.25	1.59414536425982e-06	0.800042562507596	-0.000507859087187998	10.2165452782061	0.600000637658146
0.65	4.25	8.91014504553442e-06	0.800049852443878	-0.000508045856761303	10.1685423594316	0.600003564058018
0.75	4.25	1.95675212883343e-05	0.800056840195152	-0.000508179281465662	10.1205387255557	0.600007827008515
0.85	4.25	3.3674494034305e-05	0.800063135274632	-0.000508300295589459	10.0725342861143	0.600013469797614
0.95	4.25	4.86503211304123e-05	0.800068784734229	-0.000508410269796458	10.0245289938903	0.600019460128452
1.05	4.25	6.00760863055772e-05	0.800073770891989	-0.000508431050893282	9.97652291795207	0.600024030434522
1.15	4.25	6.23039096869055e-05	0.800078010097985	-0.00050830409746622	9.92851629604207	0.600024921563875
1.25	4.25	4.89276907138209e-05	0.80008147874727	-0.000507991396909285	9.88050956877283	0.600019571076286
1.35	4.25	1.39733741550895e-05	0.800084183840384	-0.000507488202554901	9.83250338676152	0.600005589349662
1.45	4.25	-4.6489051960534e-05	0.80008616395494	-0.000506807541251114	9.78449857217084	0.599981404379216
1.55	4.25	-0.000132344975670742	0.80008745638756	-0.000505984919813715	9.73649602254423	0.599947062009732
1.65	4.25	-0.000237294484213315	0.800088043913227	-0.000505086686323825	9.68849654823484	0.599905082206315
1.75	4.25	-0.000346991013824925	0.800087783638212	-0.000504214649636055	9.64050064560766	0.59986120359447
1.85	4.25	-0.000438000947012618	0.800086312818365	-0.000503505194122692	9.59250822386307	0.599824799621195
1.95	4.25	-0.000478292042414769	0.800082898248864	-0.000503113559453537	9.54451832294603	0.599808683183034
2.05	4.25	-0.000430547325594884	0.800076067751179	-0.000503083348237891	9.49652888971582	0.599827781069762
2.15	4.25	-0.000261657126525832	0.800067156139788	-0.000502493133975064	9.44853675223302	0.59989533714939
2.25	4.25	7.03992035525236e-05	0.800055946830418	-0.000499751475373091	9.40053757819734	0.600028159681421
2.35	4.25	0.000622137586412841	0.800040672253479	-0.000493878567319438	9.35252553249383	0.600248855034565
2.45	4.25	0.00146040759709419	0.800021538454194	-0.000485544367189684	9.30449287842969	0.600584163038838
2.55	4.25	0.00267124278248054	0.79999737638471	-0.000475751910093507	9.2564294789972	0.601068497112992
2.65	4.25	0.00435542200745809	0.799967600794631	-0.000464325596296957	9.20832223399433	0.601742168802983
2.75	4.25	0.00662854574854216	0.799931592907359	-0.000450750621133535	9.16015463087812	0.602651418299417
2.85	4.25	0.00962323362422949	0.799888712458155	-0.000434481856012007	9.11190625187582	0.603849293449692
2.95	4.25	0.013492518564967	0.799838414707707	-0.000415015795796686	9.06355218377707	0.605397007425987
3.05	4.25	0.0184145354149823	0.799780362842522	-0.000391915035992733	9.0150622949951	0.607365814165993
3.15	4.25	0.0245989313153202	0.799714536665704	-0.000364845869874739	8.96640033317407	0.609839572526128
3.25	4.25	0.0322954565604189	0.799641336653559	-0.000333643519775535	8.91752278038779	0.612918182624168
3.35	4.25	0.041805034653106	0.79956165857278	-0.00029840792450369	8.86837738982624	0.616722013861242
3.45	4.25	0.0534931660622817	0.799476883002267	-0.000259628535359598	8.81890132473107	0.621397266424913
3.55	4.25	0.0678045742622112	0.799388687752969	-0.000218329198575359	8.76901883947627	0.627121829704885
3.65	4.25	0.0852762493569318	0.799298560660796	-0.000176209820651165	8.71863850499586	0.634110499742773
3.75	4.25	0.106543178021268	0.799206900710993	-0.000135738444505455	8.66765011707592	0.642617271208507
3.85	4.25	0.132327020045084	0.799111716545876	-0.000100118181213771	8.61592167299169	0.652930808018034
3.95	4.25	0.163393571774504	0.79900725375624	-7.30302021569883e-05	8.56329718482756	0.665357428709802
4.05	4.25	0.200462522567612	0.79888343169663	-5.80635518181582e-05	8.50959659010043	0.680185009027045
4.15	4.25	0.244057693211972	0.798727508531235	-5.78228482745109e-05	8.45461947744677	0.697623077284789
4.25	4.25	0.294304099478465	0.798529218669134	-7.2877692514071e-05	8.39815444104896	0.717721639791386
4.35	4.25	0.350712691572371	0.798288838321186	-0.000100934704394886	8.33999513679848	0.740285076628948
4.45	4.25	0.41203408096855	0.798024368911386	-0.000136721859743628	8.27996217764666	0.76481363238742
4.55	4.25	0.476279049683478	0.797771863407188	-0.000172892861077534	8.21792715286637	0.790511619873391
4.65	4.25	0.540961266493591	0.797575563422153	-0.000201775969829524	8.15383259133548	0.816384506597436
4.75	4.25	0.603516398760225	0.797471790974247	-0.000217295798030398	8.08770148556005	0.84140655950409
4.85	4.25	0.661752092816337	0.797476024436383	-0.000216279171549061	8.01963299136628	0.864700837126535
4.95	4.25	0.714164189133651	0.79758027523255	-0.000198719980577562	7.94978584755958	0.88566567565346
5.05	4.25	0.760032603371667	0.797760159626271	-0.000167125202949021	7.87835509584409	0.904013041348667
5.15	4.25	0.799320918195388	0.797985582102094	-0.000125410747093392	7.80554872904044	0.919728367278155
5.25	4.25	0.832470828817075	0.798229284498981	-7.78263138698997e-05	7.7315690996202	0.93298833152683
5.35	4.25	0.860184239512132	0.798471038513663	-2.81899650640342e-05	7.65660100643078	0.944073695804853
5.45	4.25	0.883249455849543	0.798698189874876	2.05055553185796e-05	7.58080599778249	0.953299782339817
5.55	4.25	0.902428710998955	0.798904264099103	6.6187333395351e-05	7.50432124331888	0.960971484399582
5.65	4.25	0.918399800103248	0.799087043425424	0.000107612791733897	7.42726115344532	0.967359920041299
5.75	4.25	0.931735626835801	0.799246868635732	0.000144197691693274	7.34972028658379	0.972694250734321
5.85	4.25	0.94290593991703	0.799385409957163	0.000175829681832587	7.2717765855659	0.977162375966812
5.95	4.25	0.9522896550377	0.799504885752247	0.000202703590629832	7.19349441618817	0.98091586201508
6.05	4.25	0.960190554960702	0.799607616679676	0.000225192166955807	7.11492717961082	0.984076221984281
6.15	4.25	0.966852534162415	0.799695799333295	0.000243753003267296	7.03611944655132	0.986741013664966
6.25	4.25	0.972472726599774	0.799771410081723	0.000258866371393706	6.95710864971907	0.988989090639909
6.35	4.25	0.977212077744413	0.799836179649554	0.000270996894915205	6.87792640545419	0.990884831097765
6.45	4.25	0.981203518198495	0.799891602442884	0.00028057231042196	6.79859954096009	0.992481407279398
6.55	4.25	0.984558127584832	0.799938960438312	0.000287973752708202	6.71915089557653	0.993823251033933
6.65	4.25	0.987369719460563	0.799979351147553	0.000293533350898012	6.63959995205521	0.994947887784225
6.75	4.25	0.989718235261763	0.800013714696326	0.000297536134448731	6.55996334116919	0.995887294104705
6.85	4.25	0.991672264076783	0.800042858009191	0.000300224215852493	6.48025525204994	0.996668905630713
6.95	4.25	0.993290932537667	0.80006747556182	0.000301801938132418	6.40048777190707	0.997316373015067
7.05	4.25	0.99462534636144	0.800088166828564	0.000302441185632082	6.32067117213661	0.997850138544576
7.15	4.25	0.995719714990088	0.800105450807255	0.000302286404550676	6.24081415292665	0.998287885996035
7.25	4.25	0.996612252664685	0.800119778064135	0.000301459106285518	6.16092405494496	0.998644901065874
7.35	4.25	0.997335921129448	0.800131540717069	0.000300061768979824	6.08100704420291	0.998934368451779
7.45	4.25	0.997919058810511	0.800141080723747	0.000298181136666151	6.00106827445814	0.999167623524205
7.55	4.25	0.99838592682515	0.800148696783581	0.000295890961521513	5.9211120303312	0.99935437073006
7.65	4.25	0.998757192005957	0.800154650109315	0.000293254255601839	5.84114185351169	0.999502876802383
7.75	4.25	0.999050360094756	0.800159169279197	0.000290325125060537	5.76116065389911	0.999620144037903
7.85	4.25	0.999280167499826	0.800162454341945	0.000287150257220631	5.68117080717946	0.99971206699993
7.95	4.25	0.999458936876805	0.800164680314776	0.000283770124266519	5.6011742401182	0.999783574750722
8.05	4.25	0.999596899819019	0.800166000188077	0.000280219958448286	5.52117250471133	0.999838759927608
8.15	4.25	0.999702488781366	0.80016654752774	0.000276530544667871	5.44116684224613	0.999880995512547
8.25	4.25	0.999782599757597	0.800166438747403	0.000272728868012387	5.36115823826214	0.999913039903039
8.35	4.25	0.999842826993825	0.8001657751077	0.000268838646153483	5.28114746935442	0.99993713079753
8.45	4.25	0.999887671010779	0.800164644486586	0.000264880770290981	5.20113514271768	0.999955068404311
8.55	4.25	0.999920721320962	0.800163122955409	0.000260873673482812	5.12112172928443	0.999968288528385
8.65	4.25	0.999944815391461	0.800161276186656	0.000256833640441728	5.04110759126084	0.999977926156584
8.75	4.25	0.999962175568719	0.800159160714369	0.000252775070261087	4.9610930048095	0.999984870227487
8.85	4.25	0.999974525817011	0.800156825062731	0.000248710700729113	4.88107817856938	0.999989810326804
8.95	4.25	0.999983190209987	0.800154310756065	0.000244651801092452	4.80106326864069	0.999993276083995
9.05	4.25	0.999989175148102	0.800151653220669	0.000240608338606278	4.72104839059836	0.999995670059241
9.15	4.25	0.99999323725464	0.800148882587714	0.000236589123154454	4.64103362903368	0.999997294901856
9.25	4.25	0.999995938835157	0.800146024405525	0.000232601933477154	4.56101904506095	0.999998375534063
9.35	4.25	0.999997692678331	0.800143100268694	0.000228653627798948	4.48100468216651	0.999999077071333
9.45	4.25	0.999998797840177	0.800140128371393	0.000224750241072161	4.40099057072163	0.999999519136071
9.55	4.25	0.999999467898507	0.800137123991807	0.00022089707100837	4.32097673143024	0.999999787159403
9.65	4.25	0.999999852999615	0.80013409991414	0.000217098754295966	4.24096317793622	0.999999941199846
9.75	4.25	1.00000005685229	0.800131066794832	0.000213359334488906	4.16094991877533	1.00000002274092
9.85	4.25	1.00000014966206	0.800128033478862	0.000209682322689706	4.0809369588215	1.00000005986482
9.95	4.25	1.00000017784563	0.800125007272036	0.000206070751972127	4.00092430034749	1.00000007113825
10.05	4.25	1.00000017122531	0.800121994174344	0.000202527226372893	3.92091194379485	1.00000006849012
10.15	4.25	1.00000014827789	0.800118999079655	0.000199053965154935	3.84089988832734	1.00000005931115
10.25	4.25	1.00000011990221	0.800116025945903	0.000195652842886734	3.76088813222501	1.00000004796089
10.35	4.25	1.00000009207564	0.800113077940011	0.000192325425816892	3.6808766731624	1.00000003683026
10.45	4.25	1.00000006768976	0.800110157561176	0.000189073004920577	3.60086550840354	1.0000000270759
10.55	4.25	1.00000004778994	0.800107266745513	0.000185896626061126	3.52085463493803	1.00000001911598
10.65	4.25	1.00000003238966	0.800104406955066	0.000182797117371933	3.44084404957575	1.00000001295586
10.75	4.25	1.00000002098759	0.800101579253475	0.000179775114246864	3.36083374901303	1.00000000839504
10.85	4.25	1.00000001288162	0.800098784370359	0.0001768310820217	3.28082372987909	1.00000000515265
10.95	4.25	1.00000000734789	0.800096022756354	0.00017396533662243	3.20081398876925	1.00000000293916
11.05	4.25	1.00000000373301	0.800093294630076	0.000171178063150611	3.12080452226895	1.0000000014932
11.15	4.25	1.00000000149267	0.80009060001845	0.000168469332721201	3.04079532697159	1.00000000059707
11.25	4.25	1.00000000019914	0.800087938791468	0.000165839117491641	2.96078639949203	1.00000000007966
11.35	4.25	0.999999999532039	0.800085310692134	0.000163287304053289	2.88077773647703	0.999999999812816
11.45	4.25	0.999999999261542	0.800082715362423	0.000160813705141695	2.80076933461337	0.999999999704617
11.55	4.25	0.999999999229143	0.800080152365922	0.000158418069911001	2.72076119063409	0.999999999691657
11.65	4.25	0.999999999328868	0.800077621207478	0.000156100092637015	2.64075330132337	0.999999999731547
11.75	4.25	0.999999999490207	0.800075121350407	0.000153859419970781	2.56074566352006	0.999999999796083
11.85	4.25	0.999999999663394	0.800072652231521	0.000151695656807751	2.48073827412016	0.999999999865358
11.95	4.25	0.999999999807499	0.800070213274173	0.000149608370752835	2.40073113007833	0.999999999923
12.05	4.25	0.999999999882095	0.800067803899643	0.000147597095231058	2.32072422840851	0.999999999952838
12.15	4.25	0.999999999843884	0.800065423536764	0.000145661331289299	2.24071756618365	0.999999999937554
12.25	4.25	0.999999999650328	0.800063071629968	0.000143800548103194	2.16071114053466	0.999999999860131
12.35	4.25	0.999999999272674	0.800060747645691	0.000142014182187597	2.08070494864835	0.99999999970907
12.45	4.25	0.999999998720325	0.800058451076857	0.000140301635419602	2.00069898776413	0.99999999948813
12.55	4.25	0.999999998076542	0.800056181445381	0.000138662271822391	1.92069325516959	0.999999999230617
12.65	4.25	0.999999997541242	0.800053938302286	0.000137095413306467	1.84068774819444	0.999999999016497
12.75	4.25	0.999999997469684	0.800051721225164	0.000135600334512618	1.76068246420321	0.999999998987874
12.85	4.25	0.999999998386101	0.80004952981282	0.000134176257080798	1.68067740058734	0.999999999354441
12.95	4.25	1.00000000094011	0.800047363677151	0.000132822343870813	1.60067255475803	1.00000000037605
13.05	4.25	1.00000000576433	0.800045222432871	0.000131537693965015	1.52066792414272	1.00000000230573
13.15	4.25	1.0000000131897	0.800043105686427	0.000130321339531928	1.44066350618917	1.00000000527588
13.25	4.25	1.00000002278987	0.800041013026375	0.000129172245911959	1.3606592983823	1.00000000911595
13.35	4.25	1.00000003276805	0.800038944018486	0.000128089316376935	1.28065529827943	1.00000001310722
13.45	4.25	1.00000003928108	0.800036898209426	0.000127071402699105	1.20065150356731	1.00000001571243
13.55	4.25	1.00000003592192	0.800034875142426	0.000126117321715718	1.12064791213984	1.00000001436877
13.65	4.25	1.00000001374714	0.800032874386162	0.000125225876205977	1.04064452218518	1.00000000549886
13.75	4.25	0.999999962411952	0.800030895573067	0.000124395875451391	0.960641332255868	0.999999984964781
13.85	4.25	0.999999873095717	0.800028938434573	0.000123626146876226	0.880638341275609	0.999999949238287
13.95	4.25	0.999999743858087	0.800027002808794	0.000122915525941522	0.800635548415146	0.999999897543235
14.05	4.25	0.999999587703237	0.800025088581593	0.000122262808258818	0.72063295275471	0.999999835081295
14.15	4.25	0.999999442765728	0.8000231955095	0.000121666648379751	0.640630552655517	0.999999777106291
14.25	4.25	0.999999382505074	0.800021322869175	0.00012112539747684	0.560628344805759	0.999999753002029
14.35	4.25	0.999999521560358	0.800019468894648	0.00012063689145082	0.480626323009757	0.999999808624143
14.45	4.25	1.00000001017903	0.800017630014316	0.000120198236016106	0.400624476971814	1.00000000407161
14.55	4.25	1.00000100753775	0.800015799999313	0.000119805687285343	0.32062279159457	1.0000004030151
14.65	4.25	1.00000262308074	0.800013969292255	0.00011945479112418	0.240621247640706	1.0000010492323
14.75	4.25	1.00000481720951	0.800012124575276	0.00011914100736465	0.160619824919968	1.0000019268838
14.85	4.25	1.00000726091868	0.800009250996665	0.000118861098090937	0.0806185093934992	1.00000290436747
14.95	4.25	1.00000917115076	0.400011184023381	0.000118654519986442	0.000617505566085398	1.0000036684603
0.05	4.35	-4.27899755272994e-06	0.400003785235078	-0.000514875198756489	10.4565822992466	0.599998288400979
0.15	4.35	-4.82414195363741e-06	0.800011620864428	-0.000514910163115002	10.4085819819421	0.599998070343219
0.25	4.35	-5.19762325262597e-06	0.800019434613209	-0.000514977855420663	10.360581213476	0.599997920950699
0.35	4.35	-4.69428842304392e-06	0.800027167779792	-0.000515063475599517	10.3125799824172	0.599998122284631
0.45	4.35	-2.56856505109299e-06	0.800034801267714	-0.000515146264880333	10.2645782537488	0.599998972573979
0.55	4.35	1.92351823694153e-06	0.800042284709457	-0.000515196740949776	10.2165759706111	0.600000769407295
0.65	4.35	9.40593777160249e-06	0.800049557198594	-0.000515177048665969	10.1685730564118	0.600003762375109
0.75	4.35	2.01912132317484e-05	0.800056543170567	-0.000515050781530361	10.1205694216588	0.600008076485293
0.85	4.35	3.39534385958929e-05	0.800063066328763	-0.000514839859481383	10.0725649788202	0.600013581375438
0.95	4.35	4.88272864188934e-05	0.800068870200316	-0.000514533972756362	10.0245596804147	0.600019530914568
1.05	4.35	6.01578655247245e-05	0.800074100974527	-0.000514036292756067	9.97655358907649	0.60002406314621
1.15	4.35	6.22538015901046e-05	0.800078672656821	-0.000513244643167672	9.92854693772242	0.600024901520636
1.25	4.35	4.8510627387102e-05	0.800082635470177	-0.00051209056415265	9.8805401635961	0.600019404250955
1.35	4.35	1.28422697193252e-05	0.800086027535979	-0.000510548450803655	9.83253391632755	0.600005136907888
1.45	4.35	-4.87857212222351e-05	0.800088921884872	-0.000508607785951643	9.78452901814937	0.599980485711511
1.55	4.35	-0.000136380502039629	0.800091391103026	-0.000506283628463642	9.73652636817461	0.599945447799184
1.65	4.35	-0.000243770808411521	0.800093450572783	-0.000503624460267982	9.68852678039504	0.599902491676635
1.75	4.35	-0.000356728879678952	0.800094982786288	-0.00050071066015729	9.64053075707756	0.599857308448128
1.85	4.35	-0.000451916506264717	0.800095634945782	-0.000497643616578604	9.59253821562581	0.599819233397494
1.95	4.35	-0.000497289423797009	0.800094671883249	-0.00049452500306401	9.54454820679277	0.599801084230481
2.05	4.35	-0.000454648816715706	0.800090835336951	-0.000491349519663714	9.49655868507263	0.599818140473314
2.15	4.35	-0.000284697636471884	0.800083144083211	-0.000487157829194104	9.4485664071523	0.599886120945411
2.25	4.35	4.90673369339833e-05	0.800074204388278	-0.000479994180207812	9.40056693008529	0.600019626934774
2.35	4.35	0.00060230690478859	0.80006132618251	-0.000468688897361085	9.35255436177341	0.600240922761915
2.45	4.35	0.00143438786140883	0.800047628986834	-0.000454461430053983	9.30452102008327	0.600573755144563
2.55	4.35	0.00263565549269002	0.800030264918688	-0.000438398625215748	9.25645683973123	0.601054262197076
2.65	4.35	0.00430824876497471	0.800008822175374	-0.000419915785527543	9.20834869967285	0.60172329950599
2.75	4.35	0.00656759027505577	0.79998288188816	-0.000398376203186247	9.16018004980913	0.602627036110022
2.85	4.35	0.00954558466901057	0.799952109022302	-0.000373219496940642	9.11193043675074	0.603818233867604
2.95	4.35	0.0133943324586352	0.799916345543768	-0.000343963149890531	9.06357491555481	0.605357732983454
3.05	4.35	0.0182908639647304	0.799875689374862	-0.000310225520605673	9.01508332731015	0.607316345585892
3.15	4.35	0.0244435200019219	0.799830577255975	-0.000271785171121983	8.96641939908498	0.609777408000769
3.25	4.35	0.032100504264732	0.799781860957713	-0.000228676224460729	8.91753960369756	0.612840201705893
3.35	4.35	0.0415609295830682	0.799730842343025	-0.000181320159520039	8.86839170330784	0.616624371833227
3.45	4.35	0.0531882315202986	0.799679205120147	-0.000130691706445571	8.81891289764438	0.62127529260812
3.55	4.35	0.0674248871080904	0.799628747240473	-7.85064725744484e-05	8.76902751646728	0.626969954843236
3.65	4.35	0.0848056407756798	0.799580790260167	-2.73981403285206e-05	8.71864425730815	0.633922256310272
3.75	4.35	0.105963593045025	0.799535157375064	1.89779653417303e-05	8.6676531042902	0.64238543721801
3.85	4.35	0.13161949070635	0.799488741087417	5.60167613054871e-05	8.61592230851642	0.65264779628254
3.95	4.35	0.162540114889003	0.799434015973199	7.85425253489895e-05	8.56329619080127	0.665016045955601
4.05	4.35	0.199449229641989	0.799358417515596	8.16125073478874e-05	8.50959501834842	0.679779691856796
4.15	4.35	0.242879014201292	0.79924606403168	6.17528898102596e-05	8.45461866652085	0.697151605680517
4.25	4.35	0.292967725402212	0.799083135599469	1.84021459512757e-05	8.39815588241414	0.717187090160885
4.35	4.35	0.349243583482635	0.798866417152773	-4.49549214338604e-05	8.34000024416769	0.739697433393054
4.45	4.35	0.410475529362406	0.798611164079328	-0.000120625943862029	8.27997199411341	0.764190211744962
4.55	4.35	0.474688966575474	0.798352132934474	-0.000197943348326215	8.21794207659457	0.78987558663019
4.65	4.35	0.539403684434763	0.798134138067426	-0.000265662159434897	8.15385222155203	0.815761473773905
4.75	4.35	0.602050644613637	0.797995833338905	-0.0003146233663959	8.08772465971605	0.840820257845455
4.85	4.35	0.660423517181961	0.797956179782187	-0.000339613138457295	8.01965800831484	0.864169406872784
4.95	4.35	0.712999450835215	0.798011017606005	-0.000339824294999302	7.94981079519378	0.885199780334086
5.05	4.35	0.759040064138801	0.798139470919782	-0.000318057645267842	7.87837817197881	0.90361602565552
5.15	4.35	0.798494566340324	0.798314258460795	-0.000279274576678582	7.80556847099663	0.91939782653613
5.25	4.35	0.831795465997579	0.798510136376515	-0.000229142085720806	7.73158449225291	0.932718186399032
5.35	4.35	0.859640204266705	0.798708148063765	-0.000172958701424211	7.65661148482179	0.943856081706682
5.45	4.35	0.88281608786404	0.798896298766825	-0.000115062371712414	7.58081138268369	0.953126435145616
5.55	4.35	0.90208648050105	0.799068309990446	-5.86391715148791e-05	7.50432164757968	0.96083459220042
5.65	4.35	0.91813137846841	0.799221835775686	-5.78893471777431e-06	7.42725688692201	0.967252551387364
5.75	4.35	0.931526251673313	0.799356882353924	4.22838513129165e-05	7.34971177459273	0.972610500669325
5.85	4.35	0.942743372151145	0.79947467141581	8.50451687607879e-05	7.27176430635601	0.977097348860458
5.95	4.35	0.952163934601871	0.799576926391621	0.000122423607934419	7.19347885713213	0.980865573840748
6.05	4.35	0.960093681325592	0.799665472659033	0.000154641154480854	7.11490880911089	0.984037472530237
6.15	4.35	0.966778140751023	0.799742039986558	0.000182086692771518	7.03609869789544	0.986711256300409
6.25	4.35	0.972415782314644	0.799808182296507	0.000205227633340622	6.95708591337162	0.988966312925858
6.35	4.35	0.977168628368521	0.799865259137487	0.000224551957016322	6.87790202691451	0.990867451347408
6.45	4.35	0.981170469707517	0.799914445965217	0.000240532798027197	6.79857382203971	0.992468187883007
6.55	4.35	0.984533068355923	0.799956755377566	0.000253608804397527	6.71912409758034	0.993813227342369
6.65	4.35	0.987350776397294	0.799993060465883	0.000264174995697254	6.63957229985483	0.994940310558917
6.75	4.35	0.989703958458619	0.800024116431991	0.000272580245832921	6.55993502752842	0.995881583383448
6.85	4.35	0.991661534979795	0.800050579168496	0.000279128683289754	6.48022644182304	0.996664613991918
6.95	4.35	0.993282891178307	0.80007302068264	0.000284083193183285	6.4004586059063	0.997313156471323
7.05	4.35	0.994619333927953	0.800091941713411	0.000287669853535545	6.32064177057843	0.997847733571181
7.15	4.35	0.995715228651587	0.800107782018845	0.000290082590722023	6.24078461843514	0.998286091460635
7.25	4.35	0.996608910137877	0.800120928791009	0.000291487644160005	6.16089447513071	0.998643564055151
7.35	4.35	0.997333432964848	0.800131723586163	0.000292027629423555	6.08097749385607	0.998933373185939
7.45	4.35	0.997917206778158	0.800140468081686	0.000291825114076093	6.00103881740242	0.999166882711263
7.55	4.35	0.998384547108419	0.800147428903448	0.000290985694268299	5.92108272098678	0.999353818843367
7.65	4.35	0.998756162177147	0.800152841713702	0.000289600602267904	5.84111273821203	0.999502464870859
7.75	4.35	0.999049589058553	0.80015691470744	0.000287748894605285	5.76113177200179	0.999619835623421
7.85	4.35	0.999279587760212	0.800159831633007	0.000285499277592019	5.68114219200554	0.999711835104085
7.95	4.35	0.999458498617843	0.800161754428075	0.000282911626542268	5.60114591974959	0.999783399447137
8.05	4.35	0.999596566397052	0.800162825542092	0.000280038250166474	5.52114450267012	0.999838626558821
8.15	4.35	0.999702233311268	0.800163170001099	0.000276924945212841	5.44113917807603	0.999880893324507
8.25	4.35	0.999782402543281	0.800162897257874	0.000273611879526682	5.36113092802822	0.999912961017313
8.35	4.35	0.999842673606876	0.800162102860527	0.000270134335239002	5.28112052607444	0.999937069442751
8.45	4.35	0.999887550863708	0.80016086996457	0.000266523337663689	5.20110857673589	0.999955020345483
8.55	4.35	0.999920626615441	0.800159270707119	0.000262806190675421	5.12109554859664	0.999968250646176
8.65	4.35	0.999944740348737	0.800157367457401	0.000259006935110515	5.04108180179803	0.999977896139495
8.75	4.35	0.999962115870666	0.800155213954166	0.000255146743543831	4.96106761068603	0.999984846348266
8.85	4.35	0.999974478203026	0.800152856338399	0.000251244261706163	4.8810531823008	0.99998979128121
8.95	4.35	0.999983152188138	0.800150334088001	0.000247315905263202	4.80103867133528	0.999993260875255
9.05	4.35	0.999989144789196	0.800147680860437	0.000243376118666718	4.72102419212601	0.999995657915678
9.15	4.35	0.999993213045864	0.800144925249085	0.000239437601601837	4.64100982817504	0.999997285218346
9.25	4.35	0.999995919576103	0.80014209145825	0.000235511507806434	4.5609956396394	0.999998367830441
9.35	4.35	0.999997677406857	0.800139199902743	0.000231607619802791	4.48098166916516	0.999999070962743
9.45	4.35	0.999998785779097	0.800136267737286	0.000227734503057578	4.4009679463872	0.999999514311639
9.55	4.35	0.999999458416738	0.800133309321465	0.000223899642076523	4.32095449136529	0.999999783366695
9.65	4.35	0.999999845583305	0.800130336625853	0.00022010956081263	4.24094131718134	0.999999938233322
9.75	4.35	1.00000005108286	0.800127359584995	0.000216369929445749	4.16092843188226	1.00000002043315
9.85	4.35	1.00000014519908	0.800124386402709	0.000212685659227015	4.08091583991831	1.00000005807963
9.95	4.35	1.00000017441312	0.800121423814911	0.000209060986794697	4.00090354319665	1.00000006976525
10.05	4.35	1.00000016860058	0.800118477315133	0.000205499549362629	3.92089154184502	1.00000006744023
10.15	4.35	1.00000014628224	0.800115551347222	0.000202004451802585	3.8408798347595	1.0000000585129
10.25	4.35	1.00000011839319	0.800112649469595	0.000198578326571649	3.7608684199935	1.00000004735728
10.35	4.35	1.00000009094047	0.800109774494929	0.000195223387376333	3.68085729503145	1.00000003637619
10.45	4.35	1.00000006683984	0.800106928608761	0.000191941477242812	3.60084645697973	1.00000002673593
10.55	4.35	1.00000004715618	0.800104113470045	0.000188734111552721	3.520835902699	1.00000001886247
10.65	4.35	1.00000003191863	0.800101330296469	0.000185602516698135	3.44082562889567	1.00000001276745
10.75	4.35	1.00000002063831	0.800098579936762	0.000182547664682068	3.360815632185	1.00000000825532
10.85	4.35	1.00000001262289	0.800095862932131	0.000179570304141886	3.28080590913493	1.00000000504916
10.95	4.35	1.00000000715614	0.800093179568474	0.000176670988118705	3.20079645629678	1.00000000286246
11.05	4.35	1.00000000359054	0.800090529920847	0.000173850098840877	3.12078727022715	1.00000000143621
11.15	4.35	1.00000000138624	0.800087913891541	0.000171107869800632	3.04077834750376	1.0000000005545
11.25	4.35	1.00000000011885	0.800085331242573	0.000168444405326146	2.9607696847373	1.00000000004754
11.35	4.35	0.999999999470437	0.800082781623679	0.00016585969786023	2.88076127858025	0.999999999788175
11.45	4.35	0.999999999212952	0.800080264596392	0.000163353643104703	2.80075312573367	0.999999999685181
11.55	4.35	0.999999999189157	0.800077779654859	0.000160926053147052	2.72074522295232	0.999999999675663
11.65	4.35	0.999999999294015	0.800075326243814	0.000158576667725136	2.64073756704848	0.999999999717606
11.75	4.35	0.99999999945779	0.800072903774144	0.00015630516376818	2.56073015489467	0.999999999783116
11.85	4.35	0.999999999631479	0.80007051163638	0.000154111163242229	2.48072298342542	0.999999999852592
11.95	4.35	0.999999999775052	0.80006814921225	0.000151994239460738	2.40071604963827	0.999999999910021
12.05	4.35	0.999999999849225	0.800065815884642	0.000149953921903634	2.32070935059396	0.99999999993969
12.15	4.35	0.999999999812124	0.800063511045863	0.000147989699655518	2.24070288341594	0.99999999992485
12.25	4.35	0.999999999622819	0.800061234104476	0.000146101023485903	2.16069664528915	0.999999999849128
12.35	4.35	0.999999999254077	0.800058984490507	0.000144287306688409	2.08069063345791	0.999999999701631
12.45	4.35	0.999999998716218	0.80005676165894	0.00014254792467102	2.00068484522288	0.999999999486487
12.55	4.35	0.999999998092051	0.800054565091354	0.000140882213461968	1.92067927793673	0.999999999236821
12.65	4.35	0.999999997578738	0.800052394295391	0.000139289467154144	1.84067392899845	0.999999999031495
12.75	4.35	0.999999997525571	0.800050248801817	0.00013776893453307	1.76066879584654	0.999999999010229
12.85	4.35	0.999999998447122	0.800048128159047	0.000136319815171548	1.68066387595147	0.999999999378849
12.95	4.35	1.00000000098024	0.800046031925187	0.000134941255526789	1.60065916680909	1.00000000039209
13.05	4.35	1.00000000574406	0.800043959658297	0.000133632345784355	1.52065466593747	1.00000000229763
13.15	4.35	1.0000000130606	0.800041910906141	0.000132392118488553	1.44065037088119	1.00000000522424
13.25	4.35	1.00000002250758	0.800039885197701	0.000131219550328621	1.36064627922813	1.00000000900303
13.35	4.35	1.00000003231706	0.800037882039655	0.000130113568391605	1.28064238864408	1.00000001292682
13.45	4.35	1.00000003871277	0.800035900921564	0.000129073061992234	1.20063869692871	1.00000001548511
13.55	4.35	1.00000003540323	0.8000339413331	0.000128096900183369	1.12063520209155	1.00000001416129
13.65	4.35	1.00000001361008	0.800032002794446	0.000127183953096431	1.04063190243698	1.00000000544403
13.75	4.35	0.999999963183111	0.800030084896053	0.000126333112434948	0.960628796632296	0.999999985273245
13.85	4.35	0.999999875471907	0.800028187335461	0.000125543302240696	0.880625883713395	0.999999950188763
13.95	4.35	0.99999974858114	0.800026309927003	0.000124813466954979	0.800623162961662	0.999999899432456
14.05	4.35	0.999999595280918	0.800024452545991	0.000124142520472709	0.720620633571372	0.999999838112367
14.15	4.35	0.999999452995696	0.80002261495674	0.000123529240478665	0.640618294031492	0.999999781198278
14.25	4.35	0.999999393798204	0.800020796470119	0.000122972100240417	0.560616141188153	0.999999757519281
14.35	4.35	0.999999530142768	0.800018995392589	0.000122469049738969	0.480614169055341	0.999999812057107
14.45	4.35	1.00000000938936	0.800017208278491	0.000122017293565296	0.400612367620647	1.00000000375575
14.55	4.35	1.00000098762635	0.800015429095179	0.000121613165834841	0.320610722155992	1.00000039505054
14.65	4.35	1.00000257213406	0.800013648564853	0.000121252268087418	0.240609213865756	1.00000102885363
14.75	4.35	1.00000472400135	0.800011853743693	0.000120930099861294	0.160607823011531	1.00000188960054
14.85	4.35	1.00000712051048	0.800009049912958	0.000120643465432204	0.0806065358773408	1.00000284820419
14.95	4.35	1.00000899374923	0.400010957587257	0.000120432507891725	0.000605552973583209	1.00000359749969
0.05	4.45	-4.27096062392652e-06	0.400003771769375	-0.000522612011690837	10.4566134245305	0.59999829161575
0.15	4.45	-4.80465377561836e-06	0.800011578548492	-0.000522624192500944	10.4086131085848	0.59999807813849
0.25	4.45	-5.15211547526829e-06	0.800019367558107	-0.000522641815792149	10.3606123425908	0.59999793915381
0.35	4.45	-4.60251881593268e-06	0.800027083897786	-0.000522649404372098	10.3126111141943	0.599998158992474
0.45	4.45	-2.40444686475766e-06	0.800034712964385	-0.000522624254603995	10.2646093870566	0.599999038221254
0.55	4.45	2.18769906180448e-06	0.800042211032847	-0.000522535400519721	10.2166071024814	0.600000875079625
0.65	4.45	9.78615846639599e-06	0.800049524896848	-0.000522347396081323	10.1686041816532	0.600003914463387
0.75	4.45	2.06582596892232e-05	0.800056587196063	-0.000522030379154912	10.1206005330708	0.600008263303876
0.85	4.45	3.43671441052104e-05	0.800063272821877	-0.000521568035818727	10.0725960688867	0.600013746857642
0.95	4.45	4.90355230089877e-05	0.800069373861175	-0.000520919824236564	10.0245907405692	0.600019614209204
1.05	4.45	6.02502043458845e-05	0.800074962750103	-0.000519987735893269	9.97658460537509	0.600024100081738
1.15	4.45	6.23212908119259e-05	0.800079950529467	-0.000518659827076566	9.92857788855129	0.600024928516325
1.25	4.45	4.83009182175198e-05	0.800084526084106	-0.000516849046184701	9.88057102222588	0.600019320367287
1.35	4.45	1.20123069173991e-05	0.800088745697738	-0.000514492218368284	9.83256465370041	0.600004804922767
1.45	4.45	-5.06866635225315e-05	0.800092718368596	-0.000511551436414113	9.78455960372283	0.599979725334591
1.55	4.45	-0.000139938752100605	0.800096556323141	-0.000508019622478402	9.73655677166118	0.59994402449916
1.65	4.45	-0.000249707372601552	0.800100312906864	-0.000503923274348558	9.68855697395666	0.599900117050959
1.75	4.45	-0.000365865264923002	0.800103903868546	-0.000499313539108976	9.64056071720853	0.599853653894031
1.85	4.45	-0.000465104432741934	0.80010700651331	-0.000494233160259322	9.59256792371984	0.599813958226903
1.95	4.45	-0.000515278820536168	0.800108928612233	-0.000488637701822555	9.54457764689023	0.599793888471786
2.05	4.45	-0.000477694594125981	0.800108521374883	-0.000482239041175364	9.49658783440799	0.59980892216235
2.15	4.45	-0.000311011982342367	0.800104679429777	-0.000474255313531443	9.44859520070196	0.599875595207063
2.25	4.45	2.68928929050285e-05	0.800097339350348	-0.000462867373851089	9.40059518001189	0.600010757157162
2.35	4.45	0.00058358562695253	0.800086330449075	-0.00044777549186545	9.35258179837794	0.600233434250781
2.45	4.45	0.00140607830952609	0.80008016805249	-0.000429977302483493	9.30454746658838	0.60056243132381
2.55	4.45	0.00259608274202277	0.800071108158349	-0.000409334297998616	9.25648217991131	0.601038433096809
2.65	4.45	0.0042559285169609	0.800059449724959	-0.000385466586170457	9.20837276926309	0.601702371406784
2.75	4.45	0.00650013531673961	0.80004510799677	-0.000357915592519407	9.16020264598351	0.602600054126696
2.85	4.45	0.00945962660286617	0.800028163822608	-0.0003262158517968	9.1119513238797	0.603783850641146
2.95	4.45	0.013285461125285	0.80000889924019	-0.000289951826661004	9.06359382858932	0.605314184450114
3.05	4.45	0.018153471302437	0.799987868009305	-0.000248821259885417	9.01509997666828	0.607261388520975
3.15	4.45	0.0242705673459191	0.799965971721131	-0.000202718533006551	8.96643347953858	0.609708226938368
3.25	4.45	0.0318832356366038	0.799944515087143	-0.000151847879597783	8.91755080946359	0.612753294254642
3.35	4.45	0.0412885530221684	0.79992520182155	-9.68723516827392e-05	8.86839975179751	0.616515421208867
3.45	4.45	0.0528476043203196	0.799910006485892	-3.90976354409929e-05	8.81891756452861	0.621139041728128
3.55	4.45	0.0670002726677529	0.799900824032244	1.93231256556283e-05	8.76902868441491	0.626800109067101
3.65	4.45	0.0842786589843447	0.799898772917542	7.52000898431796e-05	8.71864197935988	0.633711463593738
3.75	4.45	0.105313565208627	0.799903047455264	0.000124204367090118	8.66764767955546	0.642125426083451
3.85	4.45	0.130824475050845	0.799909352040804	0.000160966600782979	8.61591436186956	0.652329790020338
3.95	4.45	0.161579001756544	0.799908296004839	0.000179523235387351	8.5632867391488	0.664631600702618
4.05	4.45	0.19830522777583	0.799884709179147	0.000174240132681704	8.50958549513313	0.679322091110332
4.15	4.45	0.241544566858163	0.799819413572597	0.000141220363109354	8.45461086796823	0.696617826743265
4.25	4.45	0.291450213520756	0.799694839065655	7.99425735838265e-05	8.39815180224885	0.716580085408302
4.35	4.45	0.347570168989752	0.799504052428782	-5.45051407994153e-06	8.34000178817268	0.739028067595901
4.45	4.45	0.408694678013116	0.799259339080927	-0.000105960495428348	8.27998061465655	0.763477871205247
4.55	4.45	0.472866487050183	0.798993997289013	-0.000209117932403389	8.21795842377796	0.789146594820073
4.65	4.45	0.537613122467324	0.798753372952105	-0.000301697596117888	8.15387593552607	0.81504524898693
4.75	4.45	0.600360785918292	0.79857855149651	-0.000372760385862966	8.08775439471205	0.840144314367317
4.85	4.45	0.658887493136197	0.798492183380934	-0.000415814910778097	8.01969168884807	0.863554997254479
4.95	4.45	0.711649021457631	0.798494186687484	-0.000429413647732682	7.94984601087624	0.884659608583052
5.05	4.45	0.75788584371117	0.798567427724314	-0.000416316124077164	7.87841257709359	0.903154337484468
5.15	4.45	0.797530428306212	0.798687630520419	-0.000381891215074673	7.8056000827952	0.919012171322485
5.25	4.45	0.831004502410902	0.79883170953422	-0.000332476963789547	7.7316118455004	0.932401800964361
5.35	4.45	0.859000204407699	0.798982084567569	-0.000274142925277765	7.65663365695287	0.94360008176308
5.45	4.45	0.882303577637213	0.79912749501049	-0.000211981492499663	7.58082793249383	0.952921431054885
5.55	4.45	0.90167921377197	0.799261909945961	-0.000149848665374024	7.50433251275799	0.960671685508788
5.65	4.45	0.917809593245558	0.799382888603019	-9.04001300057709e-05	7.42726227426489	0.967123837298223
5.75	4.45	0.931273101409313	0.799490121409537	-3.52779640256759e-05	7.34971206240484	0.972509240563725
5.85	4.45	0.942544880292295	0.799584388596903	1.46544882601868e-05	7.27175996706659	0.977017952116918
5.95	4.45	0.952008714759054	0.79966691671392	5.90884777331827e-05	7.19347040096844	0.980803485903622
6.05	4.45	0.959972570984562	0.799739027236343	9.80829454665824e-05	7.11489674609215	0.983989028393825
6.15	4.45	0.966683829047974	0.799801969844851	0.000131921517065978	7.03608351419209	0.986673531619189
6.25	4.45	0.972342470185482	0.799856859791304	0.000161009936273465	6.95706805813412	0.988936988074193
6.35	4.45	0.977111735375287	0.799904667594839	0.000185806513620004	6.87788190628736	0.990844694150115
6.45	4.45	0.981126389391836	0.799946231293275	0.000206777562400429	6.79855179782873	0.992450555756734
6.55	4.45	0.984498968220263	0.799982275765532	0.000224370725538029	6.71910048873921	0.993799587288105
6.65	4.45	0.987324436482416	0.800013431986519	0.00023900053404978	6.63954738552562	0.994929774592966
6.75	4.45	0.989683642161105	0.800040253521046	0.000251041966824907	6.55990905080244	0.995873456864442
6.85	4.45	0.991645886243957	0.800063229702139	0.00026082899512771	6.48019961369849	0.996658354497583
6.95	4.45	0.993270852985408	0.800082795827402	0.000268656043272409	6.40043110913334	0.997308341194163
7.05	4.45	0.994610083841496	0.800099340973901	0.000274780996136395	6.32061376322493	0.997844033536598
7.15	4.45	0.99570812794968	0.800113214024901	0.000279428881785585	6.2407562370977	0.998283251179872
7.25	4.45	0.996603463731885	0.800124728398537	0.000282795698968177	6.16086583777125	0.998641385492754
7.35	4.45	0.997329257861515	0.800134165847509	0.000285052087223533	6.08094870227674	0.998931703144606
7.45	4.45	0.997914007298376	0.800141779595715	0.000286346684717936	6.00100995938811	0.999165602919351
7.55	4.45	0.99838209544362	0.800147796997512	0.000286809111146459	5.92105387215167	0.999352838177448
7.65	4.45	0.998754283158492	0.800152421848057	0.000286552567294114	5.84108396358804	0.999501713263397
7.75	4.45	0.999048148248172	0.800155836432913	0.000285676073150955	5.76110312740469	0.999619259299269
7.85	4.45	0.999278482159455	0.800158203378527	0.00028426638117183	5.68111372521138	0.999711392863782
7.95	4.45	0.999457649434571	0.800159667346288	0.000282399606153422	5.60111767150963	0.999783059773828
8.05	4.45	0.999595913430424	0.800160356599595	0.000280142612952045	5.52111650758868	0.999838365372169
8.15	4.45	0.999701730604733	0.800160384464655	0.000277554199794833	5.4411114653719	0.999880692241893
8.25	4.45	0.999782015029555	0.800159850698811	0.000274686110400298	5.36110352219676	0.999912806011822
8.35	4.45	0.9998423745267	0.800158842775011	0.000271583903073509	5.2810934474649	0.99993694981068
8.45	4.45	0.999887319786276	0.800157437087914	0.000268287700380384	5.20108184205603	0.99995492791451
8.55	4.45	0.999920447925004	0.800155700084264	0.000264832838849829	5.12106917135465	0.999968179170002
8.65	4.45	0.999944602091002	0.800153689318843	0.000261250434314034	5.04105579269035	0.999977840836401
8.75	4.45	0.99996200887579	0.80015145443638	0.000257567875852292	4.96104197793823	0.999984803550316
8.85	4.45	0.999974395420326	0.800149038079533	0.000253809258907545	4.88102793196748	0.99998975816813
8.95	4.45	0.999983088182203	0.80014647672334	0.000249995765915257	4.80101380756445	0.999993235272881
9.05	4.45	0.999989095358559	0.800143801436923	0.000246146001749978	4.72099971739218	0.999995638143424
9.15	4.45	0.999993174934406	0.800141038573986	0.000242276289779139	4.64098574348503	0.999997269973762
9.25	4.45	0.999995890254389	0.80013821039441	0.000238400933436025	4.56097194471416	0.999998356101756
9.35	4.45	0.999997654906129	0.800135335619721	0.000234532447673073	4.48095836260046	0.999999061962452
9.45	4.45	0.999998768564839	0.8001324299263	0.000230681763854092	4.4009450257958	0.999999507425936
9.55	4.45	0.999999445291989	0.800129506380207	0.000226858411209943	4.32093195350277	0.999999778116796
9.65	4.45	0.999999835614365	0.800126575818146	0.00022307067769653	4.24091915805744	0.999999934245746
9.75	4.45	1.00000004354191	0.800123647179336	0.000219325752647934	4.16090664685949	1.00000001741676
9.85	4.45	1.00000013951961	0.800120727792889	0.000215629853246334	4.08089442379927	1.00000005580784
9.95	4.45	1.00000017015516	0.800117823625503	0.000211988336855822	4.00088249030134	1.00000006806206
10.05	4.45	1.00000016542343	0.80011493949394	0.000208405800717986	3.92087084607927	1.00000006616937
10.15	4.45	1.00000014392299	0.800112079246581	0.000204886170526741	3.84085948967558	1.0000000575692
10.25	4.45	1.00000011664982	0.800109245917991	0.000201432779172597	3.76084841884363	1.00000004665993
10.35	4.45	1.00000008965844	0.800106441860266	0.000198048436741886	3.68083763081516	1.00000003586338
10.45	4.45	1.00000006590154	0.800103668854292	0.000194735492751863	3.60082712248557	1.00000002636061
10.55	4.45	1.00000004647261	0.800100928203928	0.00019149589158309	3.52081689054139	1.00000001858904
10.65	4.45	1.00000003142282	0.800098220815649	0.000188331221684106	3.44080693154727	1.00000001256913
10.75	4.45	1.00000002028017	0.800095547265903	0.000185242759427267	3.36079724200515	1.00000000811207
10.85	4.45	1.00000001236519	0.800092907858105	0.000182231508029296	3.2807878183946	1.00000000494608
10.95	4.45	1.00000000697138	0.800090302670916	0.00017929823209405	3.20077865720034	1.00000000278855
11.05	4.45	1.0000000034585	0.800087731599205	0.000176443488291973	3.12076975493142	1.0000000013834
11.15	4.45	1.00000000129212	0.80008519438888	0.000173667652433927	3.04076110813456	1.00000000051685
11.25	4.45	1.00000000005182	0.800082690666546	0.000170970943393921	2.96075271340381	1.00000000002073
11.35	4.45	0.999999999422548	0.800080219964893	0.000168353444065732	2.88074456738749	0.999999999769019
11.45	4.45	0.999999999178274	0.800077781744334	0.000165815119749397	2.80073666679324	0.999999999671309
11.55	4.45	0.999999999163205	0.800075375411647	0.000163355834044518	2.72072900839175	0.999999999665282
11.65	4.45	0.999999999273335	0.80007300033589	0.000160975362575298	2.64072158901927	0.999999999709334
11.75	4.45	0.999999999439724	0.800070655862108	0.000158673404633189	2.5607144055793	0.99999999977589
11.85	4.45	0.999999999614107	0.800068341323	0.00015644959295753	2.4807074550435	0.999999999845643
11.95	4.45	0.999999999757273	0.800066056048922	0.000154303501795993	2.40070073445189	0.999999999902909
12.05	4.45	0.999999999830955	0.800063799376207	0.000152234653342204	2.32069424091253	0.999999999932382
12.15	4.45	0.999999999794529	0.800061570654127	0.000150242522687322	2.24068797160064	0.999999999917812
12.25	4.45	0.99999999960848	0.80005936925036	0.00014832654139774	2.16068192375699	0.999999999843392
12.35	4.45	0.999999999246886	0.800057194555076	0.000146486099793969	2.08067609468577	0.999999999698754
12.45	4.45	0.999999998720789	0.800055045983419	0.000144720548049339	2.00067048175136	0.999999999488316
12.55	4.45	0.999999998112406	0.800052922976323	0.000143029196147411	1.92066508237418	0.999999999244962
12.65	4.45	0.999999997616086	0.800050824999372	0.000141411312866037	1.84065989402516	0.999999999046435
12.75	4.45	0.999999997575219	0.800048751539452	0.000139866123950721	1.76065491421912	0.999999999030088
12.85	4.45	0.999999998494943	0.800046702099175	0.000138392809774491	1.68065014050763	0.999999999397977
12.95	4.45	1.00000000099975	0.800044676189075	0.000136990502988356	1.60064557047264	1.0000000003999
13.05	4.45	1.00000000569599	0.800042673318348	0.000135658286882422	1.52064120172359	1.00000000227839
13.15	4.45	1.00000001289765	0.800040692985318	0.000134395195501222	1.44063703190177	1.00000000515906
13.25	4.45	1.00000002218782	0.800038734669954	0.000133200216755411	1.36063305869684	1.00000000887513
13.35	4.45	1.00000003182913	0.800036797831465	0.000132072299863243	1.28062927988076	1.00000001273165
13.45	4.45	1.00000003811435	0.800034881914756	0.000131010368177557	1.20062569336251	1.00000001524574
13.55	4.45	1.00000003487022	0.800032986368806	0.000130013337343082	1.12062229726232	1.00000001394809
13.65	4.45	1.0000000134864	0.800031110678191	0.000129080137002967	1.04061908999444	1.00000000539456
13.75	4.45	0.999999964010104	0.800029254403813	0.00012820973105873	0.960616070333232	0.999999985604042
13.85	4.45	0.99999987796288	0.800027417220779	0.000127401127635077	0.880613237417746	0.999999951185152
13.95	4.45	0.999999753493546	0.800025598929593	0.000126653365420864	0.800610590629907	0.999999901397418
14.05	4.45	0.999999603132338	0.800023799402969	0.000125965459939374	0.720608129267096	0.999999841252935
14.15	4.45	0.999999463580025	0.800022018418526	0.000125336293841513	0.640605851934688	0.99999978543201
14.25	4.45	0.999999405498436	0.80002025532412	0.000124764443349567	0.560603755625581	0.999999762199374
14.35	4.45	0.999999539121029	0.800018508498522	0.000124247953049691	0.480601834553079	0.999999815648412
14.45	4.45	1.00000000887417	0.80001677461904	0.000123784107263379	0.400600078979219	1.00000000354967
14.55	4.45	1.00000096770989	0.800015047843586	0.00012336929989574	0.320598474538404	1.00000038708396
14.65	4.45	1.00000252071237	0.800013319165853	0.000122999171269809	0.240597002872077	1.00000100828495
14.75	4.45	1.00000462967072	0.800011576005826	0.000122669245091929	0.160595644690564	1.00000185186829
14.85	4.45	1.00000697825453	0.800008844064155	0.000122376353140303	0.0805943865973516	1.00000279130181
14.95	4.45	1.00000881393184	0.400010727135096	0.000122161288693973	0.000593425041428239	1.00000352557274
0.05	4.55	-4.27323276338102e-06	0.400003771702893	-0.000530332279626817	10.4566450131048	0.599998290706895
0.15	4.55	-4.80030031007559e-06	0.800011578651582	-0.000530325216804475	10.4086446972399	0.599998079879876
0.25	4.55	-5.13110867199821e-06	0.80001937385545	-0.000530299510804748	10.3606439308744	0.599997947556531
0.35	4.55	-4.55054510027446e-06	0.800027107717696	-0.00053024131328738	10.3126427007497	0.59999817978196
0.45	4.55	-2.30568011509116e-06	0.800034772694374	-0.000530128631439964	10.264640969156	0.599999077727954
0.55	4.55	2.3408767530643e-06	0.800042334719337	-0.000529931314106845	10.2166386755487	0.600000936350701
0.65	4.55	9.97520282794644e-06	0.800049752164454	-0.000529616163584668	10.1686357391073	0.600003990081131
0.75	4.55	2.08295388732077e-05	0.800056973518441	-0.000529156892514538	10.1206320667673	0.600008331815549
0.85	4.55	3.45035794643081e-05	0.800063873593956	-0.000528508043355315	10.0726275690201	0.600013801431786
0.95	4.55	4.9268914826454e-05	0.800070205964536	-0.000527609918668452	10.0246221934404	0.600019707565931
1.05	4.55	6.0564226969956e-05	0.800076139623235	-0.000526360144503611	9.97661599071617	0.600024225690788
1.15	4.55	6.25303304036936e-05	0.800081667968514	-0.000524639788712232	9.92860918009451	0.600025012132161
1.25	4.55	4.83443864607937e-05	0.800086909041006	-0.000522353096549187	9.88060218808785	0.600019337754584
1.35	4.55	1.1679838030073e-05	0.80009197905839	-0.000519404151441582	9.83259565649954	0.600004671935212
1.45	4.55	-5.17658601198194e-05	0.800097035859422	-0.000515727166716337	9.78459040286127	0.599979293655952
1.55	4.55	-0.000142283085616105	0.800102235300943	-0.000511287908138856	9.73658732545847	0.599943086765753
1.65	4.55	-0.000253956627161896	0.800107666527447	-0.000506081577445611	9.68858724174063	0.599898417349135
1.75	4.55	-0.000372709293451512	0.800113270701486	-0.000500117873008704	9.64059066071009	0.599850916282619
1.85	4.55	-0.000475121631600567	0.800118741717187	-0.00049337150639281	9.592597505841	0.59980995134736
1.95	4.55	-0.000528638123569088	0.800123397739797	-0.000485654909870139	9.54460682380319	0.599788544750572
2.05	4.55	-0.000493822922855491	0.800126055025234	-0.000476381178739834	9.49661653596109	0.599802470830858
2.15	4.55	-0.000328864449666438	0.80012592133714	-0.000464714294588792	9.44862330662633	0.599868454220133
2.25	4.55	9.79774721939787e-06	0.800121357082812	-0.000449835861694205	9.40062247580628	0.600003919098888
2.35	4.55	0.000554694183039176	0.800119195496286	-0.000432456244950121	9.35260811638213	0.600221877673216
2.45	4.55	0.00137287944937998	0.800118277725124	-0.000412538357021303	9.30457266637494	0.600549151779752
2.55	4.55	0.00255573255976136	0.800116565147313	-0.000388921125903505	9.25650604551365	0.601022293023905
2.65	4.55	0.00420500405766404	0.800114167457696	-0.000361525642844979	9.20839508756281	0.601682001623066
2.75	4.55	0.0064351675651208	0.800111242301474	-0.000330124774163862	9.16022318646336	0.602574067026048
2.85	4.55	0.00937676438846534	0.800108112579437	-0.00029439456506028	9.1119698301917	0.603750705755386
2.95	4.55	0.013180115956338	0.80010536209049	-0.000254028646615726	9.06361001861924	0.605272046382535
3.05	4.55	0.0180200096202087	0.800103902306043	-0.000208834728859776	9.01511354789827	0.607208003848083
3.15	4.55	0.024102010524761	0.80010502434526	-0.000158831556729623	8.96644411960167	0.609640804209904
3.25	4.55	0.0316709412997423	0.800110421290413	-0.000104366454782555	8.91755821344657	0.612668376519897
3.35	4.55	0.0410218750874084	0.800122140524614	-4.62640602069967e-05	8.86840364866524	0.616408750034963
3.45	4.55	0.0525135556008102	0.800142397142119	1.39933289041739e-05	8.81891775536221	0.621005422240324
3.55	4.55	0.0665832511158582	0.800173146588859	7.40675864073638e-05	8.76902509483099	0.626633300446343
3.65	4.55	0.0837603557083783	0.800215291224097	0.000130585494582134	8.7186347269947	0.633504142283351
3.75	4.55	0.104673254371611	0.80026741953862	0.000179049338801801	8.66763715405961	0.641869301748644
3.85	4.55	0.130039985453734	0.800324120440677	0.000213950092928542	8.61590130858833	0.652015994181494
3.95	4.55	0.160628750516099	0.800374270893007	0.000229227569239012	8.56327232818013	0.66425150020644
4.05	4.55	0.197171669040018	0.800400290172716	0.000219204407909232	8.50957134606472	0.678868667616007
4.15	4.55	0.240219125687105	0.800379947465602	0.000179999263328664	8.45459899195602	0.696087650274842
4.25	4.55	0.289939094775454	0.800292180030541	0.000111167472448609	8.39814442613217	0.715975637910182
4.35	4.55	0.345899407042868	0.800126556718153	1.69940456732919e-05	8.34000105056369	0.738359762817147
4.45	4.55	0.406911931221342	0.799892522524017	-9.33036165620932e-05	8.27998817460226	0.762764772488537
4.55	4.55	0.471037318477347	0.799621923352553	-0.000206945968713189	8.21797508233692	0.788414927390939
4.65	4.55	0.535811487053945	0.799360521669161	-0.000310302233484565	8.15390140180396	0.814324594821578
4.75	4.55	0.598656415957232	0.799151632676667	-0.000391953478777538	8.08778729504585	0.839462566382893
4.85	4.55	0.657334728139483	0.799021353998188	-0.000444905056897367	8.01972982496289	0.862933891255793
4.95	4.55	0.710280791442071	0.798973439884813	-0.000467250490543614	7.94988677302866	0.884112316576829
5.05	4.55	0.756713692305379	0.798994286830974	-0.000461396730481899	7.87845337238876	0.902685476922152
5.15	4.55	0.796548852216124	0.799062459532198	-0.000432504022293644	7.80563866441375	0.91861954088645
5.25	4.55	0.830196948496734	0.799156921146668	-0.000386852128766058	7.73164649357442	0.932078779398694
5.35	4.55	0.858344629604288	0.799261412016145	-0.000330583069482532	7.65666322199255	0.943337851841715
5.45	4.55	0.881776567535336	0.799365395553759	-0.000268958005750097	7.5808517839549	0.952710627014134
5.55	4.55	0.90125853029144	0.799463112436417	-0.00020605990676122	7.50435043960026	0.960503412116576
5.65	4.55	0.917475462340515	0.799552073068328	-0.000144795678742275	7.42727437351	0.966990184936206
5.75	4.55	0.931008657657918	0.799631709382284	-8.70568822372272e-05	7.34971863720352	0.972403463063167
5.85	4.55	0.942336124410167	0.799702420608766	-3.39372847725184e-05	7.27176144381614	0.976934449764067
5.95	4.55	0.951844232453811	0.799764994444648	1.40527511385404e-05	7.1934672673135	0.980737692981524
6.05	4.55	0.959843164635452	0.799820300724274	5.68033431978728e-05	7.11488950763983	0.983937265854181
6.15	4.55	0.966582144338604	0.799869153903858	9.44621268613354e-05	7.03607266625847	0.986632857735442
6.25	4.55	0.972262656388195	0.799912267592931	0.000127329331514081	6.95705406871208	0.988905062555278
6.35	4.55	0.977049153384266	0.799950252788996	0.000155784619053944	6.87786520693196	0.990819661353706
6.45	4.55	0.981077368947116	0.799983632837832	0.000180238439842888	6.79853277985621	0.992430947578847
6.55	4.55	0.984460610023447	0.800012861775009	0.000201101303805944	6.7190795028125	0.993784244009379
6.65	4.55	0.987294452865692	0.800038340459369	0.000218765588445262	6.63952474326604	0.994917781146277
6.75	4.55	0.989660229757487	0.800060428872716	0.000233595791071263	6.55988502750496	0.995864091902995
6.85	4.55	0.991627624692397	0.800079454730898	0.00024592425530088	6.48017445154897	0.996651049876959
6.95	4.55	0.993256624563088	0.800095719172922	0.000256050293555433	6.40040502055209	0.997302649825235
7.05	4.55	0.994599009797312	0.80010950037604	0.000264241297633963	6.32058693411477	0.997839603918925
7.15	4.55	0.995699518110698	0.800121055813847	0.000270734912482077	6.24072882987643	0.998279807244279
7.25	4.55	0.99659677663423	0.800130623691053	0.000275741685860344	6.16083799413323	0.998638710653692
7.35	4.55	0.997324069217259	0.800138423919863	0.000279447836422973	6.08092054566786	0.998929627686904
7.45	4.55	0.997909985062654	0.800144658872202	0.000282017935071112	6.00098159720146	0.999163994025062
7.55	4.55	0.998378980107892	0.800149514048005	0.000283597392342224	5.92102539766351	0.999351592043157
7.65	4.55	0.998751872182926	0.800153158737809	0.000284314706115018	5.8410554576587	0.99950074887317
7.75	4.55	0.99904628377301	0.800155746718616	0.000284283459896994	5.76107465997093	0.999618513509204
7.85	4.55	0.999277041314319	0.800157416997884	0.000283604082657301	5.68108535659521	0.999710816525728
7.95	4.55	0.999456536705898	0.800158294607064	0.000282365390911827	5.6010894535669	0.999782614682359
8.05	4.55	0.999595054658793	0.800158491437882	0.000280645937520473	5.52108848471815	0.999838021863517
8.15	4.55	0.999701068271963	0.800158107111566	0.000278515192274778	5.44108367540271	0.999880427308785
8.25	4.55	0.999781504565326	0.800157229868231	0.000276034576803273	5.36107599716998	0.99991260182613
8.35	4.55	0.999841981419881	0.800155937464206	0.000273258374488449	5.28106621432266	0.999936792567952
8.45	4.55	0.999887017330235	0.800154298064606	0.000270234532747042	5.20105492324956	0.999954806932094
8.55	4.55	0.999920215461338	0.800152371119567	0.000267005372381085	5.12104258538139	0.999968086184535
8.65	4.55	0.999944423644186	0.800150208213739	0.000263608216456844	5.0410295545685	0.999977769457674
8.75	4.55	0.999961872093621	0.80014785387992	0.000260075948958629	4.96101609962632	0.999984748837449
8.85	4.55	0.999974290752984	0.800145346369667	0.00025643751183377	4.88100242273536	0.999989716301194
8.95	4.55	0.999983008246983	0.800142718374717	0.000252718347645083	4.80098867432129	0.999993203298793
9.05	4.55	0.999989034448751	0.800139997695802	0.000248940794015117	4.72097496497661	0.9999956137795
9.15	4.55	0.999993128639806	0.800137207856132	0.000245124435121133	4.64096137492157	0.999997251455922
9.25	4.55	0.999995855168128	0.800134368658973	0.000241286414928867	4.56094796144006	0.999998342067251
9.35	4.55	0.999997628398111	0.800131496689661	0.000237441716141369	4.48093476466613	0.999999051359244
9.45	4.55	0.999998748606565	0.800128605763889	0.000233603408504951	4.40092181204199	0.999999499442626
9.55	4.55	0.999999430320991	0.800125707324666	0.000229782869686412	4.32090912171712	0.999999772128397
9.65	4.55	0.999999824429176	0.80012281079135	0.000225989981699245	4.24089670511273	0.999999929771671
9.75	4.55	1.00000003522061	0.800119923864078	0.000222233305302772	4.16088456883583	1.00000001408824
9.85	4.55	1.00000013335659	0.800117052788106	0.000218520234969149	4.08087271609187	1.00000005334264
9.95	4.55	1.00000016561199	0.800114202581402	0.00021485713635975	4.00086114771566	1.00000006624479
10.05	4.55	1.00000016209063	0.80011137723012	0.00021124946829046	3.92084986291496	1.00000006483625
10.15	4.55	1.00000014149039	0.8001085798553	0.000207701890899776	3.84083885980041	1.00000005659615
10.25	4.55	1.00000011488342	0.800105812854716	0.000204218361538618	3.76082813575866	1.00000004595337
10.35	4.55	1.00000008838256	0.800103078023122	0.000200802219761979	3.68081768771206	1.00000003535302
10.45	4.55	1.00000006498493	0.800100376653879	0.00019745626265067	3.60080751229706	1.00000002599397
10.55	4.55	1.00000004581773	0.800097709624686	0.000194182811488919	3.52079760598546	1.00000001832709
10.65	4.55	1.00000003095761	0.800095077469904	0.000190983770863196	3.440787965166	1.00000001238304
10.75	4.55	1.00000001995166	0.800092480441443	0.000187860680903495	3.36077858619871	1.00000000798067
10.85	4.55	1.00000001213473	0.800089918560055	0.000184814763564539	3.28076946545092	1.00000000485389
10.95	4.55	1.0000000068109	0.80008739165858	0.000181846963419703	3.20076059932109	1.00000000272436
11.05	4.55	1.00000000334774	0.800084899418493	0.000178957983735419	3.12075198425449	1.0000000013391
11.15	4.55	1.00000000121653	0.800082441400715	0.00017614831818612	3.04074361675376	1.00000000048661
11.25	4.55	1.00000000000094	0.800080017071805	0.000173418278744724	2.96073549338582	1.00000000000038
11.35	4.55	0.999999999388846	0.800077625826088	0.000170768020124723	2.88072761078663	0.999999999755538
11.45	4.55	0.999999999156266	0.800075267004498	0.000168197561051804	2.80071996566421	0.999999999662506
11.55	4.55	0.999999999148821	0.800072939910607	0.000165706802798437	2.72071255480064	0.999999999659528
11.65	4.55	0.999999999263492	0.800070643824183	0.00016329554507244	2.64070537505312	0.999999999705397
11.75	4.55	0.999999999432085	0.800068378012772	0.000160963499706342	2.56069842335432	0.999999999772834
11.85	4.55	0.999999999606996	0.800066141741397	0.000158710302184206	2.4806916967123	0.999999999842798
11.95	4.55	0.999999999749735	0.800063934280758	0.000156535521285888	2.40068519220976	0.999999999899894
12.05	4.55	0.999999999822928	0.800061754913951	0.000154438667016668	2.32067890700305	0.999999999929171
12.15	4.55	0.999999999787051	0.800059602941925	0.000152419196955073	2.24067283832064	0.99999999991482
12.25	4.55	0.99999999960382	0.800057477687631	0.000150476521182691	2.16066698346119	0.999999999841528
12.35	4.55	0.999999999248424	0.800055378498917	0.000148610005868243	2.08066133979101	0.99999999969937
12.45	4.55	0.999999998732428	0.800053304750039	0.00014681897565583	2.00065590474076	0.999999999492971
12.55	4.55	0.999999998137263	0.800051255841639	0.000145102714949062	1.92065067580115	0.999999999254905
12.65	4.55	0.999999997654317	0.800049231198977	0.000143460468200472	1.84064565051747	0.999999999061727
12.75	4.55	0.999999997620994	0.80004723026824	0.000141891439403165	1.7606408264831	0.999999999048397
12.85	4.55	0.999999998533021	0.800045252510784	0.000140394791068713	1.6806362013325	0.999999999413208
12.95	4.55	1.0000000010027	0.800043297395497	0.000138969643167872	1.60063177273501	1.00000000040108
13.05	4.55	1.00000000562395	0.800041364389894	0.000137615072745535	1.52062753839209	1.00000000224958
13.15	4.55	1.00000001270339	0.800039452951212	0.000136330115212481	1.44062349604156	1.00000000508136
13.25	4.55	1.00000002183049	0.800037562519754	0.000135113768502274	1.36061964347378	1.00000000873219
13.35	4.55	1.00000003129986	0.800035692517439	0.000133965001489474	1.28061597856476	1.00000001251995
13.45	4.55	1.0000000374754	0.800033842355181	0.000132882767501607	1.2006124993296	1.00000001499016
13.55	4.55	1.00000003430471	0.800032011452194	0.000131866023020244	1.12060920399483	1.00000001372188
13.65	4.55	1.00000001334855	0.800030199268204	0.000130913749566463	1.04060609107903	1.00000000533942
13.75	4.55	0.999999964854737	0.800028405344805	0.000130024973723028	0.960603159456892	0.999999985941895
13.85	4.55	0.999999880519094	0.80002662934395	0.000129198776299199	0.880600408362813	0.999999952207638
13.95	4.55	0.999999758534462	0.800024871060222	0.000128434277109212	0.800597837270523	0.999999903413785
14.05	4.55	0.999999611186384	0.800023130369897	0.000127730578707608	0.720595445571127	0.999999844474554
14.15	4.55	0.999999474439597	0.800021407067981	0.000127086652994912	0.640593231976755	0.999999789775839
14.25	4.55	0.999999417522386	0.800019700541125	0.000126501162791679	0.560591193617661	0.999999767008954
14.35	4.55	0.99999954841289	0.800018009239855	0.000125972230815527	0.4805893248979	0.999999819365156
14.45	4.55	1.00000000855937	0.800016329961602	0.000125497205105623	0.40058761634686	1.00000000342375
14.55	4.55	1.00000094773084	0.800014657049865	0.000125072524292176	0.320586053956276	1.00000037909234
14.65	4.55	1.00000246878322	0.800012981762954	0.000124693853676576	0.240584619801542	1.00000098751329
14.75	4.55	1.00000453421697	0.800011291876056	0.000124356728571838	0.160583295039999	1.00000181368679
14.85	4.55	1.0000068341834	0.800008633786921	0.000124057996462653	0.0805820665924914	1.00000273367336
14.95	4.55	1.00000863175566	0.400010492866187	0.000123839067307274	0.000581126783064407	1.00000345270226
0.05	4.65	-4.28897341494789e-06	0.400003783821963	-0.000538063577236306	10.4566770648288	0.599998284410634
0.15	4.65	-4.81652808063406e-06	0.800011617953713	-0.000538041584223777	10.4086767480134	0.599998073388768
0.25	4.65	-5.14436231833146e-06	0.800019447238285	-0.000537981224447046	10.360675978921	0.599997942255073
0.35	4.65	-4.55326337504651e-06	0.800027227507981	-0.00053787269658621	10.312674743566	0.59999817869465
0.45	4.65	-2.28853427081915e-06	0.800034958705594	-0.000537697644004159	10.2646730030024	0.599999084586292
0.55	4.65	2.38058640384903e-06	0.800042616284518	-0.000537428640324787	10.216670694947	0.600000952234562
0.65	4.65	1.00173203877942e-05	0.800050169499072	-0.000537029992390971	10.1686677366253	0.600004006928155
0.75	4.65	2.08356221266257e-05	0.800057592067423	-0.000536460416376822	10.1206640333907	0.600008334248851
0.85	4.65	3.46852175649759e-05	0.800064640129707	-0.000535672860054953	10.0726594919232	0.600013874087026
0.95	4.65	4.93931621399082e-05	0.800071321842999	-0.000534620879771583	10.0246540564531	0.600019757264856
1.05	4.65	6.08083637424163e-05	0.800077630518287	-0.000533181912914209	9.97664777175857	0.600024323345497
1.15	4.65	6.28628832819273e-05	0.800083672960409	-0.000531210334619386	9.92864084856822	0.600025145153313
1.25	4.65	4.87195619453049e-05	0.800089556083961	-0.000528606574328161	9.88063370723765	0.600019487824778
1.35	4.65	1.1958491063646e-05	0.800095434912464	-0.000525263706807068	9.83262698330619	0.600004783396425
1.45	4.65	-5.18459758772125e-05	0.800101505830006	-0.000521089207267866	9.78462148947187	0.599979261609649
1.55	4.65	-0.000143103932526045	0.800107959184057	-0.000516012948785393	9.73661812101785	0.59994275842699
1.65	4.65	-0.000255986022286871	0.800114910233496	-0.000509983479140142	9.68861769409451	0.599897605591085
1.75	4.65	-0.00037640925309446	0.800122313342448	-0.000502947533472398	9.64062071707485	0.599849436298762
1.85	4.65	-0.000480742582863162	0.800129865156294	-0.000494798736190238	9.5926271101844	0.599807702966855
1.95	4.65	-0.000535830931257083	0.800136892104851	-0.000485277888538535	9.54463590558071	0.599785667627497
2.05	4.65	-0.00050141043845363	0.800142054093585	-0.000473839359766131	9.49664498197339	0.599799435824618
2.15	4.65	-0.000338795047082777	0.800145893858809	-0.000459686564911033	9.4486509548387	0.599864481981167
2.25	4.65	-6.98046933805231e-06	0.800147403818341	-0.000442597899428523	9.40064916131954	0.599997207812265
2.35	4.65	0.00053066748210103	0.800151456331153	-0.000423360046291594	9.3526337129737	0.60021226699284
2.45	4.65	0.00134398157711462	0.800156253844062	-0.000401698082543338	9.30459701716076	0.600537592630846
2.55	4.65	0.00252066655226841	0.800161558517819	-0.000376518336092461	9.25652893062963	0.601008266620907
2.65	4.65	0.00416115804570013	0.800167740055381	-0.000347472339403162	9.20841627462735	0.60166446321828
2.75	4.65	0.00637945281051494	0.800175226482759	-0.000314365064844423	9.16024243158389	0.602551781124206
2.85	4.65	0.00930566395839956	0.800184590005809	-0.00027700526004524	9.11198687274506	0.60372226558336
2.95	4.65	0.0130894903915328	0.800196670916444	-0.000235236696240767	9.06362458056262	0.605235796156613
3.05	4.65	0.0179048463302477	0.800212659809832	-0.000189013760469561	9.01512533858329	0.607161938532099
3.15	4.65	0.0239561526125496	0.800234143031762	-0.000138492625345961	8.96645284627534	0.60958246104502
3.25	4.65	0.0314867936999709	0.800263102959353	-8.4141352719617e-05	8.91756359857221	0.612594717479988
3.35	4.65	0.0407900882614513	0.800301836138928	-2.68750864541608e-05	8.86840545602157	0.616316035304581
3.45	4.65	0.0522227053520835	0.800352719960283	3.17839175220466e-05	8.81891582725843	0.620889082140833
3.55	4.65	0.0662195654503651	0.800417724510885	8.95340630232832e-05	8.76901940249508	0.626487826180146
3.65	4.65	0.0833075912642974	0.800497543824587	0.000143143077372244	8.71862543480018	0.633323036505719
3.75	4.65	0.104112900231628	0.800590247621108	0.000188380934477858	8.66762469503888	0.641645160092651
3.85	4.65	0.129352065412153	0.80068950292023	0.00022013703287499	8.6158864628392	0.651740826164861
3.95	4.65	0.159793574030727	0.800782777492763	0.000232848979554312	8.56325628695191	0.663917429612291
4.05	4.65	0.196172866522698	0.800850542003124	0.00022135408808146	8.50955573369545	0.678469146609079
4.15	4.65	0.239048061113717	0.800868096064737	0.000182166587975207	8.45458580968777	0.695619224445487
4.25	4.65	0.288600143269851	0.800811532260775	0.000114955657895361	8.39813588439057	0.71544005730794
4.35	4.65	0.34441465325457	0.800667534202966	2.37121657798851e-05	8.33999927942118	0.737765861301828
4.45	4.65	0.405323030206014	0.800443155912031	-8.30588436619907e-05	8.27999484920221	0.762129212082405
4.55	4.65	0.469402415647126	0.800168961413724	-0.000193556388130492	8.21799105645095	0.787760966258851
4.65	4.65	0.53419683470119	0.799890968823338	-0.00029511640879983	8.15392647370115	0.813678733880476
4.75	4.65	0.59712502520434	0.799654270301174	-0.000376986359514065	8.08782020160647	0.838850010081736
4.85	4.65	0.655936155414418	0.799487779189712	-0.000432365613019064	8.01976847443167	0.862374462165767
4.95	4.65	0.70904549159305	0.799398410833181	-0.000459072195192906	7.94992863212619	0.88361819663722
5.05	4.65	0.755652843887571	0.799375481631299	-0.000458911568742184	7.87849587720096	0.902261137555028
5.15	4.65	0.795658158598105	0.799399913104831	-0.000436314408449972	7.80567954502146	0.918263263439242
5.25	4.65	0.829462014492501	0.79945237905415	-0.000396875384592991	7.73168396174505	0.931784805797
5.35	4.65	0.857745990995559	0.799517739309679	-0.000346202588544639	7.65669602818621	0.943098396398224
5.45	4.65	0.881293435002938	0.799586093868805	-0.000289213071445627	7.58087918126936	0.952517374001175
5.55	4.65	0.90087111230756	0.799651952789337	-0.000229825034392464	7.50437209796928	0.960348444923024
5.65	4.65	0.917166142036521	0.799712833221509	-0.000170923595581132	7.42729027844508	0.966866456814608
5.75	4.65	0.930762401280955	0.799767998610177	-0.00011447763274852	7.34972899428578	0.972304960512382
5.85	4.65	0.942140446131917	0.799817573560934	-6.17169992317944e-05	7.27176659898376	0.976856178452767
5.95	4.65	0.951688942623495	0.799862016818773	-1.33149990656188e-05	7.19346764559145	0.980675577049398
6.05	4.65	0.959720039823292	0.799901851646185	3.04512599293891e-05	7.1148855689618	0.983888015929317
6.15	4.65	0.966484593832723	0.799937552671648	6.95722426756082e-05	7.03606487537911	0.986593837533089
6.25	4.65	0.972185419951404	0.799969515285567	0.000104209009437672	6.95704287590488	0.988874167980561
6.35	4.65	0.976988042592451	0.799998061827296	0.000134623465495046	6.87785103651017	0.990795217036981
6.45	4.65	0.981029052972723	0.800023459736292	0.000161130159443291	6.79851602412421	0.992411621189089
6.55	4.65	0.984422441630357	0.800045939993251	0.000184064217889729	6.71906051963591	0.993768976652143
6.65	4.65	0.987264328664383	0.800065711490238	0.000203760880221698	6.63950385595097	0.994905731465753
6.75	4.65	0.989636478692349	0.800082970563427	0.000220543101144639	6.55986252607292	0.995854591476939
6.85	4.65	0.991608919351684	0.800097906408548	0.000234714599986111	6.48015059479048	0.996643567740674
6.95	4.65	0.993241910737903	0.800110703510706	0.000246556480183867	6.40038003845488	0.997296764295161
7.05	4.65	0.994587450546479	0.800121542153661	0.00025632611323262	6.32056103041121	0.997834980218592
7.15	4.65	0.995690449324315	0.800130597842047	0.00026425740011986	6.24070218455539	0.998276179729726
7.25	4.65	0.996589671704733	0.800138040221355	0.000270561822952367	6.16081076582867	0.998635868681893
7.35	4.65	0.997318510926942	0.800144031870327	0.000275429907338697	6.08089287387916	0.998927404370777
7.45	4.65	0.997905643195577	0.800148727185587	0.000279032857502455	6.00095360432769	0.999162257278231
7.55	4.65	0.998375593609289	0.800152271471515	0.000281524221096833	5.92099719084977	0.999350237443716
7.65	4.65	0.998749234936932	0.800154800280745	0.000283041501585071	5.84102713046178	0.999499693974773
7.75	4.65	0.999044233263768	0.800156439009698	0.000283707675934056	5.76104629385625	0.999617693305507
7.85	4.65	0.999275449587872	0.800157302731538	0.000283632598715238	5.68105702227903	0.999710179835149
7.95	4.65	0.999455303169864	0.80015749623777	0.000282914288330755	5.60106121221786	0.999782121267946
8.05	4.65	0.999594100350947	0.800157114255541	0.000281640098710868	5.52106038903199	0.999837640140379
8.15	4.65	0.999700331303159	0.800156241807224	0.000279887783553849	5.44105577056284	0.999880132521263
8.25	4.65	0.999780936501065	0.80015495468093	0.000277726461945851	5.36104832170553	0.999912374600426
8.35	4.65	0.999841544411657	0.800153319982665	0.000275217494050068	5.28103880087449	0.999936617764663
8.45	4.65	0.999886681845146	0.800151396744162	0.000272415275218855	5.20102779925371	0.999954672738058
8.55	4.65	0.999919958488408	0.800149236563794	0.000269367956035782	5.12101577367833	0.999967983395363
8.65	4.65	0.999944227279872	0.800146884260902	0.000266118095107506	5.04100307394592	0.999977690911949
8.75	4.65	0.999961722428358	0.80014437852698	0.000262703250266418	4.96098996530215	0.999984688971343
8.85	4.65	0.999974176996206	0.800141752560516	0.000259156513619627	4.88097664678725	0.999989670798483
8.95	4.65	0.99998292204067	0.800139034674924	0.000255506995104263	4.80096326606818	0.999993168816268
9.05	4.65	0.99998896932968	0.800136248871476	0.000251780258813193	4.72094993131724	0.999995587731872
9.15	4.65	0.999993079618858	0.800133415372028	0.00024799871598742	4.64093672063474	0.999997231847543
9.25	4.65	0.999995818401569	0.800130551107983	0.000244181978330546	4.56092368945044	0.999998327360628
9.35	4.65	0.999997600930999	0.800127670164009	0.000240347175011504	4.4809108762796	0.9999990403724
9.45	4.65	0.999998728172664	0.80012478417648	0.000236509236609629	4.40089830715369	0.999999491269066
9.55	4.65	0.999999415186873	0.800121902687879	0.000232681148911611	4.32088599899522	0.999999766074749
9.65	4.65	0.999999813272877	0.800119033459098	0.00022887417934762	4.24087396216075	0.999999925309151
9.75	4.65	1.00000002703726	0.800116182742516	0.000225098078824659	4.16086220233572	1.0000000108149
9.85	4.65	1.0000001273851	0.800113355519049	0.000221361261129767	4.08085072193018	1.00000005095404
9.95	4.65	1.00000016127819	0.800110555702378	0.000217670962429448	4.0008395210947	1.00000006451128
10.05	4.65	1.00000015896324	0.800107786314015	0.00021403338273104	3.92082859845054	1.0000000635853
10.15	4.65	1.00000013924693	0.80010504963246	0.000210453811290467	3.84081795160786	1.00000005569877
10.25	4.65	1.00000011328399	0.800102347319725	0.000206936737677428	3.76080757752839	1.0000000453136
10.35	4.65	1.00000008724964	0.800099680528286	0.000203485950047569	3.68079747277587	1.00000003489986
10.45	4.65	1.00000006418789	0.800097049991084	0.000200104622035767	3.60078763368627	1.00000002567516
10.55	4.65	1.00000004526104	0.800094456097239	0.000196795389534541	3.52077805648189	1.00000001810442
10.65	4.65	1.00000003057182	0.800091898955432	0.000193560418498167	3.44076873734646	1.00000001222873
10.75	4.65	1.00000001968666	0.800089378447137	0.000190401464745881	3.36075967247396	1.00000000787466
10.85	4.65	1.00000001195456	0.800086894271066	0.000187319926685788	3.28075085809958	1.00000000478182
10.95	4.65	1.00000000668997	0.800084445980507	0.000184316891769963	3.2007422905192	1.00000000267599
11.05	4.65	1.00000000326795	0.800082033014542	0.000181393177302311	3.12073396610123	1.00000000130718
11.15	4.65	1.00000000116515	0.800079654724281	0.000178549366370726	3.04072588129371	1.00000000046606
11.25	4.65	0.999999999969037	0.800077310394856	0.000175785839198087	2.96071803262834	0.999999999987615
11.35	4.65	0.999999999370134	0.800074999263918	0.000173102800663819	2.88071041672251	0.999999999748054
11.45	4.65	0.999999999146278	0.800072720537231	0.000170500304217109	2.80070303028017	0.999999999658511
11.55	4.65	0.999999999144314	0.800070473401717	0.00016797827266094	2.72069587009178	0.999999999657726
11.65	4.65	0.999999999262056	0.800068257036429	0.000165536516088768	2.64068893303369	0.999999999704822
11.75	4.65	0.999999999431921	0.800066070621737	0.000163174747263204	2.56068221606708	0.999999999772768
11.85	4.65	0.999999999606849	0.800063913346924	0.000160892594753534	2.48067571623653	0.99999999984274
11.95	4.65	0.999999999748959	0.800061784416424	0.000158689613983386	2.40066943066836	0.999999999899584
12.05	4.65	0.999999999821643	0.800059683054858	0.000156565296486015	2.32066335656867	0.999999999928657
12.15	4.65	0.999999999786344	0.800057608510902	0.000154519077474027	2.24065749122118	0.999999999914538
12.25	4.65	0.999999999605851	0.800055560060083	0.000152550341925891	2.16065183198472	0.99999999984234
12.35	4.65	0.999999999256287	0.800053537006489	0.000150658429359822	2.08064637629025	0.999999999702515
12.45	4.65	0.999999998749543	0.800051538683232	0.00014884263730117	2.0006411216373	0.999999999499817
12.55	4.65	0.999999998166066	0.800049564451635	0.000147102223725149	1.92063606558943	0.999999999266426
12.65	4.65	0.999999997694082	0.800047613698836	0.00014543640843748	1.84063120576872	0.999999999077633
12.75	4.65	0.999999997664846	0.800045685833688	0.000143844373665912	1.76062653984926	0.999999999065938
12.85	4.65	0.99999999856456	0.800043780280846	0.000142325264152705	1.68062206555013	0.999999999425824
12.95	4.65	1.00000000099332	0.800041896473201	0.000140878187115183	1.60061778062934	1.00000000039733
13.05	4.65	1.00000000553277	0.800040033843267	0.000139502212892933	1.52061368288098	1.00000000221311
13.15	4.65	1.00000001248253	0.800038191814805	0.000138196377144159	1.44060977013928	1.00000000499301
13.25	4.65	1.00000002143916	0.80003636979682	0.000136959685867239	1.3606060402944	1.00000000857566
13.35	4.65	1.00000003073054	0.800034567182866	0.000135791124493011	1.28060249132458	1.00000001229222
13.45	4.65	1.00000003679347	0.800032783359147	0.00013468967199299	1.20059912134823	1.00000001471739
13.55	4.65	1.00000003369892	0.800031017724439	0.000133654319918552	1.12059592869441	1.00000001347957
13.65	4.65	1.00000001318187	0.800029269722719	0.000132684094373447	1.04059291198121	1.00000000527275
13.75	4.65	0.999999965694007	0.800027538884779	0.000131778075795028	0.96059007017783	0.999999986277603
13.85	4.65	0.999999883107999	0.800025824867018	0.000130935407354019	0.880587402607306	0.999999953243199
13.95	4.65	0.999999763661087	0.800024127464454	0.000130155278302918	0.800584908827673	0.999999905464435
14.05	4.65	0.999999619390053	0.800022446561714	0.000129436865407415	0.720582588315738	0.999999847756021
14.15	4.65	0.999999485512318	0.80002078197422	0.000128779216184363	0.640580439882194	0.999999794204927
14.25	4.65	0.999999429801364	0.800019133128512	0.000128181066010105	0.560578460786748	0.999999771920545
14.35	4.65	0.999999557947254	0.80001749854603	0.000127640601765791	0.480576645617153	0.999999823178902
14.45	4.65	1.00000000837752	0.80001587514162	0.000127155221789657	0.400574985164513	1.00000000335101
14.55	4.65	1.00000092763302	0.800014257439998	0.000126721397000241	0.320573465774112	1.00000037105321
14.65	4.65	1.00000241631011	0.800012636958203	0.000126334806483394	0.240572069953419	1.00000096652404
14.75	4.65	1.00000443763041	0.800011001819417	0.00012599098716999	0.160570779306187	1.00000177505216
14.85	4.65	1.00000668831676	0.800008419387173	0.000125686793000609	0.0805695810695612	1.0000026753267
14.95	4.65	1.00000844726279	0.400010254970534	0.000125464219446587	0.000568663382332285	1.00000337890511
0.05	4.75	-4.3202395826894e-06	0.400003806420473	-0.000545831215739065	10.456709581166	0.599998271904167
0.15	4.75	-4.85704608683652e-06	0.800011691576134	-0.000545798669578825	10.4087092626395	0.599998057181565
0.25	4.75	-5.19871823096862e-06	0.800019578708132	-0.000545712592780128	10.3607084890171	0.599997920512708
0.35	4.75	-4.62090671379212e-06	0.800027427801883	-0.000545568425084676	10.312707245895	0.599998151637314
0.45	4.75	-2.36143704580747e-06	0.800035244004081	-0.000545352814650416	10.2647054933932	0.599999055425182
0.55	4.75	2.32249938766038e-06	0.800043007764894	-0.000545042080795475	10.2167031677071	0.600000928999755
0.65	4.75	1.00129165288293e-05	0.80005069366814	-0.000544597909700989	10.1687001837571	0.600004005166611
0.75	4.75	2.09287746751738e-05	0.800058268902988	-0.000543965445803202	10.1206964435331	0.60000837150987
0.85	4.75	3.46563597860926e-05	0.800065621448091	-0.000543112412509839	10.0726918518728	0.600013862543914
0.95	4.75	4.92887576094927e-05	0.800072677018761	-0.000541981124114057	10.0246863506832	0.600019715503044
1.05	4.75	6.10089641246478e-05	0.80007930816587	-0.000540431806983454	9.97667997576596	0.60002440358565
1.15	4.75	6.33588420133359e-05	0.800085805660001	-0.00053832722077282	9.92867292863462	0.600025343536805
1.25	4.75	4.94758098293708e-05	0.800092270075377	-0.000535554239814153	9.88066562356771	0.600019790323932
1.35	4.75	1.29045446625746e-05	0.800098878294037	-0.000531993160441913	9.83265868927989	0.600005161817865
1.45	4.75	-5.0851394411071e-05	0.800105852558673	-0.000527525424889053	9.78465293204041	0.599979659442236
1.55	4.75	-0.000142281578029325	0.800113410306452	-0.000522041142043511	9.73664924174316	0.599943087368788
1.65	4.75	-0.000255612997359165	0.800121694830043	-0.000515435033941308	9.68864842995547	0.599897754801056
1.75	4.75	-0.00037676446415076	0.800130694432895	-0.000507587493245823	9.64065099991333	0.59984929421434
1.85	4.75	-0.000482050707653106	0.800140161443346	-0.000498332020480873	9.59265686330734	0.599807179716939
1.95	4.75	-0.000538320008108652	0.800149530774526	-0.000487424926800539	9.54466503699881	0.599784671996757
2.05	4.75	-0.000505513522389948	0.800157823499071	-0.000474531466141327	9.49667337833207	0.599797794591044
2.15	4.75	-0.000342735454932194	0.800164414294338	-0.000458903973886891	9.44867845721368	0.599862905818027
2.25	4.75	-1.2081356271793e-05	0.800169101009352	-0.000440477585204657	9.40067558796987	0.599995167457491
2.35	4.75	0.000518121158013272	0.800179221122801	-0.000420035929496337	9.35265893822786	0.600207248463205
2.45	4.75	0.00132533232866719	0.800189935392859	-0.000397359216349592	9.30462091400642	0.600530132931467
2.55	4.75	0.0024960829721976	0.800201862691049	-0.000371600939816673	9.25655130431644	0.600998433188879
2.65	4.75	0.00412946899363968	0.800215628259432	-0.000342258714467045	9.2084369005957	0.601651787597456
2.75	4.75	0.0063386746381279	0.80023191494119	-0.000309097372370067	9.16026107139559	0.602535469855251
2.85	4.75	0.00925323140008187	0.800251533605979	-0.000272011485172894	9.11200327773194	0.603701292560033
2.95	4.75	0.0130222548595616	0.800275542148346	-0.000230986741034723	9.06363849405022	0.605208901943825
3.05	4.75	0.0178189583711046	0.800305335666454	-0.000186128733626101	9.01513650099344	0.607127583348442
3.15	4.75	0.023846883779212	0.800342693711767	-0.000137727581196933	8.96646100484567	0.609538753511685
3.25	4.75	0.031348316764421	0.800389771892647	-8.63464243506168e-05	8.91756852307138	0.612539326705768
3.35	4.75	0.0406152249151762	0.800449001435142	-3.29308389227731e-05	8.86840696209625	0.61624608996607
3.45	4.75	0.0520026579708668	0.800522828012761	2.10644331440995e-05	8.81891380923315	0.620801063188347
3.55	4.75	0.0659436718434328	0.8006131866579	7.35430563489609e-05	8.76901387716634	0.626377468737373
3.65	4.75	0.0829631814281663	0.800720587458457	0.00012165620098449	8.7186165965758	0.633185272571266
3.75	4.75	0.103685395237996	0.800842714849413	0.000161764012205962	8.66761298006707	0.641474158095198
3.85	4.75	0.128825536624297	0.800972593601429	0.000189548727873214	8.61587261488843	0.651530214649719
3.95	4.75	0.159152051086775	0.801096740118903	0.00020037946107219	8.56324141044776	0.66366082043471
4.05	4.75	0.195402681589709	0.801194327657033	0.000190014706484598	8.50954131045653	0.678161072635884
4.15	4.75	0.238141335358068	0.801239012601506	0.000155642209231355	8.45457364902485	0.695256534143227
4.25	4.75	0.287559045018284	0.801204974395413	9.70751800323073e-05	8.39812797815046	0.715023618007314
4.35	4.75	0.3432553027549	0.801076915804631	1.76963451144111e-05	8.33999755256361	0.73730212110196
4.45	4.75	0.404077237587761	0.80086019585174	-7.53793508374294e-05	8.28000083573271	0.761630895035104
4.55	4.75	0.468115504042844	0.800584405451288	-0.000172276051908522	8.21800557839829	0.787246201617138
4.65	4.75	0.532921149908204	0.800295641212931	-0.000262315681888086	8.15394942863338	0.813168459963281
4.75	4.75	0.595910912555207	0.800040146459513	-0.000336277026002243	8.08785054290141	0.838364365022083
4.85	4.75	0.654823675141891	0.799848735445812	-0.000388095834261007	8.0198043980424	0.861929470056756
4.95	4.75	0.708059695994218	0.799730486329552	-0.000415479796624424	7.9499679028189	0.883223878397687
5.05	4.75	0.754803441869303	0.799676724061603	-0.000419474655637014	7.87853618489963	0.901921376747721
5.15	4.75	0.794942431095788	0.799669999767108	-0.00040341446516136	7.80571879562374	0.917976972438315
5.25	4.75	0.828869065090468	0.79969218446376	-0.000371754646746949	7.73172045499247	0.931547626036187
5.35	4.75	0.857260766708949	0.799728943970303	-0.000329122391107921	7.65672852355764	0.94290430668358
5.45	4.75	0.880899737053976	0.799770866396896	-0.000279706818586377	7.58090688101078	0.952359894821591
5.55	4.75	0.900553470620986	0.799812706673382	-0.000226963244274769	7.50439458300135	0.960221388248394
5.65	4.75	0.916910767263865	0.799852049173977	-0.000173542668035279	7.42730742656434	0.966764306905546
5.75	4.75	0.930557516948772	0.799888101407635	-0.000121352948739543	7.34974089965196	0.972223006779509
5.85	4.75	0.941976263359758	0.799920852479115	-7.16796491011609e-05	7.27177350257571	0.976790505343903
5.95	4.75	0.951557461387458	0.799950579576462	-2.53208065443455e-05	7.19346987990474	0.980622984554983
6.05	4.75	0.959614788659823	0.799977602934355	1.72887305997226e-05	7.11488351658589	0.983845915463929
6.15	4.75	0.966400367970971	0.800002189777975	5.59734963331889e-05	7.03605893944136	0.986560147188388
6.25	4.75	0.972118045406654	0.800024534864402	9.07360353487193e-05	6.95703345990517	0.988847218162661
6.35	4.75	0.976934175549397	0.800044773331165	0.000121695875706536	6.87783853120836	0.990773670219759
6.45	4.75	0.980986014633225	0.800063002295814	0.000149045271023116	6.7985007995226	0.99239440585329
6.55	4.75	0.984388084744378	0.80007930055691	0.000173017979519599	6.7190429205274	0.993755233897751
6.65	4.75	0.987236930738965	0.800093742814183	0.000193867783471554	6.63948419989161	0.994894772295586
6.75	4.75	0.98961465694646	0.800106408207015	0.000211854078918582	6.55984110295482	0.995845862778584
6.85	4.75	0.991591563081238	0.800117384283874	0.000227232484255762	6.48012766743478	0.996636625232495
6.95	4.75	0.993228127490866	0.80012676779585	0.0002402489469841	6.40035584382487	0.997291250996346
7.05	4.75	0.994576523209534	0.800134663545743	0.000251136249518234	6.32053578117528	0.997830609283814
7.15	4.75	0.995681801826663	0.800141182225514	0.000260112134964459	6.24067607082045	0.998272720730665
7.25	4.75	0.996582841538021	0.800146437880347	0.000267378509365737	6.16078395692776	0.998633136615208
7.35	4.75	0.997313127072175	0.800150545398357	0.000273121345807972	6.08086552013979	0.99892525082887
7.45	4.75	0.997901408354331	0.80015361825076	0.000277511035602506	6.00092583877611	0.999160563341732
7.55	4.75	0.99837226987429	0.800155766589496	0.000280703014655745	5.92096913082537	0.999348907949716
7.65	4.75	0.998746632220987	0.800157095735833	0.00028283855074148	5.84099887912841	0.999498652888395
7.75	4.75	0.999042199948412	0.800157705049229	0.000284045616162318	5.76101794160476	0.999616879979365
7.85	4.75	0.999273864963479	0.800157687143372	0.000284439796131245	5.68102864802067	0.999709545985392
7.95	4.75	0.999454071325064	0.800157127405543	0.000284125201326124	5.60103288457108	0.999781628530026
8.05	4.75	0.999593145236539	0.800156103772264	0.000283195363705699	5.52103216740698	0.999837258094616
8.15	4.75	0.999699592748888	0.800154686715664	0.00028173410279128	5.44102770614917	0.999879837099555
8.25	4.75	0.999780367005739	0.800152939397953	0.000279816354035767	5.3610204583688	0.999912146802295
8.35	4.75	0.999841106560803	0.800150917955975	0.000277508954563865	5.28101117596804	0.999936442624321
8.45	4.75	0.999886346237487	0.800148671881559	0.000274871383122234	5.20100044435151	0.999954538494995
8.55	4.75	0.999919702074383	0.800146244468794	0.000271956453000751	5.12098871523513	0.999967880829753
8.65	4.75	0.999944032033253	0.800143673302674	0.000268810957294004	5.04097633389031	0.999977612813301
8.75	4.75	0.99996157428661	0.80014099076877	0.000265476266979963	4.96096356156823	0.999984629714644
8.85	4.75	0.999974065017182	0.800138224566041	0.000261988882685537	4.88095059379028	0.999989626006873
8.95	4.75	0.999982837733015	0.800135398209823	0.000258380941278439	4.80093757512911	0.999993135093206
9.05	4.75	0.999988906122392	0.800132531514093	0.000254680679277262	4.72092461104102	0.999995562448957
9.15	4.75	0.99999303244202	0.800129641045628	0.00025091285489722	4.64091177724666	0.999997212976808
9.25	4.75	0.999995783355699	0.800126740544817	0.000247099130975826	4.56089912709484	0.99999831334228
9.35	4.75	0.999997575026865	0.800123841310231	0.000243258421257064	4.4808866972846	0.999999030010746
9.45	4.75	0.999998709126986	0.80012095254554	0.000239407202377056	4.40087451226547	0.999999483650794
9.55	4.75	0.999999401262284	0.800118081669052	0.000235559794181484	4.3208625875852	0.999999760504914
9.65	4.75	0.999999803152839	0.800115234587007	0.000231728610801618	4.24085093240836	0.999999921261136
9.75	4.75	1.00000001972853	0.800112415932507	0.000227924385008454	4.16083955138964	1.00000000789141
9.85	4.75	1.00000012214192	0.800109629272904	0.000224156368249177	4.08082844605033	1.00000004885677
9.95	4.75	1.00000015754343	0.8001068772881	0.000220432508503844	4.00081761577713	1.00000006301737
10.05	4.75	1.00000015632298	0.800104161923018	0.000216759608323433	3.92080705853722	1.00000006252919
10.15	4.75	1.00000013739545	0.800101484516958	0.000213143464866905	3.84079677138307	1.00000005495818
10.25	4.75	1.00000011199687	0.800098845912977	0.000209588993869583	3.76078675080325	1.00000004479875
10.35	4.75	1.00000008636325	0.800096246549739	0.000206100339272273	3.68077699296239	1.0000000345453
10.45	4.75	1.00000006358377	0.80009368653843	0.000202680969998075	3.60076749386219	1.00000002543351
10.55	4.75	1.00000004485406	0.800091165726914	0.000199333765354362	3.52075824944728	1.00000001794162
10.65	4.75	1.00000003030132	0.800088683753166	0.000196061090302846	3.44074925567325	1.00000001212053
10.75	4.75	1.00000001950976	0.800086240089634	0.000192864861675392	3.36074050854899	1.00000000780391
10.85	4.75	1.00000001184126	0.800083834080014	0.000189746606511097	3.28073200416221	1.0000000047365
10.95	4.75	1.00000000661946	0.800081464969821	0.000186707513230541	3.20072373869389	1.00000000264778
11.05	4.75	1.00000000322595	0.800079131931675	0.000183748476593045	3.12071570842591	1.00000000129038
11.15	4.75	1.00000000114193	0.800076834086251	0.000180870137047225	3.04070790974431	1.00000000045677
11.25	4.75	0.999999999958033	0.800074570519705	0.000178072915189701	2.96070033914003	0.999999999983213
11.35	4.75	0.999999999366905	0.800072340298065	0.000175357041845907	2.88069299320805	0.999999999746762
11.45	4.75	0.999999999147792	0.800070142479196	0.000172722584199292	2.80068586864578	0.999999999659117
11.55	4.75	0.999999999148442	0.800067976122601	0.000170169468521271	2.72067896225076	0.999999999659377
11.65	4.75	0.999999999267259	0.800065840297599	0.00016769749978023	2.64067227091819	0.999999999706904
11.75	4.75	0.999999999437085	0.800063734089858	0.000165306378542877	2.56066579163825	0.999999999774834
11.85	4.75	0.999999999611252	0.80006165660678	0.000162995715384041	2.48065952149331	0.999999999844501
11.95	4.75	0.999999999752361	0.800059606981664	0.000160765043192791	2.40065345765503	0.999999999900944
12.05	4.75	0.999999999824456	0.800057584376955	0.000158613827494265	2.32064759738149	0.999999999929783
12.15	4.75	0.999999999789824	0.800055587986463	0.000156541475076763	2.24064193801416	0.999999999915929
12.25	4.75	0.999999999612194	0.800053617036805	0.00015454734109247	2.16063647697474	0.999999999844877
12.35	4.75	0.999999999268477	0.800051670787819	0.000152630734733897	2.08063121176169	0.999999999707391
12.45	4.75	0.999999998770717	0.800049748532089	0.000150790923737571	2.0006261399462	0.999999999508287
12.55	4.75	0.999999998198186	0.800047849593216	0.000149027137659656	1.92062125916743	0.999999999279274
12.65	4.75	0.999999997735743	0.800045973322831	0.000147338570231454	1.84061656712675	0.999999999094297
12.75	4.75	0.99999999770828	0.800044119096073	0.000145724380851728	1.76061206158115	0.999999999083312
12.85	4.75	0.999999998592286	0.800042286305454	0.000144183695514479	1.68060774033617	0.999999999436914
12.95	4.75	1.00000000097552	0.80004047435333	0.000142715607661998	1.60060360123976	1.00000000039021
13.05	4.75	1.00000000542733	0.800038682643483	0.000141319179579725	1.52059964217935	1.00000000217093
13.15	4.75	1.00000001224051	0.800036910573191	0.000139993445326234	1.44059586108568	1.00000000489621
13.25	4.75	1.00000002101926	0.800035157527705	0.00013873741640008	1.36059225594798	1.00000000840771
13.35	4.75	1.00000003012568	0.800033422880156	0.000137550091350092	1.28058882484523	1.00000001205027
13.45	4.75	1.00000003607109	0.800031706000169	0.00013643047028029	1.20058556599685	1.00000001442844
13.55	4.75	1.00000003305215	0.800030006274152	0.000135377574154241	1.12058247783115	1.00000001322086
13.65	4.75	1.00000001298099	0.800028323138105	0.000134390466770415	1.04057955906168	1.00000000519239
13.75	4.75	0.999999966516392	0.800026656119194	0.000133468274290974	0.96057680874716	0.999999986606557
13.85	4.75	0.999999885710568	0.800025004874561	0.000132610192909986	0.880574226293518	0.999999954284227
13.95	4.75	0.999999768845809	0.80002336920482	0.000131815470917963	0.800571811336709	0.999999907538324
14.05	4.75	0.999999627706611	0.800021749006748	0.000131083348016579	0.720569563432417	0.999999851082644
14.15	4.75	0.999999496752668	0.800020144118426	0.000130412935486073	0.640567481482974	0.999999798701067
14.25	4.75	0.999999442282675	0.800018554006896	0.000129803029188658	0.560565562870937	0.99999977691307
14.35	4.75	0.999999567667521	0.800016977263498	0.000129251868292042	0.480563802361987	0.999999827067008
14.45	4.75	1.00000000827328	0.800015410917981	0.000128756890190078	0.400562191004533	1.00000000330931
14.55	4.75	1.00000090736939	0.800013849672431	0.000128314587861279	0.320560715494748	1.00000036294776
14.65	4.75	1.00000236326236	0.800012285297627	0.00012792064518809	0.240559358771305	1.00000094530494
14.75	4.75	1.00000433990402	0.800010706258757	0.00012757059291497	0.160558102884645	1.00000173596161
14.85	4.75	1.00000654067445	0.800008201144496	0.000127261284340718	0.080556935387958	1.00000261626978
14.95	4.75	1.00000826049409	0.40001001363029	0.000127035271193583	0.000556040177489033	1.00000330419764
0.05	4.85	-4.36719561452911e-06	0.400003837422984	-0.000553657015847347	10.4567425650129	0.599998253121754
0.15	4.85	-4.92211229868978e-06	0.800011793208846	-0.000553617938071878	10.4087422442687	0.59999803115508
0.25	4.85	-5.29484531341504e-06	0.800019757656767	-0.00055351464886372	10.3607414648326	0.599997882061875
0.35	4.85	-4.75582370363641e-06	0.800027694290684	-0.000553347621409707	10.3127402122033	0.599998097670519
0.45	4.85	-2.53378160251377e-06	0.800035613330712	-0.000553108728253729	10.2647384458658	0.599998986487359
0.55	4.85	2.1292809892171e-06	0.800043500731043	-0.000552780076031138	10.2167361007276	0.600000851712396
0.65	4.85	9.83052020507442e-06	0.800051339013636	-0.000552328248565105	10.1687330894414	0.600003932208082
0.75	4.85	2.07696593270842e-05	0.800059103813498	-0.000551699342181813	10.1207293107869	0.600008307863731
0.85	4.85	3.44288816211537e-05	0.800066750907104	-0.000550832684704189	10.0727246675519	0.600013771552648
0.95	4.85	4.9306531232825e-05	0.800074039133909	-0.000549661738631998	10.0247190969602	0.600019722612493
1.05	4.85	6.12920043363883e-05	0.800081021386942	-0.00054807177666726	9.97671262685004	0.600024516801735
1.15	4.85	6.40403990237034e-05	0.800087926588014	-0.000545927333075161	9.9287054512023	0.600025616159609
1.25	4.85	5.06354556021859e-05	0.80009488620179	-0.000543104741436712	9.88069797650737	0.600020254182241
1.35	4.85	1.45855899985045e-05	0.800102097924274	-0.000539467745678134	9.83269082367823	0.600005834235999
1.45	4.85	-4.86477648241715e-05	0.800109806283247	-0.000534871343354378	9.78468479102299	0.59998054089407
1.55	4.85	-0.000139605031901055	0.800118254151993	-0.000529167956340476	9.73668076066168	0.59994415798724
1.65	4.85	-0.000252560405518102	0.800127616739796	-0.000522204150152505	9.68867953641034	0.599898975837793
1.75	4.85	-0.000373465959470436	0.800137922558591	-0.00051380793538032	9.64068161292982	0.599850613616212
1.85	4.85	-0.000478656334586988	0.800148968405376	-0.000503775585430932	9.59268689146756	0.599808537466165
1.95	4.85	-0.000534953358181769	0.800160232638069	-0.000491877052804652	9.54469437624264	0.599786018656727
2.05	4.85	-0.000501932114399744	0.800170792867698	-0.000477877527647337	9.49670190722447	0.59979922715424
2.15	4.85	-0.000337622283448536	0.800179173268669	-0.000461453199276384	9.44870601140259	0.599864951086621
2.25	4.85	-1.18675400028981e-05	0.800188629165382	-0.000442549522689232	9.40070201887783	0.599995252983999
2.35	4.85	0.000515120260992764	0.800202495956998	-0.000421645966987263	9.35268413537372	0.600206048104397
2.45	4.85	0.00131832452989859	0.800217847852841	-0.000398722884479167	9.30464474308004	0.600527329811959
2.55	4.85	0.00248480922664718	0.800235073865153	-0.000373108738617542	9.25657359763357	0.600993923690659
2.65	4.85	0.00411342232124543	0.80025478150791	-0.000344311816169487	9.20845745943321	0.601645368928498
2.75	4.85	0.00631685835216938	0.800277697446604	-0.000312121720957752	9.16027968070754	0.602526743340868
2.85	4.85	0.00922417685719673	0.800304732508088	-0.000276518488987814	9.11201971618505	0.603689670742879
2.95	4.85	0.0129840469942191	0.800337055706554	-0.000237612406648832	9.06365254031757	0.605193618797688
3.05	4.85	0.0177692064895422	0.800376158351646	-0.000195641497438478	9.01514794007535	0.607107682595817
3.15	4.85	0.0237826375713469	0.800423891833309	-0.000151008260562199	8.96646963705546	0.609513055028539
3.25	4.85	0.0312659361676597	0.800482454882373	-0.000104340240047505	8.91757417741515	0.612506374467064
3.35	4.85	0.0405102113584643	0.800554287894378	-5.65663157065601e-05	8.86840951545509	0.616204084543386
3.45	4.85	0.0518694579960037	0.800641803887692	-9.00257210420072e-06	8.81891321263415	0.620747783198401
3.55	4.85	0.0657754771934779	0.80074685301643	3.65624848660488e-05	8.76901019009972	0.626310190877391
3.65	4.85	0.0827517761849052	0.800869796072146	7.78036210755034e-05	8.71861002937198	0.633100710473962
3.75	4.85	0.103421143563131	0.801008090535701	0.00011185143725625	8.66760394231466	0.641368457425252
3.85	4.85	0.128497662304839	0.801154442494208	0.00013539648228177	8.61586176426511	0.651399064921936
3.95	4.85	0.158749416469763	0.801294942270587	0.000144972537540395	8.56322969093147	0.663499766587905
4.05	4.85	0.194915285441847	0.801408211558565	0.000137475455183319	8.50952996236801	0.677966114176739
4.15	4.85	0.237562639272603	0.801467212960642	0.000110913144573139	8.45456416823257	0.695025055709041
4.25	4.85	0.286888920338612	0.801445291734727	6.52577228371796e-05	8.39812200298861	0.714755568135445
4.35	4.85	0.342502863056333	0.801326232024314	3.11504622129683e-06	8.33999667072848	0.737001145222533
4.45	4.85	0.403262310029978	0.801114535418536	-7.01559093929657e-05	8.28000633227972	0.761304924011991
4.55	4.85	0.467267474271017	0.800839218432307	-0.000147121721905477	8.2180181820253	0.786906989708407
4.65	4.85	0.532074790659061	0.800546287392898	-0.000219658240701682	8.15396913592233	0.812829916263625
4.75	4.85	0.595100312320055	0.8002824308251	-0.000280572683011296	8.0878765870081	0.838040124928022
4.85	4.85	0.654076485420852	0.800079302256236	-0.000324868441553006	8.01983537755944	0.861630594168341
4.95	4.85	0.707393699634067	0.799946969552814	-0.000350271362443943	7.95000202535658	0.882957479853627
5.05	4.85	0.754226110412273	0.799877688119702	-0.000357014884425349	7.87857154474277	0.901690444164909
5.15	4.85	0.794452763357353	0.799854774441756	-0.000347159980111282	7.80575361098502	0.917781105342941
5.25	4.85	0.828460411669367	0.799860682939608	-0.000323786945080716	7.73175322411868	0.931384164667747
5.35	4.85	0.856923550147367	0.79988150590423	-0.000290299099267995	7.65675809532884	0.942769420058947
5.45	4.85	0.880623507274681	0.799908133363631	-0.000249940605285405	7.58093245855646	0.952249402909873
5.55	4.85	0.900328190930277	0.799935524381741	-0.000205528099851954	7.50441568595511	0.960131276372111
5.65	4.85	0.916727469339788	0.799961390112921	-0.000159346681212958	7.42732383442819	0.966690987735915
5.75	4.85	0.930408530620625	0.799985003926123	-0.000113151102980703	7.34975259174179	0.97216341224825
5.85	4.85	0.941855202009811	0.80000637393322	-6.82229480066927e-05	7.27178060323321	0.976742080803924
5.95	4.85	0.951459090168346	0.80002576169588	-2.54499384575594e-05	7.19347261269322	0.980583636067338
6.05	4.85	0.959534852604321	0.800043447551254	1.45926727642296e-05	7.11488216816113	0.983813941041728
6.15	4.85	0.966335420792776	0.800059642995156	5.15687312818613e-05	7.03605383224406	0.98653416831711
6.25	4.85	0.972065297155632	0.800074477802785	8.53196919765528e-05	6.95702493221956	0.988826118862253
6.35	4.85	0.976891364724829	0.800088017790857	0.000115815417468589	6.87782692304745	0.990756545889932
6.45	4.85	0.980951304198282	0.800100289932987	0.000143116027050062	6.79848644295843	0.992380521679313
6.55	4.85	0.984359978972608	0.800111304463316	0.000167342971484139	6.71902613332638	0.993743991589043
6.65	4.85	0.987214209191294	0.800121070648548	0.000188657471016724	6.63946528155973	0.994885683676518
6.75	4.85	0.989596322100189	0.80012960625067	0.000207244661961572	6.55982033251201	0.995838528840076
6.85	4.85	0.99157679866689	0.800136941972268	0.000223302085568608	6.48010530241147	0.996630719466756
6.95	4.85	0.993216265175968	0.800143122415282	0.000237031437336439	6.40033212010856	0.997286506070387
7.05	4.85	0.994567015791165	0.800148204887885	0.000248632743957579	6.32051091343659	0.997826806316466
7.15	4.85	0.995674201522675	0.800152257067316	0.000258300337400187	6.24065025332342	0.99826968060907
7.25	4.85	0.996576782301494	0.800155354210114	0.000266220154114867	6.16075736458403	0.998630712920598
7.35	4.85	0.997308310108156	0.80015757634624	0.000272568008009095	6.08083830970665	0.998923324043262
7.45	4.85	0.997897590208746	0.800159005706602	0.000277508577225265	6.00089815012696	0.999159036083498
7.55	4.85	0.99836925260723	0.800159724507796	0.000281194911777175	5.92094108824241	0.999347701042892
7.65	4.85	0.998744255282616	0.800159813137867	0.000283768319252159	5.84097059258216	0.999497702113046
7.75	4.85	0.999040333455173	0.800159348738427	0.000285358522222206	5.76098950799638	0.999616133382069
7.85	4.85	0.999272404132284	0.800158404153383	0.000286084008487137	5.68100015237052	0.999708961652913
7.95	4.85	0.999452931868931	0.80015704720171	0.000286052514352116	5.60100440114326	0.999781172747572
8.05	4.85	0.999592259560625	0.800155340227105	0.000285361596525202	5.52100376076342	0.99983690382425
8.15	4.85	0.999698906813709	0.800153339878673	0.000284099258544007	5.44099943213022	0.999879562725484
8.25	4.85	0.999779837746668	0.800151097078751	0.000282344606247036	5.36099236499956	0.999911935098667
8.35	4.85	0.99984069977095	0.800148657138166	0.000280168512468129	5.2809833042912	0.99993627990838
8.45	4.85	0.999886034835979	0.800146059984156	0.000277634276417693	5.2009728291888	0.999954413934392
8.55	4.85	0.99991946469438	0.800143340469736	0.00027479826664325	5.12096138588034	0.999967785877752
8.65	4.85	0.999943851874523	0.800140528738476	0.000271710539313787	5.04094931473745	0.999977540749809
8.75	4.85	0.999961438186253	0.800137650622537	0.000268415426202518	4.96093687267873	0.999984575274501
8.85	4.85	0.999973962699625	0.800134728055395	0.000264952088290532	4.88092425140339	0.99998958507985
8.95	4.85	0.999982761206787	0.800131779484987	0.000261355032938533	4.80091159211971	0.999993104482715
9.05	4.85	0.999988849196619	0.80012882027555	0.000257654593062444	4.72089899732915	0.999995539678648
9.15	4.85	0.99999299034022	0.800125863089864	0.000253877368546072	4.64088654016282	0.999997196136088
9.25	4.85	0.999995752408342	0.800122918245996	0.000250046630260007	4.56087427170506	0.999998300963337
9.35	4.85	0.999997552427483	0.800119994044651	0.000246182688076759	4.48086222667907	0.999999020970993
9.45	4.85	0.999998692739366	0.800117097065351	0.000242303224302393	4.40085042781437	0.999999477095746
9.55	4.85	0.999999389468577	0.800114232430913	0.000238423594620406	4.32083888916485	0.999999755787431
9.65	4.85	0.999999794734339	0.800111404040729	0.000234557098733517	4.24082761860103	0.999999917893736
9.75	4.85	1.00000001377245	0.800108614774558	0.000230715222715676	4.16081661965966	1.00000000550898
9.85	4.85	1.00000011796878	0.800105866668634	0.000226907855524688	4.08080589289907	1.00000004718751
9.95	4.85	1.00000015465075	0.800103161066588	0.000223143481894483	4.00079543687931	1.0000000618603
10.05	4.85	1.00000015434179	0.800100498747718	0.00021942935373835	3.92078524886058	1.00000006173672
10.15	4.85	1.00000013605686	0.800097880035188	0.000215771642047264	3.84077532529326	1.00000005442274
10.25	4.85	1.00000011110656	0.800095304886713	0.000212175571463688	3.76076566215577	1.00000004444263
10.35	4.85	1.00000008578202	0.80009277297011	0.000208645539111501	3.68075625518297	1.00000003431281
10.45	4.85	1.00000006321288	0.800090283725839	0.000205185219442247	3.60074710001703	1.00000002528515
10.55	4.85	1.00000004462424	0.800087836418679	0.000201797656660792	3.52073819230438	1.00000001784969
10.65	4.85	1.00000003016451	0.800085430180109	0.000198485346009401	3.44072952775581	1.0000000120658
10.75	4.85	1.0000000194331	0.800083064043069	0.000195250305309567	3.36072110218195	1.00000000777324
10.85	4.85	1.0000000118026	0.800080736970275	0.00019209413767472	3.28071291151264	1.00000000472104
10.95	4.85	1.00000000660412	0.800078447877417	0.000189018086601903	3.20070495180611	1.00000000264165
11.05	4.85	1.00000000322441	0.800076195651885	0.00018602308420193	3.12069721925186	1.00000000128976
11.15	4.85	1.00000000114814	0.800073979168083	0.00018310979336971	3.04068971016989	1.00000000045926
11.25	4.85	0.999999999968237	0.800071797299783	0.000180278644682967	2.9606824210078	0.999999999987295
11.35	4.85	0.999999999378807	0.800069648930096	0.000177529868457431	2.88067534833687	0.999999999751523
11.45	4.85	0.999999999159991	0.800067532959501	0.000174863522758536	2.80066848884764	0.999999999663996
11.55	4.85	0.999999999160059	0.800065448312271	0.000172279517584512	2.72066183934536	0.999999999664024
11.65	4.85	0.999999999277712	0.800063393941458	0.000169777635839227	2.64065539674542	0.999999999711085
11.75	4.85	0.999999999445997	0.800061368832863	0.000167357551416077	2.56064915806893	0.999999999778399
11.85	4.85	0.999999999618478	0.800059372007873	0.000165018844658792	2.48064312043838	0.999999999847391
11.95	4.85	0.999999999758105	0.800057402525621	0.00016276101561138	2.40063728107356	0.999999999903242
12.05	4.85	0.999999999829469	0.80005545948424	0.000160583495233514	2.3206316372875	0.999999999931788
12.15	4.85	0.999999999795599	0.800053542021523	0.000158485654850786	2.24062618648261	0.999999999918239
12.25	4.85	0.999999999621062	0.800051649314841	0.000156466814056576	2.16062092614673	0.999999999848425
12.35	4.85	0.999999999283436	0.800049780580398	0.00015452624716804	2.08061585384902	0.999999999713374
12.45	4.85	0.999999998794777	0.800047935071614	0.000152663188439639	2.0006109672355	0.999999999517911
12.55	4.85	0.999999998233011	0.800046112076642	0.000150876836138833	1.92060626402389	0.999999999293204
12.65	4.85	0.999999997779437	0.800044310914681	0.000149166355599526	1.84060174199754	0.999999999111775
12.75	4.85	0.999999997752364	0.800042530931012	0.000147530881406394	1.76059739899872	0.999999999100946
12.85	4.85	0.999999998618338	0.800040771490635	0.000145969519042249	1.68059323292135	0.999999999447335
12.95	4.85	1.00000000095258	0.800039031970692	0.000144481346355325	1.6005892417048	1.00000000038103
13.05	4.85	1.00000000531201	0.800037311752214	0.000143065415567731	1.52058542333073	1.0000000021248
13.15	4.85	1.00000001198268	0.800035610212461	0.000141720756737804	1.44058177582664	1.00000000479307
13.25	4.85	1.00000002057672	0.800033926719828	0.000140446383887442	1.36057829728042	1.00000000823069
13.35	4.85	1.00000002949125	0.800032260634163	0.000139241304994841	1.28057498587069	1.0000000117965
13.45	4.85	1.00000003531351	0.800030611315722	0.000138104536778175	1.20057183991594	1.00000001412541
13.55	4.85	1.00000003236792	0.800028978145622	0.000137035124135549	1.12056885794114	1.00000001294717
13.65	4.85	1.00000001274654	0.800027360558599	0.000136032162110275	1.04056603875179	1.00000000509862
13.75	4.85	0.999999967318349	0.800025758084326	0.000135094815114284	0.960563381492	0.999999986927339
13.85	4.85	0.999999888317714	0.800024170386008	0.000134222323964261	0.88056088564571	0.999999955327086
13.95	4.85	0.999999774072776	0.800022597274122	0.000133413986727255	0.800558550921378	0.99999990962911
14.05	4.85	0.999999636112601	0.800021038660649	0.00013266909613615	0.720556376947809	0.99999985444504
14.15	4.85	0.999999508129469	0.800019494408027	0.000131986816915199	0.640554362713146	0.999999803251788
14.25	4.85	0.999999454928443	0.800017964024105	0.000131365995009845	0.560552505717311	0.999999781971377
14.35	4.85	0.999999577531729	0.800016446169067	0.000130804911778927	0.480550800899237	0.999999831012692
14.45	4.85	1.00000000820515	0.800014937985277	0.000130301034268891	0.400549239561253	1.00000000328206
14.55	4.85	1.00000088690538	0.800013434348862	0.00012985086914657	0.320547808748682	1.00000035476215
14.65	4.85	1.00000230962006	0.800011927280152	0.000129450097951998	0.240546491831329	1.00000092384802
14.75	4.85	1.00000424103983	0.800010405581457	0.000129094239260463	0.16054527130728	1.00000169641593
14.85	4.85	1.00000639128396	0.800007979316365	0.000128780140413706	0.080544135046124	1.00000255651358
14.95	4.85	1.00000807149734	0.400009769021131	0.000128550881608926	0.0005432626471164	1.00000322859894
0.05	4.95	-4.42741094157844e-06	0.400003874282458	-0.000561558071848918	10.4567760204515	0.599998229035623
0.15	4.95	-5.00857835416902e-06	0.800011915104149	-0.000561516299783467	10.4087756972112	0.599997996568658
0.25	4.95	-5.42908833905423e-06	0.800019971831068	-0.000561404591070654	10.360774911178	0.599997828364664
0.35	4.95	-4.95605591684219e-06	0.800028011457264	-0.000561227274882192	10.3127736480372	0.599998017577633
0.45	4.95	-2.81087221380492e-06	0.800036048721118	-0.000560980887995907	10.2647718669673	0.599998875651115
0.55	4.95	1.78198712052289e-06	0.800044071977956	-0.000560654699404367	10.2167695020502	0.600000712794848
0.65	4.95	9.45423752392697e-06	0.800052065519982	-0.000560225142208053	10.1687664642222	0.60000378169501
0.75	4.95	2.04582810478396e-05	0.800060006368088	-0.000559642227277637	10.120762649013	0.600008183312419
0.85	4.95	3.43057983121576e-05	0.800067835553636	-0.000558804677256441	10.0727579539558	0.600013722319325
0.95	4.95	4.92088574989813e-05	0.800075470700488	-0.000557632848007208	10.0247523129053	0.600019683543
1.05	4.95	6.1630668247679e-05	0.800082705583787	-0.000556048990984276	9.97674574771378	0.600024652267299
1.15	4.95	6.4933584513454e-05	0.800089936625006	-0.00055392962456821	9.92873844336077	0.600025973433805
1.25	4.95	5.2211084982604e-05	0.800097288568375	-0.000551142460845693	9.88073079898822	0.600020884433993
1.35	4.95	1.69938495136026e-05	0.800104966071446	-0.000547530854096429	9.83272342669279	0.600006797539805
1.45	4.95	-4.52629617658885e-05	0.800113226174078	-0.000542925063169006	9.78471711517654	0.599981894815294
1.55	4.95	-0.000135127527756014	0.800122332847585	-0.000537147416196204	9.73671273664733	0.599945948988898
1.65	4.95	-0.000246913230086518	0.800132494723899	-0.00053000922934765	9.68871108456482	0.599901234707965
1.75	4.95	-0.000366623388494228	0.800143789572542	-0.000521302425329147	9.64071264217997	0.599853350644602
1.85	4.95	-0.000470683812021849	0.800156081409301	-0.000510794240032565	9.59271729775573	0.599811726475191
1.95	4.95	-0.000526125910529047	0.800168930053422	-0.000498243700482315	9.54472404186721	0.599789549635788
2.05	4.95	-0.000492969406451709	0.800181492059908	-0.000483477924698726	9.49673070512278	0.599802812237419
2.15	4.95	-0.00032956585393586	0.800192566847278	-0.000466581779934101	9.4487338198142	0.599868173658426
2.25	4.95	-6.27513990041768e-07	0.800202549584983	-0.000447694919377876	9.40072869417698	0.599999748994404
2.35	4.95	0.000522834948176024	0.800220164973036	-0.00042705895661847	9.35270955380872	0.60020913397927
2.45	4.95	0.00132289901041849	0.800239253933034	-0.000404531213601516	9.30466880349781	0.600529159604167
2.55	4.95	0.00248702617925881	0.800260414418768	-0.000379495275856197	9.25659615223176	0.600994810471703
2.65	4.95	0.00411360782191317	0.800284192468125	-0.000351619938888256	9.20847833202103	0.601645443128765
2.75	4.95	0.00631488019933562	0.800311311823088	-0.000320824204566873	9.16029868444104	0.602525952079734
2.85	4.95	0.00921956810389432	0.800342699621048	-0.000287198552099441	9.11203666471715	0.603687827241558
2.95	4.95	0.0129760987068012	0.800379527524518	-0.000250961504840233	9.06366725507246	0.60519043948272
3.05	4.95	0.0177570072146728	0.800423259586576	-0.000212453997851403	9.01516025681037	0.607102802885869
3.15	4.95	0.0237650652073525	0.800475685920216	-0.000172159527863293	8.96647941387877	0.609506026082941
3.25	4.95	0.0312416090617796	0.80053891264941	-0.000130739292982977	8.91758130562206	0.612496643624712
3.35	4.95	0.0404774020396616	0.800615262895024	-8.90749729734767e-05	8.86841393412012	0.616190960815865
3.45	4.95	0.0518259721080983	0.80070701792893	-4.83130768751885e-05	8.81891492765032	0.620730388843239
3.55	4.95	0.0657185050251793	0.80081589625032	-9.90289728618015e-06	8.76900929803401	0.626287402010072
3.65	4.95	0.0826777374131343	0.800942146913274	2.43850463696176e-05	8.7186067458368	0.633071094965254
3.75	4.95	0.103325570105822	0.801083160319976	5.24812441798723e-05	8.66759863324471	0.641330228042329
3.85	4.95	0.128375200018999	0.801231646571146	7.21104473446323e-05	8.61585497624264	0.6513500800076
3.95	4.95	0.158594066984175	0.801373791418084	8.0991511251843e-05	8.56322217338998	0.66343762679367
4.05	4.95	0.194721032468459	0.801488404867373	7.71708310543466e-05	8.50952267051671	0.677888412987383
4.15	4.95	0.237324565681058	0.801548699571768	5.94808740427581e-05	8.45455823235167	0.694929826272423
4.25	4.95	0.28660476857506	0.801528264688153	2.80462546590614e-05	8.39811865030608	0.714641907430024
4.35	4.95	0.342174704861923	0.80141103646411	-1.53245276447374e-05	8.3399970942355	0.736869881944769
4.45	4.95	0.402897674614809	0.801201516240312	-6.70674918328264e-05	8.28001151858226	0.761159069845923
4.55	4.95	0.46687919440979	0.800928571650768	-0.000122252750052645	8.21802873347422	0.786751677763916
4.65	4.95	0.53167921779441	0.800637975137356	-0.000175392233119458	8.1539851384576	0.812671687117764
4.75	4.95	0.59471434568718	0.800376169381425	-0.000221416788502528	8.08789757001437	0.837885738274872
4.85	4.95	0.65371452767441	0.800174587041966	-0.000256492020366404	8.01986038225381	0.861485811069764
4.95	4.95	0.707065651477983	0.800043103627766	-0.000278441294599561	7.95002975867123	0.882826260591193
5.05	4.95	0.753936873142927	0.799973812889233	-0.000286739511691707	7.87860056920533	0.901574749257171
5.15	4.95	0.794202974709749	0.799949917579939	-0.000282199066532559	7.80578251993747	0.917681189883899
5.25	4.95	0.828247774042213	0.799953828002904	-0.000266522869787293	7.73178076995527	0.931299109616885
5.35	4.95	0.856744171981175	0.799971671359198	-0.000241867631803625	7.65678326155343	0.94269766879247
5.45	4.95	0.880472939478204	0.799994443044083	-0.000210496818230959	7.58095448315977	0.952189175791282
5.55	4.95	0.900202082414527	0.800017256838062	-0.000174546476661119	7.50443405080123	0.960080832965811
5.65	4.95	0.916621902400906	0.800038003227568	-0.000135892991960838	7.4273382353914	0.966648760960362
5.75	4.95	0.930320139438971	0.800056137865117	-9.60978263746927e-05	7.34976290097023	0.972128055775588
5.85	4.95	0.94178116787274	0.800071838520003	-5.64030279785789e-05	7.27178683088566	0.976712467149096
5.95	4.95	0.951397079713449	0.800085514533992	-1.77559395772149e-05	7.19347487214825	0.98055883188538
6.05	4.95	0.959482938805585	0.800097568068978	1.91522650560064e-05	7.11488064639599	0.983793175522234
6.15	4.95	0.966292006954181	0.800108306049867	5.38440177056973e-05	7.03604876570401	0.986516802781672
6.25	4.95	0.972029052116642	0.800117929088112	8.60143566798551e-05	6.95701658778402	0.988811620846657
6.35	4.95	0.97686117098351	0.800126552224542	0.000115494245465164	6.87781558340014	0.990744468393404
6.45	4.95	0.980926217691576	0.800134233472754	0.00014221921880088	6.79847239560145	0.99237048707663
6.55	4.95	0.984339198261471	0.800140999342561	0.000166203388617118	6.71900966252572	0.993735679304588
6.65	4.95	0.987197051772424	0.800146863767563	0.000187518357851229	6.63944666260393	0.99487882070897
6.75	4.95	0.989582205927192	0.800151840336603	0.000206276396547649	6.55979982777007	0.995832882370877
6.85	4.95	0.991565227415191	0.800155949082382	0.000222617200717154	6.48008315877409	0.996626090966076
6.95	4.95	0.993206816196432	0.800159219369149	0.000236697599589601	6.40030856748136	0.997282726478573
7.05	4.95	0.994559330023448	0.800161690250111	0.000248683653915203	6.32048616402402	0.997823732009379
7.15	4.95	0.995667974878293	0.800163409350688	0.000258744673676979	6.24062450149882	0.998267189951317
7.25	4.95	0.996571758192334	0.800164431019366	0.000267048764218518	6.16073078718656	0.998628703276933
7.35	4.95	0.997304272906083	0.800164814230873	0.00027375958172396	6.08081106664128	0.998921709162433
7.45	4.95	0.997894359492213	0.800164620534552	0.000279034039751653	6.00087038517208	0.999157743796885
7.55	4.95	0.99836667809403	0.800163912209852	0.000283020759491608	5.92091292999153	0.999346671237612
7.65	4.95	0.998742212373642	0.800162750703806	0.000285859097265774	5.84094215546366	0.999496884949457
7.75	4.95	0.99903871932886	0.80016119537317	0.000287678616946878	5.76096089332862	0.999615487731544
7.85	4.95	0.999271134337685	0.800159302522461	0.000288598901145855	5.68097144942073	0.999708453735074
7.95	4.95	0.999451937370084	0.800157124712731	0.000288729617277214	5.60097568816659	0.999780774948034
8.05	4.95	0.999591484187757	0.800154710308032	0.000288170771345173	5.52097510600541	0.999836593675103
8.15	4.95	0.999698305078974	0.800152103224401	0.000287013096391027	5.44097089478105	0.99987932203159
8.25	4.95	0.99977937298414	0.800149342845971	0.000285338533511357	5.36096399609238	0.999911749193656
8.35	4.95	0.999840342562735	0.800146464075607	0.000283220772220376	5.28095514754009	0.999936137025094
8.45	4.95	0.999885761688731	0.800143497489644	0.000280725824271333	5.2009449217644	0.999954304675492
8.55	4.95	0.999919256933192	0.80014046957023	0.000277912610588655	5.12093375912271	0.999967702773277
8.65	4.95	0.999943694723954	0.800137402991526	0.000274833546068896	5.04092199480756	0.999977477889581
8.75	4.95	0.999961320011247	0.800134316939903	0.000271535110529096	4.96090988115058	0.999984528004499
8.85	4.95	0.999973874381987	0.800131227451522	0.000268058397368628	4.8808976057997	0.999989549752795
8.95	4.95	0.999982695635781	0.800128147753448	0.000264439634078697	4.80088530639453	0.999993078254312
9.05	4.95	0.999988800854977	0.800125088597852	0.000260710670691841	4.72087308230096	0.999995520341991
9.15	4.95	0.999992954969414	0.800122058581095	0.000256899433982908	4.64086100390195	0.999997181987766
9.25	4.95	0.99999572673929	0.80011906444217	0.000253030346521225	4.56084911987911	0.999998290695716
9.35	4.95	0.999997533964966	0.800116111336619	0.000249124710472826	4.48083746286008	0.999999013585987
9.45	4.95	0.999998679590288	0.80011320308395	0.000245201057199662	4.40082605375122	0.999999471836115
9.55	4.95	0.999999380205822	0.800110342388089	0.000241275463943247	4.32081490502442	0.999999752082329
9.65	4.95	0.999999788289383	0.800107531030924	0.000237361839201517	4.24080402318108	0.999999915315753
9.75	4.95	1.0000000093511	0.800104770040533	0.000233472179063567	4.16079341057648	1.00000000374044
9.85	4.95	1.00000011498536	0.800102059835378	0.00022961679639867	4.08078306675266	1.00000004599414
9.95	4.95	1.00000015267707	0.80009940034707	0.000225804525314541	4.00077298939844	1.00000006107083
10.05	4.95	1.0000001530677	0.800096791123381	0.000222042902750189	3.92076317503008	1.00000006122708
10.15	4.95	1.00000013526003	0.800094231414374	0.000218338329706796	3.84075361946547	1.00000005410401
10.25	4.95	1.00000011062944	0.800091720243407	0.000214696213766964	3.7607443181481	1.00000004425178
10.35	4.95	1.00000008551439	0.800089256465384	0.000211121095004179	3.68073526636307	1.00000003420576
10.45	4.95	1.00000006307878	0.800086838814204	0.00020761675701198	3.60072645937718	1.00000002523151
10.55	4.95	1.00000004457222	0.800084465941012	0.000204186324591707	3.52071789252622	1.00000001782889
10.65	4.95	1.00000003016044	0.800082136444896	0.000200832349631265	3.44070956126676	1.00000001206418
10.75	4.95	1.00000001945491	0.800079848897412	0.000197556886520256	3.36070146120418	1.00000000778196
10.85	4.95	1.00000001183647	0.800077601861842	0.000194361558255967	3.28069358810558	1.00000000473459
10.95	4.95	1.00000000664181	0.800075393908544	0.000191247614366461	3.2006859379033	1.00000000265672
11.05	4.95	1.00000000326129	0.800073223626728	0.000188215981528315	3.12067850669284	1.00000000130452
11.15	4.95	1.0000000011819	0.800071089633705	0.000185267307858674	3.04067129072769	1.00000000047276
11.25	4.95	0.999999999997931	0.800068990581896	0.000182402001449825	2.96066428641273	0.999999999999172
11.35	4.95	0.999999999404281	0.800066925164127	0.000179620264029904	2.88065749029691	0.999999999761712
11.45	4.95	0.999999999181452	0.800064892117529	0.000176922120146254	2.80065089906605	0.999999999672581
11.55	4.95	0.999999999177838	0.800062890226282	0.000174307442499349	2.72064450953574	0.999999999671135
11.65	4.95	0.999999999292145	0.800060918323487	0.000171775973849169	2.64063831864465	0.999999999716858
11.75	4.95	0.99999999945741	0.800058975292192	0.000169327345909846	2.5606323234482	0.999999999782964
11.85	4.95	0.999999999627269	0.800057060065872	0.000166961095602419	2.48062652111273	0.999999999850908
11.95	4.95	0.99999999976491	0.800055171628238	0.00016467667895936	2.40062090890993	0.999999999905964
12.05	4.95	0.999999999835374	0.800053309012701	0.000162473482975486	2.32061548421174	0.99999999993415
12.15	4.95	0.999999999802356	0.800051471301268	0.000160350835698046	2.2406102444854	0.999999999920942
12.25	4.95	0.999999999631183	0.800049657623011	0.000158308014654747	2.16060518728873	0.999999999852473
12.35	4.95	0.999999999300009	0.800047867152055	0.000156344253930071	2.08060031026537	0.999999999720004
12.45	4.95	0.999999998820794	0.800046099104973	0.000154458749936067	2.00059561113972	0.999999999528318
12.55	4.95	0.999999998269982	0.800044352737339	0.000152650666002487	1.92059108771131	0.999999999307993
12.65	4.95	0.999999997825136	0.800042627339461	0.000150919136008116	1.84058673784851	0.999999999130054
12.75	4.95	0.999999997797771	0.800040922230927	0.000149263267086184	1.76058255948141	0.999999999119108
12.85	4.95	0.999999998644258	0.80003923675396	0.000147682141769232	1.68057855059451	0.999999999457703
12.95	4.95	1.00000000092705	0.800037570265752	0.000146174819927419	1.60057470922024	1.00000000037082
13.05	4.95	1.00000000519044	0.800035922130302	0.00014474034119973	1.52057103343564	1.00000000207618
13.15	4.95	1.0000000117137	0.800034291710966	0.000143377728842587	1.44056752136548	1.00000000468548
13.25	4.95	1.00000002011711	0.800032678365646	0.000142085996167746	1.36056417119623	1.00000000804684
13.35	4.95	1.00000002883343	0.800031081447406	0.000140864156781525	1.28056098120537	1.00000001153337
13.45	4.95	1.000000034527	0.800029500313601	0.000139711239543178	1.20055794980906	1.0000000138108
13.55	4.95	1.00000003165189	0.80002793434635	0.000138626308071253	1.12055507562677	1.00000001266076
13.65	4.95	1.00000001248266	0.800026382985026	0.000137608482632759	1.04055235755317	1.00000000499306
13.75	4.95	0.999999968101338	0.800024845767135	0.000136656959080889	0.960549794814258	0.999999987240535
13.85	4.95	0.99999989092702	0.800023322366494	0.000135771015279196	0.880547386967946	0.999999956370808
13.95	4.95	0.999999779334496	0.800021812607062	0.000134949990861071	0.80054513379065	0.999999911733798
14.05	4.95	0.999999644594519	0.800020316418544	0.000134193222858614	0.72054303497945	0.999999857837807
14.15	4.95	0.99999951962286	0.800018833689071	0.000133499920466656	0.640541089603446	0.999999807849144
14.25	4.95	0.999999467713134	0.800017363967436	0.000132868970765046	0.560539295275397	0.999999787085253
14.35	4.95	0.999999587510859	0.800015905981646	0.00013229868871529	0.480537647103742	0.999999835004344
14.45	4.95	1.0000000081447	0.800014456984668	0.000131786563165095	0.4005361366422	1.00000000325788
14.55	4.95	1.00000086621923	0.800013012023848	0.000131329107664079	0.320534751284263	1.00000034648769
14.65	4.95	1.00000225537557	0.800011563365627	0.000130921995817382	0.24053347483142	1.00000090215023
14.75	4.95	1.00000414105143	0.800010100145541	0.000130560729552478	0.160532290230879	1.00000165642057
14.85	4.95	1.00000624018376	0.800007754142011	0.000130242146367544	0.0805311856694302	1.0000024960735
14.95	4.95	1.00000788033099	0.400009521313527	0.000130009828211591	0.000530336397618199	1.0000031521324
0.05	5.05	-4.49577097416525e-06	0.400003913699783	-0.000569545078180332	10.4568099524296	0.59999820169161
0.15	5.05	-5.10872597447611e-06	0.800012046593734	-0.000569504679856322	10.4088096266469	0.59999795650961
0.25	5.05	-5.58898435446132e-06	0.800020203540732	-0.000569394559864169	10.3608088337872	0.599997764406258
0.35	5.05	-5.20306974091557e-06	0.80002835555481	-0.000569220901461521	10.3128075599019	0.599997918772104
0.45	5.05	-3.16934690086407e-06	0.800036522370985	-0.000568982797366897	10.2648057640951	0.59999873226124
0.55	5.05	1.30061400999781e-06	0.800044693873316	-0.000568674076100252	10.2168033800213	0.600000520245604
0.65	5.05	8.87601555638018e-06	0.800052853611787	-0.000568279223407664	10.1688003175331	0.600003550406223
0.75	5.05	1.99030340298332e-05	0.800060977238752	-0.000567760016536186	10.1207964694224	0.600007961213612
0.85	5.05	3.40644988893602e-05	0.800068943929445	-0.000566995024251039	10.0727917263005	0.600013625799556
0.95	5.05	4.93066041734415e-05	0.800076784624758	-0.000565854888543752	10.0247860157526	0.600019722641669
1.05	5.05	6.21425959359487e-05	0.800084265095747	-0.000564298664206965	9.97677935612784	0.600024857038374
1.15	5.05	6.60385419192054e-05	0.800091770818206	-0.000562249752761003	9.92877192629412	0.600026415416768
1.25	5.05	5.41547766839535e-05	0.800099425390498	-0.000559550496526232	9.88076411656638	0.600021661910674
1.35	5.05	2.00507182758257e-05	0.800107435710301	-0.000556022891136974	9.8327565287892	0.60000802028731
1.45	5.05	-4.08171232680084e-05	0.800116067568175	-0.000551479570075361	9.78474994073138	0.599983673150693
1.55	5.05	-0.000129035939213681	0.800125603796655	-0.000545724574296504	9.73674521321457	0.599948385624315
1.65	5.05	-0.000238956109685779	0.800136285355241	-0.000538550177975059	9.68874312772121	0.599904417556126
1.75	5.05	-0.000356639544975614	0.800148237402997	-0.000529732012276786	9.64074415460703	0.59985734418201
1.85	5.05	-0.000458606918499137	0.800161383257691	-0.000519028360354709	9.5927481682219	0.5998165572326
1.95	5.05	-0.000512059966630062	0.800175340467968	-0.000506194149826917	9.54475414519857	0.599795176013348
2.05	5.05	-0.000477372318178189	0.800189287073274	-0.000491025048402704	9.49675990619507	0.599809051072729
2.15	5.05	-0.000313658187926405	0.800202018631707	-0.000473531105080382	9.4487619896055	0.599874536724829
2.25	5.05	1.36070385565045e-05	0.800214310743149	-0.000454931549132623	9.40075574294079	0.600005442815423
2.35	5.05	0.000536141283419545	0.800234077368388	-0.00043531178495403	9.3527354010106	0.600214456513368
2.45	5.05	0.0013361882522243	0.800255367842573	-0.000413420891991363	9.30469333034222	0.60053447530089
2.55	5.05	0.00250093351573954	0.80027870273508	-0.000388999154700672	9.25661921328096	0.601000373406296
2.65	5.05	0.00412853721142811	0.800304530375901	-0.000362006890454895	9.20849977025421	0.601651414884571
2.75	5.05	0.00633110333964069	0.800333482468987	-0.000332530576942157	9.16031834240892	0.602532441335856
2.85	5.05	0.00923731813366924	0.800366383838785	-0.000300764531021064	9.11205439256408	0.603694927253468
2.95	5.05	0.0129956457716489	0.800404279429089	-0.000267007406495704	9.06368291694906	0.60519825830866
3.05	5.05	0.017778713548709	0.800448473808322	-0.000231667918177137	9.01517373709567	0.607111485419484
3.15	5.05	0.0237894187985659	0.800500564003928	-0.00019527754728202	8.96649062425243	0.609515767519426
3.25	5.05	0.031269233509747	0.800562436393215	-0.000158506419788119	8.9175901936403	0.612507693403899
3.35	5.05	0.0405090375200488	0.800636182694178	-0.000122178041020919	8.86842049364999	0.61620361500802
3.45	5.05	0.0518624197131636	0.800723865271012	-8.72783157241266e-05	8.81891921127643	0.620744967885265
3.55	5.05	0.0657605255749203	0.80082703106216	-5.49534885879022e-05	8.76901143128227	0.626304210229968
3.65	5.05	0.0827258979530406	0.800945851417359	-2.64901536730101e-05	8.71860694265657	0.633090359181216
3.75	5.05	0.103380039121146	0.801077789660046	-3.26864035726779e-06	8.66759721153915	0.641352015648459
3.85	5.05	0.12843550849452	0.801215840271405	1.33201630674607e-05	8.61585237123043	0.651374203397808
3.95	5.05	0.158658878069397	0.801346735999721	2.20033290198775e-05	8.56321894517142	0.663463551227759
4.05	5.05	0.194787994211258	0.80145011519569	2.18021984369609e-05	8.50951950053787	0.677915197684503
4.15	5.05	0.237390346002111	0.801500257894521	1.22445814731474e-05	8.4545559020478	0.694956138400844
4.25	5.05	0.286665363870075	0.801471933678552	-6.42162179356659e-06	8.39811799521493	0.71466614554803
4.35	5.05	0.342226043796185	0.801350166322886	-3.30721426015625e-05	8.33999893000793	0.736890417518474
4.45	5.05	0.402936402313951	0.801140213352429	-6.56770330598652e-05	8.28001654293995	0.761174560925581
4.55	5.05	0.466903377982143	0.80087117953796	-0.000101448396806007	8.21803741940293	0.786761351192857
4.65	5.05	0.53168867838002	0.800588494754558	-0.000137162454313887	8.15399764406192	0.812675471352008
4.75	5.05	0.594710473267502	0.800337766161685	-0.000169589317135585	8.08791369229466	0.837884189307001
4.85	5.05	0.653699697320556	0.800149287438724	-0.000195923566830007	8.01987957131359	0.861479878928223
4.95	5.05	0.707042538823497	0.800031710945441	-0.000214112521631021	7.95005118933576	0.882817015529399
5.05	5.05	0.753907940735721	0.799976012057739	-0.000223020128408898	7.87862324910075	0.901563176294288
5.15	5.05	0.794170233984968	0.799964506467634	-0.000222419275678071	7.80580540569348	0.917668093593987
5.25	5.05	0.828212771012556	0.799979005386152	-0.000212850579099479	7.73180286759104	0.931285108405022
5.35	5.05	0.856708083234337	0.800005321534858	-0.000195407912534118	7.65680369792667	0.942683233293735
5.45	5.05	0.880436684417556	0.800034376770889	-0.000171509387781174	7.58097254611984	0.952174673767022
5.55	5.05	0.900166405222079	0.800061389877382	-0.000142695710009771	7.50444920272365	0.960066562088832
5.65	5.05	0.916587415683171	0.800084471053375	-0.000110476913660572	7.42735010762851	0.966634966273268
5.75	5.05	0.930287340317938	0.800103355591468	-7.62312901275241e-05	7.3497712766814	0.972114936127175
5.85	5.05	0.941750440980928	0.800118519347668	-4.1149847162202e-05	7.27179162222189	0.976700176392371
5.95	5.05	0.951368697988916	0.800130660070858	-6.21531872238569e-06	7.19347609594248	0.980547479195567
6.05	5.05	0.959457067803734	0.800140441783054	2.77954769718802e-05	7.11487840090865	0.983782827121494
6.15	5.05	0.966268714266462	0.800148398335492	6.02953041614093e-05	7.03604320978039	0.986507485706585
6.25	5.05	0.97200832107212	0.800154919785997	9.08631328846592e-05	6.95700792298382	0.988803328428848
6.35	5.05	0.976842916832958	0.800160274281777	0.000119218379126719	6.87780403917565	0.990737166733183
6.45	5.05	0.980910304407923	0.800164639831098	0.000145195624767949	6.79845821733479	0.992364121763169
6.55	5.05	0.984325454469985	0.800168134039651	0.000168721397426924	6.7189931021091	0.993730181787994
6.65	5.05	0.987185284836728	0.800170837523337	0.000189793740958885	6.63942797120457	0.994874113934691
6.75	5.05	0.989572213693138	0.800172810468324	0.000208464782927487	6.55977925042536	0.995828885477255
6.85	5.05	0.991556807483189	0.800174103359343	0.000224826203274211	6.48006093049056	0.996622722993276
6.95	5.05	0.993199772841951	0.800174763313546	0.000238997352648944	6.4002849105489	0.99727990913678
7.05	5.05	0.994553479030687	0.800174837366301	0.000251115701817931	6.32046128629723	0.997821391612275
7.15	5.05	0.99566314661878	0.800174373786105	0.000261329289798404	6.24059859543636	0.998265258647512
7.25	5.05	0.996567799293195	0.800173422207159	0.000269790853143206	6.16070402947456	0.998627119717278
7.35	5.05	0.997301046832786	0.800172033119919	0.000276653348490059	6.08078361825821	0.998920418733114
7.45	5.05	0.997891746332791	0.800170257071492	0.00028206661536965	6.00084239177926	0.999156698533116
7.55	5.05	0.998364573786777	0.800168143792564	0.000286174961674587	5.92088452255599	0.999345829514711
7.65	5.05	0.998740527574526	0.80016574137643	0.000289115488478382	5.84091345103938	0.99949621102981
7.75	5.05	0.999037378072356	0.800163095575977	0.000291017000254303	5.76093199593772	0.999614951228942
7.85	5.05	0.999270072607271	0.800160249247364	0.000291999374022853	5.68094245098927	0.999708029042908
7.95	5.05	0.999451101662998	0.800157241946553	0.00029217328271664	5.60094666948019	0.999780440665199
8.05	5.05	0.99959083013274	0.800154109671157	0.000291640188077856	5.52094613765862	0.999836332053096
8.15	5.05	0.999697796145209	0.800150884733679	0.000290492533909713	5.44094203810113	0.999879118458084
8.25	5.05	0.999778979303751	0.800147595747482	0.000288814084228882	5.360935304024	0.999911591721501
8.35	5.05	0.999840039877401	0.800144267706737	0.000286680361896915	5.28092666548164	0.99993601595096
8.45	5.05	0.999885530422402	0.800140922140596	0.0002841591523789	5.20091668835017	0.999954212168961
8.55	5.05	0.99991908138701	0.80013757732335	0.000281311044966457	5.12090580694794	0.999967632554804
8.65	5.05	0.999943562385649	0.800134248523986	0.000278189989980225	5.04089435109536	0.999977424954259
8.75	5.05	0.999961220969036	0.800130948279901	0.00027484385561642	4.96088256836134	0.999984488387614
8.85	5.05	0.99997380083193	0.800127686682347	0.000271314972123269	4.8808706421847	0.999989520332772
8.95	5.05	0.999982641471308	0.80012447166261	0.000267640654563516	4.80085870649631	0.999993056588523
9.05	5.05	0.999988761327639	0.800121309270734	0.000263853698066676	4.7208468574035	0.999995504531056
9.15	5.05	0.999992926410605	0.800118203940115	0.000259982841658718	4.64083516243408	0.999997170564242
9.25	5.05	0.999995706333606	0.800115158733535	0.000256053198471005	4.56082366777469	0.999998282533442
9.35	5.05	0.999997519566872	0.800112175567545	0.000252086651555183	4.48081240387855	0.999999007826749
9.45	5.05	0.999998669576793	0.800109255413689	0.000248102215466689	4.40080138976208	0.999999467830717
9.55	5.05	0.999999373358853	0.800106398476206	0.000244116364443556	4.32079063625897	0.999999749343541
9.65	5.05	0.999999783702472	0.800103604346539	0.000240143328861325	4.24078014845476	0.999999913480989
9.75	5.05	1.00000000635584	0.80010087213608	0.000236195361562634	4.16076992748471	1.00000000254234
9.85	5.05	1.00000011309384	0.800098200588335	0.000232282976346229	4.08075997184315	1.00000004523754
9.95	5.05	1.00000015153707	0.800095588172938	0.000228415160513184	4.00075027832235	1.00000006061483
10.05	5.05	1.00000015242813	0.800093033163042	0.000224599563966294	3.92074084267453	1.00000006097125
10.15	5.05	1.00000013494446	0.800090533698516	0.000220842666684509	3.84073166006954	1.00000005397778
10.25	5.05	1.00000011051592	0.800088087836766	0.000217149926944714	3.7607227254041	1.00000004420637
10.35	5.05	1.00000008552032	0.800085693593091	0.000213525912052483	3.68071403350495	1.00000003420813
10.45	5.05	1.00000006314956	0.800083348972291	0.000209974413496253	3.60070557925753	1.00000002525982
10.55	5.05	1.00000004467286	0.800081051993041	0.000206498548181557	3.52069735768332	1.00000001786914
10.65	5.05	1.00000003026949	0.800078800706416	0.000203100847353162	3.44068936398276	1.0000000121078
10.75	5.05	1.00000001956002	0.800076593209619	0.000199783334514387	3.36068159355563	1.00000000782401
10.85	5.05	1.00000001193126	0.800074427655949	0.000196547593679034	3.28067404200722	1.0000000047725
10.95	5.05	1.00000000672367	0.800072302261774	0.000193394829068489	3.20066670514589	1.00000000268947
11.05	5.05	1.00000000332989	0.800070215311208	0.000190325917244571	3.12065957897586	1.00000000133196
11.15	5.05	1.00000000123814	0.800068165158956	0.000187341452576387	3.04065265968754	1.00000000049526
11.25	5.05	1.00000000004332	0.800066150231795	0.000184441786913905	2.96064594364694	1.00000000001733
11.35	5.05	0.999999999440474	0.800064169028997	0.000181627064027967	2.88063942738505	0.99999999977619
11.45	5.05	0.999999999210011	0.800062220121948	0.000178897249549071	2.80063310758754	0.999999999684005
11.55	5.05	0.999999999200112	0.800060302153162	0.000176252156928185	2.72062698108514	0.999999999680045
11.65	5.05	0.999999999309234	0.800058413834801	0.000173691469871737	2.64062104484474	0.999999999723694
11.75	5.05	0.999999999470225	0.800056553946885	0.000171214761706865	2.56061529596113	0.99999999978809
11.85	5.05	0.999999999636662	0.800054721335121	0.000168821512053962	2.48060973164947	0.999999999854665
11.95	5.05	0.999999999771875	0.800052914908601	0.000166511121133623	2.40060434923838	0.99999999990875
12.05	5.05	0.999999999841292	0.8000511336372	0.000164282922010638	2.32059914616353	0.999999999936517
12.15	5.05	0.999999999809217	0.800049376548825	0.00016213619100969	2.24059411996177	0.999999999923687
12.25	5.05	0.999999999641687	0.800047642726447	0.000160070156559069	2.16058926826545	0.999999999856675
12.35	5.05	0.999999999317375	0.800045931304768	0.000158084006596319	2.08058458879699	0.99999999972695
12.45	5.05	0.999999998848065	0.800044241466567	0.000156176894701293	2.00058007936317	0.999999999539226
12.55	5.05	0.99999999830861	0.800042572438463	0.000154347945115754	1.92057573784906	0.999999999323444
12.65	5.05	0.999999997872691	0.800040923485895	0.000152596256664067	1.84057156221131	0.999999999149076
12.75	5.05	0.999999997844847	0.800039293907225	0.000150920905868737	1.76056755047079	0.999999999137939
12.85	5.05	0.999999998671046	0.800037683026792	0.000149320949390753	1.68056370070497	0.999999999468418
12.95	5.05	1.00000000090073	0.800036090187096	0.000147795426315626	1.60056001104128	1.00000000036029
13.05	5.05	1.00000000506537	0.800034514740682	0.000146343360840381	1.52055647965351	1.00000000202615
13.15	5.05	1.00000001143733	0.800032956042804	0.000144963766364957	1.44055310476456	1.00000000457493
13.25	5.05	1.00000001964518	0.800031413446845	0.000143655652093531	1.36054988465971	1.00000000785807
13.35	5.05	1.00000002815782	0.80002988630507	0.000142418033447957	1.28054681771494	1.00000001126313
13.45	5.05	1.00000003371773	0.800028373977845	0.000141249947089459	1.20054390244306	1.00000001348709
13.55	5.05	1.00000003091033	0.800026875853939	0.000140150470413897	1.12054113755645	1.00000001236413
13.65	5.05	1.00000001219497	0.800025391382627	0.000139118743345672	1.04053852203668	1.00000000487799
13.75	5.05	0.999999968869496	0.800023920113958	0.000138153986989035	0.960536055188863	0.999999987547799
13.85	5.05	0.999999893540055	0.800022461736348	0.000137255509465159	0.880533736641506	0.999999957416022
13.95	5.05	0.999999784628879	0.800021016090362	0.000136422684664253	0.800531566235219	0.999999913851552
14.05	5.05	0.999999653145696	0.800019583125579	0.000135654886275449	0.720529543731341	0.999999861258278
14.15	5.05	0.999999531221177	0.800018162756945	0.000134951360139053	0.640527668275895	0.999999812488471
14.25	5.05	0.999999480620613	0.800016754574247	0.000134311026758872	0.560525937590791	0.999999792248245
14.35	5.05	0.999999597586254	0.800015357372431	0.000133732227422407	0.48052434695101	0.999999839034502
14.45	5.05	1.00000000807457	0.800013968513346	0.000133212466245783	0.400522888159848	1.00000000322983
14.55	5.05	1.00000084530062	0.800012583213232	0.000132748258170091	0.320521548958592	1.00000033812025
14.65	5.05	1.00000220053281	0.800011193981886	0.000132335264556033	0.240520313581464	1.00000088021313
14.75	5.05	1.00000403996403	0.800009790285077	0.000131968967431843	0.160519165426642	1.00000161598561
14.85	5.05	1.00000608742393	0.800007525845851	0.000131646191689222	0.0805180929992508	1.00000243496957
14.95	5.05	1.00000768706514	0.400009270673873	0.000131410995051515	0.000517267152032485	1.00000307482606
0.05	5.15	-4.56497658860912e-06	0.400003951598134	-0.000577620241886851	10.4568443663128	0.599998174009365
0.15	5.15	-5.21119223141302e-06	0.800012174100251	-0.000577585664953242	10.408844038197	0.599997915523107
0.25	5.15	-5.75490982418306e-06	0.800020429421851	-0.000577488427139587	10.3608432389279	0.59999769803607
0.35	5.15	-5.46381746416614e-06	0.800028693118503	-0.00057733434204184	10.3128419549663	0.599997814473014
0.45	5.15	-3.55661334217121e-06	0.800036990827719	-0.000577122812993541	10.2648401454174	0.599998577354663
0.55	5.15	7.6118136049784e-07	0.800045315446095	-0.000576848652302265	10.2168377436581	0.600000304472544
0.65	5.15	8.18174732378762e-06	0.800053651236136	-0.000576496353629159	10.1688346587933	0.60000327269893
0.75	5.15	1.91376309527873e-05	0.800061985428019	-0.000576024937558546	10.1208307817811	0.600007655052381
0.85	5.15	3.3764621050075e-05	0.800070018217998	-0.000575327033216303	10.0728259955674	0.60001350584842
0.95	5.15	4.96362216316949e-05	0.800077928528432	-0.000574263947174061	10.0248202183893	0.600019854488653
1.05	5.15	6.28140229864032e-05	0.800085673254339	-0.000572785398485973	9.97681346702604	0.600025125609195
1.15	5.15	6.73031899505815e-05	0.800093423881026	-0.00057082976890764	9.92880591697081	0.60002692127598
1.25	5.15	5.63668540207223e-05	0.800101315919978	-0.000568232778970397	9.88079794814359	0.600022546741608
1.35	5.15	2.35803617916614e-05	0.800109558866338	-0.00056480621701676	9.8327901510057	0.600009432144717
1.45	5.15	-3.56019210395115e-05	0.800118425707835	-0.000560354224783975	9.78478329160095	0.599985759231584
1.55	5.15	-0.000121783629792328	0.800128215670152	-0.000554674500214606	9.73677821864246	0.599951286548083
1.65	5.15	-0.00022935069454575	0.800139199077644	-0.000547555518826822	9.68877570097374	0.599908259722182
1.75	5.15	-0.000344424082738215	0.800151544306436	-0.000538770955713578	9.64077619559361	0.599862230366905
1.85	5.15	-0.000443605325061571	0.800165224150498	-0.000528074511422608	9.59277956280609	0.599822557869975
1.95	5.15	-0.00049417668555662	0.800179891372993	-0.000515211398446119	9.54478476512226	0.599802329325777
2.05	5.15	-0.000456610627633034	0.800194689590929	-0.00049999139235922	9.49678961007354	0.599817355748947
2.15	5.15	-0.000291134120107926	0.800208001088997	-0.000482523170963845	9.44879063236584	0.599883546351957
2.25	5.15	2.83473448101978e-05	0.800225056698807	-0.000464310166852963	9.40078328716359	0.600011338937924
2.35	5.15	0.000552473297096626	0.800245490687451	-0.000445275841825495	9.352761810604	0.600220989318839
2.45	5.15	0.00135556710878081	0.800267619750738	-0.000423835935612136	9.30471845891222	0.600542226843512
2.55	5.15	0.00252361533269012	0.80029162723963	-0.000399859311420969	9.25664291067887	0.601009446133076
2.65	5.15	0.00415474595162658	0.800317864699953	-0.000373488608370473	9.20852189313741	0.601661898380651
2.75	5.15	0.00636125475528607	0.800346805140841	-0.000344935915071566	9.1603387572633	0.602544501902114
2.85	5.15	0.00927207191859647	0.800379074151292	-0.000314470831891096	9.11207297945728	0.603708828767439
2.95	5.15	0.013035947058572	0.800415483724997	-0.000282440540996515	9.06369957429756	0.605214378823429
3.05	5.15	0.0178258434556645	0.800457071802256	-0.000249288023536535	9.01518838720885	0.607130337382266
3.15	5.15	0.0238450479111378	0.800505138010043	-0.000215564031861969	8.96650321958161	0.609538019164455
3.25	5.15	0.0313354683060125	0.800561250998685	-0.000181932227566534	8.91760072366296	0.612534187322405
3.35	5.15	0.0405884475039934	0.800627185204384	-0.000149165870393812	8.86842899219766	0.616235379001597
3.45	5.15	0.0519580291401146	0.800704719787496	-0.000118133327991462	8.81892576393992	0.620783211656046
3.55	5.15	0.0658757482298459	0.800795201395094	-8.97693102793258e-05	8.76901618233621	0.626350299291938
3.65	5.15	0.0828643874898437	0.800898749144497	-6.50294069200051e-05	8.71861010075865	0.633145754995938
3.75	5.15	0.103545423061394	0.801013001520547	-4.48276263909052e-05	8.66759905331226	0.641418169224558
3.85	5.15	0.128630975189615	0.801131440770174	-2.99605368966197e-05	8.61585324176666	0.651452390075846
3.95	5.15	0.158886599980706	0.801241673165453	-2.10269380160215e-05	8.56321925452359	0.663554639992282
4.05	5.15	0.19504840830062	0.801324627637453	-1.83567704969053e-05	8.50951971533261	0.678019363320248
4.15	5.15	0.237681382763844	0.801356242159602	-2.19632525240427e-05	8.45455653129627	0.695072553105538
4.25	5.15	0.286981817245498	0.801313144901884	-3.15240001143136e-05	8.39811956901352	0.714792726898199
4.35	5.15	0.342559367056338	0.801182127445902	-4.63814282725077e-05	8.34000196919969	0.737023746822535
4.45	5.15	0.403275216170297	0.800969758008559	-6.55416587983047e-05	8.28002151778637	0.761310086468119
4.55	5.15	0.467234796513833	0.800705667870014	-8.76614425286137e-05	8.21804469748875	0.786893918605533
4.65	5.15	0.532000206731853	0.800434876114061	-0.00011104670445851	8.15400743306195	0.812800082692741
4.75	5.15	0.594991900619347	0.800201735545032	-0.000133716609268279	8.08792599016145	0.837996760247739
4.85	5.15	0.653944362145691	0.800034740055665	-0.00015357495606294	8.01989414001587	0.861577744858276
4.95	5.15	0.707247649342467	0.799940572111565	-0.000168672028724134	7.95006756404168	0.882899059736987
5.05	5.15	0.754074066358019	0.799908392138427	-0.000177479024799605	7.87864078350307	0.901629626543208
5.15	5.15	0.79430035052801	0.799919062693836	-0.000179083196962296	7.80582334231897	0.917720140211204
5.25	5.15	0.828311247267361	0.799953386749744	-0.000173250798182488	7.73182041585403	0.931324498906944
5.35	5.15	0.856779845816012	0.799996602046299	-0.000160362323276188	7.65682010410723	0.942711938326405
5.45	5.15	0.880486636956167	0.800039420423801	-0.000141264175160469	7.58098714555801	0.952194654782467
5.55	5.15	0.900199079149216	0.800077123865114	-0.000117090544480773	7.50446145131477	0.960079631659686
5.65	5.15	0.916606793915206	0.800108067117629	-8.90974891643133e-05	7.42735959461742	0.966642717566082
5.75	5.15	0.930296795544769	0.800132332627829	-5.85321438106933e-05	7.34977772316122	0.972118718217908
5.85	5.15	0.941752743682022	0.800150785619221	-2.65435326697915e-05	7.27179487019391	0.976701097472809
5.95	5.15	0.951366063456215	0.800164513383142	5.86879584441927e-06	7.1934760921472	0.980546425382486
6.05	5.15	0.959451222324659	0.800174543264746	3.78766069503306e-05	7.11487517859006	0.983780488929864
6.15	5.15	0.966260968022927	0.8001817318338	6.88242842443086e-05	7.03603687050806	0.986504387209171
6.25	5.15	0.971999640156888	0.800186745365098	9.82173698889282e-05	6.95699861980984	0.988799856062755
6.35	5.15	0.976833989962383	0.800190081374433	0.000125704240371625	6.87779196178586	0.990733595984953
6.45	5.15	0.980901602021822	0.800192103363437	0.000151055004486966	6.79844357943982	0.992360640808729
6.55	5.15	0.984317279314289	0.800193075269974	0.00017414023241618	6.71897613106385	0.993726911725716
6.65	5.15	0.987177814036548	0.800193190283567	0.000194911038517913	6.63940889969854	0.994871125614619
6.75	5.15	0.989565532881381	0.800192592839217	0.000213381296175329	6.55975831001412	0.995826213152553
6.85	5.15	0.991550937853127	0.800191394431288	0.00022961228385421	6.48003834671249	0.996620375141251
6.95	5.15	0.993194692118118	0.800189684492314	0.000243699770176009	6.40026089937365	0.997277876847247
7.05	5.15	0.994549137361547	0.800187537610264	0.000255763382695415	6.32043605166955	0.997819654944619
7.15	5.15	0.995659478332014	0.800185018161815	0.000265938023488566	6.24057232770388	0.998263791332806
7.25	5.15	0.996564731353544	0.800182183190991	0.000274367065396677	6.16067690451577	0.998625892541417
7.35	5.15	0.997298504725602	0.800179084134498	0.000281197063099367	6.08075579715424	0.998919401890241
7.45	5.15	0.997889657978563	0.800175767814074	0.000286573730066222	6.00081402089867	0.999155863191425
7.55	5.15	0.998362871981361	0.80017227698024	0.000290638958336469	5.92085573394493	0.999345148792544
7.65	5.15	0.998739151351294	0.800168650595833	0.000293528685621269	5.84088436302952	0.999495660540518
7.75	5.15	0.999036273297523	0.80016492398166	0.000295371442539568	5.76090271390184	0.999614509319009
7.85	5.15	0.999269192048465	0.800161128901502	0.000296287438634251	5.6809130681889	0.999707676819386
7.95	5.15	0.999450404712711	0.800157293633796	0.000296388069481233	5.60091726796221	0.999780161885085
8.05	5.15	0.999590282321259	0.800153443057376	0.000295775747312419	5.52091678916752	0.999836112928504
8.15	5.15	0.999697368540444	0.800149598765287	0.000294543975638072	5.44091280498223	0.999878947416178
8.25	5.15	0.999778647866439	0.800145779211642	0.000292777603050297	5.36090624009943	0.999911459146575
8.35	5.15	0.999839784818089	0.800141999891149	0.000290553204036446	5.28089781688641	0.999935913927236
8.45	5.15	0.999885335590035	0.800138273546803	0.000287939545250041	5.20088809431983	0.999954134236014
8.55	5.15	0.99991893370679	0.800134610399321	0.000284998104511343	5.12087750055277	0.999967573482716
8.65	5.15	0.999943451355149	0.8001310183912	0.000281783616863846	5.04086635991857	0.99997738054206
8.75	5.15	0.999961138215504	0.800127503437401	0.000278344628166127	4.9608549151208	0.999984455286202
8.85	5.15	0.999973739729718	0.800124069676006	0.00027472404155047	4.88084334529907	0.999989495891887
8.95	5.15	0.999982596815836	0.800120719712279	0.000270959645996532	4.80083178059762	0.999993038726334
9.05	5.15	0.999988729060875	0.800117454850967	0.000267084619641138	4.72082031379889	0.99999549162435
9.15	5.15	0.999992903392397	0.800114275312945	0.000263128002649582	4.64080900951983	0.999997161356959
9.25	5.15	0.999995690153034	0.800111180433317	0.000259115137082991	4.56079791140605	0.999998276061214
9.35	5.15	0.999997508388005	0.80010816883925	0.000255068072041935	4.48078704769889	0.999999003355202
9.45	5.15	0.999998662013624	0.800105238606824	0.000251005934230705	4.40077643549491	0.99999946480545
9.55	5.15	0.999999368374714	0.800102387397206	0.00024694526451792	4.32076608396629	0.999999747349886
9.65	5.15	0.999999780529756	0.800099612572562	0.000242900321820352	4.24075599676502	0.999999912211902
9.75	5.15	1.00000000443243	0.800096911293492	0.000238883356248261	4.16074617379356	1.00000000177297
9.85	5.15	1.00000011201314	0.800094280599159	0.000234904853435208	4.0807366124897	1.00000004480526
9.95	5.15	1.00000015100911	0.800091717472149	0.000230973752245694	4.00072730874385	1.00000006040364
10.05	5.15	1.00000015224941	0.800089218889966	0.000227097638194413	3.92071825754167	1.00000006089977
10.15	5.15	1.00000013497492	0.800086781864911	0.000223282914724815	3.84070945340473	1.00000005398997
10.25	5.15	1.00000011066141	0.800084403474249	0.000219534954507404	3.76070089068467	1.00000004426457
10.35	5.15	1.00000008571943	0.800082080882262	0.000215858232763621	3.68069256375305	1.00000003428777
10.45	5.15	1.00000006336382	0.800079811355672	0.000212256444558213	3.60068446711831	1.00000002534553
10.55	5.15	1.0000000448796	0.800077592273773	0.000208732607803601	3.5206765954929	1.00000001795184
10.65	5.15	1.00000003045657	0.800075421134421	0.000205289153551091	3.44066894382716	1.00000001218263
10.75	5.15	1.00000001972216	0.800073295556737	0.000201928005026228	3.3606615073218	1.00000000788886
10.85	5.15	1.00000001206743	0.800071213281481	0.000198650646784198	3.28065428142717	1.00000000482697
10.95	5.15	1.00000000683528	0.800069172169522	0.000195458185041087	3.20064726183482	1.00000000273411
11.05	5.15	1.00000000341962	0.800067170199141	0.000192351400390127	3.12064044446495	1.00000000136785
11.15	5.15	1.00000000130918	0.800065205462394	0.000189330793624852	3.04063382545224	1.00000000052367
11.25	5.15	1.00000000009884	0.800063276160921	0.000186396625704562	2.96062740113122	1.00000000003954
11.35	5.15	0.99999999948339	0.800061380601383	0.000183548952424311	2.88062116802215	0.999999999793356
11.45	5.15	0.999999999242819	0.800059517190773	0.000180787654513248	2.80061512281775	0.999999999697127
11.55	5.15	0.999999999224852	0.800057684431568	0.000178112463707814	2.72060926237095	0.999999999689941
11.65	5.15	0.999999999327529	0.80005588091696	0.000175522985315882	2.64060358368372	0.999999999731012
11.75	5.15	0.999999999483383	0.800054105326085	0.000173018717640137	2.56059808389686	0.999999999793353
11.85	5.15	0.999999999645848	0.800052356419371	0.000170599068763132	2.48059276028083	0.999999999858339
11.95	5.15	0.999999999778339	0.800050633033911	0.000168263370930671	2.4005876102273	0.999999999911336
12.05	5.15	0.999999999846635	0.800048934078979	0.000166010892911377	2.32058263124165	0.999999999938654
12.15	5.15	0.999999999815618	0.80004725853156	0.000163840850547848	2.24057782093588	0.999999999926247
12.25	5.15	0.999999999652013	0.800045605431896	0.000161752415724354	2.16057317702219	0.999999999860805
12.35	5.15	0.999999999334977	0.800043973878963	0.000159744723940552	2.08056869730668	0.999999999733991
12.45	5.15	0.99999999887607	0.800042363025739	0.000157816880644246	2.00056437968305	0.999999999550428
12.55	5.15	0.999999998348477	0.80004077207412	0.00015596796640071	1.92056022212605	0.999999999339391
12.65	5.15	0.999999997921883	0.800039200269224	0.000154197041034471	1.84055622268432	0.999999999168753
12.75	5.15	0.999999997893687	0.800037646893007	0.000152503146929975	1.7605523794727	0.999999999157475
12.85	5.15	0.999999998699254	0.80003611125699	0.000150885311670709	1.6805486906644	0.999999999479702
12.95	5.15	1.00000000087478	0.800034592694308	0.00014934255045579	1.60054515448408	1.00000000034991
13.05	5.15	1.00000000493871	0.800033090551522	0.000147873868961126	1.52054176920398	1.00000000197548
13.15	5.15	1.00000001115636	0.800031604181415	0.000146478267514781	1.44053853314625	1.00000000446254
13.25	5.15	1.00000001916467	0.800030132938486	0.000145154747813436	1.36053544469558	1.00000000766587
13.35	5.15	1.00000002746909	0.800028676179809	0.000143902323326069	1.28053250232645	1.00000001098763
13.45	5.15	1.00000003289114	0.800027233274218	0.000142720034348596	1.20052970464777	1.00000001315646
13.55	5.15	1.00000003014914	0.800025803622307	0.000141606967438555	1.12052705046365	1.00000001205965
13.65	5.15	1.00000001188936	0.800024386688019	0.000140562277061233	1.04052453884092	1.00000000475574
13.75	5.15	0.999999969627953	0.800022982038176	0.00013958520395216	0.960522169161538	0.999999987851181
13.85	5.15	0.999999896160326	0.800021589379358	0.000138675080413277	0.880519941121909	0.999999958464131
13.95	5.15	0.999999789956856	0.800020208571515	0.000137831308134951	0.800517854623757	0.999999915982743
14.05	5.15	0.999999661763661	0.800018839586	0.000137053290737303	0.720515909489372	0.999999864705464
14.15	5.15	0.999999542918156	0.800017482365555	0.000136340303911977	0.640514104938404	0.999999817167262
14.25	5.15	0.999999493641295	0.800016136541057	0.000135691294958752	0.560512438798929	0.999999797456518
14.35	5.15	0.999999607746858	0.800014800973644	0.000135104625321415	0.480510906510183	0.999999843098743
14.45	5.15	1.00000000798588	0.800013473132654	0.000134577808980229	0.400509500123819	1.00000000319435
14.55	5.15	1.00000082414844	0.800012148401368	0.000134107357885056	0.320508207729036	1.00000032965938
14.65	5.15	1.00000214510553	0.800010819530825	0.000133688917908251	0.240507013994201	1.00000085804221
14.75	5.15	1.00000393781306	0.800009476314828	0.000133317948912482	0.160505902770595	1.00000157512522
14.85	5.15	1.0000059330651	0.800007294640449	0.000132991261297507	0.0805048628830221	1.00000237322604
14.95	5.15	1.00000749178061	0.400009017265458	0.000132753363050821	0.000504060739914588	1.00000299671225
0.05	5.25	-4.62689314514702e-06	0.400003983491925	-0.00058577576957246	10.456879267314	0.599998149242742
0.15	5.25	-5.30327891937581e-06	0.800012282630113	-0.000585751760556071	10.4088789373524	0.599997878688432
0.25	5.25	-5.90462475588274e-06	0.800020623307457	-0.00058567905486851	10.3608781327995	0.599997638150098
0.35	5.25	-5.69936580915171e-06	0.800028985024791	-0.000585560490996359	10.312876840438	0.599997720253676
0.45	5.25	-3.90411024329091e-06	0.800037397558977	-0.000585392964772373	10.2648750193367	0.599998438355903
0.55	5.25	2.91109546343329e-07	0.800045854252022	-0.000585168939046144	10.2168726025638	0.600000116443819
0.65	5.25	7.62552012366422e-06	0.800054337237524	-0.000584867611834059	10.1688694981432	0.600003050208049
0.75	5.25	1.86206750703259e-05	0.800062820707178	-0.000584427022484614	10.1208655939685	0.600007448270028
0.85	5.25	3.34731012378538e-05	0.800071008659338	-0.000583781929310171	10.0728607677718	0.600013389240495
0.95	5.25	4.98378187361559e-05	0.800079031807684	-0.000582831571683281	10.0248549303816	0.600019935127494
1.05	5.25	6.34859268641055e-05	0.800086976031075	-0.000581475194652823	9.97684809393087	0.600025394370746
1.15	5.25	6.86497822438001e-05	0.800094933104706	-0.000579627139395697	9.92884042961891	0.600027459912898
1.25	5.25	5.87217987276673e-05	0.800103029487054	-0.00057713097135846	9.88083230774356	0.600023488719491
1.35	5.25	2.73254354090224e-05	0.800111468473617	-0.000573801088800747	9.83282430728458	0.600010930174164
1.45	5.25	-3.00738052742853e-05	0.800120522685819	-0.000569443135816354	9.78481718232897	0.59998797047789
1.55	5.25	-0.000114089077993224	0.800130500385819	-0.000563859734005516	9.73681176944008	0.599954364368803
1.65	5.25	-0.00021913155189864	0.800141693468066	-0.000556850349561814	9.68880882502953	0.59991234737924
1.75	5.25	-0.000331362735980065	0.800154308738455	-0.000548204632589613	9.64080879297242	0.599867454905608
1.85	5.25	-0.000427460765290599	0.800168376201581	-0.000537687514823452	9.59281151912223	0.599829015693884
1.95	5.25	-0.000474927042124534	0.800183613669295	-0.000525042599002072	9.54481595090116	0.59981002918315
2.05	5.25	-0.000434888723449935	0.800199238823467	-0.000510151708532668	9.49681988760519	0.59982604451062
2.15	5.25	-0.000268928011090909	0.800213678853625	-0.000493371780227273	9.44881988185899	0.599892428795564
2.25	5.25	4.74202442640821e-05	0.800233261277787	-0.000475525037271001	9.40081146192942	0.600018968097706
2.35	5.25	0.000572842462251865	0.800254589825961	-0.000456335692352609	9.35278885451207	0.600229136984901
2.45	5.25	0.00137930432212054	0.800277252945855	-0.000434861820957339	9.30474423734253	0.600551721728848
2.55	5.25	0.00255148516732361	0.800301389723756	-0.000410955169284512	9.25666727785561	0.601020594066929
2.65	5.25	0.0041872126471453	0.800327294658879	-0.00038476890540357	9.20854471376244	0.601674885058858
2.75	5.25	0.00639892124070696	0.800355313128479	-0.000356537752705948	9.16035991099739	0.602559568496283
2.85	5.25	0.00931584913922994	0.800385864075144	-0.000326544315263709	9.11209236307392	0.603726339655692
2.95	5.25	0.0130871380028051	0.800419490361394	-0.000295139066167978	9.0637171051166	0.605234855201122
3.05	5.25	0.0178862106207153	0.80045691359891	-0.000262762785696926	9.01520400791841	0.607154484248286
3.15	5.25	0.023916881177139	0.800499082837677	-0.000229959449792917	8.96651690391181	0.609566752470856
3.25	5.25	0.0314216503190649	0.800547198129835	-0.000197378134439312	8.91761248235357	0.612568660127626
3.35	5.25	0.0406925045207969	0.800602672429857	-0.000165763259846521	8.86843887868569	0.616277001808319
3.45	5.25	0.0520841480018049	0.800666969192468	-0.00013593146805202	8.81893387909936	0.620833659200722
3.55	5.25	0.0660287315623078	0.800741220778255	-0.00010873314942077	8.76902267748224	0.626411492624923
3.65	5.25	0.0830495087473169	0.800825507567541	-8.49979612665011e-05	8.71861517807609	0.633219803498927
3.75	5.25	0.103768132033801	0.800917695109218	-6.54671245719975e-05	8.66760296299906	0.641507252813521
3.85	5.25	0.128896397720904	0.80101185558589	-5.07209470564535e-05	8.61585627562076	0.651558559088362
3.95	5.25	0.159198783205289	0.80109663204666	-4.11167380954447e-05	8.56322173650249	0.663679513282116
4.05	5.25	0.195409302665208	0.80115447475033	-3.67563730661184e-05	8.50952199062304	0.678163721066083
4.15	5.25	0.238089646690821	0.801163274768371	-3.74978943734546e-05	8.4545589561045	0.695235858676328
4.25	5.25	0.287431688247534	0.801101859182805	-4.30062826220293e-05	8.39812250269646	0.714972675299014
4.35	5.25	0.343040022645781	0.800959131360268	-5.28090318980313e-05	8.3400057677181	0.737216009058312
4.45	5.25	0.403771123507631	0.800743254489679	-6.63035975055009e-05	8.28002652332418	0.761508449403053
4.55	5.25	0.467727352100519	0.800484540487134	-8.26850140591456e-05	8.21805121634553	0.787090940840208
4.65	5.25	0.532470450359877	0.800227573282953	-0.000100827115787361	8.15401569672051	0.812988180143951
4.75	5.25	0.595423502206985	0.800015249509433	-0.000119214460400015	8.08793610403	0.838169400882794
4.85	5.25	0.654325867465356	0.799873936652799	-0.000136019843751362	8.01990603559923	0.861730346986142
4.95	5.25	0.707573340216755	0.799807973462234	-0.000149341401117178	7.95008097435884	0.883029336086702
5.05	5.25	0.754343464784242	0.799804352991492	-0.000157516052018155	7.87865525413394	0.901737385913697
5.15	5.25	0.794516893273576	0.799842194863642	-0.00015938741970055	7.80583827632508	0.91780675730943
5.25	5.25	0.828480749509617	0.799901081090859	-0.000154442756502882	7.73183513913093	0.931392299803847
5.35	5.25	0.856909176265179	0.799965535871941	-0.000142803071162293	7.65683393403692	0.942763670506072
5.45	5.25	0.880582771402346	0.800025985323402	-0.000125104945449939	7.58099944935138	0.952233108560938
5.55	5.25	0.900268523141731	0.800077747746719	-0.000102331778685861	7.50447168702467	0.960107409256692
5.65	5.25	0.916655289644672	0.800119430624673	-7.56438654631413e-05	7.42736733378709	0.966662115857869
5.75	5.25	0.930329218388179	0.8001514947771	-4.62371414025154e-05	7.34978265781027	0.972131687355271
5.85	5.25	0.941773112253054	0.800175239336569	-1.52418978583183e-05	7.27179680835179	0.976709244901222
5.95	5.25	0.951377610462008	0.800192191704069	1.63396169044115e-05	7.19347494614803	0.980551044184803
6.05	5.25	0.959456492874972	0.80020379403309	4.76638740794864e-05	7.11487094960715	0.983782597149989
6.15	5.25	0.966261925536791	0.800211274717492	7.8053828559912e-05	7.03602963186202	0.986504770214716
6.25	5.25	0.971997768697406	0.800215621064041	0.00010699181943251	6.95698850071476	0.988799107478963
6.35	5.25	0.976830387203074	0.800217599568325	0.000134103951012198	6.87777913251035	0.990732154881229
6.45	5.25	0.980897060307217	0.800217793392515	0.000159140487853282	6.79842823836691	0.992358824122887
6.55	5.25	0.984312354220187	0.800216641712336	0.000181955253498038	6.71895849380563	0.993724941688075
6.65	5.25	0.98717288095459	0.800214474359973	0.000202485850652614	6.63938919021906	0.994869152381836
6.75	5.25	0.989560832750693	0.800211539793546	0.000220735695998672	6.55973675359931	0.995824333100277
6.85	5.25	0.99154661342898	0.800208026574283	0.000236758317461401	6.48001516457076	0.996618645371592
6.95	5.25	0.993190816228062	0.800204079353232	0.000250644019965342	6.40023630463253	0.997276326491225
7.05	5.25	0.994545734536448	0.800199810540386	0.000262508825355624	6.3204102465384	0.997818293814579
7.15	5.25	0.995656541069147	0.80019530872003	0.000272485486342524	6.24054550158988	0.998262616427659
7.25	5.25	0.996562232108291	0.800190644677767	0.000280716326397718	6.16064923290363	0.998624892843316
7.35	5.25	0.997296404561081	0.800185875703288	0.000287347647630037	6.08072744108526	0.998918561824433
7.45	5.25	0.997887912642867	0.800181048661434	0.000292525458581195	6.00078512691002	0.999155165057147
7.55	5.25	0.998361436037582	0.80017620218992	0.000296392295149184	5.92082643435304	0.999344574415033
7.65	5.25	0.998737980859475	0.800171368281127	0.000299084934003849	5.84085477646247	0.99949519234379
7.75	5.25	0.999035327440818	0.800166573433257	0.000300732824730135	5.76087294600392	0.999614130976327
7.85	5.25	0.999268434007061	0.800161839502304	0.000301457093136483	5.68088321243611	0.999707373602824
7.95	5.25	0.999449802016813	0.800157184348937	0.000301369991623739	5.60088740654072	0.999779920806725
8.05	5.25	0.999589806856499	0.800152622346848	0.000300574693908262	5.52088699387819	0.9998359227426
8.15	5.25	0.999696996333299	0.800148164798881	0.000299165349564576	5.4408831381433	0.99987879853332
8.25	5.25	0.999778358741631	0.800143820292565	0.000297227329602244	5.36087675542679	0.999911343496653
8.35	5.25	0.999839561992623	0.800139595015987	0.000294837607584537	5.28086856033704	0.999935824797049
8.45	5.25	0.999885165247879	0.800135493047033	0.000292065232227033	5.2008591048885	0.999954066099152
8.55	5.25	0.999918804582934	0.800131516623448	0.000288971856195302	5.12084881101605	0.999967521833174
8.65	5.25	0.999943354346592	0.800127666396877	0.000285612294282857	5.04083799752282	0.999977341738637
8.75	5.25	0.999961066028831	0.800123941672504	0.0002820350899766	4.96082690221322	0.999984426411532
8.85	5.25	0.999973686569429	0.800120340633262	0.000278283074977165	4.88081569990252	0.999989474627771
8.95	5.25	0.999982558113954	0.800116860547717	0.000274393910295335	4.80080451693092	0.999993023245581
9.05	5.25	0.999988701246044	0.800113497960406	0.000270400600986255	4.72079344274534	0.999995480498418
9.15	5.25	0.999992883695332	0.800110248863242	0.000266331979604601	4.64078253904704	0.999997153478133
9.25	5.25	0.999995676444507	0.800107108847604	0.000262213155032496	4.56077184694071	0.999998270577803
9.35	5.25	0.999997499045341	0.80010407323677	0.000258065925623235	4.4807613924599	0.999998999618136
9.45	5.25	0.999998655811744	0.800101137199035	0.000253909156324767	4.40075119078871	0.999999462324698
9.55	5.25	0.999999364397998	0.800098295842599	0.000249759120747132	4.32074124944773	0.999999745759199
9.65	5.25	0.999999778101372	0.800095544292958	0.000245629809558903	4.24073157066731	0.999999911240549
9.75	5.25	1.00000000305813	0.800092877754952	0.000241533207141511	4.16072215313043	1.00000000122325
9.85	5.25	1.00000011133697	0.800090291560477	0.000237479538637581	4.08071299323275	1.00000004453479
9.95	5.25	1.00000015077873	0.80008778120417	0.000233477489806428	4.00070408597782	1.00000006031149
10.05	5.25	1.00000015228928	0.800085342368529	0.00022953440187643	3.92069542560015	1.00000006091571
10.15	5.25	1.00000013516569	0.800082970940329	0.000225656443894051	3.84068700598853	1.00000005406628
10.25	5.25	1.00000011092423	0.800080663019803	0.000221848764634524	3.76067882096497	1.00000004436969
10.35	5.25	1.00000008600421	0.800078414924197	0.00021811562627687	3.68067086446109	1.00000003440168
10.45	5.25	1.00000006364046	0.800076223186749	0.000214460521791517	3.60066313062325	1.00000002545619
10.55	5.25	1.00000004513157	0.800074084552478	0.000210886277842064	3.52065561386938	1.00000001805263
10.65	5.25	1.00000003067629	0.800071995971377	0.000207395144813699	3.44064830891374	1.00000001227052
10.75	5.25	1.00000001990769	0.800069954590093	0.000203988875566557	3.36064121077149	1.00000000796308
10.85	5.25	1.00000001222019	0.800067957742474	0.000200668794138845	3.28063431475107	1.00000000488808
10.95	5.25	1.00000000695852	0.800066002939547	0.000197435855656863	3.20062761643962	1.00000000278341
11.05	5.25	1.00000000351734	0.800064087859377	0.000194290698543934	3.1206211116853	1.00000000140694
11.15	5.25	1.00000000138554	0.800062210336851	0.000191233689916424	3.04061479657839	1.00000000055422
11.25	5.25	1.00000000015774	0.800060368353839	0.000188264965046433	2.96060866743277	1.0000000000631
11.35	5.25	0.999999999528263	0.800058560029642	0.000185384461594053	2.88060272076828	0.999999999811305
11.45	5.25	0.99999999927655	0.800056783611918	0.000182591949289648	2.8005969532945	0.99999999971062
11.55	5.25	0.99999999924977	0.800055037468078	0.000179887055639356	2.72059136189584	0.999999999699908
11.65	5.25	0.999999999345474	0.800053320077162	0.000177269288108715	2.64058594361818	0.999999999738189
11.75	5.25	0.999999999495833	0.800051630022161	0.000174738053273371	2.56058069565669	0.999999999798333
11.85	5.25	0.99999999965411	0.800049965982844	0.000172292673334866	2.48057561534494	0.999999999861644
11.95	5.25	0.999999999783792	0.800048326728953	0.000169932400298062	2.40057070014515	0.999999999913517
12.05	5.25	0.999999999851002	0.800046711113711	0.000167656428176128	2.32056594763927	0.999999999940401
12.15	5.25	0.999999999821207	0.800045118067791	0.000165463903394226	2.24056135552103	0.999999999928483
12.25	5.25	0.999999999661811	0.800043546593365	0.000163353933703672	2.16055692158845	0.999999999864725
12.35	5.25	0.999999999352451	0.800041995758417	0.000161325595711328	2.08055264373689	0.99999999974098
12.45	5.25	0.999999998904439	0.800040464690924	0.000159377941193542	2.00054851995208	0.999999999561776
12.55	5.25	0.99999999838924	0.800038952572986	0.000157510002270369	1.92054454830303	0.999999999355696
12.65	5.25	0.999999997972454	0.800037458634473	0.000155720795617078	1.84054072693448	0.999999999188981
12.75	5.25	0.999999997944208	0.800035982146109	0.000154009325763563	1.76053705405885	0.999999999177683
12.85	5.25	0.999999998729089	0.800034522411919	0.000152374587797356	1.68053352794815	0.999999999491635
12.95	5.25	1.00000000084984	0.800033078761042	0.000150815569816332	1.60053014692682	1.00000000033993
13.05	5.25	1.00000000481166	0.800031650539541	0.000149331255794245	1.52052690936756	1.00000000192466
13.15	5.25	1.0000000108727	0.80003023710318	0.00014792062976753	1.44052381369325	1.00000000434908
13.25	5.25	1.0000000186783	0.800028837813017	0.000146582682508056	1.3605208583889	1.00000000747132
13.35	5.25	1.00000002677082	0.800027452036255	0.000145316421926108	1.28051804202788	1.00000001070833
13.45	5.25	1.00000003205164	0.800026079155278	0.000144120888008379	1.20051536331502	1.00000001282066
13.55	5.25	1.00000002937334	0.800024718587321	0.00014299517218546	1.12051282114551	1.00000001174934
13.65	5.25	1.00000001157113	0.800023369815382	0.0001419384387907	1.04051041467019	1.00000000462845
13.75	5.25	0.999999970381733	0.800022032426927	0.000140949943127171	0.960508143346167	0.999999988152693
13.85	5.25	0.999999898791856	0.800020706149952	0.000140029036259851	0.880506006935632	0.999999959516742
13.95	5.25	0.999999795320639	0.800019390866319	0.000139175141970704	0.800504005398938	0.999999918128256
14.05	5.25	0.999999670448097	0.800018086570906	0.000138387687912174	0.720502138616647	0.999999868179239
14.15	5.25	0.999999554710637	0.800016793235183	0.000137665973733415	0.640500405879373	0.999999821884255
14.25	5.25	0.99999950676969	0.800015510531261	0.000137008967846507	0.560498805118988	0.999999802707876
14.35	5.25	0.999999617986673	0.800014237385936	0.000136415046638987	0.48049733193726	0.999999847194669
14.45	5.25	1.00000000787571	0.800012971374958	0.000135881729507813	0.400495978633465	1.00000000315028
14.55	5.25	1.00000080276839	0.800011708047247	0.000135405521959468	0.320494733645221	1.00000032110736
14.65	5.25	1.00000208911496	0.800010440393537	0.000134982052015486	0.240493582076739	1.00000083564598
14.75	5.25	1.00000383464209	0.800009158534167	0.000134606755904524	0.160492508234702	1.00000153385684
14.85	5.25	1.00000577717654	0.800007060728994	0.00013427642831994	0.0804915012650993	1.00000231087062
14.95	5.25	1.00000729456721	0.400008761249265	0.000134036002274895	0.000490723088081142	1.00000291782688
0.05	5.35	-4.67455145557252e-06	0.400004005091629	-0.00059399359547347	10.456914659864	0.599998130179418
0.15	5.35	-5.37359562114422e-06	0.800012357930697	-0.000593985173476965	10.4089143288356	0.599997850561751
0.25	5.35	-6.01756256936842e-06	0.800020760931724	-0.000593948346290933	10.3609135208141	0.599997592974972
0.35	5.35	-5.87461616428583e-06	0.800029197529177	-0.000593880221900484	10.3129122226351	0.599997650153534
0.45	5.35	-4.15855068700352e-06	0.800037701091313	-0.000593771053643716	10.2649103930679	0.599998336579725
0.55	5.35	-4.24009980549432e-08	0.800046264903691	-0.00059360606638656	10.216907964623	0.599999983039601
0.65	5.35	7.2740879411608e-06	0.800054870122857	-0.000593363224560712	10.1689048439433	0.600002909635176
0.75	5.35	1.84350564596656e-05	0.800063435774094	-0.000592980332505845	10.1209009145755	0.600007374022584
0.85	5.35	3.32450585101787e-05	0.800071878642138	-0.000592401496843964	10.0728960516449	0.600013298023404
0.95	5.35	4.99838562201868e-05	0.800080038186612	-0.00059156224430062	10.0248901611861	0.600019993542488
1.05	5.35	6.41246875842798e-05	0.800088171321036	-0.000590347883737683	9.97688324768903	0.600025649875034
1.15	5.35	6.9991305806698e-05	0.800096336156102	-0.000588626403085266	9.92887547609939	0.600027996522323
1.25	5.35	6.10675378363079e-05	0.800104650560531	-0.000586237522130278	9.88086720726227	0.600024427015134
1.35	5.35	3.1019576901241e-05	0.800113312509822	-0.00058300398343746	9.83285900908417	0.60001240783076
1.45	5.35	-2.46785806629358e-05	0.800122593827008	-0.000578741645311978	9.78485162410343	0.599990128567735
1.55	5.35	-0.000106654202107954	0.800132808393765	-0.000573266984162348	9.73684587736328	0.599957338319157
1.65	5.35	-0.000209345803831059	0.800144261970412	-0.000566402594413079	9.68884251395612	0.599916261678468
1.75	5.35	-0.000318943731958631	0.800157188124404	-0.000557977333548979	9.64084196632283	0.599872422507217
1.85	5.35	-0.00041216563706876	0.800171661791245	-0.000547812950175398	9.59284406762989	0.599835133745172
1.95	5.35	-0.000456725564510545	0.800187445736066	-0.000535696764921484	9.5448477509986	0.599817309774196
2.05	5.35	-0.000414734934727087	0.800203946047317	-0.000521512696431034	9.49685081124683	0.599834106026109
2.15	5.35	-0.000248831069388506	0.800219899301778	-0.000505578158284798	9.44884982708615	0.599900467572244
2.25	5.35	6.7703431012029e-05	0.800240833530426	-0.000487981276727085	9.40084035269762	0.600027081372405
2.35	5.35	0.000595099953204986	0.800263020917863	-0.000468306658297865	9.35281659252998	0.600238039981282
2.45	5.35	0.00140469027720444	0.800286250281305	-0.000446324182643052	9.30477069105032	0.600561876110882
2.55	5.35	0.00258060807132923	0.800310606094537	-0.000422020486459096	9.25669230992296	0.601032243228532
2.65	5.35	0.00422055424013623	0.800336296614653	-0.000395495280625704	9.20856819504018	0.601688221696055
2.75	5.35	0.00643711749942458	0.800363526351192	-0.000366904891065013	9.16038172506107	0.60257484699977
2.85	5.35	0.00935983530819355	0.80039250566056	-0.000336464972959754	9.11211240889475	0.603743934123277
2.95	5.35	0.0131382329665038	0.800423508951468	-0.000304472297516582	9.06373530075016	0.605255293186601
3.05	5.35	0.017946185269449	0.800456942404738	-0.000271324713675168	9.01522029549841	0.60717847410778
3.15	5.35	0.0239880256635726	0.80049340591996	-0.000237533684143341	8.96653125548393	0.609595210265429
3.25	5.35	0.0315068385709451	0.800533733316672	-0.000203728497873507	8.9176249059769	0.612602735428378
3.35	5.35	0.0407952449277707	0.800578979209499	-0.000170651195438722	8.8684494242037	0.616318097971108
3.45	5.35	0.0522086014523022	0.800630294573665	-0.000139140200555205	8.81894264290246	0.620883440580921
3.55	5.35	0.0661796692504036	0.800688599705547	-0.00011010010548817	8.76902980547911	0.626471867700161
3.65	5.35	0.0832321716421568	0.800753936069257	-8.44556338876358e-05	8.71862086604907	0.633292868656863
3.75	5.35	0.103987942829388	0.800824392076175	-6.30899243224847e-05	8.66760745365956	0.641595177131755
3.85	5.35	0.12915846896827	0.800894619974652	-4.6771196242642e-05	8.61585985212902	0.651663387587308
3.95	5.35	0.159507172385577	0.800954282783025	-3.60770572645074e-05	8.56322471302895	0.663802868954231
4.05	5.35	0.195766004128608	0.800987328111212	-3.13300393582112e-05	8.5095247015479	0.678306401651443
4.15	5.35	0.238493404003925	0.800973570598402	-3.2557345534521e-05	8.45456174613	0.69539736160157
4.25	5.35	0.287876867654843	0.800894005234466	-3.9478389711111e-05	8.39812571954505	0.715150747061937
4.35	5.35	0.343515967916982	0.800739621056588	-5.15073863989965e-05	8.34000975641176	0.737406387166793
4.45	5.35	0.404262489615214	0.800520162124913	-6.77475514266756e-05	8.28003161682745	0.761704995846086
4.55	5.35	0.468215720833751	0.800266624063674	-8.69659390606247e-05	8.21805771451748	0.7872862883335
4.65	5.35	0.532937017810021	0.800023176454722	-0.000107575311951221	8.15402382822946	0.813174807124008
4.75	5.35	0.595852044619125	0.799831293529386	-0.000127682118442144	8.08794597547478	0.83834081784765
4.85	5.35	0.654704977648375	0.799715254953693	-0.000145247380467206	8.01991758344669	0.86188199105935
4.95	5.35	0.707897291337601	0.799677091012992	-0.000158346022914257	7.95009393957006	0.88315891653504
5.05	5.35	0.754611727270843	0.799701653877453	-0.000165445947740377	7.87866919210238	0.901844690908337
5.15	5.35	0.794732825550923	0.799766336104496	-0.000165612031255903	7.80585260068247	0.917893130220369
5.25	5.35	0.828650076403222	0.799849504994836	-0.000158578750763194	7.7318491862234	0.931460030561289
5.35	5.35	0.857038675196595	0.799934970339162	-0.000144693413426935	7.65684703104504	0.942815470078638
5.45	5.35	0.88067933302915	0.800012867358821	-0.000124772960400668	7.58101097241884	0.95227173321166
5.55	5.35	0.900338577879451	0.800078543576203	-9.9928158633657e-05	7.50448110227997	0.96013543115178
5.65	5.35	0.916704516104083	0.800130851847633	-7.1397867030223e-05	7.42737422011396	0.966681806441633
5.75	5.35	0.930362440016542	0.800170624705329	-4.04171901028564e-05	7.3497867139838	0.972144976006617
5.85	5.35	0.941794306626608	0.800199589657986	-8.12674693143285e-06	7.27179784869921	0.976717722650643
5.95	5.35	0.951389978940776	0.800219709888014	2.44802215796617e-05	7.19347288892703	0.98055599157631
6.05	5.35	0.959462557532163	0.800232839118666	5.65809352504877e-05	7.1148658015788	0.983785023012865
6.15	5.35	0.966263633674541	0.800240575222081	8.75252530140927e-05	7.03602147160158	0.986505453469816
6.25	5.35	0.971996593877572	0.800244224872988	0.000116824730383024	6.95697746233721	0.988798637551029
6.35	5.35	0.97682742104776	0.800244822374459	0.000144134521762492	6.87776539079965	0.990730968419104
6.45	5.35	0.980893092551931	0.800243169712985	0.000169232292895011	6.79841199580246	0.992357237020772
6.55	5.35	0.984307940425681	0.800239880684122	0.000191996826194163	6.71893996964876	0.993723176170272
6.65	5.35	0.987168398391383	0.800235421277728	0.000212387901773041	6.63936861161688	0.994867359356553
6.75	5.35	0.989556525562865	0.800230143566083	0.000230428278348986	6.55971434854682	0.995822610225146
6.85	5.35	0.991542628449181	0.800224312808114	0.00024618810476776	6.47999115651489	0.996617051379672
6.95	5.35	0.993187230876586	0.800218128523369	0.000259771790579918	6.40021090848276	0.997274892350634
7.05	5.35	0.994542578175795	0.800211740603159	0.00027130719239064	6.3203836658525	0.997817031270318
7.15	5.35	0.995653811057171	0.800205261504882	0.000280936884630386	6.24051792672007	0.998261524422869
7.25	5.35	0.996559905634489	0.800198775428677	0.000288811249945269	6.16062083991162	0.998623962253796
7.35	5.35	0.997294447185284	0.80019234520094	0.000295083121274735	6.08069839126015	0.998917778874114
7.45	5.35	0.997886284297528	0.800186017428252	0.000299903723530139	6.0007555667479	0.999154513719011
7.55	5.35	0.998360095111715	0.800179826352768	0.000303419686679873	5.92079649588099	0.999344038044686
7.65	5.35	0.998736886857419	0.800173796735899	0.000305770929915437	5.8408245778105	0.999494754742968
7.75	5.35	0.999034442603014	0.800167946017055	0.000307089244474789	5.76084259214712	0.999613777041205
7.85	5.35	0.999267724192137	0.800162285934154	0.000307497429099911	5.68085279604508	0.999707089676855
7.95	5.35	0.99944923707263	0.800156823746169	0.000307108855691294	5.60085700889192	0.999779694829052
8.05	5.35	0.999589360650488	0.800151563163739	0.000306027364329748	5.52085668578686	0.999835744260195
8.15	5.35	0.99969664656714	0.800146505066571	0.000304347404266447	5.44085298089108	0.999878658626856
8.25	5.35	0.999778086640209	0.800141648066093	0.000302154353941016	5.36084680166359	0.999911234656083
8.35	5.35	0.999839351930239	0.800136988955936	0.000299524965679664	5.2808388549426	0.999935740772096
8.45	5.35	0.999885004354512	0.800132523080573	0.000296527891958451	5.20082968578426	0.999954001741805
8.55	5.35	0.999918682358302	0.800128244643585	0.000293224259538672	5.12081970992131	0.999967472943321
8.65	5.35	0.99994326229897	0.800124146969892	0.000289668265271769	5.04080924065244	0.999977304919588
8.75	5.35	0.999960997347856	0.800120222731777	0.000285907773624061	4.96079851091613	0.999984398939142
8.85	5.35	0.99997363583687	0.80011646414491	0.00028198490127846	4.88078769124193	0.999989454334748
8.95	5.35	0.999982521052924	0.800112863138106	0.000277936578345307	4.80077690420845	0.99999300842117
9.05	5.35	0.99998867450695	0.800109411499911	0.000273795079003476	4.72076623597186	0.99999546980278
9.15	5.35	0.999992864675575	0.800106101003414	0.000269588517002876	4.64075574536384	0.99999714587023
9.25	5.35	0.999995663138364	0.800102923510861	0.000265341303569875	4.56074547099441	0.999998265255346
9.35	5.35	0.999997489920225	0.800099871059651	0.000261074567121894	4.48073543673529	0.99999899596809
9.45	5.35	0.999998649707151	0.800096935930719	0.000256806534806085	4.40072565590292	0.999999459882861
9.55	5.35	0.999999360443696	0.800094110701291	0.000252552877315753	4.32071613440979	0.999999744177479
9.65	5.35	0.9999997756517	0.800091388283185	0.000248327018717641	4.2407068731063	0.99999991026068
9.75	5.35	1.00000000163966	0.800088761948749	0.000244140413450693	4.16069786949571	1.00000000065586
9.85	5.35	1.00000011060715	0.800086225345941	0.00024000279302007	4.08068911896927	1.00000004424286
9.95	5.35	1.00000015049344	0.800083772504305	0.00023592238478704	4.00068061567922	1.00000006019738
10.05	5.35	1.00000015227769	0.8000813978336	0.000231906105434091	3.9206723531424	1.00000006091108
10.15	5.35	1.00000013531077	0.800079096116465	0.000227959731625375	3.84066432464618	1.00000005412431
10.25	5.35	1.00000011114802	0.800076862496538	0.00022408804997991	3.76065652351227	1.00000004445921
10.35	5.35	1.00000008625656	0.800074692463395	0.000220294988877942	3.68064894325968	1.00000003450262
10.45	5.35	1.00000006389073	0.800072581835096	0.000216583733798932	3.60064157769826	1.00000002555629
10.55	5.35	1.00000004536245	0.80007052673948	0.000212956828252983	3.52063442097511	1.00000001814498
10.65	5.35	1.00000003087937	0.800068523594741	0.000209416261988424	3.44062746759053	1.00000001235175
10.75	5.35	1.00000002008021	0.800066569089971	0.000205963547842147	3.36062071239469	1.00000000803208
10.85	5.35	1.00000001236285	0.800064660165979	0.000202599788790035	3.28061415057318	1.00000000494514
10.95	5.35	1.00000000707391	0.800062793996868	0.000199325736268234	3.20060777762657	1.00000000282957
11.05	5.35	1.00000000360898	0.80006096797237	0.000196141840849556	3.12060158934742	1.00000000144359
11.15	5.35	1.00000000145713	0.800059179681291	0.000193048296357811	3.04059558179702	1.00000000058285
11.25	5.35	1.00000000021286	0.800057426895968	0.000190045078024942	2.96058975128289	1.00000000008514
11.35	5.35	0.999999999570075	0.800055707557821	0.00018713197564797	2.8805840943378	0.99999999982803
11.45	5.35	0.999999999307739	0.800054019764026	0.000184308622280818	2.80057860770056	0.999999999723096
11.55	5.35	0.999999999272514	0.800052361755139	0.000181574518978394	2.72057328829864	0.999999999709006
11.65	5.35	0.999999999361505	0.800050731903736	0.000178929056245	2.64056813323255	0.999999999744602
11.75	5.35	0.999999999506559	0.800049128703912	0.000176371532492311	2.56056313976182	0.999999999802624
11.85	5.35	0.999999999660803	0.800047550761629	0.000173901169903479	2.4805583052925	0.999999999864321
11.95	5.35	0.999999999787827	0.800045996785729	0.000171517128159894	2.40055362736592	0.999999999915131
12.05	5.35	0.999999999854124	0.80004446557968	0.000169218516152187	2.32054910364867	0.99999999994165
12.15	5.35	0.999999999825771	0.800042956033825	0.000167004402053666	2.24054473192353	0.999999999930309
12.25	5.35	0.99999999967088	0.800041467118144	0.000164873821940295	2.16054051008119	0.999999999868352
12.35	5.35	0.999999999369573	0.800039997875332	0.000162825787057992	2.08053643611246	0.999999999747829
12.45	5.35	0.999999998932914	0.800038547414051	0.000160859289950379	2.00053250810075	0.999999999573166
12.55	5.35	0.999999998430617	0.8000371149022	0.000158973309498639	1.92052872421443	0.999999999372247
12.65	5.35	0.999999998024135	0.800035699559964	0.000157166815001364	1.84052508269883	0.999999999209654
12.75	5.35	0.999999997996218	0.800034300652421	0.000155438769375383	1.76052158186796	0.999999999198487
12.85	5.35	0.999999998760516	0.800032917481616	0.000153788131760595	1.68051822009604	0.999999999504206
12.95	5.35	1.00000000082614	0.800031549378237	0.000152213859900583	1.60051499581016	1.00000000033045
13.05	5.35	1.00000000468485	0.80003019569331	0.000150714912894004	1.52051190748582	1.00000000187394
13.15	5.35	1.00000001058751	0.800028855790988	0.000149290255309405	1.44050895364841	1.00000000423501
13.25	5.35	1.0000000181879	0.800027529044152	0.000147938863743701	1.36050613288453	1.00000000727516
13.35	5.35	1.00000002606557	0.80002621483523	0.000146659737074903	1.28050344386715	1.00000001042623
13.45	5.35	1.00000003120253	0.800024912565005	0.000145451911334157	1.20050088539729	1.00000001248101
13.55	5.35	1.00000002858691	0.800023621671852	0.00014431447887513	1.12049845646089	1.00000001143476
13.65	5.35	1.00000001124462	0.800022341661944	0.000143246609660608	1.04049615629205	1.00000000449785
13.75	5.35	0.999999971135129	0.800021072146987	0.000142247569027902	0.96049398442182	0.999999988454052
13.85	5.35	0.999999901438293	0.80001981287941	0.000141316721982177	0.880491940676546	0.999999960575317
13.95	5.35	0.999999800722546	0.800018563765354	0.000140453509364713	0.80049002507327	0.999999920289018
14.05	5.35	0.999999679199396	0.800017324824878	0.000139657377726966	0.720488237548702	0.999999871679758
14.15	5.35	0.999999566596866	0.800016096059108	0.000138927645550901	0.640486577462297	0.999999826638746
14.25	5.35	0.999999520002469	0.80001487718165	0.00013826329749645	0.560485042847883	0.999999808000987
14.35	5.35	0.999999628302663	0.800013667184616	0.000137662720515105	0.480483629468511	0.999999851321065
14.45	5.35	1.00000000774492	0.800012463749409	0.000137123435793751	0.400482329870754	1.00000000309797
14.55	5.35	1.00000078117073	0.800011262589597	0.000136641939732833	0.320481132841454	1.00000031246829
14.65	5.35	1.00000203258767	0.80001005693458	0.000136213840863942	0.240480023922559	1.00000081303507
14.75	5.35	1.00000373050068	0.80000883723033	0.000135834550952554	0.160478987878572	1.00000149220027
14.85	5.35	1.00000561983406	0.80000682430735	0.000135500848288418	0.0804780141782593	1.00000224793362
14.95	5.35	1.00000709552162	0.40000850278463	0.000135258065805962	0.000477260212039027	1.00000283820865
0.05	5.45	-4.70396791912293e-06	0.400004012744255	-0.000602246449054604	10.4569505470082	0.599998118412832
0.15	5.45	-5.41500761270513e-06	0.800012388000862	-0.000602258873658848	10.4089502160029	0.599997833996955
0.25	5.45	-6.07964229686889e-06	0.800020821802946	-0.000602269001368963	10.3609494070006	0.599997568143081
0.35	5.45	-5.96392978939596e-06	0.800029302688033	-0.0006022673973065	10.3129481064715	0.599997614428084
0.45	5.45	-4.28180278226399e-06	0.800037870852156	-0.000602235912934349	10.2649462723524	0.599998287278887
0.55	5.45	-2.1269893510613e-07	0.800046526270884	-0.000602147160378193	10.2169438359776	0.599999914920426
0.65	5.45	7.04258179754707e-06	0.800055266584045	-0.000601966890437502	10.1689407027644	0.600002817032719
0.75	5.45	1.83457400851188e-05	0.800063918812838	-0.000601663349562083	10.1209367531733	0.600007338296034
0.85	5.45	3.33763305987334e-05	0.800072465906069	-0.000601191912864309	10.0729318582189	0.600013350532239
0.95	5.45	5.02284315641891e-05	0.800080864904335	-0.000600489006826311	10.0249259209101	0.600020091372626
1.05	5.45	6.47392650015236e-05	0.800089235501634	-0.000599435031501044	9.97691893940109	0.600025895706001
1.15	5.45	7.12596824324491e-05	0.800097652595704	-0.000597859686546435	9.92891106878105	0.600028503872973
1.25	5.45	6.32687179334564e-05	0.800106241844779	-0.000595597818136626	9.88090265981048	0.600025307487173
1.35	5.45	3.44281800259267e-05	0.800115208994722	-0.000592482324496059	9.8328942699122	0.60001377127201
1.45	5.45	-1.98041031220916e-05	0.800124834559629	-0.000588342883018345	9.78488663088943	0.599992078358751
1.55	5.45	-0.000100092464674581	0.800135443216019	-0.000583013828385229	9.73688055729549	0.59995996301413
1.65	5.45	-0.000200933335931619	0.800147354324112	-0.000576345408037963	9.68887678456675	0.599919626665627
1.75	5.45	-0.000308579181106717	0.800160817625755	-0.000568213994543343	9.64087573673058	0.599876568327557
1.85	5.45	-0.000399756579042744	0.80017592457476	-0.000558526701090584	9.59287723933188	0.599840097368383
1.95	5.45	-0.000442062282923294	0.800192378278115	-0.000547209553281326	9.54488021566226	0.599823175086831
2.05	5.45	-0.000398352757644655	0.800209790288971	-0.000534149945837883	9.49688245255225	0.599840658896942
2.15	5.45	-0.000232820511519182	0.800227783767513	-0.000519066064014105	9.44888054190458	0.599906871795392
2.25	5.45	8.64643517301591e-05	0.80024943258811	-0.000501447647748678	9.400870023061	0.600034585740692
2.35	5.45	0.000616503334462538	0.80027255038982	-0.000481159399348048	9.35284507434621	0.600246601333785
2.45	5.45	0.00142849397197267	0.800296736737357	-0.000458472987253841	9.30479784714512	0.600571397588789
2.55	5.45	0.00260677894610374	0.800321986864252	-0.00043349777032106	9.25671800818954	0.601042711578441
2.65	5.45	0.00424930040935725	0.800348375022287	-0.000406241345931937	9.2085923074882	0.601699720163743
2.75	5.45	0.00646888695858091	0.800375936176409	-0.00037672350590339	9.16040412929002	0.602587554783432
2.85	5.45	0.00939532995150438	0.800404676345871	-0.000345038679211524	9.11213299157793	0.603758131980602
2.95	5.45	0.013178439317605	0.8004346313716	-0.000311385360029018	9.06375396258331	0.605271375727042
3.05	5.45	0.0179924163955598	0.800465936725141	-0.000276083464745506	9.0152369572026	0.607196966558224
3.15	5.45	0.0240419674925818	0.800498894683828	-0.0002395884713742	8.96654586457666	0.609616786997033
3.25	5.45	0.0315705920573175	0.800534025409328	-0.000202504213929591	8.91763744407303	0.612628236822927
3.35	5.45	0.0408713525401755	0.800572073359647	-0.000165593058921138	8.86845991456929	0.61634854101607
3.45	5.45	0.052300042207137	0.800613914143088	-0.000129780475912104	8.81895115787561	0.620920016882855
3.55	5.45	0.0662898011204322	0.800660273167446	-9.61495592898958e-05	8.76903647322066	0.626515920448173
3.65	5.45	0.0833645942752608	0.8007111387989	-6.59194601714555e-05	8.71862587592895	0.633345837710104
3.75	5.45	0.104146248865577	0.800764763120987	-4.04000482570427e-05	8.66761105946843	0.641658499546231
3.85	5.45	0.129345852651354	0.800816259675636	-2.09140979474357e-05	8.61586237227592	0.651738341060542
3.95	5.45	0.159725876688389	0.800856120318263	-8.67932327576382e-06	8.56322652696244	0.663890350675356
4.05	5.45	0.196016622854874	0.800869520065228	-4.64795771275996e-06	8.5095262417551	0.678406649141949
4.15	5.45	0.238774123760478	0.800837854711202	-9.31372800657462e-06	8.4545634850319	0.695509649504191
4.25	5.45	0.288182834140975	0.800743898957272	-2.25154344626907e-05	8.39812815017612	0.71527313365639
4.35	5.45	0.343839055636762	0.800580345918324	-4.32878757386922e-05	8.34001336498423	0.737535622254705
4.45	5.45	0.404591761399487	0.800358220116306	-6.98220979351453e-05	8.28003684495678	0.761836704559795
4.55	5.45	0.46853869219708	0.800109058958495	-9.95830055519907e-05	8.21806491067937	0.787415476878832
4.65	5.45	0.533241497381325	0.799876681277093	-0.00012958890675705	8.15403319315612	0.81329659895253
4.75	5.45	0.59612799180466	0.799701397567355	-0.000156800848135325	8.08795751319928	0.838451196721864
4.85	5.45	0.654945763233596	0.799605787261563	-0.00017852876643396	8.01993107377725	0.861978305293438
4.95	5.45	0.708100039727847	0.799589998922925	-0.000192757181390308	7.95010894427243	0.883240015891139
5.05	5.45	0.754776843506487	0.799637133872245	-0.000198324510576468	7.87868509643317	0.901910737402595
5.15	5.45	0.794863076985707	0.79972316798619	-0.000194939485431686	7.80586868016031	0.917945230794283
5.25	5.45	0.828749608848122	0.799825472497333	-0.00018306358321999	7.73186468210797	0.931499843539249
5.35	5.45	0.857112198262904	0.799927276942505	-0.000163714150797461	7.65686121891601	0.942844879305161
5.45	5.45	0.880731551800415	0.80001849114488	-0.000138245297024166	7.58102321396388	0.952292620720166
5.55	5.45	0.900373850247191	0.800094506380853	-0.000108149558016668	7.50449087701665	0.960149540098876
5.65	5.45	0.916726678965848	0.800154400657137	-7.4903541245716e-05	7.42738113868925	0.966690671586339
5.75	5.45	0.930374747452856	0.800199336598319	-3.98635459477616e-05	7.34979051720226	0.972149898981142
5.85	5.45	0.941799436165647	0.800231417270559	-4.20612844751262e-06	7.27179839699813	0.976719774466259
5.95	5.45	0.951390075888257	0.800252984884561	3.10963998871526e-05	7.19347014646218	0.980556030355303
6.05	5.45	0.959459298019678	0.800266248854513	6.52763108825651e-05	7.11485981809296	0.983783719207871
6.15	5.45	0.966258294333817	0.800273124432817	9.77559236704194e-05	7.03601236423716	0.986503317733527
6.25	5.45	0.971990120774876	0.800275190871023	0.000128125230790372	6.95696539871328	0.98879604830995
6.35	5.45	0.976820493595789	0.800273709379243	0.000156116523576659	6.87775057405168	0.990728197438316
6.45	5.45	0.980886180156823	0.800269665741596	0.000181579065420722	6.79839465186027	0.992354472062729
6.55	5.45	0.984301350981827	0.800263818849454	0.000204455554275689	6.7189203367617	0.993720540392731
6.65	5.45	0.987162318617269	0.800256746277091	0.000224761231819553	6.63934693198037	0.994864927446908
6.75	5.45	0.989551053711421	0.800248883466451	0.000242565937836392	6.55969086180563	0.995820421484568
6.85	5.45	0.991537800222037	0.800240555836369	0.000257979076695739	6.47996609488763	0.996615120088815
6.95	5.45	0.993183039496569	0.800232004361827	0.000271137283779426	6.40018449325085	0.997273215798627
7.05	5.45	0.994538989583445	0.800223405603818	0.000282194494963772	6.32035610497241	0.997815595833378
7.15	5.45	0.995650775138606	0.80021488722628	0.000291314096161773	6.24048941334158	0.998260310055442
7.25	5.45	0.996557364291413	0.80020653993237	0.000298662836272752	6.16059155161221	0.998622945716565
7.35	5.45	0.997292339945456	0.800198426600201	0.000304406210399292	6.08066848983342	0.998916935978182
7.45	5.45	0.997884552049765	0.800190589246479	0.000308705052185563	6.00072519840997	0.999153820819906
7.55	5.45	0.998358682442221	0.80018305431467	0.00031171310769264	5.92076579178277	0.999343472976888
7.65	5.45	0.998735743368224	0.800175836676032	0.0003135753962436	5.84079365476459	0.99949429734729
7.75	5.45	0.999033523510627	0.800168942646344	0.000314427194439383	5.76081155349636	0.999613409404251
7.85	5.45	0.999266990435149	0.80016237225343	0.000314393505966955	5.68082173261519	0.99970679617406
7.95	5.45	0.999448655100224	0.800156120937486	0.000313588904513969	5.6008259999835	0.99977946204009
8.05	5.45	0.999588902018239	0.800150180825158	0.000312117656570317	5.52082580017302	0.999835560807296
8.15	5.45	0.999696287430634	0.800144541685135	0.000310074049082043	5.44082227779537	0.999878514972253
8.25	5.45	0.999777807209318	0.800139191647361	0.000307542860801692	5.36081633170035	0.999911122883727
8.35	5.45	0.999839135925944	0.800134117747737	0.000304599929288681	5.28080866100746	0.999935654370378
8.45	5.45	0.999884838494594	0.800129306344187	0.000301312774981039	5.20079980388678	0.999953935397838
8.55	5.45	0.999918555887037	0.800124743437607	0.000297741252933069	5.12079016995572	0.999967422354815
8.65	5.45	0.999943166568025	0.800120414922113	0.000293938209290201	5.04078006710464	0.99997726662721
8.75	5.45	0.999960925450267	0.800116306781606	0.000289950125815899	4.96076972350742	0.999984370180107
8.85	5.45	0.999973582292521	0.800112405245	0.000285817740203779	4.88075930551137	0.999989432917008
8.95	5.45	0.999982481541882	0.80010869690826	0.000281576633681523	4.80074893203657	0.999992992616753
9.05	5.45	0.999988645645923	0.800105168829575	0.000277257780598407	4.72073868604936	0.999995458258369
9.15	5.45	0.999992843832348	0.800101808601598	0.000272888056925815	4.6407286236092	0.999997137532939
9.25	5.45	0.999995648279072	0.800098604404385	0.000268490706620156	4.56071878092445	0.999998259311629
9.35	5.45	0.999997479484622	0.800095545041245	0.000264085765758102	4.4807091797929	0.999998991793849
9.45	5.45	0.999998642507459	0.800092619960042	0.00025969044597311	4.40069983174594	0.999999457002984
9.55	5.45	0.999999355583116	0.800089819261849	0.000255319478865163	4.32069074116499	0.999999742233247
9.65	5.45	0.999999772459181	0.800087133698814	0.000250985423909506	4.2406819075921	0.999999908983673
9.75	5.45	0.999999999618023	0.800084554663119	0.000246698942459593	4.16067332741698	0.999999999847209
9.85	5.45	1.00000010939206	0.80008207416865	0.000242469040598948	4.08066499508746	1.00000004375683
9.95	5.45	1.00000014982125	0.800079684827005	0.000238303283783922	4.00065690396061	1.0000000599285
10.05	5.45	1.00000015196029	0.800077379819273	0.000234207985841526	3.92064904688698	1.00000006078412
10.15	5.45	1.0000001352162	0.800075152864965	0.000230188375016738	3.84064141659968	1.00000005408648
10.25	5.45	1.00000011118551	0.800072998189055	0.000226248739662624	3.76063400596317	1.0000000444742
10.35	5.45	1.00000008636524	0.800070910488301	0.000222392555557911	3.68062680812331	1.00000003454609
10.45	5.45	1.00000006403104	0.800068884897578	0.000218622597270915	3.60061981658935	1.00000002561242
10.55	5.45	1.0000000455098	0.800066916956807	0.000214941035229073	3.5206130252705	1.00000001820392
10.65	5.45	1.00000003101941	0.800065002579033	0.000211349520269349	3.44060642848312	1.00000001240777
10.75	5.45	1.00000002020548	0.80006313802007	0.000207849257305634	3.36060002093984	1.00000000808219
10.85	5.45	1.00000001247028	0.800061319849801	0.000204441069269616	3.28059379772853	1.00000000498811
10.95	5.45	1.00000000716319	0.800059544925406	0.000201125452720205	3.20058775428611	1.00000000286528
11.05	5.45	1.00000000368131	0.800057810366552	0.000197902626079572	3.12058188637065	1.00000000147253
11.15	5.45	1.0000000015145	0.800056113532486	0.000194772571426308	3.04057619003372	1.0000000006058
11.25	5.45	1.00000000025749	0.800054452001065	0.000191735070740975	2.96057066159417	1.000000000103
11.35	5.45	0.99999999960414	0.80005282354955	0.000188789737227286	2.88056529761396	0.999999999841656
11.45	5.45	0.999999999333161	0.800051226137105	0.000185936042403205	2.80056009487606	0.999999999733264
11.55	5.45	0.99999999929091	0.800049657888885	0.000183173339495397	2.72055505036474	0.999999999716364
11.65	5.45	0.999999999374196	0.800048117081495	0.000180500883618556	2.6405501612478	0.999999999749678
11.75	5.45	0.999999999514661	0.800046602129812	0.000177917849130748	2.56054542486076	0.999999999805864
11.85	5.45	0.999999999665382	0.800045111574933	0.000175423344632375	2.48054083869281	0.999999999866153
11.95	5.45	0.999999999790127	0.800043644073184	0.000173016425771107	2.40053640037426	0.999999999916051
12.05	5.45	0.999999999855821	0.800042198386064	0.000170696106349894	2.32053210766534	0.999999999942328
12.15	5.45	0.999999999829199	0.800040773371015	0.000168461367746169	2.24052795844617	0.999999999931679
12.25	5.45	0.999999999679117	0.800039367972802	0.000166311167023914	2.16052395070762	0.999999999871647
12.35	5.45	0.999999999386219	0.800037981215566	0.000164244443802606	2.08052008254283	0.999999999754488
12.45	5.45	0.999999998961326	0.800036612195099	0.000162260125994041	2.00051635213907	0.99999999958453
12.55	5.45	0.999999998472392	0.800035260071373	0.000160357134553419	1.92051275776963	0.999999999388957
12.65	5.45	0.999999998076677	0.800033924060968	0.000158534387258552	1.84050929778542	0.999999999230671
12.75	5.45	0.999999998049468	0.800032603429232	0.00015679080172702	1.76050597060634	0.999999999219787
12.85	5.45	0.999999998793355	0.80003129748205	0.000155125297779724	1.68050277471261	0.999999999517342
12.95	5.45	1.00000000080364	0.800030005557318	0.000153536799624694	1.60049970863717	1.00000000032146
13.05	5.45	1.00000000455852	0.800028727016549	0.000152024238445496	1.52049677096095	1.00000000182341
13.15	5.45	1.00000001030141	0.800027461237654	0.000150586556295897	1.44049396031398	1.00000000412056
13.25	5.45	1.00000001769456	0.800026207610502	0.000149222712492852	1.360491275386	1.00000000707782
13.35	5.45	1.00000002535503	0.800024965537676	0.000147931693714167	1.28048871495068	1.00000001014201
13.45	5.45	1.00000003034614	0.800023734443008	0.000146712528636753	1.20048627790575	1.00000001213845
13.55	5.45	1.00000002779271	0.800022513790318	0.000145564306963227	1.12048396332804	1.00000001111709
13.65	5.45	1.0000000109131	0.800021303112826	0.000144486200476971	1.04048177053455	1.00000000436524
13.75	5.45	0.999999971891427	0.800020102049897	0.000143477480496645	0.960479699129461	0.999999988756571
13.85	5.45	0.99999990410244	0.800018910381239	0.000142537521731324	0.880477749002113	0.999999961640976
13.95	5.45	0.999999806164314	0.800017728039523	0.000141665777659231	0.800475920224768	0.999999922465726
14.05	5.45	0.999999688017734	0.800016555071601	0.000140861709235866	0.720474212788633	0.999999875207094
14.15	5.45	0.999999578575328	0.800015391509229	0.000140124649382793	0.640472626120365	0.999999831430131
14.25	5.45	0.999999533337085	0.800014237107874	0.000139453594843945	0.560471158354352	0.999999813334834
14.35	5.45	0.999999638693178	0.80001309092484	0.00013884693947781	0.480469805414081	0.999999855477271
14.45	5.45	1.00000000759641	0.800011950746719	0.000138302203331755	0.400468560093419	1.00000000303857
14.55	5.45	1.00000075936842	0.800010812451107	0.000137815871697927	0.320467411529469	1.00000030374737
14.65	5.45	1.00000197555358	0.800009669505479	0.000137383532587567	0.240466345703943	1.00000079022143
14.75	5.45	1.00000362544239	0.800008512681049	0.000137000572996814	0.160465347841631	1.00000145017696
14.85	5.45	1.000005461118	0.800006585565709	0.000136663754511438	0.0804644077357187	1.0000021844472
14.95	5.45	1.00000689474541	0.400008242029748	0.000136418784923147	0.000463678207954811	1.00000275789816
0.05	5.55	-4.7151370516758e-06	0.400004003775512	-0.000610500157695199	10.4569869299051	0.599998113945179
0.15	5.55	-5.42721069564136e-06	0.800012364525999	-0.0006105385634892	10.4089866003336	0.599997829115722
0.25	5.55	-6.08924550029622e-06	0.800020790860503	-0.000610605277913955	10.3609857934958	0.5999975643018
0.35	5.55	-5.9597612718598e-06	0.800029275308356	-0.00061068535625831	10.3129844951304	0.599997616095491
0.45	5.55	-4.24174585215135e-06	0.800037863392332	-0.000610753797044389	10.264982661867	0.599998303301659
0.55	5.55	-1.02965633682327e-07	0.800046561683827	-0.000610771728468983	10.2169802229688	0.599999958813746
0.65	5.55	7.2414638823165e-06	0.800055363887977	-0.000610687628540543	10.1689770810073	0.600002896585553
0.75	5.55	1.84084409634336e-05	0.800064214387378	-0.000610477849919896	10.1209731157599	0.600007363376385
0.85	5.55	3.34744919144598e-05	0.800072917837085	-0.000610146367492212	10.0729681969807	0.600013389796766
0.95	5.55	5.04578714736421e-05	0.800081529690147	-0.000609635873139113	10.0249622229826	0.600020183148589
1.05	5.55	6.53434331133366e-05	0.800090142191755	-0.000608780651407494	9.97695518370217	0.600026137373245
1.15	5.55	7.24608639172734e-05	0.800098856740934	-0.00060738957159133	9.92894722337705	0.600028984345567
1.25	5.55	6.52537306799134e-05	0.800107809660344	-0.000605304454590097	9.88093868272447	0.600026101492272
1.35	5.55	3.73550426099268e-05	0.800117220843514	-0.000602371024022533	9.83293010930697	0.600014942017044
1.45	5.55	-1.58170138439069e-05	0.800127387982724	-0.000598432833848972	9.78492222503209	0.599993673194463
1.55	5.55	-9.49886607727061e-05	0.800138653020926	-0.000593341405349162	9.73691583507212	0.599962004535691
1.65	5.55	-0.000194739979080424	0.800151349535634	-0.000586972045975053	9.68891166686161	0.599922104008368
1.75	5.55	-0.00030142231905162	0.800165733604046	-0.000579241458526983	9.64091013869957	0.599879431072379
1.85	5.55	-0.000391877128185336	0.800181890419295	-0.000570127754827318	9.5929110737002	0.599843249148726
1.95	5.55	-0.000433778567655817	0.80019957773745	-0.000559680847588225	9.54491339752495	0.599826488572938
2.05	5.55	-0.000388802950027871	0.800218178607046	-0.000547817320487241	9.496914892954	0.599844478819989
2.15	5.55	-0.000218744416296001	0.800236382619652	-0.000533744602637276	9.44891210608625	0.599912502233482
2.25	5.55	0.000103335163351424	0.800259451277328	-0.000516239865652452	9.40090053062879	0.600041334065341
2.35	5.55	0.000634793878219953	0.800284401764106	-0.000495416782417541	9.35287435613838	0.600253917551288
2.45	5.55	0.00144720287793692	0.800310651270657	-0.000472131470578844	9.30482576095738	0.600578881151175
2.55	5.55	0.00262548525325474	0.800338131557208	-0.000446508150452536	9.25674442081771	0.601050194101302
2.65	5.55	0.00426795083742646	0.800366823909067	-0.000418398714090741	9.20861708286608	0.601707180334971
2.75	5.55	0.00648761660150018	0.800396630406888	-0.000387659088513803	9.16042712761102	0.6025950466406
2.85	5.55	0.00941438478957063	0.80042740636906	-0.000354242595119558	9.112154073653	0.603765753915828
2.95	5.55	0.0131981604727315	0.800459022991724	-0.000318227175404995	9.06377299606189	0.605279264189093
3.05	5.55	0.0180132488422679	0.800491433029508	-0.000279831073152287	9.01525382369592	0.607205299536907
3.15	5.55	0.0240644715755293	0.800524735735351	-0.000239433679183532	8.96656046771043	0.609625788630212
3.25	5.55	0.0315954448857699	0.800559231525594	-0.000197604202787684	8.91764971873938	0.612638177954308
3.35	5.55	0.040899329154916	0.800595439477728	-0.000155136404696532	8.86846983762152	0.616359731661966
3.45	5.55	0.0523319666487107	0.800634024196686	-0.000113085443121642	8.81895876037878	0.620932786659484
3.55	5.55	0.0663264577663342	0.80067554483294	-7.27999196713273e-05	8.7690418541501	0.626530583106534
3.65	5.55	0.0834065923273495	0.800719909709735	-3.59371986264336e-05	8.71862921684543	0.63336263693094
3.75	5.55	0.104193840110047	0.80076542830156	-4.44271806645283e-06	8.66761263910815	0.641677536044019
3.85	5.55	0.12939871709315	0.800807464424105	1.95344279124852e-05	8.61586257908354	0.65175948683726
3.95	5.55	0.15978291369382	0.800837000640319	3.38225490264095e-05	8.56322586631269	0.663913165477528
4.05	5.55	0.196075814181883	0.80083996258866	3.65310411438686e-05	8.50952533305871	0.678430325672753
4.15	5.55	0.238832557868817	0.800798722260855	2.64714987519276e-05	8.45456304256756	0.695533023147527
4.25	5.55	0.288236975598546	0.80069714670576	3.62883167210354e-06	8.39812894137299	0.715294790239419
4.35	5.55	0.34388528214213	0.800528954256697	-3.04630201282495e-05	8.34001614258413	0.737554112856852
4.45	5.55	0.404627068536554	0.800305910260291	-7.26302419435109e-05	8.28004225634923	0.761850827414621
4.55	5.55	0.468561334014888	0.800059830586116	-0.000118389544015092	8.21807339808459	0.787424533605955
4.65	5.55	0.533251294632055	0.799834281756934	-0.00016267228296996	8.1540449080135	0.813300517852822
4.75	5.55	0.596126172766213	0.799668855532622	-0.000200724469734546	8.08797227040134	0.838450469106485
4.85	5.55	0.65493443972295	0.799585108621024	-0.000228880744438073	8.01994836200111	0.86197377588918
4.95	5.55	0.708081587008667	0.799582060678748	-0.000244990545362987	7.95012799072656	0.883232634803467
5.05	5.55	0.754753433153703	0.799641756101327	-0.000248448775915231	7.87870496730507	0.901901373261481
5.15	5.55	0.794836461336306	0.799739311892842	-0.000239931158169384	7.80588839045514	0.917934584534522
5.25	5.55	0.828721111544864	0.799851501533873	-0.000220990928164016	7.73188329199922	0.931488444617946
5.35	5.55	0.857082807094065	0.799961223833106	-0.000193651033082836	7.65687790350888	0.942833122837626
5.45	5.55	0.88070202647213	0.800058290180878	-0.000160070548549956	7.58103730348681	0.952280810588852
5.55	5.55	0.900344801217025	0.800138170174487	-0.000122312364197508	7.50450187132154	0.96013792048681
5.65	5.55	0.916698609364996	0.800200137351035	-8.22061159444454e-05	7.42738870293644	0.966679443745998
5.75	5.55	0.93034806803967	0.800245614333564	-4.12854858320003e-05	7.34979446578398	0.972139227215868
5.85	5.55	0.94177446704085	0.800276987629194	-7.7626918052065e-07	7.27179867149338	0.97670978681634
5.95	5.55	0.951367045528159	0.800296877736442	3.83850402118177e-05	7.1934667917481	0.980546818211264
6.05	5.55	0.959438345336904	0.800307749451585	7.55170978333459e-05	7.1148529592196	0.983775338134762
6.15	5.55	0.966239475524922	0.800311741144237	0.000110153873382586	7.03600218551025	0.986495790209969
6.25	5.55	0.971973420345617	0.80031061949163	0.000142005032999535	6.95695212563267	0.988789368138247
6.35	5.55	0.976805837949081	0.800305797865517	0.000170919655218838	6.87773445825414	0.990722335179632
6.45	5.55	0.980873452005193	0.800298381645702	0.000196854622237852	6.79837595892934	0.992349380802077
6.55	5.55	0.984290403168485	0.800289220602232	0.000219847987053391	6.71889933662239	0.993716161267394
6.65	5.55	0.987152986397737	0.800278958728076	0.000239997064027957	6.63932389153846	0.994861194559095
6.75	5.55	0.989543164993583	0.800268077628207	0.000257440736053927	6.5596660394838	0.995817265997433
6.85	5.55	0.991531183613833	0.80025693251892	0.00027234538939128	6.47993973673054	0.996612473445533
6.95	5.55	0.993177530251654	0.800245781253338	0.000284893895500413	6.40015683030391	0.997271012100662
7.05	5.55	0.994534433678311	0.800234807310242	0.000295277110340776	6.32032735167671	0.997813773471324
7.15	5.55	0.995647031782394	0.80022413778977	0.000303687428542839	6.24045976672493	0.998258812712957
7.25	5.55	0.996554307185199	0.800213857383727	0.000310313998672015	6.16056119109177	0.998621722874079
7.35	5.55	0.997289857590673	0.800204019150626	0.000315339269958194	6.08063757747686	0.998915943036269
7.45	5.55	0.997882547370464	0.800194652777565	0.000318936597380534	6.00069387953059	0.999153018948186
7.55	5.55	0.998357071943241	0.800185770878643	0.000321268680514786	5.92073419576746	0.999342828777296
7.65	5.55	0.998734456007805	0.800177373767752	0.000322486652611883	5.84076189605462	0.999493782403122
7.75	5.55	0.999032499425285	0.800169453051943	0.000322729670284351	5.76077973265773	0.999612999770114
7.85	5.55	0.999266179618919	0.800161994318663	0.000322124882675572	5.68078993744973	0.999706471847568
7.95	5.55	0.999448016110342	0.800154979131022	0.000320787682033463	5.60079430664385	0.999779206444137
8.05	5.55	0.999588400755065	0.800148386498934	0.000318822157220447	5.52079427425383	0.999835360302026
8.15	5.55	0.999695896020681	0.800142193956091	0.000316321687075338	5.44079097538144	0.999878358408272
8.25	5.55	0.999777503005936	0.800136378343012	0.000313369623991921	5.36078530035798	0.999911001202374
8.35	5.55	0.999838900631908	0.800130916372669	0.000310040028355683	5.28077794071076	0.999935560252763
8.45	5.55	0.999884657403689	0.800125785035974	0.000306398423920171	5.20076942787423	0.999953862961476
8.55	5.55	0.999918417237164	0.800120961890236	0.00030250255069867	5.12076016551528	0.999967366894865
8.65	5.55	0.999943060995665	0.800116425261787	0.000298403098684159	5.04075045628799	0.999977224398266
8.75	5.55	0.999960845534948	0.800112154385717	0.000294144409839406	4.9607405237754	0.999984338213979
8.85	5.55	0.999973522179642	0.800108129498872	0.000289765140222718	4.88073053031385	0.999989408871857
8.95	5.55	0.999982436632746	0.800104331897853	0.000285298876920277	4.80072059133087	0.999992974653098
9.05	5.55	0.999988612344623	0.800100743970327	0.000280774707118838	4.72071078676155	0.999995444937849
9.15	5.55	0.999992819340256	0.8000973492054	0.000276217738387042	4.64070117004288	0.999997127736103
9.25	5.55	0.999995630428798	0.800094132187619	0.000271649570830457	4.56069177512184	0.999998252171519
9.35	5.55	0.99999746660646	0.800091078577773	0.000267088722729143	4.4806826218526	0.999998986642584
9.45	5.55	0.999998633322407	0.800088175083225	0.00026255101198459	4.40067372010196	0.999999453328963
9.55	5.55	0.999999349117497	0.800085409419943	0.000258049896365171	4.32066507283092	0.999999739646999
9.65	5.55	0.99999976797677	0.800082770268006	0.0002535967754987	4.24065667837446	0.999999907190708
9.75	5.55	0.999999996566286	0.800080247222545	0.000249201257971216	4.16064853210118	0.999999998626515
9.85	5.55	1.00000010735975	0.800077830741232	0.000244871396817165	4.08064062759951	1.0000000429439
9.95	5.55	1.00000014850508	0.800075512090006	0.000240613896334063	4.00063295750762	1.00000005940203
10.05	5.55	1.0000001511389	0.800073283287942	0.00023643429348335	3.92062551407894	1.00000006045556
10.15	5.55	1.0000001347299	0.800071137052429	0.000232337116518248	3.84061828955483	1.00000005389196
10.25	5.55	1.00000011092065	0.800069066745424	0.000228326023429085	3.76061127639911	1.00000004436826
10.35	5.55	1.00000008624215	0.800067066321424	0.000224403922679487	3.68060446743556	1.00000003449686
10.45	5.55	1.00000006399491	0.800065130277848	0.000220573078206802	3.60059785591906	1.00000002559796
10.55	5.55	1.00000004552372	0.800063253608026	0.000216835200795211	3.52059143556266	1.00000001820949
10.65	5.55	1.00000003105923	0.800061431757115	0.000213191527397036	3.4405852005365	1.00000001242369
10.75	5.55	1.00000002025593	0.800059660581179	0.000209642889935267	3.36057914544983	1.00000000810237
10.85	5.55	1.00000001252224	0.800057936309317	0.000206189774996407	3.28057326532367	1.0000000050089
10.95	5.55	1.00000000721156	0.800056255508916	0.000202832375534136	3.20056755555933	1.00000000288463
11.05	5.55	1.00000000372366	0.800054615053929	0.000199570635616547	3.12056201190574	1.00000000148946
11.15	5.55	1.00000000154999	0.80005301209597	0.000196404289146131	3.0405566304278	1.00000000062
11.25	5.55	1.00000000028622	0.800051444038141	0.000193332893339287	2.9605514074767	1.00000000011449
11.35	5.55	0.999999999626668	0.800049908511301	0.00019035585760626	2.88054633966258	0.999999999850667
11.45	5.55	0.999999999350214	0.80004840335268	0.000187472468510896	2.80054142383	0.999999999740086
11.55	5.55	0.999999999303213	0.800046926586533	0.000184681911254425	2.72053665703582	0.999999999721285
11.65	5.55	0.999999999382416	0.800045476406696	0.000181983288164583	2.64053203652957	0.999999999752966
11.75	5.55	0.999999999519436	0.80004405116083	0.000179375634659109	2.56052755973595	0.999999999807774
11.85	5.55	0.999999999667442	0.800042649336163	0.000176857932899059	2.48052322423932	0.999999999866977
11.95	5.55	0.999999999790483	0.800041269546609	0.000174429123579743	2.40051902776992	0.999999999916193
12.05	5.55	0.999999999855998	0.800039910521054	0.000172088115977116	2.32051496819164	0.999999999942399
12.15	5.55	0.999999999831452	0.800038571092668	0.000169833796653501	2.24051104349102	0.999999999932581
12.25	5.55	0.999999999686499	0.800037250189177	0.000167665036777059	2.16050725176738	0.9999999998746
12.35	5.55	0.999999999402337	0.800035946823774	0.00016558069842331	2.08050359122364	0.999999999760935
12.45	5.55	0.999999998989573	0.800034660086606	0.000163579639763507	2.00050006015769	0.999999999595829
12.55	5.55	0.999999998514402	0.800033389136593	0.000161660719371606	1.92049665695374	0.999999999405761
12.65	5.55	0.99999999812986	0.800032133193279	0.000159822799625566	1.84049338007364	0.999999999251944
12.75	5.55	0.999999998103702	0.80003089152859	0.000158064749331618	1.7604902280479	0.999999999241481
12.85	5.55	0.999999998827351	0.800029663458294	0.000156385445804233	1.68048719946682	0.999999999530941
12.95	5.55	1.00000000078217	0.800028448333326	0.000154783776737533	1.60048429297271	1.00000000031287
13.05	5.55	1.00000000443261	0.800027245531275	0.000153258642522836	1.52048150725488	1.00000000177305
13.15	5.55	1.0000000100146	0.800026054449165	0.000151808959882259	1.44047884105036	1.00000000400584
13.25	5.55	1.00000001719886	0.800024874498976	0.000150433668016604	1.36047629315396	1.00000000687954
13.35	5.55	1.00000002464023	0.800023705108244	0.000149131738450024	1.28047386244137	1.00000000985609
13.45	5.55	1.00000002948396	0.800022545728358	0.00014790218946758	1.20047154790799	1.00000001179358
13.55	5.55	1.00000002699272	0.800021395852719	0.000146744104915519	1.12046934872193	1.00000001079709
13.65	5.55	1.0000000105788	0.800020255045322	0.000145656655006873	1.04046726428308	1.00000000423152
13.75	5.55	0.999999972652864	0.800019122976435	0.000144639113482734	0.960465294268372	0.999999989061146
13.85	5.55	0.999999906786086	0.800017999455798	0.00014369086100913	0.880463438629354	0.999999962714434
13.95	5.55	0.999999811646775	0.800016884444788	0.000142811359857053	0.800461697492455	0.99999992465871
14.05	5.55	0.999999696902562	0.800015778018642	0.000142000081505518	0.720460070902145	0.999999878761025
14.15	5.55	0.999999590644053	0.800014680240776	0.000141256369508215	0.640458558351048	0.999999836257621
14.25	5.55	0.999999546770881	0.800013590909014	0.00014057922917733	0.560457158073102	0.999999818708352
14.35	5.55	0.999999649156873	0.800012509145931	0.00013996705823866	0.480455866151716	0.999999859662749
14.45	5.55	1.00000000743385	0.800011432843103	0.00013941737327724	0.400454675628306	1.00000000297354
14.55	5.55	1.0000007373757	0.80001035804187	0.000138926647040411	0.32045357599145	1.00000029495028
14.65	5.55	1.00000191804447	0.800009278447576	0.000138490446497093	0.240452553664719	1.00000076721779
14.75	5.55	1.00000351952317	0.800008185156692	0.000138104133987391	0.160451594335674	1.00000140780927
14.85	5.55	1.0000053011116	0.800006344689906	0.000137764454406856	0.0804506881235628	1.00000212044464
14.95	5.55	1.00000669234334	0.400007979142072	0.000137517465332481	0.000449983245047799	1.00000267693734
0.05	5.65	-4.71285671458914e-06	0.400003976998617	-0.0006187169859239	10.4570238074994	0.599998114857314
0.15	5.65	-5.41708980747255e-06	0.800012284550473	-0.000618786084659737	10.4090234810683	0.599997833164077
0.25	5.65	-6.05803517782399e-06	0.800020663702769	-0.000618916909402759	10.3610226800397	0.599997576785929
0.35	5.65	-5.88383143606048e-06	0.800029110695803	-0.000619090689625037	10.313021389127	0.599997646467426
0.45	5.65	-4.08309625032004e-06	0.800037676113204	-0.00061927853984783	10.2650195633054	0.5999983667615
0.55	5.65	1.87340904098351e-07	0.800046374397105	-0.000619437360377416	10.2170171292856	0.600000074936362
0.65	5.65	7.68869771300438e-06	0.800055208310022	-0.000619512556687422	10.1690139863405	0.600003075479085
0.75	5.65	1.88952523250561e-05	0.800064156306246	-0.000619463581894417	10.1210100121226	0.60000755810093
0.85	5.65	3.36386965827734e-05	0.800073154910868	-0.000619299806656715	10.0730050781268	0.600013455478633
0.95	5.65	5.06225156120774e-05	0.800082007478794	-0.000619009716425866	10.0249990803875	0.600020249006245
1.05	5.65	6.58912556139369e-05	0.800090858434351	-0.000618410589684797	9.97699199697535	0.600026356502246
1.15	5.65	7.35639385294094e-05	0.80009989978335	-0.000617276067715953	9.92898395976653	0.600029425575412
1.25	5.65	6.69946691162128e-05	0.80010928715877	-0.000615462327517486	9.88097530022326	0.600026797867646
1.35	5.65	3.97724517788961e-05	0.800119262461776	-0.000612829206875792	9.8329665569562	0.600015908980712
1.45	5.65	-1.2738980720522e-05	0.800130148145017	-0.000609232699465554	9.78495844279609	0.599994904407712
1.55	5.65	-9.13482908441598e-05	0.800142309967463	-0.000604537839648855	9.73695175448216	0.599963460683662
1.65	5.65	-0.000190743537384903	0.800156098646365	-0.000598636393444143	9.68894721279785	0.599923702585046
1.75	5.65	-0.000297394112481415	0.80017177026139	-0.000591466028033477	9.64094523247151	0.599881042355007
1.85	5.65	-0.000388224837317155	0.800189382508265	-0.000583028886129813	9.59294563752615	0.599844710065073
1.95	5.65	-0.000430771612243763	0.800208663298769	-0.000573383813561048	9.54494735868295	0.599827691355102
2.05	5.65	-0.000385678483189494	0.800228886042208	-0.000562477722501259	9.49694817433656	0.599845728606724
2.15	5.65	-0.000212747741971291	0.800248478073037	-0.000549688835838642	9.44894458266623	0.599914900903211
2.25	5.65	0.000115001945455054	0.800272246369645	-0.00053289356135403	9.4009319768667	0.600046000778182
2.35	5.65	0.000647016564856187	0.800299947750547	-0.000511989493650791	9.35290455027802	0.600258806625942
2.45	5.65	0.00145753757302871	0.80032954594743	-0.000488597755752956	9.3048545583471	0.600583015029211
2.55	5.65	0.00263306241841692	0.800360892875488	-0.000462689953203485	9.25677168372076	0.601053224967367
2.65	5.65	0.00427240071327385	0.800393873842292	-0.000433943053928455	9.20864265896487	0.60170896028531
2.75	5.65	0.00648862025804045	0.800428303548063	-0.000402071385119044	9.16045085035958	0.602595448103216
2.85	5.65	0.00941152484948407	0.800463971220949	-0.00036690007091706	9.1121757682736	0.603764609939794
2.95	5.65	0.0131908742071584	0.800500689314331	-0.000328382770001665	9.06379248663777	0.605276349682863
3.05	5.65	0.0180008030785542	0.800538344564728	-0.000286621440004738	9.01527094098349	0.607200321231422
3.15	5.65	0.0240459290854467	0.800576954226926	-0.000241901134732575	8.96657505837123	0.609618371634179
3.25	5.65	0.0315696100230513	0.800616717657093	-0.000194741056845883	8.91766165686122	0.61262784400922
3.35	5.65	0.0408646670047637	0.800658035355084	-0.000145960075003536	8.86847903935554	0.616345866801905
3.45	5.65	0.0522864941728489	0.800701441727003	-9.67524859761271e-05	8.81896520239474	0.62091459766914
3.55	5.65	0.0662676123140843	0.800747364700065	-4.87648002244958e-05	8.76904559633104	0.626507044925634
3.65	5.65	0.0833310961406877	0.800795596048021	-4.15505624703212e-06	8.71863042902811	0.633332438456275
3.75	5.65	0.104097602143641	0.800844363732339	3.43980360873584e-05	8.66761163047889	0.641639040857456
3.85	5.65	0.129276846330003	0.800889007566431	6.3786043081156e-05	8.61585982678716	0.651710738532001
3.95	5.65	0.159629955006079	0.800920562099151	8.07243502085052e-05	8.56322203678573	0.663851982002432
4.05	5.65	0.195886338371455	0.800925085278818	8.2222213767067e-05	8.50952128588216	0.678354535348582
4.15	5.65	0.2386022018842	0.800885140595313	6.62700245582194e-05	8.45455980356229	0.69544088075368
4.25	5.65	0.287963887039546	0.800784795050206	3.2632227504294e-05	8.3981276319409	0.715185554815818
4.35	5.65	0.343571658081295	0.800617909140406	-1.65099032768829e-05	8.34001785952261	0.737428663232518
4.45	5.65	0.404280186718713	0.800396284153973	-7.6404648861601e-05	8.28004791256421	0.761712074687485
4.55	5.65	0.468193391587089	0.800151665564808	-0.000140306461095219	8.218083556184	0.787277356634835
4.65	5.65	0.532877731095315	0.799927486808675	-0.000200719331601511	8.15405965439846	0.813151092438126
4.75	5.65	0.595762889195685	0.799763190673092	-0.000250895689408387	8.0879911736707	0.838305155678274
4.85	5.65	0.654594948186165	0.79968018567443	-0.000286043124173802	8.01997053259845	0.861837979274466
4.95	5.65	0.707775129201584	0.799677339102237	-0.000303869390468289	7.95015222199844	0.883110051680634
5.05	5.65	0.754484511796831	0.799736542686764	-0.000304438161224379	7.87872991270505	0.901793804718733
5.15	5.65	0.794605533321802	0.799832785138998	-0.000289572793760615	7.80591272941241	0.917842213328721
5.25	5.65	0.828525844586145	0.799942767139578	-0.00026211571851511	7.73190585325532	0.931410337834458
5.35	5.65	0.856919354374126	0.800049388480551	-0.000225271908302135	7.65689773610406	0.942767741749651
5.45	5.65	0.880566016292773	0.800142533552501	-0.000182140958501624	7.58105370147143	0.952226406517109
5.55	5.65	0.900231966467648	0.80021780000826	-0.000135445918999441	7.504514365469	0.960092786587059
5.65	5.65	0.916605111874147	0.800274621453158	-8.7418091715416e-05	7.42739703320615	0.966642044749659
5.75	5.65	0.930270614616648	0.800314590824162	-3.97849111353013e-05	7.34979854539509	0.972108245846659
5.85	5.65	0.941710306005133	0.800340258469843	6.18479472158982e-06	7.2717985498017	0.976684122402053
5.95	5.65	0.951313907213869	0.800354391452146	4.96105699876402e-05	7.19346261998334	0.980525562885547
6.05	5.65	0.959394364996018	0.800359578220001	8.99249993373633e-05	7.11484496093006	0.983757745998407
6.15	5.65	0.966203118492392	0.800358056108731	0.000126803809751519	7.03599063220178	0.986481247396957
6.25	5.65	0.971943417702112	0.800351666844571	0.000160105893709435	6.95693731735379	0.988777367080845
6.35	5.65	0.976781134572314	0.800341877183201	0.00018982427258826	6.87771670854482	0.990712453828925
6.45	5.65	0.980853165950459	0.80032982718704	0.000216047271856585	6.79835558344865	0.992341266380183
6.55	5.65	0.984273794289374	0.800316385773664	0.000238928468538067	6.71887664478724	0.993709517715749
6.65	5.65	0.987139432043416	0.800302203606148	0.000258663819801887	6.63929918057702	0.994855772817366
6.75	5.65	0.989532140938389	0.800287759261527	0.000275474498626057	6.55963959039466	0.995812856375356
6.85	5.65	0.991522248795634	0.800273397652677	0.000289594181131477	6.47991181172593	0.996608899518253
6.95	5.65	0.99317031428587	0.800259361100878	0.000301259765264992	6.4001276713931	0.997268125714348
7.05	5.65	0.994528626427765	0.800245814009964	0.000310704715151664	6.32029718011256	0.997811450571106
7.15	5.65	0.995642374494424	0.800232862218111	0.000318154404388127	6.24042878309216	0.99825694979777
7.25	5.65	0.996550584868427	0.8002205680357	0.00032382297563359	6.16052957586097	0.998620233947371
7.35	5.65	0.997286892410756	0.800208961841105	0.000327911346038603	6.08060549188568	0.998914756964302
7.45	5.65	0.997880192912329	0.800198050957495	0.000330606074200873	6.00066146668316	0.999152077164931
7.55	5.65	0.998355208229125	0.800187826396948	0.00033207887039635	5.92070158186787	0.99934208329165
7.65	5.65	0.998732985185217	0.800178267942621	0.000332486581973425	5.8407291917093	0.999493194074087
7.75	5.65	0.999031342053258	0.800169347942914	0.000331971523844776	5.76074703419779	0.999612536821303
7.85	5.65	0.999265271489158	0.800161034114878	0.0003306620536733	5.68075732823665	0.999706108595663
7.95	5.65	0.999447305544882	0.800153291590446	0.000328673313601418	5.600761858332	0.999778922217953
8.05	5.65	0.999587846325664	0.800146084389883	0.000326108077995077	5.52076204799158	0.999835138530266
8.15	5.65	0.999695464638318	0.800139376465078	0.000323057660679344	5.44075902293854	0.999878185855327
8.25	5.65	0.9997771683321	0.800133132423822	0.000319602845651544	5.3607536651723	0.99991086733284
8.35	5.65	0.999838641766845	0.800127318019412	0.000315814814223861	5.28074665885091	0.999935456706738
8.45	5.65	0.999884457810712	0.800121900470085	0.000311756048351389	5.20073852891782	0.999953783124285
8.55	5.65	0.999918263866148	0.800116848655522	0.000307481195752476	5.12072967334437	0.999967305546459
8.65	5.65	0.999942943573049	0.800112133226144	0.000303037886546644	5.04072038980528	0.999977177429219
8.75	5.65	0.999960755991645	0.800107726650479	0.000298467495218967	4.96071089754533	0.999984302396658
8.85	5.65	0.999973454192254	0.800103603218965	0.000293805844182491	4.88070135513378	0.999989381676902
8.95	5.65	0.999982385257115	0.800099739017349	0.000289083847890919	4.80069187473765	0.999992954102846
9.05	5.65	0.999988573724138	0.800096111878588	0.000284328097837335	4.72068253347907	0.999995429489655
9.15	5.65	0.999992790474298	0.800092701319945	0.000279561390278324	4.6406733823761	0.999997116189719
9.25	5.65	0.999995608989329	0.800089488469696	0.000274803199380235	4.56066445330255	0.999998243595732
9.35	5.65	0.999997450792994	0.800086455986814	0.000270070099167747	4.48065576434205	0.999998980317197
9.45	5.65	0.999998621747459	0.800083587976147	0.000265376138059317	4.40064732385496	0.999999448698984
9.55	5.65	0.99999934071622	0.800080869900928	0.000260733169821507	4.32063913352592	0.999999736286488
9.65	5.65	0.999999761935719	0.800078288494301	0.000256151144973348	4.24063119061344	0.999999904774288
9.75	5.65	0.999999992267326	0.80007583167094	0.000251638366621296	4.16062348958311	0.99999999690693
9.85	5.65	1.00000010433593	0.800073488440129	0.000247201714195321	4.08061602327054	1.00000004173437
9.95	5.65	1.00000014640601	0.800071248820928	0.000242846838957184	4.00060878369092	1.0000000585624
10.05	5.65	1.00000014970358	0.800069103760404	0.000238578334217951	3.92060176258676	1.00000005988143
10.15	5.65	1.00000013376553	0.800067045055444	0.000234399883385943	3.84059495178515	1.00000005350621
10.25	5.65	1.0000001102861	0.800065065278617	0.000230314388581832	3.76058834341876	1.00000004411444
10.35	5.65	1.0000000858352	0.800063157708481	0.000226324082125088	3.68058193005164	1.00000003433408
10.45	5.65	1.00000006374233	0.800061316264497	0.000222430623222541	3.60057570474023	1.00000002549693
10.55	5.65	1.00000004537375	0.800059535446674	0.000218635181591539	3.5205696610516	1.0000000181495
10.65	5.65	1.0000000309758	0.800057810279969	0.000214938509848285	3.44056379305472	1.00000001239032
10.75	5.65	1.00000002021435	0.800056136263273	0.000211341006110722	3.3605580952959	1.00000000808574
10.85	5.65	1.00000001250592	0.80005450932292	0.000207842768052421	3.28055256276573	1.00000000500237
10.95	5.65	1.00000000720962	0.800052925770452	0.000204443639633832	3.20054719086258	1.00000000288385
11.05	5.65	1.00000000372915	0.800051382264396	0.000201143251418253	3.12054197535575	1.00000000149166
11.15	5.65	1.00000000155866	0.800049875775805	0.000197941055354373	3.04053691235007	1.00000000062346
11.25	5.65	1.00000000029554	0.800048403557202	0.000194836354763003	2.96053199825301	1.00000000011822
11.35	5.65	0.999999999635215	0.800046963114705	0.000191828330200667	2.88052722974464	0.999999999854086
11.45	5.65	0.99999999935723	0.800045552183025	0.000188916061682235	2.8005226037507	0.999999999742892
11.55	5.65	0.999999999308322	0.800044168702968	0.000186098547799148	2.72051811741845	0.999999999723329
11.65	5.65	0.999999999385469	0.800042810801305	0.000183374722193893	2.64051376809525	0.999999999754188
11.75	5.65	0.999999999520476	0.800041476772709	0.000180743467638697	2.56050955330958	0.999999999808191
11.85	5.65	0.999999999666772	0.800040165063426	0.000178203628164437	2.48050547075425	0.999999999866709
11.95	5.65	0.999999999788813	0.800038874256694	0.000175754019452658	2.40050151827146	0.999999999915525
12.05	5.65	0.999999999854655	0.800037603059521	0.000173393437713932	2.32049769383963	0.999999999941862
12.15	5.65	0.999999999832564	0.800036350290725	0.000171120667325116	2.24049399556161	0.999999999933026
12.25	5.65	0.999999999693055	0.80003511487008	0.000168934487298081	2.16049042165409	0.999999999877222
12.35	5.65	0.999999999417932	0.800033895808357	0.000166833676739561	2.08048697043782	0.999999999767173
12.45	5.65	0.999999999017613	0.800032692197976	0.000164817019452263	2.00048364032851	0.999999999607045
12.55	5.65	0.99999999855654	0.800031503204253	0.000162883307580106	1.92048042982777	0.999999999422616
12.65	5.65	0.999999998183507	0.800030328056716	0.000161031344521625	1.84047733751408	0.999999999273403
12.75	5.65	0.999999998158686	0.800029166040502	0.000159259947091111	1.76047436203362	0.999999999263474
12.85	5.65	0.999999998862238	0.80002801648758	0.000157567947180025	1.68047150209121	0.999999999544895
12.95	5.65	1.00000000076147	0.800026878767878	0.000155954193263705	1.60046875644229	1.00000000030459
13.05	5.65	1.00000000430697	0.800025752280754	0.000154417552332346	1.52046612388777	1.00000000172279
13.15	5.65	1.00000000972707	0.800024636447714	0.000152956913240224	1.44046360327437	1.00000000389083
13.25	5.65	1.00000001670102	0.800023530707893	0.000151571192506615	1.36046119350407	1.00000000668041
13.35	5.65	1.0000000239217	0.800022434518542	0.000150259343896116	1.28045889355631	1.00000000956868
13.45	5.65	1.0000000286169	0.800021347362987	0.00014902037260669	1.20045670252526	1.00000001144676
13.55	5.65	1.00000002618815	0.800020268768228	0.000147853353784653	1.1204546196711	1.00000001047526
13.65	5.65	1.00000001024314	0.800019198332627	0.000146757453106895	1.04045264447692	1.00000000409726
13.75	5.65	0.999999973420746	0.800018135760511	0.000145731943628609	0.960450776692311	0.999999989368298
13.85	5.65	0.999999909490037	0.800017080894296	0.000144776208724198	0.880449016330616	0.999999963796015
13.95	5.65	0.999999817169775	0.800016033726211	0.000143889716122458	0.800447363571725	0.99999992686791
14.05	5.65	0.999999705852409	0.800014994361484	0.000143071944474408	0.720445818512506	0.999999882340963
14.15	5.65	0.999999602800267	0.800013962896275	0.000142322244732875	0.640444380710663	0.999999841120107
14.25	5.65	0.999999560300582	0.80001293917139	0.000141639627801831	0.560443048498996	0.999999824120233
14.35	5.65	0.99999965969204	0.800011922374936	0.000141022492785623	0.480441818120597	0.999999863876816
14.45	5.65	1.00000000726088	0.800010910503516	0.000140468351002694	0.400440682864895	1.00000000290435
14.55	5.65	1.0000007152072	0.800009899762206	0.000139973661705822	0.32043963257327	1.00000028608288
14.65	5.65	1.00000186009289	0.800008884094323	0.000139533970720544	0.240438654113283	1.00000074403716
14.75	5.65	1.0000034128002	0.800007854921951	0.000139144616199976	0.160437733637711	1.00000136512008
14.85	5.65	1.00000513989966	0.800006101862465	0.000138802326619003	0.0804368615934966	1.00000205595987
14.95	5.65	1.00000648842203	0.400007714278605	0.000138553484229189	0.000436181558313636	1.00000259536881
0.05	5.75	-4.70417338042283e-06	0.400003932043641	-0.000626858665231029	10.4570611764213	0.599998118330648
0.15	5.75	-5.39574472047759e-06	0.800012148375268	-0.000626962987687611	10.409060855107	0.599997841702112
0.25	5.75	-6.00666306441049e-06	0.800020442402756	-0.000627164923921718	10.3610600639368	0.599997597334774
0.35	5.75	-5.77586231780757e-06	0.800028814779244	-0.000627444114913696	10.3130587864342	0.599997689655073
0.45	5.75	-3.88042726337621e-06	0.800037321502001	-0.000627771503331594	10.2650569758028	0.599998447829095
0.55	5.75	5.29330243681228e-07	0.800045985561894	-0.000628106247329607	10.2170545561756	0.600000211732097
0.65	5.75	8.1955197508705e-06	0.80005482107852	-0.00062839715431552	10.1690514236106	0.6000032782079
0.75	5.75	1.95130236408494e-05	0.800063827271618	-0.000628595338604119	10.121047453043	0.600007805209456
0.85	5.75	3.41835023162252e-05	0.800072980440493	-0.000628677634262134	10.0730425153426	0.600013673400926
0.95	5.75	5.08195327577786e-05	0.800082212701368	-0.00062864292689571	10.0250365073758	0.600020327813103
1.05	5.75	6.64304170724754e-05	0.800091286617407	-0.00062834425907333	9.97702939695516	0.600026572166829
1.15	5.75	7.45834852015389e-05	0.800100672384972	-0.000627559908641572	9.92902130086256	0.600029833394081
1.25	5.75	6.8498517424711e-05	0.800110539634078	-0.000626150327127383	9.88101254222949	0.60002739940697
1.35	5.75	4.17100537504863e-05	0.80012116001155	-0.000623982829705686	9.83300365149145	0.6000166840215
1.45	5.75	-1.04863746724654e-05	0.800132888992957	-0.000620923430799207	9.78499533306778	0.599995805450131
1.55	5.75	-8.9000231534952e-05	0.800146126337923	-0.000616847474220722	9.7369883759307	0.599964399907386
1.65	5.75	-0.000188649449975302	0.800161254146209	-0.000611653731247878	9.68898349483293	0.59992454022001
1.75	5.75	-0.000296046731082504	0.800178550840343	-0.000605277332090709	9.64098110129355	0.599881581307567
1.85	5.75	-0.000388236561481262	0.800198082146854	-0.0005976977361512	9.59298101980505	0.599844705375408
1.95	5.75	-0.000432743164507131	0.800219576043887	-0.000588927359164666	9.54498218457293	0.599826902734197
2.05	5.75	-0.000389757070933874	0.800242302154644	-0.000578920604672376	9.49698237368015	0.599844097171626
2.15	5.75	-0.000217307335934462	0.800265018780463	-0.000567232641280507	9.4489780601496	0.599913077065626
2.25	5.75	0.00012002576218337	0.800287944992739	-0.000551706648137058	9.40096448352209	0.600048010304873
2.35	5.75	0.000650347298926596	0.800319950140022	-0.000531945165983796	9.35293582214691	0.600260138919571
2.45	5.75	0.00145655008675345	0.800354329933224	-0.000509373016124065	9.30488445043311	0.600582620034701
2.55	5.75	0.00262682500266179	0.800391217240142	-0.000483873738044568	9.25680004185375	0.601050730001065
2.65	5.75	0.00426017576390513	0.800430483219833	-0.000455074303850568	9.20866930513467	0.601704070305562
2.75	5.75	0.00646946705312887	0.800471966949594	-0.000422622410057781	9.16047558567788	0.602587786821252
2.85	5.75	0.00938418465821382	0.800515510623458	-0.000386246046173207	9.11219837870417	0.603753673863285
2.95	5.75	0.0131537129608717	0.800560988859454	-0.000345779144589322	9.06381274932851	0.605261485184349
3.05	5.75	0.0179517474606719	0.800608346298022	-0.000301197554268347	9.01528863183025	0.607180698984269
3.15	5.75	0.0239823769151577	0.800657644685613	-0.000252674366885858	8.96658996200059	0.609592950766063
3.25	5.75	0.0314883091179285	0.800709106809568	-0.000200656400850081	8.91767358032017	0.612595323647171
3.35	5.75	0.0407615626106415	0.800763127444888	-0.000145961742147496	8.86848783082866	0.616304625044257
3.45	5.75	0.0521565523632946	0.800820196551496	-8.98949451229347e-05	8.81897077622193	0.620862620945318
3.55	5.75	0.0661046405994154	0.800880647557353	-3.43690117627138e-05	8.7690479652932	0.626441856239766
3.65	5.75	0.0831276073877428	0.80094411483912	1.79904823950536e-05	8.71862974400504	0.633251042955097
3.75	5.75	0.103844807284186	0.801008592335498	6.38048604938464e-05	8.66760822574547	0.641537922913674
3.85	5.75	0.128964913990112	0.801069095292779	9.90371614082095e-05	8.61585426594466	0.651585965596045
3.95	5.75	0.159248727950772	0.801116229490318	0.0001193141200847	8.56321514938919	0.663699491180309
4.05	5.75	0.195426708532931	0.801135507304359	0.000120557242086961	8.50951417878685	0.678170683413172
4.15	5.75	0.238058247208434	0.801108822744317	9.99304130279836e-05	8.45455382609167	0.695223298883374
4.25	5.75	0.287335585103585	0.801019462448716	5.69501881879676e-05	8.39812427466547	0.714934234041434
4.35	5.75	0.342867508993879	0.800860457073769	-5.60506629157062e-06	8.34001857848302	0.737147003597552
4.45	5.75	0.403518602028919	0.800642864801691	-8.14742286148668e-05	8.28005389695399	0.761407440811567
4.55	5.75	0.46740167326447	0.800397969966655	-0.000161727325393988	8.21809549105362	0.786960669305788
4.65	5.75	0.53208825258069	0.8001691950057	-0.000236518128704722	8.15407755200506	0.812835301032276
4.75	5.75	0.595007476616126	0.799996452100548	-0.000297174309451394	8.08801433680859	0.83800299064645
4.85	5.75	0.653899502109702	0.799901958731895	-0.000337832901389242	8.01999766755917	0.861559800843881
4.95	5.75	0.707156364676703	0.799885504123217	-0.000356102619646234	7.9501816617575	0.882862545870681
5.05	5.75	0.753949477961236	0.799929826484537	-0.000352744059475253	7.87875987641949	0.901579791184494
5.15	5.75	0.79415328703403	0.800010596834608	-0.000330741594935553	7.805941547924	0.917661314813612
5.25	5.75	0.828150080674791	0.800105027935774	-0.000294225977910854	7.73193212051711	0.931260032269916
5.35	5.75	0.856610965653397	0.800196391840575	-0.000247570834749547	7.65692038040484	0.942644386261359
5.45	5.75	0.880315044018612	0.800274839085853	-0.000194793287227715	7.58107199247017	0.952126017607445
5.55	5.75	0.900028830645305	0.800336152664391	-0.000139247363377001	7.5045278805683	0.960011532258122
5.65	5.75	0.916441244398301	0.800379888051282	-8.35339933308571e-05	7.42740560447386	0.96657649775932
5.75	5.75	0.930138686361865	0.80040770930202	-2.95422393660964e-05	7.34980220198939	0.972055474544746
5.85	5.75	0.941604218359099	0.800422197602254	2.14462466062456e-05	7.27179746455365	0.976641687343639
5.95	5.75	0.951228669217674	0.800426119733672	6.86340936047574e-05	7.19345706406165	0.98049146768707
6.05	5.75	0.959325930200263	0.800422040759002	0.000111591085272094	7.11483526755865	0.983730372080105
6.15	5.75	0.966148221166917	0.800412158307109	0.000150154047238763	7.03597716883865	0.986459288466767
6.25	5.75	0.971899426319951	0.80039826360384	0.000184346667608699	6.95692046508333	0.98875977052798
6.35	5.75	0.976745928320716	0.800381766445519	0.000214318043877401	6.8776968472909	0.990698371328286
6.45	5.75	0.980825033983153	0.800363746763491	0.000240297065832819	6.79833308171956	0.992330013593261
6.55	5.75	0.984251354923043	0.800345012588467	0.000262559391839701	6.71885185286307	0.993700541969217
6.65	5.75	0.987121568428077	0.800326154662023	0.000281404050863016	6.63927242626384	0.994848627371231
6.75	5.75	0.98951794990538	0.800307593788241	0.000297137206886409	6.55961117666402	0.995807179962152
6.85	5.75	0.991511000078485	0.800289620032401	0.000310061153228093	6.47988201571853	0.996604400031394
6.95	5.75	0.993161417858228	0.800272424267824	0.000320467074347642	6.40009674439368	0.997264567143291
7.05	5.75	0.994521606198734	0.800256123102863	0.00032863049375782	6.32026534820123	0.997808642479494
7.15	5.75	0.995636847009559	0.800240778325418	0.000334808621236257	6.2403962482524	0.998254738803824
7.25	5.75	0.996546241983296	0.80022641191963	0.000339239032285696	6.1604965173812	0.998618496793318
7.35	5.75	0.997283487145828	0.80021301756064	0.000342139273393505	6.08057206793351	0.998913394858331
7.45	5.75	0.997877527878642	0.800200569336501	0.000343707102982011	6.00062781596373	0.999151011151457
7.55	5.75	0.998353126148322	0.800189028302088	0.000344121160311837	5.92066782530144	0.999341250459329
7.65	5.75	0.998731361127182	0.800178347350114	0.000343541913999829	5.84069543408178	0.999492544450873
7.75	5.75	0.999030077089229	0.800168474783273	0.000342112783384167	5.76071336575152	0.999612030835692
7.85	5.75	0.999264287514673	0.800159356892607	0.000339961355897477	5.68072382617947	0.999705715005869
7.95	5.75	0.999446541070577	0.800150939781337	0.000337200645062283	5.60072858825046	0.999778616428231
8.05	5.75	0.999587253068216	0.800143170622177	0.000333930349045178	5.5207290651604	0.999834901227286
8.15	5.75	0.999695004771445	0.800135998493965	0.000330238081108635	5.44072637352296	0.999878001908578
8.25	5.75	0.99977681228014	0.800129374910516	0.000326200551662977	5.36072138732342	0.999910724912056
8.35	5.75	0.99983836644236	0.800123254127267	0.000321884688129832	5.28071478369659	0.999935346576944
8.45	5.75	0.999884245213538	0.800117593290592	0.000317348683446075	5.20070708145364	0.999953698085415
8.55	5.75	0.999918099974967	0.800112352477943	0.000312642968041254	5.12069867323031	0.999967239989987
8.65	5.75	0.999942817472254	0.800107494663522	0.000307811102977354	5.04068985207442	0.999977126988902
8.75	5.75	0.999960659186275	0.800102985635381	0.000302890594139387	4.96068083323159	0.99998426367451
8.85	5.75	0.999973380072328	0.800098793880982	0.000297913629318399	4.8806717718256	0.999989352028931
8.95	5.75	0.99998232867993	0.800094890454381	0.000292907741099803	4.80066277706453	0.999992931471972
9.05	5.75	0.999988530689216	0.800091248832834	0.000287896399497797	4.72065392353779	0.999995412275686
9.15	5.75	0.999992757870739	0.800087844768903	0.000282899539105332	4.64064526010283	0.999997103148296
9.25	5.75	0.999995584399511	0.800084656141692	0.000277934025581056	4.56063681679697	0.999998233759804
9.35	5.75	0.999997432339999	0.80008166280967	0.00027301406670969	4.48062861014888	0.999998972936
9.45	5.75	0.99999860797636	0.800078846466938	0.000268151573234091	4.4006206472081	0.999999443190544
9.55	5.75	0.99999933050156	0.800076190504034	0.000263356474380619	4.32061292855956	0.999999732200624
9.65	5.75	0.999999754409273	0.800073679873939	0.000258636993115955	4.24060545054449	0.999999901763709
9.75	5.75	0.999999986761577	0.800071300964244	0.000253999885384086	4.1605982068684	0.999999994704631
9.85	5.75	1.00000010033978	0.800069041475534	0.000249450647836384	4.08059118974222	1.00000004013591
9.95	5.75	1.00000014352997	0.80006689030668	0.000244993697611016	4.00058439067282	1.00000005741199
10.05	5.75	1.00000014765251	0.800064837446933	0.000240632527876288	3.92057780099431	1.000000059061
10.15	5.75	1.00000013231715	0.800062873875257	0.000236369842118648	3.840571412211	1.00000005292686
10.25	5.75	1.00000010927417	0.800060991466657	0.000232207669982022	3.76056521620609	1.00000004370967
10.35	5.75	1.00000008513633	0.800059182905738	0.000228147467161155	3.68055920535677	1.00000003405453
10.45	5.75	1.00000006326572	0.800057441607067	0.000224190201436437	3.60055337258607	1.00000002530629
10.55	5.75	1.00000004505317	0.800055761642362	0.000220336426797613	3.52054771137308	1.00000001802127
10.65	5.75	1.00000003076345	0.800054137674122	0.000216586347224571	3.44054221573746	1.00000001230538
10.75	5.75	1.00000002007608	0.800052564895378	0.000212939871622841	3.36053688020887	1.00000000803043
10.85	5.75	1.00000001241761	0.800051038975237	0.000209396661074443	3.28053169978886	1.00000000496704
10.95	5.75	1.00000000715448	0.80004955600983	0.000205956169503224	3.20052666990995	1.00000000286179
11.05	5.75	1.00000000369563	0.800048112478158	0.000202617678633623	3.12052178639504	1.00000000147825
11.15	5.75	1.00000000153891	0.800046705202587	0.000199380328083037	3.04051704541867	1.00000000061556
11.25	5.75	1.00000000028429	0.80004533131346	0.000196243141174236	2.96051244347139	1.00000000011372
11.35	5.75	0.999999999628978	0.80004398821741	0.000193205047159151	2.88050797732729	0.999999999851591
11.45	5.75	0.999999999353679	0.800042673569146	0.000190264900218268	2.80050364401496	0.999999999741472
11.55	5.75	0.999999999305909	0.800041385246184	0.000187421495854643	2.72049944079158	0.999999999722364
11.65	5.75	0.99999999938318	0.800040121326304	0.000184673584820608	2.64049536511999	0.999999999753272
11.75	5.75	0.999999999517719	0.800038880067367	0.000182019885147021	2.56049141464838	0.999999999807087
11.85	5.75	0.999999999663385	0.800037659889296	0.000179459092383624	2.48048758719234	0.999999999865354
11.95	5.75	0.999999999785181	0.800036459357871	0.000176989888344094	2.40048388071902	0.999999999914072
12.05	5.75	0.999999999851878	0.800035277170252	0.000174610948626779	2.3204802933331	0.999999999940751
12.15	5.75	0.999999999832628	0.80003411214186	0.000172320948970118	2.2404768232643	0.999999999933051
12.25	5.75	0.999999999698866	0.800032963194605	0.000170118570703172	2.16047346885616	0.999999999879546
12.35	5.75	0.999999999433051	0.800031829346056	0.000168002505279764	2.08047022855586	0.99999999977322
12.45	5.75	0.999999999045442	0.800030709699514	0.000165971458021226	2.00046710090455	0.999999999618177
12.55	5.75	0.999999998598743	0.800029603434618	0.000164024151113778	1.92046408452808	0.999999999439497
12.65	5.75	0.999999998237488	0.800028509798321	0.00016215932585959	1.84046117812764	0.999999999294995
12.75	5.75	0.999999998214222	0.800027428095921	0.000160375744302212	1.76045838047044	0.999999999285689
12.85	5.75	0.999999998897767	0.800026357682096	0.000158672190375931	1.68045569038047	0.999999999559107
12.95	5.75	1.00000000074127	0.800025297951905	0.000157047470953793	1.60045310673036	1.00000000029651
13.05	5.75	1.00000000418135	0.800024248332215	0.000155500417387554	1.52045062843608	1.00000000167254
13.15	5.75	1.00000000943866	0.800023208274401	0.000154029888421978	1.44044825445695	1.00000000377546
13.25	5.75	1.00000001620105	0.800022177249803	0.000152634775681729	1.36044598380454	1.00000000648042
13.35	5.75	1.00000002319969	0.80002115475005	0.000151314012925531	1.28044381556388	1.00000000927987
13.45	5.75	1.00000002774545	0.800020140294722	0.000150066589896655	1.20044174892939	1.00000001109818
13.55	5.75	1.00000002537968	0.800019133448326	0.000148891570625443	1.12043978325429	1.00000001015187
13.65	5.75	1.00000000990686	0.800018133847105	0.00014778811369283	1.04043791810548	1.00000000396274
13.75	5.75	0.999999974195621	0.800017141232494	0.000146755488778293	0.960436153305421	0.999999989678249
13.85	5.75	0.999999912214258	0.800016155482198	0.000145793079183739	0.880434488929124	0.999999964885703
13.95	5.75	0.99999982273226	0.800015176621396	0.000144900355236196	0.800432925209555	0.999999929092904
14.05	5.75	0.999999714864877	0.800014204786929	0.000144076799907629	0.720431462295416	0.999999885945951
14.15	5.75	0.999999615040297	0.800013240108863	0.000143321768794039	0.640430099808903	0.999999846016119
14.25	5.75	0.999999573922092	0.800012282471724	0.000142634275922246	0.560428836181261	0.999999829568837
14.35	5.75	0.999999670296288	0.800011331129578	0.000142012719759046	0.480427667815255	0.999999868118515
14.45	5.75	1.00000000708063	0.800010384184299	0.000141454605008375	0.400426588248941	1.00000000283225
14.55	5.75	1.00000069287728	0.800009438004933	0.000140956376888398	0.320425587677904	1.00000027715091
14.65	5.75	1.00000180173148	0.800008486773132	0.000140513560354948	0.240424653415818	1.00000072069259
14.75	5.75	1.00000330533104	0.800007522237203	0.000140121470135998	0.160423772083055	1.00000132213242
14.85	5.75	1.00000497756775	0.800005857263406	0.000139776818765972	0.0804229344558505	1.0000019910271
14.95	5.75	1.00000628308903	0.400007447596114	0.000139526288019158	0.000422279441505003	1.00000251323561
0.05	5.85	-4.69540200510648e-06	0.400003868310597	-0.000634887275656309	10.457099031023	0.599998121839198
0.15	5.85	-5.37334925862245e-06	0.800011955507465	-0.000635031583023269	10.409098717076	0.599997850660297
0.25	5.85	-5.95405626605632e-06	0.800020127277314	-0.000635312776262425	10.3610979402494	0.599997618377494
0.35	5.85	-5.67092576196429e-06	0.800028389672417	-0.00063571072498629	10.3130966828517	0.599997731629695
0.45	5.85	-3.6947111118872e-06	0.800036804192446	-0.000636198996981072	10.2650948964126	0.599998522115555
0.55	5.85	8.28199003209179e-07	0.800045401878485	-0.000636743480172505	10.2170925027846	0.600000331279601
0.65	5.85	8.63302252762285e-06	0.800054207594308	-0.000637300729397924	10.1690893951349	0.600003453209011
0.75	5.85	2.00777192215048e-05	0.800063234245455	-0.000637815453508798	10.1210854452698	0.600008031087689
0.85	5.85	3.47790305675557e-05	0.80007248598333	-0.000638236636419692	10.0730805218892	0.600013911612227
0.95	5.85	5.13177689709142e-05	0.800081956515387	-0.00063852951089278	10.0250745208233	0.600020527107588
1.05	5.85	6.71139391154252e-05	0.800091279356343	-0.000638592497484667	9.97706740235663	0.600026845575646
1.15	5.85	7.55657685528322e-05	0.800101025116478	-0.000638267192813549	9.92905927143318	0.600030226307421
1.25	5.85	6.97752191915959e-05	0.800111394829889	-0.000637415499367688	9.88105044242937	0.600027910087677
1.35	5.85	4.31942213208229e-05	0.800122696977788	-0.000635907371877641	9.83304143771619	0.600017277688528
1.45	5.85	-8.9727404866789e-06	0.800135328493848	-0.000633617988543273	9.7850329538281	0.599996410903805
1.55	5.85	-8.77509801411684e-05	0.800149733778943	-0.000630432556728473	9.73702577253141	0.599964899607944
1.65	5.85	-0.000188096884790114	0.800166341109946	-0.000626252752836731	9.68902060276218	0.599924761246084
1.75	5.85	-0.000296768244572064	0.800185472872911	-0.000620998625698103	9.6410178521673	0.599881292702171
1.85	5.85	-0.000390926491398639	0.800207228798141	-0.000614598849719753	9.59301734344556	0.59984362940344
1.95	5.85	-0.000438097961171916	0.800231351188692	-0.000606968133549941	9.54501801033659	0.599824760815531
2.05	5.85	-0.000398089011330576	0.800257121368608	-0.000597975771820785	9.49701762752111	0.599840764395468
2.15	5.85	-0.00022742470553945	0.800283332887724	-0.000587269630532639	9.44901264148954	0.599909030117784
2.25	5.85	0.000112218126321296	0.80030870351772	-0.000573625057802292	9.40099818773408	0.600044887250529
2.35	5.85	0.000640320632986441	0.800345384017084	-0.000556363024266267	9.3529684121508	0.600256128253195
2.45	5.85	0.00144169876653493	0.800385397802529	-0.00053574605224974	9.30491574324523	0.600576679506614
2.55	5.85	0.00260549573894068	0.800428984328435	-0.000511654882125237	9.25682985104077	0.601042198295576
2.65	5.85	0.00423081837441879	0.800476106003512	-0.000483801857046256	9.20869742376991	0.601692327349768
2.75	5.85	0.00643028157180037	0.800526716608577	-0.000451843922523879	9.16050178457875	0.60257211262872
2.85	5.85	0.00933296265822968	0.800580802276979	-0.00041544359046288	9.11222240857213	0.603733185063292
2.95	5.85	0.0130877219886126	0.800638396955899	-0.000374323347764813	9.06383434480841	0.605235088795445
3.05	5.85	0.017867603596676	0.800699608305003	-0.000328328296951312	9.01530751806925	0.60714704143867
3.15	5.85	0.0238758875027577	0.800764654417266	-0.00027750455318541	8.96660586489806	0.609550355001103
3.25	5.85	0.0313542807607377	0.800833894865352	-0.000222199231708865	8.91768624192711	0.612541712304295
3.35	5.85	0.0405935773609974	0.800907823495962	-0.000163185596589045	8.86849703157359	0.616237430944399
3.45	5.85	0.0519467264397774	0.800986966532226	-0.000101811833582842	8.81897636572337	0.620778690575911
3.55	5.85	0.0658434008595583	0.801071597928894	-4.01618001877573e-05	8.76904990322293	0.626337360343823
3.65	5.85	0.0828035566105359	0.801161156191678	1.88015832344926e-05	8.7186281513925	0.633121422644214
3.75	5.85	0.103444804061234	0.801253256196276	7.11665534615233e-05	8.66760344470282	0.641377921624494
3.85	5.85	0.128474563687526	0.801342301755703	0.000112165954190897	8.61584692142286	0.651389825475011
3.95	5.85	0.158653546349406	0.801418009971249	0.000136550055214436	8.56320619993174	0.663461418539762
4.05	5.85	0.194714223415097	0.801464697996564	0.000139344465668032	8.50950493510493	0.677885689366039
4.15	5.85	0.237221147025352	0.801462763914192	0.00011700759505396	8.45454590968281	0.694888458810141
4.25	5.85	0.286375601784228	0.801393771353143	6.88009766107003e-05	8.39811948973502	0.714550240713691
4.35	5.85	0.341799039564939	0.801248984136986	-2.07879115274125e-06	8.34001868680791	0.736719615825976
4.45	5.85	0.402370428239312	0.801037962744209	-8.82158775116603e-05	8.28006032052716	0.760948171295725
4.55	5.85	0.466215148875729	0.800791146040782	-0.00017897550448638	8.21810901175215	0.786486059550291
4.65	5.85	0.530911504946167	0.80055205294526	-0.000262669532236071	8.1540981054285	0.812364601978467
4.75	5.85	0.59388715583368	0.80036165181161	-0.000329131184123912	8.08804098125049	0.837554862333472
4.85	5.85	0.652873048429696	0.800243886982602	-0.000371702752858589	8.020028746251	0.861149219371878
4.95	5.85	0.706247455522265	0.80020050655084	-0.000387991466583883	7.95021510095065	0.882498982208906
5.05	5.85	0.753167526791053	0.800216064634732	-0.000379398735119782	7.87879351912399	0.901267010716421
5.15	5.85	0.793496025714033	0.800267704407823	-0.00034991143943827	7.80597343221899	0.917398410285613
5.25	5.85	0.82760747056233	0.800333722419885	-0.000304742393736355	7.73196065450526	0.931042988224932
5.35	5.85	0.856168959560069	0.800398126524536	-0.000249223108353954	7.65694441144536	0.942467583824028
5.45	5.85	0.879958436779063	0.800451522422775	-0.000188099904828434	7.58109079613172	0.951983374711625
5.55	5.85	0.899743053167484	0.8004899339477	-0.00012520430891878	7.50454110241256	0.959897221266994
5.65	5.85	0.916213287049378	0.800512999999593	-6.33904781689401e-05	7.42741318275393	0.966485314819751
5.75	5.85	0.929957430854498	0.800522357331117	-4.62624932076444e-06	7.34980428990376	0.971982972341799
5.85	5.85	0.941460425078399	0.800520486401321	4.98491983368081e-05	7.2717943619328	0.97658417003136
5.95	5.85	0.951114795190041	0.80051000871937	9.93557136336008e-05	7.19344916216723	0.980445918076016
6.05	5.85	0.959235885283092	0.800493320996235	0.000143618995696407	7.11482300705683	0.983694354113237
6.15	5.85	0.966077120678424	0.800472444639172	0.000182644952638154	7.03596100928831	0.98643084827137
6.25	5.85	0.971843367164362	0.800448996968271	0.000216622908493542	6.95690086372066	0.988737346865745
6.35	5.85	0.976701798038331	0.800424222544796	0.000245854358225548	6.87767424494171	0.990680719215333
6.45	5.85	0.980790353213923	0.80039904830795	0.000270702407790963	6.79830789397897	0.992316141285569
6.55	5.85	0.98422414986133	0.800374143185399	0.000291557040190148	6.71882446505834	0.993689659944532
6.65	5.85	0.98710026859872	0.800349973082036	0.000308812023549753	6.6392431910685	0.994840107439488
6.75	5.85	0.989501306619027	0.80032684782023	0.000322850134823597	6.55958041352572	0.995800522647611
6.85	5.85	0.991498021472552	0.800304959474847	0.000334034184456866	6.47985001149403	0.996599208589021
6.95	5.85	0.993151317121367	0.800284412830176	0.000342702005468195	6.40006375475814	0.997260526848547
7.05	5.85	0.994513760240138	0.800265249136598	0.000349164098398968	6.32023159952705	0.997805504096055
7.15	5.85	0.995630763405628	0.800247464393803	0.000353703017953898	6.24036193974519	0.998252305362251
7.25	5.85	0.996541532499718	0.800231023266337	0.000356573872001548	6.16046182332631	0.998616612999887
7.35	5.85	0.997279846501349	0.800215869564089	0.000358005505557215	6.0805371399537	0.99891193860054
7.45	5.85	0.997874716703392	0.800201934046796	0.000358202082725266	6.00059278522128	0.999149886681357
7.55	5.85	0.998350957310971	0.800189140158976	0.000357344875956397	5.9206328046017	0.999340382924388
7.65	5.85	0.998729688775941	0.800177408175299	0.000355594137289736	5.84066051985145	0.999491875510376
7.75	5.85	0.999028787883718	0.800166658133855	0.000353090970593039	5.76067863987659	0.999611515153487
7.85	5.85	0.999263293628425	0.800156811853693	0.000349959152700867	5.68068935769596	0.99970531745137
7.95	5.85	0.999445774624458	0.800147794267323	0.000346306871446184	5.60069443488688	0.999778309849783
8.05	5.85	0.999586661718883	0.800139534248617	0.000342228361293355	5.52069527473484	0.999834664687553
8.15	5.85	0.999694548230025	0.800131965073816	0.000337805425743959	5.44069298520044	0.99987781929201
8.25	5.85	0.999776459577601	0.800125024622531	0.000333108842285086	5.36068843274107	0.99991058383104
8.35	5.85	0.999838093791787	0.800118655397841	0.000328199648586859	5.28068228796529	0.999935237516715
8.45	5.85	0.999884034347205	0.800112804425805	0.000323130312300866	5.20067506404544	0.999953613738882
8.55	5.85	0.999917936856993	0.800107423077145	0.000317945788145603	5.12066714876119	0.999967174742797
8.65	5.85	0.999942691306591	0.800102466843031	0.000312684467662686	5.04065883099198	0.999977076522637
8.75	5.85	0.999960561655471	0.800097895086066	0.000307379027830819	4.9606503224169	0.999984224662189
8.85	5.85	0.999973304755459	0.800093670781806	0.000302057185290177	4.88064177511818	0.999989321902184
8.95	5.85	0.99998227060878	0.800089760260187	0.000296742363396001	4.80063329571885	0.999992908243512
9.05	5.85	0.999988486010476	0.800086132953289	0.00029145427948284	4.72062495661897	0.999995394404191
9.15	5.85	0.999992723589081	0.800082761152734	0.000286209459554332	4.64061680482896	0.999997089435632
9.25	5.85	0.999995558182049	0.800079619779023	0.000281021687604145	4.56060886883439	0.99999822327282
9.35	5.85	0.999997412367194	0.800076686163525	0.000275902396493173	4.48060116386641	0.999998964946878
9.45	5.85	0.999998592827974	0.800073939843471	0.00027086100665097	4.40059369589555	0.99999943713119
9.55	5.85	0.999999319069044	0.800071362369928	0.000265905218990685	4.32058646461517	0.999999727627618
9.65	5.85	0.999999745828114	0.800068937128471	0.000261041267324324	4.24057946563551	0.999999898331245
9.75	5.85	0.999999980358758	0.800066649172115	0.000256274135591632	4.16057269206845	0.999999992143503
9.85	5.85	1.00000009559275	0.800064485066179	0.000251607744329048	4.08056613564865	1.0000000382371
9.95	5.85	1.00000014003444	0.800062432744744	0.000247045110603822	4.00055978750678	1.00000005601378
10.05	5.85	1.00000014509705	0.800060481378072	0.00024258848497593	3.9205536386861	1.00000005803882
10.15	5.85	1.00000013046306	0.800058621250809	0.000238239468742655	3.84054768047259	1.00000005218523
10.25	5.85	1.00000010793961	0.800056843650215	0.000233999114221438	3.76054190459277	1.00000004317585
10.35	5.85	1.00000008418364	0.800055140764266	0.000229868010509161	3.68053630331948	1.00000003367346
10.45	5.85	1.00000006259146	0.800053505588835	0.000225846356853844	3.60053086951556	1.00000002503658
10.55	5.85	1.00000004458018	0.800051931843545	0.000221934025346499	3.52052559663727	1.00000001783207
10.65	5.85	1.00000003043467	0.8000504138958	0.000218130614605985	3.44052047871284	1.00000001217387
10.75	5.85	1.00000001984966	0.800048946692268	0.000214435495681543	3.36051551030682	1.00000000793987
10.85	5.85	1.00000001226317	0.800047525697395	0.000210847851332585	3.28051068647763	1.00000000490527
10.95	5.85	1.00000000705016	0.800046146838321	0.000207366709664815	3.2005060027329	1.00000000282006
11.05	5.85	1.00000000362583	0.800044806455589	0.000203990972903953	3.12050145498563	1.00000000145033
11.15	5.85	1.00000000149262	0.80004350125921	0.000200719442028267	3.04049703951276	1.00000000059705
11.25	5.85	1.0000000002538	0.800042228289481	0.000197550837844223	2.96049275291715	1.00000000010152
11.35	5.85	0.999999999608889	0.800040984882101	0.000194483818982405	2.88048859209306	0.999999999843555
11.45	5.85	0.999999999340233	0.800039768637132	0.000191516997335249	2.80048455419543	0.999999999736093
11.55	5.85	0.999999999296474	0.800038577391355	0.000188648951149845	2.72048063661245	0.99999999971859
11.65	5.85	0.999999999375932	0.800037409193672	0.000185878236293911	2.64047683694137	0.999999999750373
11.75	5.85	0.999999999511469	0.800036262283177	0.000183203395774675	2.56047315296712	0.999999999804587
11.85	5.85	0.999999999657536	0.800035135069598	0.000180622967874272	2.48046958264342	0.999999999863014
11.95	5.85	0.999999999779803	0.800034026115832	0.000178135493117418	2.40046612407617	0.999999999911921
12.05	5.85	0.999999999847854	0.800032934122326	0.000175739520132934	2.3204627755087	0.999999999939141
12.15	5.85	0.999999999831798	0.800031857913039	0.000173433610652382	2.24045953530876	0.999999999932719
12.25	5.85	0.999999999704054	0.800030796422846	0.000171216343728849	2.1604564019568	0.999999999881622
12.35	5.85	0.999999999447775	0.800029748686076	0.000169086319217734	2.08045337403537	0.99999999977911
12.45	5.85	0.999999999073095	0.800028713826001	0.000167042160609748	2.00045045021911	0.999999999629238
12.55	5.85	0.999999998640986	0.800027691045014	0.000165082517202238	1.92044762926527	0.999999999456394
12.65	5.85	0.999999998291716	0.800026679615251	0.000163206065639044	1.84044491000412	0.999999999316686
12.75	5.85	0.99999999827016	0.800025678869388	0.000161411510896218	1.76044229132948	0.999999999308064
12.85	5.85	0.999999998933736	0.800024688191514	0.000159697586863179	1.68043977218941	0.999999999573494
12.95	5.85	1.00000000072134	0.800023707008063	0.000158063056860102	1.60043735157805	1.00000000028853
13.05	5.85	1.0000000040555	0.800022734779234	0.000156506714710012	1.52043502853007	1.0000000016222
13.15	5.85	1.0000000091492	0.80002177099167	0.000155027387227533	1.4404328021205	1.00000000365968
13.25	5.85	1.00000001569888	0.800020815153929	0.000153623939299284	1.36043067147308	1.00000000627955
13.35	5.85	1.00000002247425	0.800019866796654	0.000152295282769895	1.28042863578055	1.0000000089897
13.45	5.85	1.00000002686983	0.800018925479902	0.000151040390001908	1.20042669433924	1.00000001074793
13.55	5.85	1.00000002456767	0.800017990809531	0.000149858311841848	1.12042484659664	1.00000000982707
13.65	5.85	1.00000000957027	0.800017062463083	0.000148748197625392	1.04042309220424	1.00000000382811
13.75	5.85	0.999999974977489	0.800016140222105	0.000147709311404107	0.960421431057879	0.999999989990996
13.85	5.85	0.999999914958061	0.800015224002128	0.000146741034055814	0.880419863294351	0.999999965983224
13.95	5.85	0.999999828332439	0.800014313863381	0.000145842836087275	0.80041838919957	0.999999931332976
14.05	5.85	0.99999972393677	0.800013409975967	0.000145014202377606	0.720417008973776	0.999999889574708
14.15	5.85	0.999999627359631	0.800012512505063	0.000144254490875441	0.640415722303322	0.999999850943852
14.25	5.85	0.999999587630476	0.80001162137977	0.000143562716690831	0.560414527717707	0.999999835052191
14.35	5.85	0.999999680966434	0.800010735920672	0.000142937276060473	0.480413421779527	0.999999872386574
14.45	5.85	1.00000000689557	0.800009854335343	0.00014237566612697	0.400412398276207	1.00000000275823
14.55	5.85	1.00000067039978	0.800008973157218	0.000141874317903816	0.32041144775897	1.00000026815991
14.65	5.85	1.00000174299254	0.80000808680685	0.00014142873605095	0.240410557989678	1.00000069719701
14.75	5.85	1.00000319717318	0.800007187359572	0.000141034212898996	0.160409716058597	1.00000127886927
14.85	5.85	1.00000481420155	0.800005611070887	0.00014068744569881	0.0804089130727822	1.00000192568062
14.95	5.85	1.0000060764522	0.400007179251278	0.000140435390560256	0.000408283240311069	1.00000243058088
0.05	5.95	-4.68971868358474e-06	0.400003784168641	-0.000642763651573149	10.4571373633837	0.599998124112527
0.15	5.95	-5.35513116534222e-06	0.80001170174663	-0.000642953155175361	10.409137059352	0.599997857947534
0.25	5.95	-5.90994441480315e-06	0.800019711801883	-0.000643323727052246	10.3611363018957	0.599997636022234
0.35	5.95	-5.58689419854772e-06	0.800027826813442	-0.000643856087527627	10.3131350721618	0.599997765242321
0.45	5.95	-3.55715583838256e-06	0.800036113569555	-0.000644527046183912	10.2651333202242	0.599998577137665
0.55	5.95	1.03444938332146e-06	0.800044609183114	-0.000645310825789411	10.2171309661663	0.600000413779753
0.65	5.95	8.93674557476614e-06	0.800053345580768	-0.000646176492803677	10.1691279008704	0.60000357469823
0.75	5.95	2.05340409414386e-05	0.800062335668715	-0.000647065508967533	10.1211239926555	0.600008213616377
0.85	5.95	3.53913071567328e-05	0.800071608886114	-0.000647898063579807	10.07311910625	0.600014156522863
0.95	5.95	5.202877443673e-05	0.800081198106183	-0.000648607450388523	10.0251131342757	0.600020811509775
1.05	5.95	6.79295508105764e-05	0.80009073902221	-0.000649137646656286	9.97710603222271	0.600027171820324
1.15	5.95	7.65014001132547e-05	0.800100825280426	-0.000649399759833677	9.92909789752565	0.600030600560045
1.25	5.95	7.08012135221175e-05	0.800111684969093	-0.000649269189477733	9.88108903639143	0.600028320485409
1.35	5.95	4.42032764909731e-05	0.800123660969233	-0.000648624505136219	9.83307996332014	0.600017681310596
1.45	5.95	-8.18795677073397e-06	0.800137192997474	-0.00064735424184091	9.78507136752116	0.599996724817292
1.55	5.95	-8.75160524454413e-05	0.800152774995382	-0.000645356082539604	9.73706402416454	0.599964993579022
1.65	5.95	-0.00018886481517397	0.800170890156166	-0.000642535408725802	9.68905863649564	0.59992445407393
1.75	5.95	-0.0002991072177129	0.800191921678008	-0.000638796661769442	9.64105560714484	0.599880357112915
1.85	5.95	-0.000395479725236538	0.800216035762233	-0.000634011977494479	9.59305475320938	0.599841808109905
1.95	5.95	-0.000445552991150627	0.800243038396694	-0.000627966279091979	9.54505500024343	0.59982177880354
2.05	5.95	-0.000409226065464072	0.800272307217686	-0.000620392436018435	9.49705411250057	0.599836309573814
2.15	5.95	-0.00024285582605005	0.800302804374914	-0.000611177899686228	9.44904852259655	0.59990285766958
2.25	5.95	9.30770249097069e-05	0.800332900102259	-0.000600097638360064	9.40103332445944	0.600037230809964
2.35	5.95	0.000617254181927212	0.800374991208335	-0.000586198079726208	9.35300261499549	0.600246901672771
2.45	5.95	0.00141340953152213	0.800421342175755	-0.000568618979550045	9.30494880254085	0.600565363812609
2.55	5.95	0.00257011165773802	0.800472434523549	-0.000547169066869021	9.25686154788484	0.601028044663095
2.65	5.95	0.00418611013948419	0.800528495329467	-0.000521662576200079	9.20872752590938	0.601674444055794
2.75	5.95	0.00637366425933251	0.800589729502874	-0.000491784054077449	9.16053004019473	0.602549465703733
2.85	5.95	0.00926139418169844	0.800656362955431	-0.000457142622990342	9.1122485429341	0.603704557672679
2.95	5.95	0.0129975513406447	0.800728669713121	-0.000417357372028776	9.06385806087327	0.605199020536258
3.05	5.95	0.0177543847755796	0.800807002800215	-0.000372144706342267	9.01532850136748	0.607101753910232
3.15	5.95	0.0237341606811862	0.800891825538859	-0.00032141421060956	8.96662379343362	0.609493664272474
3.25	5.95	0.0311773199794557	0.800983726636438	-0.000265384267276489	8.9177008024201	0.612470927991782
3.35	5.95	0.0403731096851483	0.801083386205041	-0.000204725056293086	8.86850794389099	0.616149243874059
3.45	5.95	0.0516726417137696	0.801191435302661	-0.00014072941836216	8.81898341760077	0.620669056685508
3.55	5.95	0.0655034977092083	0.801308119909103	-7.54999606785827e-05	8.76905299712392	0.626201399083683
3.65	5.95	0.0823834146303454	0.801432653541176	-1.21205822661654e-05	8.71862736413993	0.632953365852138
3.75	5.95	0.102927938338639	0.801562154396955	4.52499207888493e-05	8.66759909769493	0.641171175335455
3.85	5.95	0.12784310158189	0.801690179009583	9.14625399900849e-05	8.61583965408226	0.651137240632756
3.95	5.95	0.157889740905907	0.801805175319319	0.000120772296131835	8.56319703115	0.663155896362363
4.05	5.95	0.193803114450951	0.801889725839413	0.000127663403122108	8.5094952877726	0.677521245780381
4.15	5.95	0.236154481016966	0.801922044865926	0.000108126336139117	8.45453756556641	0.694461792406786
4.25	5.95	0.285156599319711	0.801881186981914	6.11831597495537e-05	8.39811444324604	0.714062639727884
4.35	5.95	0.340446767220171	0.801755866128793	-9.84095800897941e-06	8.34001888572356	0.736178706888068
4.45	5.95	0.400921758761641	0.801553511645687	-9.69842748313497e-05	8.28006732345196	0.760368703504656
4.55	5.95	0.46472233494895	0.801303389332364	-0.000188748460910351	8.21812364437055	0.78588893397958
4.65	5.95	0.529434860513436	0.801049195353776	-0.000272503973060013	8.15412022967413	0.811773944205374
4.75	5.95	0.592484781883734	0.800833436238821	-0.00033735210725581	8.08806947089112	0.836993912753493
4.85	5.95	0.651591284522472	0.800682546641126	-0.000376320484643986	8.02006168687954	0.860636513808989
4.95	5.95	0.705115324564989	0.800601103126177	-0.000387166248711197	7.95025014320184	0.882046129825996
5.05	5.95	0.752196214853994	0.800576294200712	-0.000371800701623309	7.87882826537861	0.900878485941598
5.15	5.95	0.792682168402908	0.800587405408303	-0.000334898146964167	7.80600575062754	0.917072867361163
5.25	5.95	0.826938060176596	0.800614303390346	-0.000282358886761312	7.73198886725293	0.930775224070639
5.35	5.95	0.855626043746396	0.800642040535883	-0.000220080120745866	7.6569673584458	0.942250417498558
5.45	5.95	0.879522671538116	0.800661836592415	-0.000153197043750694	7.58110780718674	0.951809068615247
5.55	5.95	0.899395937324475	0.800670000210284	-8.57510743878722e-05	7.50455191836195	0.95975837492979
5.65	5.95	0.915938312672897	0.800666216976192	-2.06559765460174e-05	7.42741785882753	0.966375325069159
5.75	5.95	0.929740497299664	0.800652008376907	4.01706495173518e-05	7.34980310249784	0.971896198919866
5.85	5.95	0.941289823154197	0.800629638252924	9.56099105293045e-05	7.2717877293688	0.976515929261679
5.95	5.95	0.95098097877727	0.800601456076505	0.00014513897655961	7.19343758270554	0.980392391510908
6.05	5.95	0.95913116410777	0.80056956414358	0.000188653484363201	7.11480701336667	0.983652465643108
6.15	5.95	0.965995347011066	0.800535689458516	0.000226325523661377	7.03594113678549	0.986398138804426
6.25	5.95	0.971779650706854	0.800501169048845	0.000258496983801227	6.9568776297447	0.988711860282742
6.35	5.95	0.976652261383169	0.800466989282222	0.000285603244292864	6.8776481359736	0.990660904553268
6.45	5.95	0.980751929045641	0.800433844724055	0.000308120825349766	6.79827935858736	0.992300771618256
6.55	5.95	0.984194416049041	0.80040219864757	0.000326532942888541	6.71879391078623	0.993677766419617
6.65	5.95	0.987077315613543	0.800372337173664	0.000341307911655148	6.63921098393823	0.994830926245417
6.75	5.95	0.989483631604605	0.800344414371636	0.000352886470293193	6.55954687921498	0.995793452641842
6.85	5.95	0.991484443875325	0.800318488275085	0.000361675123465389	6.47981543752166	0.99659377755013
6.95	5.95	0.993140911579506	0.800294548868759	0.000368043424124696	6.40002839322795	0.997256364631802
7.05	5.95	0.994505803217617	0.800272539424177	0.000372323751759818	6.32019567012755	0.997802321287047
7.15	5.95	0.995624690753131	0.80025237252267	0.000374812604676027	6.24032563280787	0.998249876301253
7.25	5.95	0.996536905702981	0.800233941926215	0.000375772753112067	6.16042530281728	0.998614762281192
7.35	5.95	0.997276325844673	0.800217131246973	0.000375435828160417	6.08050054632236	0.998910530337869
7.45	5.95	0.997872039946451	0.800201820171361	0.00037400507608828	6.00055623806282	0.99914881597858
7.55	5.95	0.998348922768101	0.800187888829879	0.000371658111719709	5.92059640511173	0.99933956910724
7.65	5.95	0.998728141915073	0.800175220771948	0.000368549571903654	5.84062435306562	0.999491256766029
7.75	5.95	0.999027610740728	0.800163704900365	0.000364813614336141	5.76064277669693	0.999611044296291
7.85	5.95	0.999262396473031	0.800153236639275	0.000360566234367077	5.68065385671171	0.999704958589213
7.95	5.95	0.99944508942469	0.800143718545834	0.000355907389325294	5.60065934400074	0.999778035769876
8.05	5.95	0.999586137039258	0.80013506052657	0.000350922930639712	5.52066063260788	0.999834454815703
8.15	5.95	0.999694145269106	0.800127179780666	0.000345686349416608	5.44065882252962	0.999877658107642
8.25	5.95	0.999776149107424	0.800120000561861	0.000340260344773722	5.36065477338375	0.999910459642969
8.35	5.95	0.999837853807702	0.800113453826524	0.000334698225973444	5.28064914992486	0.999935141523081
8.45	5.95	0.999883848274135	0.80010747681779	0.000329045159971982	5.2006424603319	0.999953539309654
8.55	5.95	0.999917792188752	0.800102012619699	0.000323339276511168	5.12063508813967	0.999967116875501
8.65	5.95	0.999942578579895	0.800097009705865	0.000317612642546736	5.04062731863154	0.999977031431958
8.75	5.95	0.999960473680709	0.800092421497824	0.000311892117817324	4.9606193604511	0.999984189472284
8.85	5.95	0.999973236042907	0.800088205942882	0.000306200102627968	4.88061136312785	0.999989294417163
8.95	5.95	0.99998221694242	0.800084325116737	0.00030055518886422	4.80060343114673	0.999992886776968
9.05	5.95	0.999988444132392	0.800080744853172	0.000294972724243299	4.72059563512491	0.999995377652957
9.15	5.95	0.999992690966082	0.80007743440146	0.00028946529961442	4.64058802059348	0.999997076386433
9.25	5.95	0.999995532833013	0.80007436611073	0.000284043168112588	4.5605806148175	0.999998213133205
9.35	5.95	0.999997392734962	0.800071515139868	0.000278714604563846	4.48057343202802	0.999998957093985
9.45	5.95	0.999998577683802	0.800068859191479	0.000273486212706722	4.40056647738259	0.999999431073521
9.55	5.95	0.999999307440773	0.800066378268057	0.000268363187001995	4.32055974992051	0.999999722976309
9.65	5.95	0.999999736945642	0.800064054448815	0.000263349535286667	4.24055324473245	0.999999894778257
9.75	5.95	0.999999973612151	0.800061871685502	0.000258448267821044	4.16054695452462	0.99999998944486
9.85	5.95	1.00000009049967	0.800059815615841	0.000253661557328467	4.08054087072217	1.00000003619987
9.95	5.95	1.00000013621453	0.800057873393419	0.000248990874600905	4.00053498422748	1.00000005448581
10.05	5.95	1.00000014225152	0.800056033532627	0.000244437103143559	3.92052928592388	1.00000005690061
10.15	5.95	1.00000012835839	0.800054285767863	0.000240000636084426	3.84052376699505	1.00000005134336
10.25	5.95	1.00000010639429	0.800052620925722	0.00023568145812463	3.76051841911348	1.00000004255772
10.35	5.95	1.00000008305754	0.800051030809454	0.000231479214883937	3.68051323453846	1.00000003322302
10.45	5.95	1.00000006177713	0.800049508094699	0.000227393271492474	3.60050820615312	1.00000002471085
10.55	5.95	1.00000004399589	0.800048046235607	0.000223422762273073	3.52050332746216	1.00000001759835
10.65	5.95	1.00000003001871	0.800046639380628	0.000219566632821208	3.44049859256553	1.00000001200748
10.75	5.95	1.00000001955588	0.800045282297009	0.000215823675652806	3.36049399611871	1.00000000782235
10.85	5.95	1.0000000120573	0.800043970303446	0.000212192560524158	3.28048953328674	1.00000000482292
10.95	5.95	1.00000000690702	0.800042699209871	0.000208671860106429	3.20048519969659	1.00000000276281
11.05	5.95	1.00000000352706	0.800041465264015	0.00020526007185567	3.12048099139073	1.00000000141082
11.15	5.95	1.00000000142494	0.800040265103726	0.000201955636569127	3.04047690478357	1.00000000056997
11.25	5.95	1.00000000020767	0.800039095714777	0.000198756954118538	2.96047293662152	1.00000000008307
11.35	5.95	0.999999999577488	0.800037954393308	0.000195662396891643	2.880469083947	0.999999999830995
11.45	5.95	0.999999999318682	0.800036838712494	0.000192670321099889	2.80046534406625	0.999999999727473
11.55	5.95	0.999999999281285	0.800035746493033	0.000189779076433396	2.72046171452084	0.999999999712514
11.65	5.95	0.999999999364632	0.800034675776877	0.000186987014188611	2.64045819306248	0.999999999745853
11.75	5.95	0.999999999502381	0.800033624803875	0.000184292494154295	2.5604547776308	0.999999999800953
11.85	5.95	0.999999999649705	0.800032591991036	0.000181693890477139	2.48045146633377	0.999999999859882
11.95	5.95	0.999999999773038	0.800031575914031	0.000179189596496624	2.40044825743048	0.999999999909215
12.05	5.95	0.999999999842855	0.800030575290672	0.000176778028924458	2.32044514931593	0.999999999937142
12.15	5.95	0.999999999830286	0.800029588966197	0.00017445763130281	2.24044214050753	0.999999999932114
12.25	5.95	0.999999999708778	0.800028615899971	0.000172226876869168	2.16043922963307	0.999999999883511
12.35	5.95	0.999999999462217	0.800027655153564	0.000170084270877884	2.08043641541978	0.999999999784887
12.45	5.95	0.999999999100632	0.800026705879783	0.000168028352429104	2.00043369668417	0.999999999640253
12.55	5.95	0.999999998683278	0.800025767312542	0.000166057695715768	1.92043107232228	0.999999999473311
12.65	5.95	0.999999998346142	0.800024838757219	0.000164170910784603	1.84042854130003	0.999999999338457
12.75	5.95	0.999999998326395	0.80002391958129	0.000162366643821698	1.76042610264366	0.999999999330558
12.85	5.95	0.999999998969987	0.800023009205104	0.000160643577083676	1.68042375543044	0.999999999587995
12.95	5.95	1.00000000070148	0.80002210709281	0.00015900042886497	1.6004214987804	1.00000000028059
13.05	5.95	1.00000000392925	0.800021212743782	0.000157435954025307	1.52041933185079	1.0000000015717
13.15	5.95	1.00000000885853	0.80002032568536	0.000155948946026273	1.44041725383561	1.00000000354341
13.25	5.95	1.00000001519442	0.800019445468293	0.000154538241571741	1.36041526397353	1.00000000607777
13.35	5.95	1.00000002174542	0.800018571666812	0.000153202729112919	1.28041336156728	1.00000000869817
13.45	5.95	1.00000002599017	0.800017703885624	0.000151941362051851	1.2004115460169	1.00000001039607
13.55	5.95	1.00000002375227	0.800016841775702	0.000150753176415173	1.12040981686557	1.00000000950091
13.65	5.95	1.00000000923341	0.800015985059236	0.000149637310548578	1.04040817385044	1.00000000369336
13.75	5.95	0.999999975765982	0.800015133560818	0.000148593021011883	0.96040661694132	0.999999990306393
13.85	5.95	0.999999917720301	0.800014287236313	0.000147619684318432	0.88040514633718	0.99999996708812
13.95	5.95	0.999999833967969	0.800013446183086	0.000146716769164014	0.800403762376961	0.999999933587188
14.05	5.95	0.999999733064255	0.800012610606155	0.000145883760331411	0.720402465312361	0.999999893225702
14.15	5.95	0.99999963975306	0.800011780707084	0.000145120016232427	0.640401254893766	0.999999855901224
14.25	5.95	0.99999960142007	0.800010956460472	0.000144424551419737	0.560400129748917	0.999999840568028
14.35	5.95	0.999999691698559	0.800010137254116	0.00014379575868846	0.480399086600551	0.999999876679423
14.45	5.95	1.00000000670745	0.800009321401849	0.000143231127020177	0.400398119486265	1.00000000268298
14.55	5.95	1.00000064778793	0.800008505602072	0.000142727073367081	0.320397219314364	1.00000025911517
14.65	5.95	1.00000168390785	0.800007684514949	0.000142279082957627	0.240396374296899	1.00000067356314
14.75	5.95	1.00000308838378	0.800006850543773	0.000141882426961517	0.16039557199621	1.00000123535351
14.85	5.95	1.0000046498866	0.800005363461696	0.000141533788169561	0.0803948038516308	1.00000185995464
14.95	5.95	1.00000586861939	0.400006909400784	0.000141280371814582	0.000394199345690069	1.00000234744776
0.05	6.05	-4.68659408076479e-06	0.40000367674338	-0.000650444392424435	10.4571761631558	0.599998125362368
0.15	6.05	-5.34013356009738e-06	0.80001137823973	-0.00065068464916753	10.4091758719151	0.599997863946576
0.25	6.05	-5.87192609774472e-06	0.800019180640077	-0.00065115658850324	10.3611751395289	0.599997651229561
0.35	6.05	-5.5182768994149e-06	0.800027103926718	-0.000651841646229928	10.3131739460314	0.59999779268924
0.45	6.05	-3.45902958135717e-06	0.800035220904818	-0.000652718315294598	10.2651722402126	0.599998616388168
0.55	6.05	1.15229515063139e-06	0.80004357419392	-0.00065376559899537	10.217169940876	0.60000046091806
0.65	6.05	9.08818079662004e-06	0.800052201742863	-0.000654966034562109	10.1691669375162	0.600003635272319
0.75	6.05	2.08614125801238e-05	0.800061083264928	-0.000656268934626401	10.1211630949354	0.600008344565032
0.85	6.05	3.59967465545235e-05	0.80007028094789	-0.000657578523957285	10.0731582722345	0.600014398698622
0.95	6.05	5.28765670614474e-05	0.800079871451234	-0.000658804870956233	10.0251523571622	0.600021150626825
1.05	6.05	6.87817622652659e-05	0.800089586894828	-0.000659931215508032	9.97714530314912	0.600027512704906
1.15	6.05	7.72957034826544e-05	0.800099969630608	-0.000660925689240946	9.9291372041283	0.600030918281393
1.25	6.05	7.14841810537328e-05	0.800111272522941	-0.00066168278483074	9.8811283591617	0.600028593672421
1.35	6.05	4.46484313768228e-05	0.800123870372562	-0.000662104162391233	9.8331192757053	0.600017859372551
1.45	6.05	-8.20742255813918e-06	0.800138245460713	-0.000662101917763828	9.78511063667081	0.599996717030977
1.55	6.05	-8.83362876778419e-05	0.80015494250912	-0.000661591254607193	9.73710321150389	0.599964665484929
1.65	6.05	-0.000190929062708989	0.800174502104916	-0.00066048427043204	9.68909769806731	0.599923628374916
1.75	6.05	-0.000302935294260563	0.800197374821249	-0.000658679138432936	9.64109449324908	0.599878825882296
1.85	6.05	-0.000401589554776962	0.800223811209665	-0.000656024304007223	9.59309340559541	0.599839364178089
1.95	6.05	-0.000454443774518092	0.80025369988377	-0.000652227645242312	9.54509334468239	0.599818222490193
2.05	6.05	-0.000422028891079323	0.800286602505991	-0.000646876629118832	9.49709205508292	0.599831188443568
2.15	6.05	-0.000262362957843199	0.800322068303826	-0.000640000353910586	9.44908597174767	0.599895054816863
2.25	6.05	6.49113862594831e-05	0.800358581002304	-0.000632154849764782	9.40107020470823	0.600025964554504
2.35	6.05	0.000584088306575462	0.800406343903037	-0.000622198615874997	9.35303878566106	0.60023363532263
2.45	6.05	0.00137495842013826	0.800459274794379	-0.000608553457418442	9.30498404261728	0.600549983368055
2.55	6.05	0.0025243100894663	0.800518192806178	-0.000591078093490289	9.25689562463621	0.601009724035786
2.65	6.05	0.00413026305152905	0.800583704045785	-0.000569605465253151	9.20876019878819	0.601652105220612
2.75	6.05	0.0063046971043217	0.800656347493055	-0.000543780903400752	9.1605610502386	0.602521878841729
2.85	6.05	0.00917577367703523	0.800736643863133	-0.00051313902206507	9.11227760521127	0.603670309470814
2.95	6.05	0.0128910986623084	0.800825157019304	-0.00047720005508243	9.06388486249145	0.605156439464923
3.05	6.05	0.0176220476640111	0.800922540891573	-0.000435560414354277	9.01535270484513	0.607048819065604
3.15	6.05	0.0235697565401463	0.80102956696322	-0.000387989923765308	8.96664504572503	0.609427902616059
3.25	6.05	0.0309732499642406	0.801147119944707	-0.000334549591507509	8.91771875080592	0.612389299985696
3.35	6.05	0.0401200490868655	0.801276130422762	-0.000275738627718716	8.86852226066789	0.616048019634746
3.45	6.05	0.0513592284338019	0.801417386355371	-0.000212671828732555	8.81899383586675	0.620543691373521
3.55	6.05	0.0651160704766657	0.801571132951761	-0.000147276209264686	8.76905935973152	0.626046428190666
3.65	6.05	0.0819059012579703	0.80173634490176	-8.24753320116314e-05	8.71862968662598	0.632762360503188
3.75	6.05	0.102342065892821	0.801909569628779	-2.22987347180264e-05	8.66759764300344	0.640936826357128
3.85	6.05	0.127129189685268	0.802083361467427	2.81851791792107e-05	8.61583501138848	0.650851675874107
3.95	6.05	0.157028416875033	0.802244645181835	6.32468186610147e-05	8.56319018266811	0.662811366750013
4.05	6.05	0.192778280057951	0.802373905746014	7.73094346980955e-05	8.50948763708992	0.67711131202318
4.15	6.05	0.234957637067844	0.80244670943644	6.62256481688942e-05	8.45453089269022	0.693983054827137
4.25	6.05	0.283792061262349	0.802439071161566	2.88161069487411e-05	8.39811075295383	0.71351682450494
4.35	6.05	0.338936399875784	0.802336627028465	-3.18343308868207e-05	8.34002013670109	0.735574559950314
4.45	6.05	0.39930702450847	0.802144248404734	-0.000108017606969804	8.28007507025367	0.759722809803388
4.55	6.05	0.463061509549825	0.801889805912209	-0.000188490329142214	8.2181386797959	0.78522460381993
4.65	6.05	0.527794888766652	0.801617223618573	-0.000260887312403049	8.15414234874601	0.811117955506661
4.75	6.05	0.59092992237655	0.801370866620574	-0.000314602441840717	8.0880974545899	0.83637196895062
4.85	6.05	0.650172597725154	0.801180173256979	-0.000342992127153963	8.02009352230399	0.860069039090062
4.95	6.05	0.703864592641118	0.80105313961773	-0.000344159731366512	7.95028340168824	0.881545837056447
5.05	6.05	0.751125425917231	0.800980150510815	-0.000320337808165613	7.87886050963101	0.900450170366892
5.15	6.05	0.791787196965739	0.800943097373766	-0.000276449579118707	7.80603485849388	0.916714878786296
5.25	6.05	0.826204124594162	0.800923753893769	-0.000218539205275055	7.73201321812892	0.930481649837665
5.35	6.05	0.855032920320501	0.800908429149184	-0.000152533835903895	7.65698588667388	0.942013168128201
5.45	6.05	0.879048633261994	0.800889062572414	-8.3497337806707e-05	7.58111996012973	0.951619453304798
5.55	6.05	0.899020229874805	0.800862271384629	-1.53239504600418e-05	7.50455756362589	0.959608091949922
5.65	6.05	0.915642429182094	0.800827754438473	4.92665273190693e-05	7.4274171762107	0.966256971672837
5.75	6.05	0.929508637213679	0.80078684884193	0.000108570973326733	7.34979648275611	0.971803454885472
5.85	6.05	0.941108874209469	0.800741513941384	0.000161685131261908	7.27177569022695	0.976443549683788
5.95	6.05	0.950840262381966	0.800693732819445	0.000208287150073221	7.19342070477393	0.980336104952787
6.05	6.05	0.959022092103459	0.800645220741671	0.000248451914101622	7.11478589442278	0.983608836841384
6.15	6.05	0.965911070613029	0.800597324415706	0.000282505364306468	7.03591636115528	0.986364428245211
6.25	6.05	0.971714739957051	0.800551024013538	0.000310917233354519	6.95684974921951	0.988685895982821
6.35	6.05	0.97660242926602	0.80050698145574	0.000334226042169351	6.87761765907769	0.990640971706408
6.45	6.05	0.980713801946384	0.800465602923842	0.000352989122114278	6.79824674562661	0.992285520778553
6.55	6.05	0.984165346573837	0.800427099589394	0.00036775101859923	6.71875957273248	0.993666138629535
6.65	6.05	0.987055231782136	0.800391539908474	0.000379024839104672	6.63917528374006	0.994822092712854
6.75	6.05	0.989466916213817	0.800358891766354	0.000387282392533838	6.55951013454916	0.995786766485527
6.85	6.05	0.991471838399589	0.800329055059049	0.000392950092257162	6.47977792431582	0.996588735359836
6.95	6.05	0.993131439803294	0.800301886166201	0.000396408492551692	6.39999034951306	0.997252575921318
7.05	6.05	0.994498710638624	0.800277215928043	0.000397994002435005	6.32015729993824	0.99779948425545
7.15	6.05	0.995619396552419	0.80025486259016	0.0003980018084892	6.240287109958	0.998247758620967
7.25	6.05	0.99653296471762	0.800234640931334	0.000396689380092489	6.16038677445133	0.998613185887048
7.35	6.05	0.997273398500626	0.800216368535708	0.000394280163923357	6.0804621361912	0.99890935940025
7.45	6.05	0.997869868528177	0.800199869950759	0.000390967230928718	6.00051804950322	0.999147947411271
7.55	6.05	0.998347312733845	0.800184979294604	0.000386916741346843	5.92055852372835	0.999338925093538
7.65	6.05	0.998726947229598	0.80017154173815	0.000382271158105168	5.84058684912555	0.999490778891839
7.75	6.05	0.999026722404765	0.800159414182265	0.000377152179601366	5.76060570725361	0.999610688961906
7.85	6.05	0.999261733592917	0.800148465370727	0.000371663387026323	5.68061726747828	0.999704693437167
7.95	6.05	0.999444592295995	0.800138575618939	0.000365892615080945	5.60062327099437	0.999777836918398
8.05	6.05	0.999585761822124	0.800129636292641	0.00035991406195084	5.5206251035865	0.999834304728849
8.15	6.05	0.999693859916365	0.800121549135731	0.000353790158362243	5.44062385824213	0.999877543966546
8.25	6.05	0.999775930273636	0.800114225518833	0.000347573215674489	5.3606203886535	0.999910372109455
8.35	6.05	0.999837684521566	0.800107585659593	0.000341306873602088	5.28061535458516	0.999935073808626
8.45	6.05	0.999883716200739	0.800101557850058	0.000335027366660215	5.20060926003063	0.999953486480296
8.55	6.05	0.999917688343947	0.800096077713586	0.000328764627838931	5.12060248502894	0.999967075337579
8.65	6.05	0.99994249638812	0.800091087505721	0.000322543246259655	5.04059531195672	0.999976998555248
8.75	6.05	0.999960408291167	0.800086535465881	0.000316383294866579	4.96058794705222	0.999984163316467
8.85	6.05	0.999973183838032	0.800082375223055	0.000310301042635322	4.88058053786511	0.999989273535213
8.95	6.05	0.999982175187805	0.80007856525471	0.000304309564807478	4.80057318726049	0.999992870075122
9.05	6.05	0.999988410729572	0.80007506839687	0.000298419263595359	4.72056596453945	0.999995364291829
9.15	6.05	0.999992664279092	0.80007185140167	0.000292638310572802	4.64055891417256	0.999997065711637
9.25	6.05	0.999995511567224	0.800068884538545	0.000286973021121341	4.56055206257903	0.99999820462689
9.35	6.05	0.999997375852425	0.800066141234854	0.000281428170037642	4.48054542332375	0.99999895034097
9.45	6.05	0.999998564343784	0.800063597752074	0.000276007256780708	4.4005390010485	0.999999425737513
9.55	6.05	0.999999296957457	0.80006123289388	0.000270712727583432	4.32053279440219	0.999999718782983
9.65	6.05	0.999999728757418	0.80005902774293	0.000265546160995662	4.24052679818965	0.999999891502967
9.75	6.05	0.999999967258705	0.800056965423276	0.000260508422434429	4.16052100491817	0.999999986903482
9.85	6.05	1.00000008560433	0.800055030886129	0.000255599792825376	4.08051540588614	1.00000003424173
9.95	6.05	1.00000013247019	0.800053210716529	0.000250820075400406	4.00050999192901	1.00000005298808
10.05	6.05	1.00000013940916	0.800051492959079	0.000246168684365766	3.92050475391265	1.00000005576366
10.15	6.05	1.00000012621739	0.800049866961068	0.000241644718477773	3.84049968304402	1.00000005048696
10.25	6.05	1.00000010479426	0.800048323231323	0.000237247022097393	3.7604947710525	1.0000000419177
10.35	6.05	1.00000008187128	0.800046853313498	0.000232974235875983	3.68049001028168	1.00000003274851
10.45	6.05	1.00000006090468	0.800045449672466	0.00022882483893124	3.60048539372134	1.00000002436187
10.55	6.05	1.00000004335937	0.800044105592711	0.000224797183888986	3.52048091500089	1.00000001734375
10.65	6.05	1.00000002955804	0.800042815087564	0.000220889526113178	3.44047656835946	1.00000001182321
10.75	6.05	1.00000001922513	0.800041572818278	0.000217100048127622	3.36047234860314	1.00000000769005
10.85	6.05	1.00000001182171	0.80004037402205	0.000213426879973284	3.28046825105643	1.00000000472868
10.95	6.05	1.00000000674051	0.800039214448034	0.00020986811629022	3.20046427151249	1.0000000026962
11.05	6.05	1.00000000341027	0.800038090300579	0.00020642183059617	3.12046040618486	1.00000000136411
11.15	6.05	1.00000000134361	0.800036998188892	0.000203086087228397	3.04045665166237	1.00000000053744
11.25	6.05	1.00000000015137	0.800035935082438	0.000199858951428659	2.96045300486793	1.00000000006055
11.35	6.05	0.999999999538617	0.800034898271501	0.000196738497654505	2.88044946302139	0.999999999815447
11.45	6.05	0.999999999291722	0.800033885332173	0.000193722816616342	2.80044602360646	0.999999999716689
11.55	6.05	0.999999999262232	0.800032894095395	0.000190810021137777	2.72044268434145	0.999999999704893
11.65	6.05	0.999999999350606	0.800031922619518	0.000187998250970244	2.64043944315338	0.999999999740242
11.75	6.05	0.999999999491389	0.80003096916592	0.000185285676865954	2.56043629815527	0.999999999796556
11.85	6.05	0.999999999640552	0.80003003217739	0.000182670503838323	2.48043324762605	0.999999999856221
11.95	6.05	0.999999999765359	0.800029110258917	0.000180150973973832	2.40043028999298	0.999999999906143
12.05	6.05	0.999999999837225	0.800028202160535	0.000177725368651269	2.32042742381611	0.99999999993489
12.15	6.05	0.999999999828342	0.800027306762081	0.000175392010360129	2.24042464777451	0.999999999931337
12.25	6.05	0.999999999713219	0.800026423059463	0.000173149264140228	2.16042196065404	0.999999999885288
12.35	6.05	0.999999999476502	0.800025550152405	0.000170995538681056	2.08041936133624	0.999999999790601
12.45	6.05	0.999999999128133	0.800024687233173	0.000168929286993869	2.00041684878798	0.999999999651253
12.55	6.05	0.99999999872565	0.800023833576225	0.000166949006756341	1.92041442205171	0.99999999949026
12.65	6.05	0.99999999840075	0.800022988528441	0.000165053240187232	1.84041208023575	0.9999999993603
12.75	6.05	0.999999998382863	0.800022151499662	0.000163240573567528	1.76040982250472	0.999999999353145
12.85	6.05	0.999999999006417	0.80002132195345	0.000161509636522039	1.68040764807029	0.999999999602567
12.95	6.05	1.00000000068156	0.800020499398049	0.000159859101334482	1.60040555618298	1.00000000027262
13.05	6.05	1.00000000380246	0.800019683377885	0.000158287682963991	1.52040354612655	1.00000000152098
13.15	6.05	1.00000000856653	0.80001887346638	0.000156794140540245	1.44040161721739	1.00000000342661
13.25	6.05	1.00000001468763	0.800018069261419	0.000155377281566332	1.36039976881196	1.00000000587505
13.35	6.05	1.00000002101322	0.800017270385337	0.000154035970029752	1.28039800032538	1.00000000840529
13.45	6.05	1.00000002510656	0.800016476491591	0.00015276913922253	1.20039631126341	1.00000001004262
13.55	6.05	1.00000002293356	0.80001568727995	0.000151575809090631	1.12039470126643	1.00000000917342
13.65	6.05	1.00000000889615	0.800014902520537	0.000150455105631442	1.04039317015841	1.00000000355846
13.75	6.05	0.999999976560521	0.800014122083867	0.000149406276471907	0.960391717984017	0.999999990624209
13.85	6.05	0.999999920499541	0.800013345968609	0.000148428692201587	0.880390345004877	0.999999968199816
13.95	6.05	0.999999839636138	0.800012574311315	0.000147521818085582	0.800389051613245	0.999999935854455
14.05	6.05	0.999999742243053	0.800011807353595	0.000146685137211244	0.720387838112376	0.999999896897221
14.15	6.05	0.999999652214856	0.800011045334701	0.000145918006928649	0.640386704316729	0.999999860885943
14.25	6.05	0.999999615284625	0.800010288275744	0.000145219439947528	0.560385648952427	0.99999984611385
14.35	6.05	0.999999702488127	0.800009535632507	0.000144587824756585	0.480384668902754	0.999999880995251
14.45	6.05	1.00000000651741	0.800008785825754	0.000144020641887839	0.400383758456337	1.00000000260696
14.55	6.05	1.00000062505435	0.800008035719541	0.000143514294656643	0.320382908879967	1.00000025002174
14.65	6.05	1.00000162450874	0.800007280214459	0.000143064249961517	0.240382108837792	1.0000006498035
14.75	6.05	1.00000297901958	0.80000651204278	0.00014266575925611	0.160381346366272	1.00000119160783
14.85	6.05	1.00000448470816	0.800005114611628	0.000142315491833114	0.080380613238385	1.00000179388327
14.95	6.05	1.00000565969825	0.400006638201383	0.000142060876828345	0.000380034187318408	1.0000022638793
0.05	6.15	-4.68320016113068e-06	0.400003542457108	-0.000657879264587762	10.4572154172105	0.599998126719936
0.15	6.15	-5.32367004635067e-06	0.800010973285256	-0.00065817542296026	10.4092151419756	0.599997870531981
0.25	6.15	-5.82980597989462e-06	0.80001851214016	-0.000658760759229946	10.3612144411246	0.599997668077608
0.35	6.15	-5.44153137680157e-06	0.800026186507316	-0.000659618028411865	10.3132132936164	0.599997823387449
0.45	6.15	-3.35085643693293e-06	0.80003407668063	-0.000660726863343454	10.2652116469871	0.599998659657425
0.55	6.15	1.2622601041839e-06	0.800042234486583	-0.000662064740698437	10.2172094188451	0.600000504904042
0.65	6.15	9.15080107726483e-06	0.800050719465691	-0.000663609693651331	10.1692064980187	0.600003660320431
0.75	6.15	2.10751113243287e-05	0.800059422814744	-0.000665338757767578	10.1212027467723	0.60000843004453
0.85	6.15	3.65461406448157e-05	0.800068442964128	-0.000667181419710635	10.0731980183177	0.600014618456258
0.95	6.15	5.37699095349737e-05	0.800077902352788	-0.000669047413575035	10.0251921944	0.600021507963814
1.05	6.15	6.94987150839926e-05	0.800087770524692	-0.000670920398826883	9.97718522835498	0.600027799486034
1.15	6.15	7.778875751736e-05	0.800098385888056	-0.000672786727813979	9.92917721345272	0.600031115503007
1.25	6.15	7.1684823472769e-05	0.800110049599515	-0.000674588053621182	9.88116844286956	0.600028673929389
1.35	6.15	4.4390703590171e-05	0.800123177030047	-0.000676269407212658	9.83315941894729	0.600017756281436
1.45	6.15	-9.18263924321784e-06	0.800138295169948	-0.000677776312320237	9.78515082008224	0.599996326944303
1.55	6.15	-9.03749855672877e-05	0.800155998340047	-0.000679046485154351	9.73714341120855	0.599963850005773
1.65	6.15	-0.000194461967662035	0.800176882897991	-0.000680001580094744	9.6891378852919	0.599922215212935
1.75	6.15	-0.000308459846898784	0.80020146443696	-0.00068053761068148	9.64113463345436	0.59987661606124
1.85	6.15	-0.000409563747682749	0.800230069169972	-0.00068050762751043	9.59313345582937	0.599836174500927
1.95	6.15	-0.000465018468507497	0.80026258323798	-0.000679679771840743	9.54513324463257	0.599813992612597
2.05	6.15	-0.000435853684166714	0.800298662738759	-0.000677687331472273	9.49713171664407	0.599825658526333
2.15	6.15	-0.000283731218541932	0.80033913213018	-0.00067444450526841	9.44912530999858	0.599886507512583
2.25	6.15	3.10345614369303e-05	0.800383449656685	-0.000670278561368866	9.40110918712142	0.600012413824575
2.35	6.15	0.000546113350432439	0.800435999482883	-0.000664364392612502	9.35307730870515	0.600218445340173
2.45	6.15	0.00133193701838413	0.800495119648742	-0.00065553519499105	9.30502189670202	0.600532774807354
2.55	6.15	0.00247372019615483	0.8005616639122	-0.000643508328383779	9.25693259743405	0.600989488078462
2.65	6.15	0.00406928550380907	0.800636556126259	-0.000627930789777049	9.20879606759333	0.601627714201524
2.75	6.15	0.0062302671610556	0.800720616583087	-0.000608324194508522	9.16059556899743	0.602492106864422
2.85	6.15	0.0090843898097315	0.800814649457929	-0.000584137764163502	9.11231049712307	0.603633755923893
2.95	6.15	0.0127785976660101	0.800919526047119	-0.000554809838605023	9.06391581784742	0.605111439066404
3.05	6.15	0.0174833690242677	0.801036233196147	-0.000519834567755278	9.01538138349805	0.606993347609707
3.15	6.15	0.0233986876331299	0.801165888551916	-0.000478843742948498	8.96667108466115	0.609359475053252
3.25	6.15	0.0307621461011993	0.801309712385619	-0.000431712761122546	8.91774177819576	0.61230485844048
3.35	6.15	0.0398595333983369	0.801468923644843	-0.000378696569529237	8.8685419184032	0.615943813359335
3.45	6.15	0.0510378947887428	0.801644499685694	-0.000320595994645937	8.81900981290596	0.620415157915497
3.55	6.15	0.0647202425592893	0.80183670698737	-0.000258944586391979	8.76907143835383	0.625888097023716
3.65	6.15	0.0814195485611386	0.802044286237672	-0.000196187945761516	8.71863780248648	0.632567819424455
3.75	6.15	0.101747046752008	0.80226319339603	-0.000135799325248588	8.66760195700918	0.640698818700803
3.85	6.15	0.126406077146144	0.802484925396557	-8.22393921828749e-05	8.61583598611546	0.650562430858458
3.95	6.15	0.156158235838918	0.802694786285268	-4.06374836713133e-05	8.56318864792502	0.662463294335567
4.05	6.15	0.191745470873649	0.80287102012447	-1.60771964385822e-05	8.50948481928128	0.676698188349459
4.15	6.15	0.233754336871752	0.802986360999187	-1.2457158447131e-05	8.45452837460882	0.693501734748701
4.25	6.15	0.282423230050389	0.803013576504351	-3.11019008326496e-05	8.39811033203984	0.712969292020156
4.35	6.15	0.33742443288985	0.802935024137931	-6.95754445812148e-05	8.34002356998954	0.73496977315594
4.45	6.15	0.39769368259024	0.802752861683941	-0.00012132863930677	8.28008373711381	0.759077473036096
4.55	6.15	0.461405069367858	0.802493489649204	-0.000176650861193005	8.21815324680667	0.784562027747143
4.65	6.15	0.526162014360618	0.80220108607697	-0.00022482688632411	8.15416255275234	0.810464805744247
4.75	6.15	0.589384396448003	0.801921998980841	-0.000256724932283921	8.08812209684037	0.835753758579201
4.85	6.15	0.648764923926872	0.801688867894984	-0.000266773020555374	8.02012068729366	0.859505969570749
4.95	6.15	0.702626012519891	0.80151334044933	-0.000253644531239846	7.95031082276632	0.881050405007957
5.05	6.15	0.750067460477975	0.801389224551403	-0.000219668945868386	7.8788859560914	0.90002698419119
5.15	6.15	0.790905345604611	0.801301208683164	-0.000169503676973043	7.80605643679993	0.916362138241844
5.25	6.15	0.825483315629186	0.801233112686378	-0.00010870144513901	7.73202953769942	0.930193326251675
5.35	6.15	0.85445270752347	0.801172586287384	-4.25960416795594e-05	7.65699609734376	0.941781083009388
5.45	6.15	0.878587116766375	0.801112323661846	2.43524004724095e-05	7.5811236998662	0.95143484670655
5.55	6.15	0.898656518993862	0.801049247763587	8.88067732301857e-05	7.50455486052084	0.959462607597545
5.65	6.15	0.915357909465385	0.800983041999137	0.000148529220613222	7.42740833918472	0.966143163786154
5.75	6.15	0.929287425666824	0.80091481523995	0.000202214513112463	7.34978200177202	0.97171497026673
5.85	6.15	0.940937799772321	0.800846171738136	0.000249275239129168	7.27175615531348	0.976375119908928
5.95	6.15	0.95070861036624	0.800778676771573	0.00028963435664496	7.19339674567051	0.980283444146496
6.05	6.15	0.958921259636837	0.80071361011547	0.000323550736538844	7.11475813873745	0.983568503854735
6.15	6.15	0.965834213548593	0.800651894777145	0.000351484704141699	7.03588540743074	0.986333685419437
6.25	6.15	0.971656449633292	0.800594116645203	0.000374000911833957	6.95681615116543	0.988662579853317
6.35	6.15	0.97655845350935	0.800540581885944	0.000391701977993	6.87758191771302	0.99062338140374
6.45	6.15	0.980680812281817	0.800491382788851	0.000405185616367438	6.79820930675475	0.992272324912727
6.55	6.15	0.984140747912014	0.800446458143301	0.000415018750590015	6.71872082783087	0.993656299164805
6.65	6.15	0.987037008772009	0.800405643010106	0.00042172338180136	6.63913557289877	0.994814803508804
6.75	6.15	0.989453510164153	0.800368707215845	0.000425770268948492	6.55946975052219	0.995781404065661
6.85	6.15	0.991462049178303	0.800335383841455	0.000427577586296438	6.47973711706476	0.996584819671321
6.95	6.15	0.993124347906881	0.800305389585174	0.000427512590788371	6.39994933084733	0.997249739162752
7.05	6.15	0.994493615438563	0.800278438858901	0.000425894976624788	6.32011624801068	0.997797446175425
7.15	6.15	0.995615767466344	0.800254253208684	0.000423001054819398	6.24024617347873	0.998246306986538
7.25	6.15	0.996530402685586	0.800232567325299	0.000419068214643272	6.1603460765505	0.998612161074234
7.35	6.15	0.997271605668492	0.800213132609992	0.000414299339954933	6.08042177790493	0.998908642267397
7.45	6.15	0.997868624462329	0.800195719014896	0.000408866994682611	6.00047811288329	0.999147449784932
7.55	6.15	0.998346455829402	0.800180115685651	0.000402917283074153	5.92051907459194	0.999338582331761
7.65	6.15	0.998726360243445	0.800166130790486	0.000396573346679217	5.84054793946954	0.999490544097378
7.75	6.15	0.999026321258774	0.800153590814715	0.000389938493487304	5.76056737736211	0.99961052850351
7.85	6.15	0.99926145876306	0.800142339521916	0.000383098973570693	5.6805795477528	0.999704583505224
7.95	6.15	0.999444402239007	0.800132236726539	0.000376126425546905	5.60058618353586	0.999777760895603
8.05	6.15	0.999585628000271	0.80012315698092	0.000369080021696518	5.52058866355693	0.999834251200108
8.15	6.15	0.999693763068442	0.800114988248464	0.000362008340772805	5.44058807503125	0.999877505227377
8.25	6.15	0.999775857651051	0.800107630612054	0.0003549509966008	5.36058526687461	0.99991034306042
8.35	6.15	0.999837627865615	0.800100995048988	0.000347940048661602	5.28058089492133	0.999935051146246
8.45	6.15	0.999883670283669	0.800095002291454	0.000341001218911863	5.20057545995086	0.999953468113468
8.55	6.15	0.999917649934083	0.800089581781466	0.000334154937089012	5.12056933939175	0.999967059973633
8.65	6.15	0.999942463529924	0.800084670723382	0.00032741723450487	5.0405628135167	0.99997698541197
8.75	6.15	0.999960379815746	0.800080213231514	0.000320800504712224	4.96055608688347	0.999984151926299
8.85	6.15	0.999973159039431	0.800076159568073	0.000314314147774057	4.88054930571366	0.999989263615773
8.95	6.15	0.999982153616239	0.800072465464596	0.000307965112905766	4.80054257183656	0.999992861446496
9.05	6.15	0.999988392065185	0.800069091519038	0.000301758353392764	4.72053595375875	0.999995356826074
9.15	6.15	0.999992648259643	0.800066002660912	0.000295697205679477	4.64052949535483	0.999997059303857
9.25	6.15	0.999995497950551	0.800063167676729	0.000289783703762158	4.56052322261076	0.99999819918022
9.35	6.15	0.99999736440031	0.800060558788599	0.000284018838539463	4.48051714879112	0.999998945760124
9.45	6.15	0.999998554818075	0.800058151279776	0.0002784027705538	4.40051127834545	0.99999942192723
9.55	6.15	0.999999289122448	0.80005592316134	0.000272935003811877	4.32050560981812	0.999999715648979
9.65	6.15	0.999999722384712	0.800053854875123	0.000267614527019944	4.24050013798026	0.999999888953885
9.75	6.15	0.999999962132372	0.800051929028554	0.000262439927926576	4.16049485536237	0.999999984852949
9.85	6.15	1.00000008152518	0.800050130157877	0.000257409485555734	4.0804897533317	1.00000003261007
9.95	6.15	1.00000012925872	0.800048444516435	0.00025252124428785	4.00048482282888	1.00000005170349
10.05	6.15	1.00000013690706	0.800046859885466	0.000247773073245555	3.92048005485375	1.00000005476282
10.15	6.15	1.00000012428777	0.80004536540494	0.000243162713826569	3.84047544076979	1.00000004971511
10.25	6.15	1.00000010332095	0.800043951422446	0.000238687817634221	3.76047097248043	1.00000004132838
10.35	6.15	1.00000008075733	0.80004260935831	0.000234345976719283	3.68046664251671	1.00000003230293
10.45	6.15	1.00000006007047	0.800041331585339	0.000230134747723858	3.6004624440659	1.00000002402819
10.55	6.15	1.00000004274051	0.800040111321712	0.000226051671159029	3.52045837096219	1.0000000170962
10.65	6.15	1.00000002910313	0.800038942535726	0.000222094286765356	3.44045441765446	1.00000001164125
10.75	6.15	1.00000001889375	0.800037819861218	0.000218260145765771	3.36045057916175	1.0000000075575
10.85	6.15	1.00000001158245	0.800036738522498	0.000214546820704346	3.28044685102312	1.00000000463298
10.95	6.15	1.00000000656926	0.800035694267866	0.000210951913271188	3.20044322924667	1.0000000026277
11.05	6.15	1.00000000328874	0.800034683310769	0.000207473060550534	3.12043971026019	1.00000000131549
11.15	6.15	1.00000000125805	0.800033702277706	0.000204107940043515	3.04043629086527	1.00000000050322
11.25	6.15	1.00000000009154	0.800032748162218	0.000200854273576403	2.96043296819533	1.00000000003662
11.35	6.15	0.999999999496951	0.800031818284199	0.000197709830440565	2.88042973967792	0.99999999979878
11.45	6.15	0.999999999262632	0.800030910253894	0.000194672429826801	2.80042660300118	0.999999999705053
11.55	6.15	0.999999999241608	0.800030021940095	0.000191739942668693	2.72042355608416	0.999999999696643
11.65	6.15	0.999999999335451	0.800029151441959	0.000188910293073854	2.64042059705066	0.99999999973418
11.75	6.15	0.999999999479606	0.800028297064046	0.000186181459310325	2.5604177242062	0.999999999791842
11.85	6.15	0.999999999630855	0.800027457294198	0.00018355147459017	2.48041493601778	0.999999999852342
11.95	6.15	0.999999999757311	0.800026630783893	0.000181018427503764	2.40041223109613	0.999999999902925
12.05	6.15	0.999999999831349	0.800025816330745	0.000178580462287624	2.32040960817999	0.99999999993254
12.15	6.15	0.99999999982624	0.80002501286297	0.000176235778966861	2.24040706612234	0.999999999930496
12.25	6.15	0.999999999717573	0.800024219425454	0.000173982633266934	2.160404603878	0.999999999887029
12.35	6.15	0.999999999490766	0.800023435167239	0.000171819336408144	2.0804022204925	0.999999999796306
12.45	6.15	0.999999999155685	0.80002265933019	0.000169744254616187	2.00039991509182	0.999999999662274
12.55	6.15	0.999999998768147	0.800021891238528	0.000167755808468174	1.92039768687248	0.999999999507259
12.65	6.15	0.999999998455544	0.800021130288999	0.000165852471870902	1.84039553509202	0.999999999382218
12.75	6.15	0.999999998439531	0.80002037594146	0.000164032770785183	1.76039345905949	0.999999999375813
12.85	6.15	0.999999999042959	0.800019627709668	0.000162295281775811	1.68039145812625	0.999999999617184
12.95	6.15	1.0000000006615	0.800018885152351	0.00016063863072043	1.60038953167794	1.0000000002646
13.05	6.15	1.00000000367503	0.800018147864838	0.00015906149221685	1.52038767912887	1.00000000147001
13.15	6.15	1.00000000827315	0.800017415471971	0.000157562590569933	1.44038589992128	1.00000000330926
13.25	6.15	1.00000001417849	0.800016687623663	0.000156140703529337	1.36038419353238	1.0000000056714
13.35	6.15	1.00000002027772	0.800015963994785	0.000154794669944301	1.28038255949219	1.00000000811109
13.45	6.15	1.00000002421911	0.800015244291557	0.000153523402259524	1.2003809974142	1.00000000968764
13.55	6.15	1.00000002211161	0.800014528266155	0.000152325903490051	1.12037950703769	1.00000000884464
13.65	6.15	1.00000000855837	0.800013815739851	0.000151201286320346	1.04037808827475	1.00000000342335
13.75	6.15	0.999999977360437	0.800013106631877	0.000150148788361811	0.960376741245824	0.999999990944175
13.85	6.15	0.999999923294196	0.800012400986129	0.000149167773111949	0.880375466275875	0.999999969317679
13.95	6.15	0.999999845334017	0.800011698980388	0.000148257701161235	0.800374263810882	0.999999938133607
14.05	6.15	0.999999751468598	0.800011000894518	0.000147418052634587	0.720373134205898	0.999999900587439
14.15	6.15	0.999999664738937	0.8000103070068	0.000146648182651746	0.640372077339636	0.999999865895575
14.25	6.15	0.999999629217484	0.8000096173859	0.000145947101129735	0.560371092036848	0.999999851686994
14.35	6.15	0.999999713330146	0.800008931556445	0.000145313191674778	0.480370175341842	0.999999885332058
14.45	6.15	1.0000000063261	0.800008248046875	0.000144743926371354	0.400369321795145	1.00000000253044
14.55	6.15	1.00000060221119	0.800007563887671	0.000144235695577468	0.320368523023388	1.00000024088448
14.65	6.15	1.00000156482603	0.800006874220725	0.000143783949176393	0.240367768144604	1.00000062593041
14.75	6.15	1.00000286913696	0.800006172108339	0.000143383920525368	0.160367045671258	1.00000114765478
14.85	6.15	1.00000431875117	0.800004864695784	0.000143032266515456	0.0803663477112367	1.00000172750047
14.95	6.15	1.00000544979617	0.400006365809911	0.00014277661497335	0.000365794227127415	1.00000217991847
0.05	6.25	-4.67643415062947e-06	0.40000337815671	-0.000665010912603776	10.4572551091721	0.59999812942634
0.15	6.25	-5.30215082725618e-06	0.800010476990471	-0.000665366708525369	10.4092548534369	0.599997879139669
0.25	6.25	-5.77792869683409e-06	0.800017687952664	-0.000666074183640299	10.3612541912645	0.599997688828521
0.35	6.25	-5.34214898848028e-06	0.800025042792934	-0.000667118031977951	10.3132531006601	0.599997863140405
0.45	6.25	-3.1845818727647e-06	0.800032624858425	-0.000668479869929334	10.2652515280122	0.599998726167251
0.55	6.25	1.51874033945546e-06	0.800040490394285	-0.00067013572428974	10.217249389466	0.600000607496136
0.65	6.25	9.50965007060381e-06	0.800048694158801	-0.000672054902575021	10.1692465719208	0.600003803860028
0.75	6.25	2.13214333028192e-05	0.800057254023277	-0.000674228157285778	10.1212429374651	0.600008528573321
0.85	6.25	3.69075219922768e-05	0.80006607197107	-0.000676644182414495	10.0732383367142	0.600014763008797
0.95	6.25	5.42066991412187e-05	0.800075408328684	-0.000679259182721554	10.0252326464904	0.600021682679656
1.05	6.25	6.98761329971925e-05	0.800085253145609	-0.000682013549229773	9.97722581808998	0.600027950453199
1.15	6.25	7.7921014829947e-05	0.800095967489592	-0.000684884001946073	9.92921794348755	0.600031168405932
1.25	6.25	7.13428227640255e-05	0.800107880283263	-0.000687886147492658	9.8812093143644	0.600028537129106
1.35	6.25	4.32992401283208e-05	0.800121438251786	-0.00069102059901275	9.83320043120619	0.600017319696051
1.45	6.25	-1.13450909063441e-05	0.800137203013117	-0.000694271408748918	9.7851919701038	0.599995461963637
1.55	6.25	-9.39695175229956e-05	0.800155806273726	-0.000697602350483277	9.73718469294921	0.599962412192991
1.65	6.25	-0.000199876959683254	0.800177883715788	-0.000700947689996777	9.68917928845821	0.599920049216127
1.75	6.25	-0.000316102041931458	0.800203991817401	-0.000704204069562519	9.64117614175256	0.599873559183227
1.85	6.25	-0.000419888001395191	0.800234504707113	-0.000707239317818903	9.59317504500136	0.599832044799442
1.95	6.25	-0.000478634422723597	0.800269442080955	-0.000709948213599476	9.54517488176155	0.599808546230911
2.05	6.25	-0.000452990980367038	0.800308280214139	-0.000712251188552702	9.49717335472883	0.599818803607853
2.15	6.25	-0.000305727223158222	0.800352409394141	-0.000713815704051701	9.4491668905799	0.599877709110737
2.25	6.25	3.38206822395179e-06	0.800401121911329	-0.000713853029335327	9.40115064060496	0.60000135282729
2.35	6.25	0.000512271751218752	0.800458822744971	-0.000712321640642149	9.35311853922386	0.600204908700487
2.45	6.25	0.00129092425898792	0.800524099657572	-0.000709334179457692	9.30506277750664	0.600516369703595
2.55	6.25	0.00242412041724291	0.800598015915659	-0.000704208281869748	9.25697297380526	0.600969648166897
2.65	6.25	0.00400926203482002	0.800681741660288	-0.000696286104987326	9.20883575572791	0.601603704813928
2.75	6.25	0.00615751179630227	0.80077637682774	-0.000684947453624612	9.16063435317621	0.602463004718521
2.85	6.25	0.00899602723340511	0.80088303353177	-0.000669575155746121	9.11234812710444	0.603598410893362
2.95	6.25	0.012671052921996	0.801002916112534	-0.000649551511712772	9.06395200769249	0.605068421168798
3.05	6.25	0.0173522000011807	0.801137363525228	-0.000624286796011979	9.01541581292177	0.606940880000472
3.15	6.25	0.0232383837119602	0.801287852334551	-0.000593275010725769	8.96670340417807	0.609295353484784
3.25	6.25	0.0305658966725006	0.801455947107399	-0.000556176148363894	8.91777161963603	0.612226358669
3.35	6.25	0.0396189769801431	0.801643162879024	-0.000512926254435286	8.86856891270309	0.615847590792057
3.45	6.25	0.0507428735888375	0.80185067622386	-0.000463874743002898	8.81903361727085	0.620297149435535
3.55	6.25	0.064358612433123	0.802078789942826	-0.000409941559314491	8.76909177468768	0.625743444973249
3.65	6.25	0.0809771350226285	0.802326034210957	-0.000352773095127112	8.71865450795992	0.632390854009051
3.75	6.25	0.10120789683796	0.802587808742027	-0.000294853767373699	8.66761504520344	0.640483158735184
3.85	6.25	0.125753229170003	0.802854603423332	-0.000239501557887231	8.61584571267602	0.650301291668001
3.95	6.25	0.155375288422739	0.803110170710473	-0.000190650503162283	8.56319556776181	0.662150115369096
4.05	6.25	0.190819215764575	0.803330605613382	-0.000152324965426707	8.50948981390746	0.67632768630583
4.15	6.25	0.232678519730271	0.803485928172731	-0.000127776156196448	8.45453262144873	0.693071407892108
4.25	6.25	0.281203009490859	0.803545803139243	-0.000118408586459735	8.39811518885151	0.712481203796343
4.35	6.25	0.336080341150042	0.80348947019956	-0.000122842263678423	8.34003036484048	0.734432136460017
4.45	6.25	0.396263198516512	0.803316524089587	-0.000136602182266662	8.28009349080343	0.758505279406605
4.55	6.25	0.459939993705895	0.803051994875672	-0.000152810549352254	8.21816639950335	0.783975997482358
4.65	6.25	0.524721246134431	0.802740327208524	-0.000163817546294933	8.15417879261195	0.809888498453772
4.75	6.25	0.588024010840257	0.802429770168797	-0.00016317588832653	8.08814036738061	0.835209604336103
4.85	6.25	0.647529073306719	0.802156016798691	-0.000147145825688323	8.02013938194592	0.859011629322688
4.95	6.25	0.701541742697969	0.801934198906409	-0.000115196950668486	7.9503280974695	0.880616697079188
5.05	6.25	0.749144390257876	0.801761397553467	-6.95196824495127e-05	7.87890005230203	0.899657756103151
5.15	6.25	0.790138986987665	0.801624981296083	-1.39707269560485e-05	7.80606592493757	0.916055594795066
5.25	6.25	0.824859910988588	0.801510730818509	4.70461428215618e-05	7.73203344191272	0.929943964395435
5.35	6.25	0.853953822174323	0.801407575093835	0.000109433163678253	7.65699391103448	0.941581528869729
5.45	6.25	0.878193095455515	0.801308918380141	0.000169880403796377	7.58111532733649	0.951277238182206
5.55	6.25	0.898348652718446	0.801211956876631	0.000226026192246658	7.50454052344192	0.959339461087378
5.65	6.25	0.915119547773427	0.801116335669764	0.00027640605569471	7.4273884773051	0.966047819109371
5.75	6.25	0.929104374062972	0.801022920517819	0.000320295932596491	7.34975718499629	0.971641749625189
5.85	6.25	0.940798299156451	0.800932952363813	0.000357525006483411	7.27172701423472	0.976319319662581
5.95	6.25	0.95060310833108	0.800847575843586	0.000388301150914179	7.19336392127953	0.980241243332432
6.05	6.25	0.958842102833596	0.800767636550989	0.000413067735069754	7.11472224884148	0.983536841133439
6.15	6.25	0.965775331946139	0.800693638135654	0.000432395770909172	7.03584702621946	0.986310132778456
6.25	6.25	0.971613066652573	0.800625778636892	0.00044690796913606	6.95677579840705	0.988645226661029
6.35	6.25	0.976526834984962	0.800564016237596	0.000457228509075414	6.87754005460331	0.990610733993985
6.45	6.25	0.980658056263829	0.800508137865629	0.000463952068383271	6.79816633610998	0.992263222505532
6.55	6.25	0.984124612250779	0.800457818793143	0.000467626510194991	6.71867709693678	0.993649844900311
6.65	6.25	0.987025771522928	0.800412669582285	0.000468744812112705	6.63909137783675	0.994810308609171
6.75	6.25	0.989445857523793	0.800372270720174	0.000467742964283817	6.55942534118162	0.995778343009517
6.85	6.25	0.991456986048478	0.800336196874779	0.000465001519242033	6.47969270233208	0.996582794419391
6.95	6.25	0.993121126829687	0.800304033058656	0.000460849212006056	6.39990508365914	0.997248450731875
7.05	6.25	0.994491680335114	0.8002753847913	0.00045556760855873	6.32007231009218	0.997796672134045
7.15	6.25	0.995614709249667	0.80024988396725	0.000449396121413232	6.24020265967625	0.998245883699867
7.25	6.25	0.996529924369535	0.800227191738723	0.000442536990853708	6.16030307872367	0.998611969747814
7.35	6.25	0.997271495054593	0.800206999377231	0.000435160003940179	6.08037936837798	0.998908598021837
7.45	6.25	0.997868732862552	0.80018902780684	0.000427406834577081	6.00043634747538	0.999147493145021
7.55	6.25	0.998346681586896	0.800173026298503	0.000419394958034602	5.92047799525696	0.999338672634758
7.65	6.25	0.998726636057504	0.800158770666775	0.000411221134466837	5.84050757658076	0.999490654423002
7.75	6.25	0.999026604516225	0.800146061204782	0.000402964480048157	5.76052775167805	0.99961064180649
7.85	6.25	0.999261724235394	0.800134720518699	0.000394689155446703	5.68054067210003	0.999704689694158
7.95	6.25	0.999444636630949	0.800124591370072	0.000386446706630481	5.60054806424216	0.99977785465238
8.05	6.25	0.999585825937383	0.800115534597304	0.00037827809355275	5.52055130166581	0.999834330374953
8.15	6.25	0.99969392419384	0.800107427160516	0.000370215440967326	5.44055146732604	0.999877569677536
8.25	6.25	0.999775984568299	0.800100160335431	0.000362283542941886	5.36054940673736	0.999910393827319
8.35	6.25	0.999837724719288	0.800093638067954	0.000354501150020151	5.28054577304938	0.999935089887715
8.45	6.25	0.99988374181347	0.800087775491683	0.000346882065247361	5.20054106495121	0.999953496725388
8.55	6.25	0.999917700874374	0.800082497603973	0.000339436072294952	5.12053565827113	0.99996708034975
8.65	6.25	0.999942498255792	0.800077738091571	0.000332169717252277	5.04052983208314	0.999976999302317
8.75	6.25	0.99996040216024	0.800073438294589	0.000325086962594621	4.96052379007316	0.999984160864096
8.85	6.25	0.999973172225429	0.800069546295641	0.000318189730886921	4.88051767785514	0.999989268890172
8.95	6.25	0.999982160261337	0.800066016121203	0.000311478353284046	4.80051159686266	0.999992864104535
9.05	6.25	0.999988394229663	0.800062807042047	0.000304951936635594	4.72050561537528	0.999995357691865
9.15	6.25	0.99999264751658	0.80005988296059	0.000298608661563855	4.64049977717368	0.999997059006632
9.25	6.25	0.999995495463991	0.800057211873986	0.000292446022202132	4.5604941082539	0.999998198185596
9.35	6.25	0.999997361002465	0.800054765402939	0.00028646101726573	4.48048862197097	0.999998944400986
9.45	6.25	0.999998551080231	0.800052518377415	0.000280650300791244	4.4004833229263	0.999999420432092
9.55	6.25	0.999999285416845	0.800050448471759	0.000275010299643325	4.32047820986227	0.999999714166738
9.65	6.25	0.999999718936418	0.80004853588245	0.000269537304233365	4.24047327778207	0.999999887574567
9.75	6.25	0.999999959061303	0.80004676304312	0.000264227537386244	4.16046851947277	0.999999983624521
9.85	6.25	1.00000007887909	0.800045114372056	0.0002590772059983	4.08046392657524	1.00000003155164
9.95	6.25	1.00000012703834	0.800043576048183	0.000254082539101755	4.00045949031494	1.00000005081533
10.05	6.25	1.00000013508458	0.800042135812115	0.000249239815276589	3.92045520198322	1.00000005403383
10.15	6.25	1.00000012282012	0.800040782789397	0.000244545381884636	3.84045105323839	1.00000004912805
10.25	6.25	1.0000001021588	0.800039507333449	0.000239995668189189	3.76044703627924	1.00000004086352
10.35	6.25	1.000000079851	0.800038300886045	0.000235587193762093	3.68044314393087	1.0000000319404
10.45	6.25	1.00000005937345	0.800037155853423	0.000231316573521569	3.60043936967169	1.00000002374938
10.55	6.25	1.00000004221137	0.800036065496329	0.000227180520266371	3.520435707623	1.00000001688455
10.65	6.25	1.00000002870631	0.800035023832604	0.000223175845488544	3.44043215251601	1.00000001148253
10.75	6.25	1.00000001859958	0.800034025550866	0.000219299458943006	3.36042869964662	1.00000000743983
10.85	6.25	1.00000001136678	0.800033065934076	0.000215548367425199	3.28042534482485	1.00000000454671
10.95	6.25	1.00000000641281	0.80003214079205	0.000211919673055265	3.20042208432357	1.00000000256512
11.05	6.25	1.0000000031764	0.80003124640176	0.000208410571181008	3.12041891482894	1.00000000127056
11.15	6.25	1.00000000117816	0.80003037945459	0.000205018348162406	3.04041583339435	1.00000000047126
11.25	6.25	1.00000000003521	0.800029537009869	0.000201740379082118	2.96041283739837	1.00000000001408
11.35	6.25	0.999999999457442	0.800028716453663	0.000198574125428869	2.88040992450704	0.999999999782977
11.45	6.25	0.999999999234886	0.800027915462567	0.000195517132820586	2.80040709264026	0.999999999693954
11.55	6.25	0.999999999221837	0.80002713197157	0.00019256702879675	2.7204043399422	0.999999999688735
11.65	6.25	0.999999999320855	0.8000263641457	0.000189721520684874	2.6404016647551	0.999999999728342
11.75	6.25	0.999999999468201	0.800025610354887	0.00018697839356187	2.56039906559636	0.99999999978728
11.85	6.25	0.999999999621425	0.800024869151722	0.000184335508309616	2.48039654113831	0.99999999984857
11.95	6.25	0.999999999749456	0.800024139251716	0.000181790799757812	2.40039409019055	0.999999999899782
12.05	6.25	0.999999999825615	0.800023419515723	0.000179342274974523	2.3203917116843	0.999999999930246
12.15	6.25	0.99999999982425	0.800022708934362	0.000176988011586491	2.24038940465868	0.9999999999297
12.25	6.25	0.999999999722028	0.800022006614062	0.000174726156195636	2.16038716824846	0.999999999888811
12.35	6.25	0.99999999950514	0.800021311764547	0.00017255492278184	2.08038500167296	0.999999999802056
12.45	6.25	0.999999999183372	0.800020623687507	0.000170472591116479	2.00038290422587	0.999999999673349
12.55	6.25	0.999999998810818	0.800019941766181	0.000168477504989726	1.92038087526557	0.999999999524327
12.65	6.25	0.999999998510539	0.800019265455601	0.000166568070296851	1.84037891420563	0.999999999404216
12.75	6.25	0.999999998496388	0.800018594273275	0.000164742752951334	1.76037702050555	0.999999999398555
12.85	6.25	0.999999999079583	0.800017927790117	0.000163000076700471	1.68037519366173	0.999999999631833
12.95	6.25	1.00000000064126	0.800017265621685	0.000161338621174904	1.60037343319955	1.0000000002565
13.05	6.25	1.00000000354696	0.800016607419981	0.000159757020690977	1.52037173866792	1.00000000141878
13.15	6.25	1.00000000797841	0.800015952866555	0.00015825396472027	1.44037010963842	1.00000000319136
13.25	6.25	1.00000001366709	0.800015301668121	0.000156828201136048	1.36036854571202	1.00000000546684
13.35	6.25	1.00000001953905	0.800014653556433	0.000155478543455609	1.28036704653615	1.00000000781562
13.45	6.25	1.000000023328	0.8000140082944	0.000154203882922299	1.20036561183417	1.0000000093312
13.55	6.25	1.00000002128653	0.800013365690118	0.000153003205168441	1.12036424144597	1.00000000851461
13.65	6.25	1.00000000821991	0.800012725619113	0.000151875608982534	1.04036293537312	1.00000000328796
13.75	6.25	0.999999978165046	0.800012088052089	0.000150820321252868	0.960361693812894	0.999999991266018
13.85	6.25	0.999999926102626	0.800011453080524	0.000149836697565401	0.880360517154357	0.99999997044105
13.95	6.25	0.999999851058575	0.800010820925417	0.000148924192937665	0.800359405897725	0.99999994042343
14.05	6.25	0.99999976073617	0.800010191906551	0.000148082283611221	0.720358360450205	0.999999904294468
14.15	6.25	0.999999677319012	0.800009566342574	0.000147310321615556	0.640357380755039	0.999999870927605
14.25	6.25	0.999999643211724	0.800008944350792	0.000146607313417241	0.560356465735937	0.99999985728469
14.35	6.25	0.999999724219312	0.800008325525565	0.000145971637460189	0.480355612598755	0.999999889687725
14.45	6.25	1.00000000613382	0.800007708503817	0.000145400757626489	0.400354816136774	1.00000000245353
14.55	6.25	1.00000057927026	0.800007090483254	0.000144891052222058	0.320354068337741	1.0000002317081
14.65	6.25	1.00000150489022	0.800006466847982	0.000144437955630762	0.240353358775213	1.00000060195609
14.75	6.25	1.00000275879195	0.800005830991375	0.000144036684887227	0.160352676439386	1.00000110351678
14.85	6.25	1.0000041521003	0.80000461388879	0.000143683885698701	0.0803520137741963	1.00000166084012
14.95	6.25	1.00000523902032	0.400006092383282	0.000143427359398985	0.000351485952904274	1.00000209560813
0.05	6.35	-4.66512154317842e-06	0.40000318211771	-0.000671777040306454	10.4572952190297	0.599998133951383
0.15	6.35	-5.27450852059816e-06	0.80000988428298	-0.000672194542665785	10.4092949864571	0.599997890196592
0.25	6.35	-5.71616718048678e-06	0.800016700225009	-0.000673028482479983	10.3612943704779	0.599997713533128
0.35	6.35	-5.22477384208509e-06	0.800023664057978	-0.000674265560104189	10.3132933482549	0.599997910090463
0.45	6.35	-2.98434513748574e-06	0.8000308604465	-0.000675890304090717	10.2652918651617	0.599998806261945
0.55	6.35	1.83461998940779e-06	0.800038348504075	-0.000677882928888281	10.2172898359751	0.600000733847996
0.65	6.35	9.95961935910526e-06	0.800046186760535	-0.000680221774510656	10.1692871458812	0.600003983847744
0.75	6.35	2.18164759693968e-05	0.800054425795556	-0.000682901618958141	10.1212836560656	0.600008726590388
0.85	6.35	3.71402930319023e-05	0.800063080199851	-0.000685951823590263	10.0732792183835	0.600014856117213
0.95	6.35	5.41763262113835e-05	0.800072301289439	-0.000689361053902066	10.0252737092156	0.600021670530484
1.05	6.35	6.98775996765215e-05	0.80008193285248	-0.000693064931503597	9.97726707456358	0.600027951039871
1.15	6.35	7.76638299139185e-05	0.800092579280521	-0.000697068637036355	9.92925940457483	0.600031065531966
1.25	6.35	7.04710421066448e-05	0.80010457632948	-0.000701435356257202	9.88125099390843	0.600028188416843
1.35	6.35	4.14646169612659e-05	0.80011839068915	-0.000706213229688137	9.83324234459073	0.600016585846785
1.45	6.35	-1.44863523678104e-05	0.800134606168152	-0.000711426652758223	9.78523413280207	0.599994205459053
1.55	6.35	-9.87528618117781e-05	0.800153879142389	-0.00071706946578587	9.73722711903048	0.599960498855275
1.65	6.35	-0.000206621500833487	0.800176872393713	-0.000723094491882544	9.68922198859402	0.599917351399667
1.75	6.35	-0.000325131622326694	0.800204171820708	-0.000729410510589919	9.64121912092594	0.599869947351069
1.85	6.35	-0.000431647810431216	0.800236186477203	-0.000735909807677767	9.59321830158575	0.599827340875827
1.95	6.35	-0.000493929729807508	0.800273016324515	-0.000742549256979285	9.54521841203301	0.599802428108077
2.05	6.35	-0.000472673213826478	0.800314363560943	-0.000749377336492093	9.49721716177882	0.599810930714469
2.15	6.35	-0.000326742189427291	0.800360267096843	-0.000755946990845442	9.44921095123259	0.599869303124229
2.25	6.35	-1.5611497959465e-05	0.800409445056486	-0.000761187805328127	9.40119485049103	0.599993755400816
2.35	6.35	0.000485930563079385	0.800472012790861	-0.000765483248464548	9.35316281731218	0.600194372225232
2.45	6.35	0.00125617953443958	0.800542727346803	-0.000769465994436703	9.30510709088251	0.600502471813776
2.55	6.35	0.00238074321408	0.800622986598112	-0.000772399751945888	9.25701723982342	0.600952297285632
2.65	6.35	0.00395657767222569	0.800714097438249	-0.000773504837517983	9.20887984608782	0.60158263106889
2.75	6.35	0.0060942282269169	0.80081739915979	-0.000772093172252546	9.16067810093799	0.602437691290767
2.85	6.35	0.00892023629775893	0.800934296286247	-0.000767514206335779	9.11239132886964	0.603568094519104
2.95	6.35	0.0125802009110357	0.80106631042354	-0.000759113087747526	9.06399442332197	0.605032080364414
3.05	6.35	0.0172430053145034	0.801215109315796	-0.000746225379598835	9.01545716539324	0.606897202125801
3.15	6.35	0.0231067114820679	0.801382498476979	-0.000728201472255889	8.96674338146931	0.609242684592827
3.25	6.35	0.0304066030334234	0.801570354482897	-0.000704454927235214	8.91780988020929	0.612162641213369
3.35	6.35	0.0394257380700254	0.801780460119969	-0.000674532845023625	8.86860509616424	0.61577029522801
3.45	6.35	0.0505080228825382	0.802014174835296	-0.000638207383891188	8.81906736183136	0.620203209153015
3.55	6.35	0.0640730274049866	0.802271843397788	-0.000595584789579015	8.76912274289991	0.625629210961995
3.65	6.35	0.080630243063983	0.802551825173984	-0.000547220898261768	8.71868242148809	0.632252097225593
3.75	6.35	0.100787912046447	0.802849051291924	-0.000494219216549307	8.66763972769831	0.640315164818579
3.85	6.35	0.125247781320249	0.803153155189556	-0.000438270091303528	8.61586713667384	0.650099112528099
3.95	6.35	0.154772643392676	0.803446565866585	-0.000381572538344047	8.56321389670912	0.66190905735707
4.05	6.35	0.190110266567521	0.803703546444013	-0.000326577678153467	8.50950542454331	0.676044106627009
4.15	6.35	0.231859572369989	0.803891812183164	-0.000275526414984462	8.45454608716338	0.692743828947996
4.25	6.35	0.280279022071978	0.803978411135331	-0.000229842323704594	8.3981272057841	0.712111608828791
4.35	6.35	0.335067720093192	0.80393998066655	-0.000189569286673354	8.34004161482862	0.734027088037277
4.45	6.35	0.395190771608444	0.803774008335987	-0.000153136887742543	8.28010446079971	0.758076308643377
4.55	6.35	0.4588468723139	0.803504434064326	-0.000117681965962139	8.21817720777142	0.78353874892556
4.65	6.35	0.523651347830696	0.803175979184686	-7.99078391892656e-05	8.15418908856022	0.809460539132278
4.75	6.35	0.587018696575633	0.80283851769794	-3.71518975208458e-05	8.08814935508798	0.834807478630253
4.85	6.35	0.646620503025192	0.802530312686803	1.18050208896256e-05	8.02014596833856	0.858648201210077
4.95	6.35	0.700749189049762	0.802269418966653	6.64985027346912e-05	7.95033111270458	0.880299675619905
5.05	6.35	0.748474150402634	0.802055666509178	0.000125101450398212	7.87889846595987	0.899389660161054
5.15	6.35	0.789586946687471	0.801878679716955	0.000185054185402294	7.80605899749485	0.915834778674988
5.25	6.35	0.824415180055716	0.801725890878719	0.000243707776182376	7.7320207887654	0.929766072022287
5.35	6.35	0.853602149992948	0.80158730212561	0.000298789774774001	7.65697549043544	0.941440859997179
5.45	6.35	0.877919425117835	0.801456904306232	0.000348639019177068	7.58109138035478	0.951167770047134
5.55	6.35	0.898138714119916	0.801332105659	0.000392248654016223	7.50451149453322	0.959255485647967
5.65	6.35	0.914960670799685	0.801212496697418	0.000429189817435708	7.42735493609386	0.965984268319874
5.75	6.35	0.92898577512418	0.801098714689958	0.000459482524887117	7.34971976041619	0.971594310049672
5.85	6.35	0.940711060197096	0.800991671663599	0.000483459188209548	7.27168634484564	0.976284424078838
5.95	6.35	0.950540002390718	0.800892137307554	0.000501645093938536	7.19332062117892	0.980216000956287
6.05	6.35	0.958797360898142	0.800800573859578	0.00051466494516757	7.11467688656249	0.983518944359257
6.15	6.35	0.965744403162769	0.800717117309208	0.000523175717265299	7.0358001134804	0.986297761265107
6.25	6.35	0.971592397137197	0.800641627674346	0.000527821970231967	6.95672778581911	0.988636958854879
6.35	6.35	0.976513675109331	0.800573761507476	0.000529208540722508	6.87749133198354	0.990605470043732
6.45	6.35	0.980650298268998	0.800513042454157	0.000527885787713805	6.79811723562922	0.992260119307599
6.55	6.35	0.98412065623541	0.800458919817863	0.000524343403309565	6.7186278978439	0.993648262494164
6.65	6.35	0.987024416355423	0.800410812763447	0.000519009751677718	6.63904231190546	0.994809766542169
6.75	6.35	0.989446212891555	0.800368141372845	0.000512254551325256	6.55937659832686	0.995778485156622
6.85	6.35	0.99145840206183	0.800330347047851	0.000504393397724617	6.47964443605658	0.996583360824732
6.95	6.35	0.993123138016114	0.800296904889095	0.000495693134677735	6.39985741613686	0.997249255206446
7.05	6.35	0.994493961330128	0.800267330335144	0.000486377447512702	6.32002533679209	0.997797584532051
7.15	6.35	0.995617039939499	0.800241181863763	0.000476632302833345	6.24015645349185	0.9982468159758
7.25	6.35	0.99653216263845	0.800218061095656	0.000466611028071459	6.16025769361125	0.99861286505538
7.35	6.35	0.997273555628086	0.800197611260641	0.000456438931069669	6.08033484252875	0.998909422251234
7.45	6.35	0.997870571019519	0.800179514693055	0.00044621742820967	6.00039270605785	0.999148228407807
7.55	6.35	0.998348280745394	0.80016348981002	0.000436027688028541	5.92043525277072	0.999339312298158
7.65	6.35	0.99872799842774	0.800149287874817	0.000425933819596532	5.84046573886379	0.999491199371096
7.75	6.35	0.999027744168153	0.800136689742305	0.000415985643977142	5.7604868176081	0.999611097667261
7.85	6.35	0.999262662053452	0.800125502711465	0.000406221091300143	5.68050063502808	0.999705064821381
7.95	6.35	0.999445396730403	0.800115557561248	0.000396668264462732	5.60050891319258	0.999778158692161
8.05	6.35	0.999586433200112	0.800106705811934	0.000387347208439032	5.52051302233463	0.999834573280045
8.15	6.35	0.999694402649618	0.800098817232083	0.000378271420232162	5.44051404290542	0.999877761059847
8.25	6.35	0.99977635640369	0.800091777595506	0.000369449131231193	5.36051281859118	0.999910542561476
8.35	6.35	0.999838009742294	0.800085486682144	0.000360884390182851	5.2805100012621	0.999935203896917
8.45	6.35	0.999883957239777	0.800079856510425	0.00035257797174631	5.20050608876944	0.999953582895911
8.55	6.35	0.999917861331968	0.800074809784246	0.000344528133298692	5.12050145645499	0.999967144532787
8.65	6.35	0.999942615929714	0.800070278535254	0.000336731239817216	5.04049638318239	0.999977046371886
8.75	6.35	0.999960487019493	0.800066202940678	0.000329182275083869	4.96049107264088	0.999984194807797
8.85	6.35	0.999973232290137	0.800062530296803	0.000321875255118309	4.88048567061028	0.999989292916055
8.95	6.35	0.999982201880898	0.800059214128763	0.000314803558489321	4.80048027881091	0.999992880752359
9.05	6.35	0.999988422352436	0.800056213419393	0.000307960186315879	4.72047496589642	0.999995368940974
9.15	6.35	0.999992665939019	0.800053491940666	0.000301337963501089	4.64046977608225	0.999997066375607
9.25	6.35	0.999995507052624	0.800051017673514	0.000294929691258206	4.56046473583889	0.99999820282105
9.35	6.35	0.999997367886019	0.80004876230353	0.000288728259825439	4.48045985901929	0.999998947154408
9.45	6.35	0.999998554811863	0.800046700781297	0.000282726728996587	4.40045515073383	0.999999421924745
9.55	6.35	0.999999287108184	0.800044810938581	0.000276918383123175	4.32045061023572	0.999999714843274
9.65	6.35	0.999999719366139	0.800043073151945	0.000271296765921829	4.24044623303401	0.999999887746455
9.75	6.35	0.999999958761414	0.800041470047406	0.000265855700112591	4.16044201241199	0.999999983504566
9.85	6.35	1.0000000782023	0.80003998624054	0.000260589295295005	4.08043794049377	1.00000003128092
9.95	6.35	1.00000012620966	0.800038608107263	0.000255491947492257	4.00043400897308	1.00000005048386
10.05	6.35	1.00000013424023	0.800037323581289	0.000250558332695819	3.92043020959333	1.00000005369609
10.15	6.35	1.00000012203621	0.800036121975181	0.000245783396471213	3.84042653444814	1.00000004881448
10.25	6.35	1.00000010147206	0.800034993821873	0.000241162341007057	3.76042297615484	1.00000004058882
10.35	6.35	1.00000007927351	0.800033930734456	0.000236690610906086	3.68041952794045	1.0000000317094
10.45	6.35	1.00000005890276	0.800032925282043	0.000232363878445731	3.60041618366924	1.0000000235611
10.55	6.35	1.00000004183728	0.800031970879934	0.000228178028938315	3.52041293783281	1.00000001673491
10.65	6.35	1.00000002841525	0.800031061692419	0.000224129146604788	3.44040978551779	1.0000000113661
10.75	6.35	1.00000001837727	0.800030192546908	0.000220213501232823	3.3604067223613	1.00000000735091
10.85	6.35	1.00000001119977	0.800029358858023	0.000216427535724124	3.2804037445011	1.00000000447991
10.95	6.35	1.00000000628923	0.800028556560534	0.000212767854617087	3.20040084852487	1.00000000251569
11.05	6.35	1.00000000308623	0.800027782050238	0.000209231213653916	3.12039803142142	1.00000000123449
11.15	6.35	1.00000000111321	0.800027032131698	0.000205814510257614	3.04039529053509	1.00000000044529
11.25	6.35	0.99999999998895	0.800026303972176	0.000202514774923332	2.96039262352431	0.99999999999558
11.35	6.35	0.999999999424735	0.800025595060984	0.000199329163475181	2.8803900283244	0.999999999769894
11.45	6.35	0.999999999211749	0.800024903173528	0.000196254950078014	2.8003875031144	0.9999999996847
11.55	6.35	0.999999999205204	0.800024226339618	0.000193289520907903	2.72038504628789	0.999999999682082
11.65	6.35	0.999999999308406	0.800023562815397	0.000190430368518525	2.64038265642725	0.999999999723362
11.75	6.35	0.999999999458275	0.800022911058513	0.000187675086686707	2.56038033228102	0.99999999978331
11.85	6.35	0.999999999613017	0.800022269706122	0.000185021365821482	2.48037807274406	0.999999999845207
11.95	6.35	0.999999999742311	0.800021637555374	0.000182466988798415	2.40037587684019	0.999999999896924
12.05	6.35	0.99999999982038	0.800021013546092	0.000180009827185414	2.32037374370677	0.999999999928152
12.15	6.35	0.999999999822619	0.800020396745342	0.000177647837834365	2.2403716725813	0.999999999929047
12.25	6.35	0.999999999726754	0.800019786333687	0.000175379059742876	2.16036966278931	0.999999999890702
12.35	6.35	0.999999999519739	0.800019181592856	0.000173201611127984	2.08036771373361	0.999999999807896
12.45	6.35	0.999999999211272	0.800018581894563	0.000171113686614973	2.00036582488425	0.999999999684509
12.55	6.35	0.999999998853707	0.800017986690279	0.000169113554438205	1.92036399576905	0.999999999541483
12.65	6.35	0.999999998565757	0.800017395501671	0.000167199553619895	1.84036222596441	0.999999999426303
12.75	6.35	0.999999998553431	0.800016807911453	0.000165370091027841	1.76036051508625	0.999999999421372
12.85	6.35	0.999999999116275	0.800016223554569	0.000163623638475284	1.68035886278125	0.99999999964651
12.95	6.35	1.00000000062083	0.80001564210964	0.000161958730089246	1.60035726871914	1.00000000024833
13.05	6.35	1.00000000341824	0.800015063291026	0.000160373960535469	1.52035573258744	1.00000000136729
13.15	6.35	1.00000000768236	0.800014486842116	0.00015886798494334	1.44035425409054	1.00000000307294
13.25	6.35	1.00000001315355	0.800013912531115	0.000157439521667222	1.36035283295615	1.00000000526142
13.35	6.35	1.00000001879743	0.800013340150873	0.000156087359089823	1.28035146895166	1.00000000751897
13.45	6.35	1.00000002243347	0.800012769524796	0.000154810367337262	1.2003501619124	1.00000000897339
13.55	6.35	1.00000002045851	0.800012200520295	0.000153607514586847	1.12034891178063	1.00000000818341
13.65	6.35	1.0000000078807	0.800011633070179	0.000152477885516408	1.04034771864882	1.00000000315228
13.75	6.35	0.999999978973696	0.800011067199265	0.000151420695949089	0.960346582792166	0.999999991589478
13.85	6.35	0.999999928923199	0.800010503048898	0.000150435293078396	0.880345504664649	0.999999971569279
13.95	6.35	0.999999856806762	0.800009940885257	0.000149521125777631	0.800344484821321	0.999999942722705
14.05	6.35	0.999999770040993	0.800009381069658	0.000148677665788171	0.720343523721971	0.999999908016397
14.15	6.35	0.99999968994869	0.800008823962448	0.000147904261494013	0.64034262137472	0.999999875979476
14.25	6.35	0.999999657260284	0.800008269730667	0.00014719991553392	0.560341776802612	0.999999862904113
14.35	6.35	0.999999735150141	0.800007718039328	0.000146563001147588	0.480340987373592	0.999999894060057
14.45	6.35	1.00000000594067	0.800007167634654	0.000145990974506443	0.400340248134513	1.00000000237627
14.55	6.35	1.00000055624309	0.800006615882407	0.00014548020296902	0.320339551435412	1.00000022249724
14.65	6.35	1.00000144473155	0.800006058409799	0.000145026107109916	0.240338887306853	1.00000057789262
14.75	6.35	1.00000264804035	0.800005488942283	0.000144623889562561	0.160338245218297	1.00000105921614
14.85	6.35	1.00000398483997	0.800004362364953	0.000144270186175927	0.0803376179507489	1.00000159393599
14.95	6.35	1.00000502747765	0.400005818078464	0.000144012946652198	0.000337115871938492	1.00000201099106
0.05	6.45	-4.64980274110158e-06	0.400002953825639	-0.000678113294360758	10.4573357229318	0.599998140078904
0.15	6.45	-5.24226569252793e-06	0.800009194080154	-0.000678593361885242	10.4093355172641	0.599997903093723
0.25	6.45	-5.64921928442971e-06	0.800015548265544	-0.000679555342196038	10.3613349551409	0.599997740312286
0.35	6.45	-5.10315430692234e-06	0.800022052273294	-0.000680988842723277	10.3133340130123	0.599997958738277
0.45	6.45	-2.78745151610449e-06	0.800028792493338	-0.000682883447513017	10.2653326354551	0.599998885019394
0.55	6.45	2.11954610042268e-06	0.800035832623235	-0.000685228457906774	10.2173307362857	0.60000084781844
0.65	6.45	1.03114245340547e-05	0.800043238763944	-0.000688018250206528	10.1693281998458	0.600004124569814
0.75	6.45	2.21300064332072e-05	0.800051080327644	-0.000691266683634129	10.1213248876229	0.600008852002573
0.85	6.45	3.72329048876443e-05	0.800059424183519	-0.000695014991151632	10.0733206537444	0.600014893161955
0.95	6.45	5.415001798122e-05	0.800068310407645	-0.000699239805767598	10.0253153735799	0.600021660007192
1.05	6.45	6.96690273573626e-05	0.800077645190682	-0.000703929956060428	9.97730899053352	0.600027867610943
1.15	6.45	7.70404877781275e-05	0.800088066473939	-0.000709164228787698	9.92930159683472	0.600030816195111
1.25	6.45	6.91333812889796e-05	0.800099931154089	-0.000715026070313688	9.88129349134397	0.600027653352516
1.35	6.45	3.91012113963921e-05	0.800113726269424	-0.000721598390344852	9.83328517992155	0.600015640484559
1.45	6.45	-1.8167855692561e-05	0.800130052852718	-0.000728944543470263	9.78527734126584	0.599992732857723
1.55	6.45	-0.000104003124881592	0.800149583036508	-0.000737092024179302	9.73727073641154	0.599958398750047
1.65	6.45	-0.000213641079884401	0.800172995365636	-0.000746018617287498	9.6892660486396	0.599914543568046
1.75	6.45	-0.000334100317778374	0.800200889503396	-0.00075565021921378	9.64126365284008	0.599866359872889
1.85	6.45	-0.000442808196249921	0.80023367981288	-0.000765886182749113	9.5932633295685	0.5998228767215
1.95	6.45	-0.000507627473132969	0.80027146777703	-0.000776651939243594	9.54526395913768	0.599796949010747
2.05	6.45	-0.000488886828341304	0.800313956314903	-0.000787889826917187	9.49726325248339	0.599804445268663
2.15	6.45	-0.000343647544258287	0.800360605665069	-0.000799310424280421	9.44925758527444	0.599862540982297
2.25	6.45	-3.24279503606699e-05	0.800410281456759	-0.000810656344121084	9.40124198301138	0.599987028819856
2.35	6.45	0.00046469791825668	0.80047527440824	-0.000822285892107961	9.3532104277969	0.600185879167303
2.45	6.45	0.00122908247941407	0.800549188544001	-0.000834324379412867	9.30515519158374	0.600491632991766
2.55	6.45	0.00234750967280299	0.800633415382482	-0.000846222839039586	9.25706580972262	0.600939003869121
2.65	6.45	0.00391699194022409	0.800729265841068	-0.000857330756334802	9.208928821985	0.60156679677609
2.75	6.45	0.00604778725966153	0.80083817087463	-0.000867023592896053	9.16072738162986	0.602419114903865
2.85	6.45	0.00886606550833922	0.80096170836377	-0.000874674882057474	9.11244077737611	0.603546426203336
2.95	6.45	0.0125170232549383	0.801101619591695	-0.000879616810013107	9.06404386610737	0.605006809301975
3.05	6.45	0.0171691027668665	0.801259813232585	-0.000881118110277633	9.01550639020825	0.606867641106747
3.15	6.45	0.0230198684575241	0.801438340446408	-0.000878379193558576	8.96679213533651	0.60920794738301
3.25	6.45	0.0303040366705821	0.801639312357746	-0.000870540791485243	8.91785786871553	0.612121614668233
3.35	6.45	0.0393040262464175	0.801864714242317	-0.000856704336103808	8.86865198505018	0.615721610498567
3.45	6.45	0.0503630466332354	0.802116046080278	-0.000835964441492419	8.81911278182148	0.620145218653294
3.55	6.45	0.0638999535041636	0.802393690116043	-0.000807455094576237	8.76916629864133	0.625559981401665
3.65	6.45	0.0804235863537412	0.802695887249384	-0.000770411229493751	8.71872370518578	0.632169434541496
3.75	6.45	0.100541735577054	0.803017231667601	-0.000724245865604822	8.66767833733785	0.640216694230822
3.85	6.45	0.124956111979156	0.803346735826183	-0.000668639328355692	8.61590269740734	0.649982444791662
3.95	6.45	0.154430190502845	0.803665868354245	-0.000603630892504331	8.56324608196717	0.661772076201138
4.05	6.45	0.18971350778888	0.803947569253471	-0.000529695397176426	8.5095339710421	0.675885403115552
4.15	6.45	0.231408179889489	0.80415790663453	-0.000447781423397534	8.45457079625591	0.692563271955795
4.25	6.45	0.279777412852669	0.804262090899116	-0.000359289597576811	8.3981479245027	0.711910965141068
4.35	6.45	0.334526250995489	0.804234978706171	-0.000265984887966815	8.34005819562463	0.733810500398196
4.45	6.45	0.394625902913057	0.804072672381792	-0.000169862742095686	8.28011670969142	0.757850361165223
4.55	6.45	0.458279734807061	0.803798462402583	-7.30098360432217e-05	8.21818484219171	0.783311893922824
4.65	6.45	0.523104724679321	0.803457359396896	2.25039876607751e-05	8.15419173008721	0.809241889871728
4.75	6.45	0.586513254050852	0.803100421422485	0.000114697385588609	8.08814657135904	0.834605301620341
4.85	6.45	0.646171591528895	0.80276770852532	0.000201739480044817	8.02013735573211	0.858468636611558
4.95	6.45	0.700365256131355	0.802479295356433	0.000282030115814032	7.95031639082254	0.880146102452542
5.05	6.45	0.748156968675524	0.802236910448743	0.000354297175861365	7.87887755040465	0.89926278747021
5.15	6.45	0.789333099057923	0.802031741926077	0.00041768086776719	7.80603203023699	0.915733239623169
5.25	6.45	0.824217987990341	0.801852369504964	0.000471771920988876	7.73198812479862	0.929687195196136
5.35	6.45	0.853453419265521	0.80168953696225	0.000516590629207568	7.65693765360389	0.941381367706209
5.45	6.45	0.87781072135651	0.801537630530027	0.000552517097339051	7.58104900566695	0.951124288542604
5.55	6.45	0.898062144122417	0.801394185326088	0.000580195546980736	7.50446527129822	0.959224857648967
5.65	6.45	0.914909273448069	0.80125872778151	0.000600435398922664	7.42730556039497	0.965963709379228
5.75	6.45	0.928953652364715	0.801131707769944	0.000614124662888337	7.34966790010896	0.971581460945886
5.85	6.45	0.94069335690387	0.801013780445086	0.000622162816956151	7.271632616756	0.976277342761548
5.95	6.45	0.950532810279592	0.800905428831558	0.000625414059359351	7.19326557844904	0.980213124111837
6.05	6.45	0.958797592483642	0.80080682589909	0.000624678282383204	7.11462101359912	0.983519036993457
6.15	6.45	0.965749661288812	0.80071783292424	0.000620675790622473	7.03574382613781	0.986299864515525
6.25	6.45	0.971600852870061	0.800638059446901	0.000614041794458695	6.95667143489586	0.988640341148024
6.35	6.45	0.976523959460335	0.800566940218849	0.000605327336288041	6.87743520860327	0.990609583784134
6.45	6.45	0.980661409273114	0.800503806754524	0.000595004103831646	6.79806157750723	0.992264563709246
6.55	6.45	0.984131880929688	0.80044794476711	0.000583471323777209	6.71857289578032	0.993652752371875
6.65	6.45	0.987035266300266	0.800398636059387	0.000571063525928488	6.63898811609481	0.994814106520106
6.75	6.45	0.989456371551884	0.800355186712159	0.000558058412021722	6.55932332424812	0.995782548620754
6.85	6.45	0.991467682333266	0.800316944466403	0.000544684376289129	6.47959216982449	0.996587072933306
6.95	6.45	0.993131448290824	0.800283308170698	0.000531127435142076	6.39980621927088	0.99725257931633
7.05	6.45	0.994501278666471	0.800253731711589	0.000517537459880904	6.31997525040557	0.997800511466588
7.15	6.45	0.995623389085876	0.800227724291686	0.000504033690769289	6.24010750193114	0.99824935563435
7.25	6.45	0.996537599842864	0.80020484841536	0.000490709559432024	6.16020988758851	0.998615039937146
7.35	6.45	0.997278156330545	0.80018471653448	0.000477636873019844	6.08028818179804	0.998911262532218
7.45	6.45	0.99787442067054	0.800166986999397	0.000464869424346046	6.0003471816851	0.999149768268216
7.55	6.45	0.998351468120171	0.800151359740696	0.000452446094325664	5.92039084904632	0.999340587248068
7.65	6.45	0.99873061091319	0.800137571953039	0.000440393510045197	5.84042243490289	0.999492244365276
7.75	6.45	0.999029864591291	0.800125393948496	0.000428728316106627	5.76044458868004	0.999611945836516
7.85	6.45	0.999264366696514	0.800114625276517	0.000417459110225339	5.68045945365164	0.999705746678605
7.95	6.45	0.999446754243114	0.800105091161734	0.000406588087323617	5.60046875003034	0.999778701697246
8.05	6.45	0.999587504174262	0.800096639279918	0.000396112430534152	5.52047384691539	0.999835001669705
8.15	6.45	0.999695239667349	0.800089136873195	0.000386025481749516	5.44047582420047	0.99987809586694
8.25	6.45	0.999777004409841	0.800082468192719	0.000376317720569339	5.36047552546719	0.999910801763936
8.35	6.45	0.999838506623846	0.800076532249065	0.000366977575987396	5.28047360283041	0.999935402649538
8.45	6.45	0.999884334522783	0.800071240846285	0.000357992092943991	5.20047055464919	0.999953733809113
8.55	6.45	0.999918144928934	0.80006651687313	0.000349347472892769	5.12046675696523	0.999967257971574
8.65	6.45	0.999942826888955	0.800062292824159	0.000341029505719084	5.04046248947624	0.999977130755582
8.75	6.45	0.999960642242914	0.800058509524209	0.000333023908554305	4.96045795679307	0.999984256897166
8.85	6.45	0.999973345197739	0.800055115030851	0.000325316585402266	4.88045330566769	0.999989338079096
8.95	6.45	0.999982283009495	0.800052063691029	0.000317893820232514	4.80044863881424	0.999992913203798
9.05	6.45	0.999988479882986	0.800049315330829	0.00031074241469988	4.72044402587985	0.999995391953195
9.15	6.45	0.999992706152013	0.800046834558861	0.000303849780568832	4.64043951205677	0.999997082460805
9.25	6.45	0.999995534714468	0.800044590166744	0.000297203995546107	4.56043512476389	0.999998213885787
9.35	6.45	0.999997386571609	0.80004255461183	0.00029079383030105	4.48043087876616	0.999998954628644
9.45	6.45	0.999998567169843	0.800040703569947	0.000284608753065365	4.40042678004457	0.999999426867937
9.55	6.45	0.999999295075967	0.800039015547327	0.000278638917659645	4.32042282867878	0.999999718030387
9.65	6.45	0.999999724341787	0.800037471542982	0.000272875139349681	4.2404190209592	0.999999889736715
9.75	6.45	0.999999961739201	0.800036054753951	0.000267308862452028	4.1604153509057	0.99999998469568
9.85	6.45	1.00000007987818	0.800034750317325	0.000261932122856406	4.08041181133547	1.00000003195127
9.95	6.45	1.00000012706226	0.800033545083743	0.000256737507661233	4.00040839459364	1.0000000508249
10.05	6.45	1.00000013459217	0.800032427418295	0.00025171811403566	3.92040509303566	1.00000005383687
10.15	6.45	1.00000012209989	0.800031387024984	0.000246867508443216	3.84040189933032	1.00000004883996
10.25	6.45	1.00000010138341	0.800030414791902	0.000242179687424978	3.76039880663575	1.00000004055336
10.35	6.45	1.00000007911639	0.800029502654538	0.000237649040468189	3.68039580868801	1.00000003164656
10.45	6.45	1.00000005872643	0.80002864347502	0.00023327031541925	3.60039289983101	1.00000002349057
10.55	6.45	1.00000004166859	0.800027830935394	0.000229038586684782	3.52039007500902	1.00000001666743
10.65	6.45	1.00000002826705	0.800027059443369	0.00022494922621211	3.44038732973642	1.00000001130682
10.75	6.45	1.00000001825404	0.80002632404904	0.000220997877300034	3.36038466005517	1.00000000730162
10.85	6.45	1.00000001110129	0.800025620371367	0.000217180431051881	3.28038206248678	1.00000000444052
10.95	6.45	1.00000000621295	0.800024944533244	0.000213493005292349	3.20037953398323	1.00000000248518
11.05	6.45	1.00000000302865	0.800024293104246	0.000209931925851867	3.1203770718796	1.00000000121146
11.15	6.45	1.00000000107069	0.800023663049995	0.00020649370986532	3.04037467384982	1.00000000042828
11.25	6.45	0.999999999958108	0.800023051687622	0.000203175051039178	2.96037233786641	0.999999999983243
11.35	6.45	0.999999999402628	0.800022456646298	0.000199972806501751	2.88037006216428	0.999999999761051
11.45	6.45	0.999999999195901	0.800021875832457	0.000196883985205673	2.80036784520855	0.99999999967836
11.55	6.45	0.999999999193586	0.800021307399061	0.000193905737640813	2.72036568566617	0.999999999677434
11.65	6.45	0.999999999299412	0.800020749718357	0.000191035346643428	2.64036358238094	0.999999999719765
11.75	6.45	0.999999999450731	0.800020201357802	0.000188270219337091	2.56036153435151	0.999999999780292
11.85	6.45	0.999999999606254	0.800019661058716	0.000185607879842132	2.4803595407122	0.999999999842502
11.95	6.45	0.999999999736305	0.8000191277173	0.00018304596286689	2.40035760071605	0.999999999894522
12.05	6.45	0.999999999815937	0.800018600367862	0.000180582207972133	2.32035571372002	0.999999999926375
12.15	6.45	0.999999999821545	0.800018078167782	0.000178214454389742	2.24035387917191	0.999999999928618
12.25	6.45	0.999999999731886	0.800017560384181	0.000175940636405836	2.16035209659872	0.999999999892755
12.35	6.45	0.999999999534656	0.800017046381935	0.000173758779080617	2.08035036559619	0.999999999813863
12.45	6.45	0.999999999239444	0.800016535612828	0.000171666994295847	2.00034868581912	0.999999999695778
12.55	6.45	0.999999998896849	0.800016027605612	0.000169663476888685	1.92034705697229	0.99999999955874
12.65	6.45	0.999999998621211	0.800015521956754	0.000167746500954601	1.84034547880153	0.999999999448484
12.75	6.45	0.999999998610665	0.800015018321597	0.000165914416051429	1.760343951085	0.999999999444266
12.85	6.45	0.999999999153037	0.800014516405807	0.00016416564359569	1.68034247362478	0.999999999661215
12.95	6.45	1.00000000060022	0.800014015957155	0.00016249867356507	1.6003410462395	1.00000000024009
13.05	6.45	1.00000000328892	0.800013516757863	0.000160912062141908	1.52033966875916	1.00000000131557
13.15	6.45	1.0000000073851	0.800013018618166	0.000159404431097872	1.44033834102439	1.00000000295404
13.25	6.45	1.00000001263805	0.800012521372263	0.000157974470073432	1.36033706289255	1.00000000505522
13.35	6.45	1.0000000180531	0.800012024878198	0.000156620942974008	1.28033583425347	1.00000000722124
13.45	6.45	1.00000002153582	0.800011529023511	0.00015534269927208	1.20033465505655	1.00000000861433
13.55	6.45	1.00000001962779	0.800011033738214	0.000154138690008593	1.12033352534819	1.00000000785112
13.65	6.45	1.00000000754072	0.800010539015296	0.000153007985901584	1.04033244531314	1.00000000301629
13.75	6.45	0.999999979785794	0.800010044936229	0.000151949791688522	0.960331415305633	0.999999991914317
13.85	6.45	0.999999931754328	0.800009551694438	0.000150963446031669	0.88033043584543	0.999999972701731
13.95	6.45	0.999999862575552	0.800009059603149	0.000150048391394009	0.800329507543053	0.999999945030221
14.05	6.45	0.999999779378294	0.800008569066792	0.000149204094701734	0.720328630911344	0.999999911751317
14.15	6.45	0.999999702621561	0.800008080488724	0.000148429900399246	0.640327806023694	0.999999881048624
14.25	6.45	0.999999671356051	0.800007594086798	0.000147724807174373	0.560327032002888	0.99999986854242
14.35	6.45	0.999999746117069	0.800007109597587	0.000147087183274694	0.480326306379485	0.999999898446828
14.45	6.45	1.00000000574662	0.800006625877441	0.000146514477844533	0.400325624454675	1.00000000229865
14.55	6.45	1.0000005331411	0.800006140460985	0.00014600304859323	0.320324978941834	1.00000021325644
14.65	6.45	1.0000013843801	0.800005649219398	0.000145548304130039	0.240324360329842	1.00000055375204
14.75	6.45	1.00000253693776	0.800005146211143	0.000145145434739694	0.160323758568761	1.0000010147751
14.85	6.45	1.00000381705442	0.800004110298368	0.000144791067841452	0.0803231667775387	1.00000152682177
14.95	6.45	1.00000481527491	0.400005543052423	0.000144533276429553	0.000322690504698977	1.00000192610996
0.05	6.55	-4.63208665965134e-06	0.40000269350884	-0.000683955527564561	10.4573765931452	0.599998147165336
0.15	6.55	-5.20900342938212e-06	0.800008407750766	-0.000684498252551136	10.4093764181486	0.599997916398628
0.25	6.55	-5.58552758751272e-06	0.800014235004281	-0.000685588368814233	10.361375917585	0.599997765788965
0.35	6.55	-4.99516571485351e-06	0.80002021218958	-0.000687219928666298	10.3133750674118	0.599998001933714
0.45	6.55	-2.62655521164812e-06	0.800026426709843	-0.000689390081965947	10.2653738117978	0.599998949377915
0.55	6.55	2.32611838511778e-06	0.800032945566082	-0.000692100570211727	10.217372064282	0.600000930447354
0.65	6.55	1.05208547638238e-05	0.800039840006258	-0.000695362956080485	10.1693697094159	0.600004208341905
0.75	6.55	2.22438809537837e-05	0.800047188675127	-0.000699204585487473	10.12136661007	0.600008897552382
0.85	6.55	3.71447660000404e-05	0.800055089845756	-0.000703660281596258	10.0733626230329	0.6000148579064
0.95	6.55	5.41576743829293e-05	0.800063381151983	-0.000708728034649025	10.0253576218036	0.600021663069753
1.05	6.55	6.93252384347323e-05	0.800072292317497	-0.000714454546629479	9.97735155086608	0.600027730095374
1.15	6.55	7.61458726516053e-05	0.80008229309928	-0.000720966513242013	9.92934450943982	0.600030458349061
1.25	6.55	6.74660955261144e-05	0.80009376311461	-0.000728385772684338	9.88133680178083	0.60002698643821
1.35	6.55	3.64308588592131e-05	0.80010719933977	-0.000736828733609772	9.83332893944701	0.600014572343544
1.45	6.55	-2.20330441131543e-05	0.800123207863211	-0.000746394146510387	9.78532160588308	0.599991186782355
1.55	6.55	-0.000109175485543396	0.800142461464006	-0.000757143236335393	9.73731556473913	0.599956329805783
1.65	6.55	-0.000220131134246248	0.800165636482619	-0.000769080953588218	9.68931149887971	0.599911947546302
1.75	6.55	-0.000341827709846792	0.80019332847711	-0.000782146949344177	9.64130977956095	0.599863268916061
1.85	6.55	-0.00045165012624056	0.800225947250029	-0.000796223449484207	9.59331018160611	0.599819339949504
1.95	6.55	-0.000517462321097021	0.800263595127659	-0.000811156532654233	9.54531157953958	0.599793015071561
2.05	6.55	-0.000499547804995141	0.800305961312712	-0.000826783642854676	9.49731167856118	0.599800180878002
2.15	6.55	-0.000355005738061085	0.800352340117115	-0.000843090876854352	9.44930684733188	0.599857997704775
2.25	6.55	-4.57327193202661e-05	0.800402104374484	-0.00086090888038087	9.401292127977	0.599981706912272
2.35	6.55	0.000448874423085511	0.800467419904364	-0.000880568206982151	9.35326152302119	0.600179549769234
2.45	6.55	0.00121073597530936	0.800541974413603	-0.000901355089962753	9.30520729268242	0.600484294390124
2.55	6.55	0.00232686065143193	0.800627178328176	-0.000922802642305059	9.25711894632906	0.600930744260573
2.65	6.55	0.0038943066600394	0.800724339573311	-0.000944487628445135	9.20898299528062	0.601557722664016
2.75	6.55	0.0060233159117445	0.800834912075957	-0.000965944424723098	9.16078256411054	0.602409326364698
2.85	6.55	0.00884001424332008	0.800960539068022	-0.000986628329319349	9.11249691111119	0.603536005697328
2.95	6.55	0.0124895471594313	0.801103058936266	-0.00100588807417381	9.06410085902213	0.604995818863773
3.05	6.55	0.0171403099715864	0.801264496636917	-0.00102293789797387	9.01556411068207	0.606856123988635
3.15	6.55	0.0229898323264436	0.801447028123333	-0.00103682766001827	8.96685040546845	0.609195932930577
3.25	6.55	0.0302728185686666	0.801652887603295	-0.00104641028022198	8.91791645646561	0.612109127427467
3.35	6.55	0.0392717144990664	0.801884169424193	-0.00105030674657232	8.86871059533586	0.615708685799627
3.45	6.55	0.0503298185103854	0.80214245197939	-0.00104687168909354	8.81917104660641	0.620131927404154
3.55	6.55	0.0638661662666213	0.802428142684879	-0.00103416767045449	8.76922376613166	0.625546466506648
3.65	6.55	0.0803898994885709	0.802739425351231	-0.0010099645148025	8.71877982849583	0.632155959795428
3.75	6.55	0.100509257459256	0.803070720791349	-0.000971791204698148	8.66773246348743	0.640203702983702
3.85	6.55	0.124926548376738	0.803410717486615	-0.000917079918667663	8.61595405837853	0.649970619350695
3.95	6.55	0.154405949253252	0.803740384468337	-0.000843447753272011	8.56329379087225	0.661762379701301
4.05	6.55	0.18969768825384	0.804031985910416	-0.000749147999761145	8.50957702818026	0.675879075301536
4.15	6.55	0.231404361604118	0.804250779838798	-0.0006336719738808	8.45460811152722	0.692561744641647
4.25	6.55	0.279789180554432	0.804361129590048	-0.000498386636783742	8.39817836320661	0.711915672221773
4.35	6.55	0.334556479186527	0.804337153592093	-0.000346980517814359	8.34008065232313	0.733822591674611
4.45	6.55	0.394675968112331	0.804174482221427	-0.000185440530209042	8.2801302079144	0.757870387244932
4.55	6.55	0.458348956084351	0.803896311196713	-2.13894234900365e-05	8.21818864668628	0.78333958243374
4.65	6.55	0.523190327708011	0.803547951893216	0.000137115338881235	8.15418544736111	0.809276131083204
4.75	6.55	0.586610942236018	0.803181082999577	0.000282936018619959	8.08813021072893	0.834644376894407
4.85	6.55	0.646276498535422	0.802836575968328	0.00041089153579923	8.02011133200169	0.858510599414169
4.95	6.55	0.700472877811106	0.802535372792635	0.000518187205065119	7.95028146824659	0.880189151124442
5.05	6.55	0.748263753446313	0.802280013602639	0.000604247849342868	7.87883474580794	0.899305501378525
5.15	6.55	0.789436612491317	0.802062364604566	0.000670178195523845	7.8059825017638	0.915774644996527
5.25	6.55	0.824316766663677	0.801871508686287	0.000718115916171157	7.73193306984158	0.929726706665471
5.35	6.55	0.853546693338354	0.801698510305007	0.000750664175172195	7.6568782298356	0.941418677335342
5.45	6.55	0.877898144302224	0.801537912255123	0.000770483905761228	7.58098627904771	0.951159257720889
5.55	6.55	0.898143594896365	0.801387275338009	0.000780048154401878	7.5044001881351	0.959257437958546
5.65	6.55	0.914984739821987	0.801246058385294	0.00078152359464502	7.42723893755434	0.965993895928795
5.75	6.55	0.929023176568518	0.801114585017041	0.000776736469383352	7.34960042723222	0.971609270627407
5.85	6.55	0.940757018762614	0.800993353478425	0.000767186846757705	7.27156486541919	0.976302807505046
5.95	6.55	0.95059072765809	0.800882679724523	0.000754085820382335	7.19319801465393	0.980236291063236
6.05	6.55	0.958849926234137	0.800782573207025	0.000738400055395336	7.11455401127815	0.983539970493655
6.15	6.55	0.965796618260725	0.80069274354042	0.00072089524236804	7.03567768032683	0.98631864730429
6.25	6.55	0.971642684795493	0.800612664806094	0.000702174614411051	6.95660637388171	0.988657073918197
6.35	6.55	0.976560957861589	0.800541654147183	0.000682711324835856	6.87737140475667	0.990624383144636
6.45	6.55	0.980693897527969	0.800478943240958	0.000662874833929621	6.7979991567423	0.992277559011188
6.55	6.55	0.984160204834728	0.800423734639655	0.000642952035688885	6.71851194570293	0.993664081933891
6.65	6.55	0.987059784296785	0.8003752420342	0.000623164019852605	6.63892869295789	0.994823913718714
6.75	6.55	0.9894774454706	0.800332716601643	0.000603679327478323	6.5592654588508	0.99579097818824
6.85	6.55	0.991485669203127	0.800295462529088	0.000584624441314947	6.47953587249175	0.996594267681251
6.95	6.55	0.993146693499153	0.800262844700983	0.000566092116079249	6.39975148404059	0.997258677399661
7.05	6.55	0.99451411056671	0.800234291027243	0.000548148027955652	6.31992205853668	0.997805644226684
7.15	6.55	0.995634115019879	0.800209291302672	0.00053083611536934	6.24005582483238	0.998253646007952
7.25	6.55	0.996546503464689	0.80018739396169	0.000514182898003671	6.16015968925338	0.998618601385876
7.35	6.55	0.997285496074898	0.800168201672181	0.00049820099343951	6.08023942081979	0.998914198429959
7.45	6.55	0.997880429190174	0.800151366399386	0.000482891998976596	6.00029981291433	0.99915217167607
7.55	6.55	0.998356352514207	0.800136584347038	0.000468248867036907	5.92034482494478	0.999342541005683
7.65	6.55	0.998734553576253	0.800123591029356	0.000454257871692127	5.84037770663918	0.999493821430501
7.75	6.55	0.99903302452748	0.800112156623178	0.000440900241680235	5.76040110700617	0.999613209810992
7.85	6.55	0.999266881159629	0.800102081681307	0.000428153517537617	5.68041716959411	0.999706752463851
7.95	6.55	0.999448740583477	0.800093193243427	0.000415992677749824	5.60042761542454	0.999779496233391
8.05	6.55	0.999589061791642	0.800085341352231	0.00040439106934633	5.52043381480837	0.999835624716657
8.15	6.55	0.999696451988056	0.8000783959643	0.000393321171204293	5.44043684914392	0.999878580795222
8.25	6.55	0.999777940823468	0.800072244234547	0.000382755213235037	5.36043756371931	0.999911176329387
8.35	6.55	0.999839224331015	0.800066788146027	0.000372665671002049	5.28043661248327	0.999935689732406
8.45	6.55	0.999884880259324	0.800061942454124	0.000363025652814528	5.20043449569569	0.99995395210373
8.55	6.55	0.999918556544093	0.800057632912608	0.000353809193601447	5.12043159131812	0.999967422617637
8.65	6.55	0.999943134765413	0.800053794749472	0.00034499146955869	5.04042818094963	0.999977253906165
8.75	6.55	0.999960870554676	0.800050371361752	0.000336548945017712	4.96042447105559	0.999984348221871
8.85	6.55	0.99997351300844	0.800047313200358	0.000328459462898238	4.88042061017483	0.999989405203376
8.95	6.55	0.999982405218442	0.800044576818798	0.000320702288519237	4.80041670272623	0.999992962087377
9.05	6.55	0.999988568029661	0.800042124061671	0.000313258115735554	4.72041281997035	0.999995427211864
9.15	6.55	0.999992769091828	0.800039921372229	0.000306109043430731	4.64040900861645	0.999997107636731
9.25	6.55	0.999995579179694	0.800037939200499	0.000299238529392949	4.56040529750236	0.999998231671877
9.35	6.55	0.999997417631619	0.800036151496169	0.000292631327667805	4.4804017027147	0.999998967052648
9.45	6.55	0.999998588604521	0.800034535272933	0.000286273414720985	4.40039823146169	0.999999435441808
9.55	6.55	0.999999309675288	0.80003307023278	0.000280151908439166	4.32039488495983	0.999999723870115
9.65	6.55	0.999999734143547	0.800031738440979	0.000274254983951638	4.24039166055111	0.999999893657419
9.75	6.55	0.999999968215592	0.800030524043737	0.00026857178867699	4.16038855322726	0.999999987286237
9.85	6.55	1.00000008408062	0.800029413022091	0.00026309235909283	4.08038555670345	1.00000003363225
9.95	6.55	1.0000001297326	0.800028392976759	0.000257807540675736	4.00038266415486	1.00000005189304
10.05	6.55	1.00000013624708	0.800027452939394	0.000252708912143023	3.92037986870476	1.00000005449883
10.15	6.55	1.00000012309421	0.800026583206736	0.000247788714873417	3.84037716373307	1.00000004923768
10.25	6.55	1.00000010195715	0.800025775194504	0.00024303978770159	3.76037454305759	1.00000004078286
10.35	6.55	1.00000007942916	0.800025021308583	0.000238455507460958	3.68037200102735	1.00000003177167
10.45	6.55	1.00000005888236	0.800024314831284	0.000234029735038499	3.60036953255698	1.00000002355294
10.55	6.55	1.00000004173413	0.800023649820934	0.00022975676689694	3.52036713312322	1.00000001669365
10.65	6.55	1.0000000282835	0.800023021023084	0.000225631291700242	3.44036479873834	1.0000000113134
10.75	6.55	1.00000001824623	0.800022423792168	0.000221648351694893	3.36036252591083	1.00000000729849
10.85	6.55	1.00000001108354	0.800021854022158	0.000217803308470138	3.28036031160027	1.00000000443341
10.95	6.55	1.000000006193	0.800021308085438	0.000214091812731249	3.20035815317084	1.0000000024772
11.05	6.55	1.00000000301029	0.800020782778676	0.000210509777544943	3.1203560483462	1.00000000120412
11.15	6.55	1.00000000105543	0.800020275275122	0.000207053354902378	3.04035399516732	1.00000000042217
11.25	6.55	0.999999999946184	0.800019783082367	0.000203718914955027	2.96035199195393	0.999999999978474
11.35	6.55	0.999999999393631	0.80001930400504	0.000200503027862829	2.88035003726995	0.999999999757453
11.45	6.55	0.999999999189129	0.800018836111889	0.000197402447729472	2.80034812989269	0.999999999675651
11.55	6.55	0.999999999188246	0.800018377706493	0.000194414098494923	2.72034626878566	0.999999999675298
11.65	6.55	0.999999999294756	0.800017927301485	0.000191535061481413	2.64034445307471	0.999999999717902
11.75	6.55	0.999999999446182	0.800017483595599	0.000188762564358524	2.56034268202699	0.999999999778473
11.85	6.55	0.999999999601557	0.800017045453343	0.000186093971462335	2.4803409550326	0.999999999840623
11.95	6.55	0.999999999731723	0.800016611886909	0.000183526775154239	2.40033927158843	0.999999999892689
12.05	6.55	0.99999999981248	0.800016182040143	0.000181058588174339	2.32033763128399	0.999999999924992
12.15	6.55	0.99999999982116	0.800015755174235	0.000178687136843106	2.24033603378895	0.999999999928464
12.25	6.55	0.999999999737513	0.800015330654917	0.000176410254938375	2.16033447884207	0.999999999895005
12.35	6.55	0.999999999549946	0.800014907941046	0.000174225878180225	2.08033296624117	0.999999999819979
12.45	6.55	0.999999999267923	0.800014486574195	0.000172132039093637	2.00033149583396	0.999999999707169
12.55	6.55	0.999999998940262	0.800014066169203	0.000170126862229405	1.92033006750936	0.999999999576105
12.65	6.55	0.999999998676907	0.800013646405243	0.000168208559481657	1.84032868118899	0.999999999470763
12.75	6.55	0.999999998668089	0.800013227017437	0.000166375425583697	1.76032733681891	0.999999999467236
12.85	6.55	0.999999999189873	0.800012807788661	0.000164625833740231	1.68032603436156	0.999999999675949
12.95	6.55	1.00000000057946	0.800012388541698	0.00016295823172984	1.60032477378873	1.00000000023178
13.05	6.55	1.00000000315907	0.800011969131929	0.000161371138944607	1.52032355507675	1.00000000126363
13.15	6.55	1.00000000708676	0.800011549441239	0.000159863145272272	1.44032237820573	1.0000000028347
13.25	6.55	1.0000000121208	0.800011129374147	0.000158432912913606	1.3603212431655	1.00000000484832
13.35	6.55	1.00000001730637	0.800010708857777	0.000157079182351084	1.28032014997074	1.00000000692255
13.45	6.55	1.0000000206354	0.800010287847322	0.000155800783285463	1.20031909868697	1.00000000825416
13.55	6.55	1.00000001879466	0.800009866338506	0.000154596650284924	1.12031808946638	1.00000000751786
13.65	6.55	1.00000000720001	0.80000944438725	0.000153465840615951	1.04031712258739	1.00000000288
13.75	6.55	0.999999980600806	0.800009022134114	0.000152407548253019	0.960316198484389	0.999999992240322
13.85	6.55	0.999999934594486	0.800008599826698	0.00015142110347647	0.880315317743756	0.999999973837794
13.95	6.55	0.999999868361974	0.800008177827074	0.000150505942372071	0.800314481032128	0.99999994734479
14.05	6.55	0.999999788743343	0.800007756584296	0.000149661527004446	0.720313688915895	0.999999915497337
14.15	6.55	0.999999715331244	0.800007336545992	0.000148887197855829	0.640312941534123	0.999999886132498
14.25	6.55	0.999999685491921	0.800006917981874	0.000148181949768811	0.560312238109743	0.999999874196768
14.35	6.55	0.999999757114515	0.800006500700969	0.000147544146415608	0.480311576336429	0.999999902845806
14.45	6.55	1.00000000555162	0.800006083670545	0.000146971230801372	0.400310951770382	1.00000000222065
14.55	6.55	1.00000050997562	0.800005664594859	0.000146459552448879	0.32031035748924	1.00000020399025
14.65	6.55	1.00000132386582	0.800005239589859	0.000146004509990662	0.240309784441311	1.00000052954633
14.75	6.55	1.00000242553965	0.800004803047846	0.000145601283531607	0.16030922305838	1.00000097021586
14.85	6.55	1.00000364882773	0.80000385786298	0.000145246493581275	0.0803086667980679	1.00000145953109
14.95	6.55	1.00000460251866	0.400005267462059	0.000144988311430007	0.000308216378530218	1.00000184100746
0.05	6.65	-4.61379511223045e-06	0.400002401761766	-0.000689241008197825	10.4574177981209	0.599998154481955
0.15	6.65	-5.17812657755395e-06	0.80000752746605	-0.000689845735356304	10.4094176575486	0.599997928749369
0.25	6.65	-5.53173808777507e-06	0.800012763832819	-0.000691062563467793	10.3614172262186	0.599997787304765
0.35	6.65	-4.91191804236717e-06	0.800018147206122	-0.000692890998917929	10.3134164799096	0.599998035232783
0.45	6.65	-2.51542778169301e-06	0.80002376339702	-0.000695336724175488	10.2654153629014	0.599998993828887
0.55	6.65	2.44926500903718e-06	0.80002967781686	-0.00069841398212115	10.2174137892654	0.600000979706004
0.65	6.65	1.06231535910313e-05	0.80003595924031	-0.000702149217960849	10.1694116447695	0.600004249261436
0.75	6.65	2.22912490900012e-05	0.800042684577636	-0.000706580964071102	10.1214087942027	0.600008916499636
0.85	6.65	3.71389787971307e-05	0.80004993584692	-0.000711747194284184	10.0734050958562	0.600014855591519
0.95	6.65	5.39003366172313e-05	0.800057634106077	-0.000717664478784459	10.0254004248037	0.600021560134647
1.05	6.65	6.87795276213207e-05	0.800065870687503	-0.000724429939539971	9.97739472983267	0.600027511811049
1.15	6.65	7.50486598145254e-05	0.800075198575821	-0.000732221289910155	9.92938811800177	0.600030019463926
1.25	6.65	6.56016446175481e-05	0.80008597207594	-0.000741195381419264	9.8813809023642	0.600026240657847
1.35	6.65	3.3640013042129e-05	0.80009867501075	-0.000751500631078451	9.83337360231608	0.600013456005217
1.45	6.65	-2.58255515859006e-05	0.800113895843437	-0.000763268817472691	9.7853669080499	0.599989669779366
1.55	6.65	-0.000113917332443748	0.800132285384007	-0.000776593156327634	9.73736158779238	0.599954433067023
1.65	6.65	-0.000225605179072519	0.800154494234762	-0.000791505236784245	9.68935832561905	0.599909757928371
1.75	6.65	-0.000347639016883557	0.80018109174905	-0.000807959113333194	9.64135748989789	0.599860944393247
1.85	6.65	-0.000457251766978648	0.800212470841118	-0.00082582755225628	9.5933588484299	0.599817099293209
1.95	6.65	-0.00052225822553819	0.800248740988984	-0.000844913553376159	9.54536126516297	0.599791096709785
2.05	6.65	-0.000503266494180113	0.800289605671734	-0.0008650105888316	9.49736243430432	0.599798693402328
2.15	6.65	-0.000358909275034821	0.800334368310893	-0.000886246162040381	9.44935873306537	0.599856436289986
2.25	6.65	-5.41630869574416e-05	0.800383938148842	-0.00091052647952662	9.40134528976205	0.599978334765217
2.35	6.65	0.000439547953899669	0.800447503836256	-0.000938221498776845	9.35331612844276	0.60017581918156
2.45	6.65	0.00120235390702798	0.800520074491155	-0.000967752251899516	9.30526344234399	0.600480941562811
2.55	6.65	0.00232043622581468	0.800603055865494	-0.00099877799552576	9.25717671866913	0.600928174490326
2.65	6.65	0.00389075611847768	0.800697763660177	-0.00103108594381789	9.20904245560698	0.601556302447391
2.75	6.65	0.00602372911690056	0.800805642797333	-0.00106436873742126	9.16084376127857	0.60240949164676
2.85	6.65	0.00884574958186855	0.800928313238322	-0.00109817592396992	9.11255987138927	0.603538299832747
2.95	6.65	0.0125022859642221	0.8010675899243	-0.00113188655326157	9.06416557859872	0.605000914385689
3.05	6.65	0.017162120393125	0.801225480651962	-0.00116467032845097	9.01563054631615	0.60686484815725
3.15	6.65	0.0230232591796576	0.801404151642222	-0.00119543148359852	8.96691846246464	0.609209303671863
3.25	6.65	0.03032100559408	0.801605834127729	-0.00122273442135159	8.91798597306898	0.612128402237632
3.35	6.65	0.0393385615787794	0.801832625231798	-0.00124471208056956	8.86878132255187	0.615735424631512
3.45	6.65	0.050420170676674	0.802086110662594	-0.00125896251423593	8.81924262244541	0.62016806827067
3.55	6.65	0.0639860190084619	0.802366707943989	-0.00126244876113127	8.76929568354823	0.625594407603385
3.65	6.65	0.0805465814050895	0.802672611370224	-0.0012514337661599	8.71885139713227	0.632218632562036
3.75	6.65	0.100711512686012	0.802998250275519	-0.00122150650206294	8.66780276714137	0.640284605074405
3.85	6.65	0.12518438716198	0.803332320056124	-0.00116778370918871	8.61602191335517	0.650073754864792
3.95	6.65	0.154730076894691	0.803655803513902	-0.00108539000991288	8.56335771532267	0.661892030757876
4.05	6.65	0.190098295301522	0.803941009620787	-0.00097029884519609	8.50963523870084	0.676039318120609
4.15	6.65	0.23188912961809	0.804153316832937	-0.000820518418052704	8.45465856862753	0.692755651847236
4.25	6.65	0.280360612444051	0.804257340029893	-0.00063740909584414	8.39821888734369	0.71214424497762
4.35	6.65	0.335209128121954	0.804227611565676	-0.000426673826834626	8.3401091210548	0.734083651248782
4.45	6.65	0.395394651738377	0.804060293682525	-0.000198437228140738	8.28014481868318	0.758157860695351
4.55	6.65	0.459109189020289	0.803779089374306	3.39704566090005e-05	8.21818819425631	0.783643675608116
4.65	6.65	0.523961559293775	0.803429609497688	0.000256350059260888	8.15416953829577	0.80958462371751
4.75	6.65	0.587361850329272	0.803063517610412	0.000456307853887465	8.08809934222585	0.834944740131709
4.85	6.65	0.646980427671562	0.802721397884785	0.00062528437411007	8.02006680585888	0.858792171068625
4.95	6.65	0.701111463247364	0.802423780644142	0.000759327122615303	7.95022517136295	0.880444585298946
5.05	6.65	0.74882786132582	0.802172814284625	0.000858637526005324	7.87876887083118	0.899531144530328
5.15	6.65	0.78992504111008	0.80196006447563	0.000926381786826982	7.80590928492535	0.915970016444032
5.25	6.65	0.82473383687002	0.80177440705005	0.00096733810137658	7.73185459563696	0.929893534748008
5.35	6.65	0.853899776911037	0.80160676501474	0.000986770352938286	7.65679631691632	0.941559910764415
5.45	6.65	0.878195724242211	0.801451577897469	0.000989677677650746	7.58090243627488	0.951278289696885
5.55	6.65	0.898394014400346	0.801306325031	0.000980399294254775	7.50431561910835	0.959357605760138
5.65	6.65	0.915195542650546	0.801170398579106	0.000962479607034325	7.42715457222109	0.966078217060218
5.75	6.65	0.929200857118737	0.801044068067312	0.00093869075522248	7.34951696449063	0.971680342847495
5.85	6.65	0.940907012281204	0.80092778943133	0.000911132138322047	7.27148281669665	0.976362804912482
5.95	6.65	0.950717517522689	0.800821847271693	0.00088135481451033	7.19311774328966	0.980287007009076
6.05	6.65	0.958957192248287	0.800726229437262	0.000850482100992609	7.11447576572706	0.983582876899315
6.15	6.65	0.965887385226189	0.800640632243307	0.00081931353481779	7.03560162099942	0.986354954090475
6.25	6.65	0.971719453169724	0.80056452328902	0.000788408603088201	6.95653259428607	0.98868778126789
6.35	6.65	0.976625811002173	0.800497218676632	0.000758151318693665	6.87729994790135	0.990650324400869
6.45	6.65	0.980748586295091	0.800437953289659	0.000728798608959978	6.79793002776333	0.992299434518036
6.55	6.65	0.984206212862093	0.800385936136631	0.00070051588469462	6.71844512155792	0.993682485144837
6.65	6.65	0.987098377835028	0.800340389800117	0.000673402864661232	6.63886412987387	0.994839351134011
6.75	6.65	0.989509711411909	0.800300576124216	0.000647512192197701	6.55920309806231	0.995803884564764
6.85	6.65	0.991512544281651	0.800265811205854	0.000622862816496937	6.47947564467834	0.996605017712661
6.95	6.65	0.993168987006382	0.800235472650902	0.00059944961719464	6.39969331277108	0.997267594802553
7.05	6.65	0.994532522340906	0.800209001552941	0.000577250352751313	6.31986586295002	0.997813008936362
7.15	6.65	0.995649249998647	0.800185901069263	0.000556230710213014	6.24000152172633	0.998259699999459
7.25	6.65	0.996558883727594	0.800165732946335	0.000536348008108093	6.1601071947095	0.998623553491038
7.35	6.65	0.997295571032692	0.800148112929333	0.000517553941912553	6.08018865146126	0.998918228413077
7.45	6.65	0.997888584379635	0.800132705680173	0.000499796644710517	6.00025068687034	0.999155433751854
7.55	6.65	0.998362917315623	0.800119219605179	0.000483022253307244	5.92029726257822	0.999345166926249
7.65	6.65	0.998739808070138	0.800107401841844	0.000467176111953214	5.84033163108199	0.999495923228055
7.75	6.65	0.999037205637151	0.80009703354999	0.000452203705481035	5.76035644453769	0.999614882254861
7.85	6.65	0.99927018817872	0.800087925585003	0.000438051385565524	5.68037384989106	0.999708075271488
7.95	6.65	0.999451340155957	0.800079914586388	0.000424666934794853	5.60038557170609	0.999780536062383
8.05	6.65	0.999591092391953	0.800072859486716	0.000411999999670249	5.52039298389602	0.999836436956781
8.15	6.65	0.999698027937158	0.800066638427934	0.000400002415959193	5.44039717145277	0.999879211174863
8.25	6.65	0.999779155870194	0.800061146061204	0.000388628442916662	5.36039898319505	0.999911662348077
8.35	6.65	0.999840154825386	0.800056291200684	0.000377834920387737	5.28039907649687	0.999936061930154
8.45	6.65	0.999885587943885	0.80005199479768	0.000367581359573361	5.20039795490653	0.999954235177554
8.55	6.65	0.999919090989825	0.800048188201393	0.000357829977756953	5.12039599951424	0.99996763639593
8.65	6.65	0.999943535479705	0.800044811672632	0.000348545685167126	5.04039349487291	0.999977414191882
8.75	6.65	0.999961168789702	0.800041813118168	0.000339696032608331	4.96039065021814	0.999984467515881
8.85	6.65	0.999973733298704	0.800039147016229	0.000331251127046652	4.88038761667185	0.999989493319482
8.95	6.65	0.999982566676281	0.800036773505468	0.000323183522319717	4.80038450104969	0.999993026670513
9.05	6.65	0.999988685426814	0.800034657613024	0.000315468091195546	4.72038137682674	0.999995474170726
9.15	6.65	0.999992853754135	0.80003276860017	0.000308081884564392	4.64037829275136	0.999997141501654
9.25	6.65	0.999995639720359	0.80003107940676	0.000301003982896586	4.56037527953355	0.999998255888144
9.35	6.65	0.999997460546613	0.800029566178246	0.000294215344113379	4.48037235497517	0.999998984218645
9.45	6.65	0.999998618751545	0.800028207861736	0.000287698651753766	4.40036952785333	0.999999447500618
9.55	6.65	0.999999330655471	0.800026985859797	0.000281438166277002	4.32036680081814	0.999999732262188
9.65	6.65	0.99999974860278	0.800025883732109	0.000275419581825288	4.24036417252096	0.999999899441112
9.75	6.65	0.999999978080174	0.800024886937665	0.000269629890284525	4.16036163914948	0.99999999123207
9.85	6.65	1.00000009073978	0.800023982610641	0.000264057253724331	4.0803591955118	1.00000003629591
9.95	6.65	1.00000013417851	0.800023159364973	0.00025869088603861	4.00035683578285	1.0000000536714
10.05	6.65	1.00000013918119	0.800022407123333	0.000253520944250027	3.92035455400164	1.00000005567248
10.15	6.65	1.00000012500729	0.800021716966764	0.000248538429248995	3.84035234438826	1.00000005000292
10.25	6.65	1.00000010318878	0.80002108100251	0.000243735096173127	3.76035020153286	1.00000004127551
10.35	6.65	1.00000008021165	0.800020492247267	0.000239103373676395	3.68034812049603	1.00000003208466
10.45	6.65	1.0000000593727	0.80001994452411	0.000234636291880416	3.60034609684946	1.00000002374908
10.55	6.65	1.0000000420371	0.800019432371307	0.000230327418181762	3.52034412667813	1.00000001681484
10.65	6.65	1.00000002846807	0.800018950961706	0.000226170800440198	3.44034220655871	1.00000001138723
10.75	6.65	1.00000001835717	0.80001849603128	0.000222160916793323	3.36034033352475	1.00000000734287
10.85	6.65	1.00000001114944	0.800018063815944	0.000218292631471646	3.2803385050255	1.00000000445978
10.95	6.65	1.00000000623185	0.800017650995581	0.000214561155961053	3.20033671888283	1.00000000249274
11.05	6.65	1.00000000303318	0.80001725464453	0.000210962014962475	3.12033497324925	1.00000000121327
11.15	6.65	1.00000000106904	0.800016872187679	0.000207491016507197	3.04033326656835	1.00000000042761
11.25	6.65	0.999999999954418	0.80001650136163	0.000204144225788417	2.96033159753863	0.999999999981767
11.35	6.65	0.999999999398685	0.800016140180268	0.000200917942226843	2.88032996508103	0.999999999759474
11.45	6.65	0.99999999919213	0.800015786904284	0.000197808679337953	2.80032836830988	0.999999999676852
11.55	6.65	0.99999999918969	0.800015440014063	0.000194813147066937	2.72032680650739	0.999999999675876
11.65	6.65	0.999999999294801	0.80001509818571	0.000191928236247809	2.64032527910112	0.99999999971792
11.75	6.65	0.999999999444884	0.800014760269682	0.000189151004935908	2.56032378564423	0.999999999777953
11.85	6.65	0.999999999599104	0.800014425271823	0.000186478666351518	2.48032232579822	0.999999999839642
11.95	6.65	0.999999999728689	0.800014092336466	0.000183908578214614	2.40032089931769	0.999999999891476
12.05	6.65	0.999999999810091	0.800013760731426	0.000181438233347373	2.32031950603711	0.999999999924036
12.15	6.65	0.999999999821518	0.800013429834549	0.000179065251284753	2.24031814585905	0.999999999928607
12.25	6.65	0.999999999743669	0.800013099121727	0.000176787370818787	2.16031681874379	0.999999999897468
12.35	6.65	0.999999999565631	0.800012768156148	0.000174602443238597	2.08031552469997	0.999999999826252
12.45	6.65	0.999999999296716	0.800012436578507	0.000172508426166547	2.00031426377595	0.999999999718686
12.55	6.65	0.999999998983946	0.800012104098088	0.000170503377791068	1.92031303605164	0.999999999593578
12.65	6.65	0.999999998732841	0.800011770484372	0.000168585451377852	1.84031184163053	0.999999999493136
12.75	6.65	0.999999998725698	0.80001143555908	0.000166752889992575	1.76031068063189	0.999999999490279
12.85	6.65	0.999999999226784	0.800011099188475	0.000165004021466464	1.68030955318322	0.999999999690714
12.95	6.65	1.00000000055857	0.800010761275945	0.000163337253880051	1.60030845941361	1.00000000022343
13.05	6.65	1.00000000302875	0.800010421755077	0.000161751072065077	1.52030739944927	1.0000000012115
13.15	6.65	1.00000000678749	0.800010080583946	0.000160244035987295	1.4403063734129	1.00000000271499
13.25	6.65	1.00000001160204	0.800009737741521	0.000158814782114984	1.36030538142946	1.00000000464082
13.35	6.65	1.00000001655756	0.800009393227681	0.000157462028967748	1.28030442364078	1.00000000662303
13.45	6.65	1.0000000197326	0.800009047068578	0.000156184587726339	1.20030350023042	1.00000000789304
13.55	6.65	1.00000001795947	0.80000869932859	0.000154981377526765	1.12030261145793	1.00000000718379
13.65	6.65	1.00000000685867	0.800008350129183	0.000153851442998493	1.04030175769676	1.00000000274347
13.75	6.65	0.999999981418255	0.800007999672277	0.00015279396799466	0.960300939462477	0.999999992567302
13.85	6.65	0.999999937442204	0.800007648261625	0.000151808274865815	0.8803001574089	0.999999974976882
13.95	6.65	0.999999874163116	0.800007296309841	0.000150893793623119	0.800299412259415	0.999999949665246
14.05	6.65	0.99999979813147	0.800006944312036	0.000150049981684367	0.720298704634444	0.999999919252588
14.15	6.65	0.999999728071411	0.800006592761297	0.000149276175769339	0.640298034739124	0.999999891228564
14.25	6.65	0.999999699660838	0.800006241980197	0.000148571367216616	0.560297401896913	0.999999879864335
14.35	6.65	0.999999768136932	0.800005891851056	0.000147933915731377	0.480296803965045	0.999999907254773
14.45	6.65	1.0000000053556	0.800005541452814	0.000147361259246147	0.400296236755321	1.00000000214224
14.55	6.65	1.00000048675796	0.800005188660066	0.000146849740708574	0.320295693710397	1.00000019470319
14.65	6.65	1.00000126321861	0.800004829834231	0.00014639475089439	0.24029516623892	1.00000050528745
14.75	6.65	1.00000231390135	0.800004459702156	0.000145991462002554	0.1602946452553	1.00000092556054
14.85	6.65	1.00000348024376	0.800003605232595	0.000145636489234993	0.0802941245564025	1.00000139209751
14.95	6.65	1.00000438931524	0.400004991464122	0.000145378077280945	0.00029370002135891	1.00000175572609
0.05	6.75	-4.59609828927802e-06	0.400002079444279	-0.000693908809199709	10.4574593025975	0.599998161560684
0.15	6.75	-5.1513251634559e-06	0.800006555855594	-0.000694573829669665	10.409459200137	0.599997939469935
0.25	6.75	-5.49018611846246e-06	0.800011138767221	-0.000695913791060083	10.3614588455731	0.599997803925552
0.35	6.75	-4.85565432561699e-06	0.800015862224341	-0.000697933707780157	10.3134582148463	0.59999805773827
0.45	6.75	-2.45434699280259e-06	0.800020808460714	-0.000700647287146965	10.2654572528526	0.599999018261203
0.55	6.75	2.49075229159572e-06	0.800026039136633	-0.000704079761937341	10.2174558748856	0.600000996300917
0.65	6.75	1.06041647167575e-05	0.800031619288272	-0.000708270344456929	10.169453968709	0.600004241665887
0.75	6.75	2.21607881993475e-05	0.800037622509201	-0.000713269270318798	10.1214514018376	0.60000886431528
0.85	6.75	3.68686458644674e-05	0.800044138586549	-0.000719125981583015	10.0734480356045	0.600014747458346
0.95	6.75	5.37459391532633e-05	0.80005090286842	-0.000725868132180982	10.0254437454312	0.600021498375661
1.05	6.75	6.81894762550551e-05	0.800058331089039	-0.00073363670586044	9.97743848724262	0.600027275790502
1.15	6.75	7.3835383371427e-05	0.800066761611138	-0.00074265957140786	9.92943238119092	0.600029534153349
1.25	6.75	6.36412850305525e-05	0.800076544423157	-0.000753119003656303	9.88142574991927	0.600025456514012
1.35	6.75	3.08664846954411e-05	0.80008813991679	-0.000765192172637568	9.83341912235082	0.600012346593878
1.45	6.75	-2.93704458798713e-05	0.800102104640357	-0.000779040963404271	9.78541319737296	0.599988251821648
1.55	6.75	-0.000118026709095083	0.800119050599715	-0.000794787861877992	9.73740874965253	0.599952789316362
1.65	6.75	-0.000229861837959236	0.800139585590463	-0.000812490697096284	9.68940646603827	0.599908055264816
1.75	6.75	-0.000351399211646497	0.800164238076968	-0.000832124149285105	9.64140671300363	0.599859440315341
1.85	6.75	-0.000459676113076555	0.800193371485675	-0.000853575507673815	9.59340925152681	0.599816129554769
1.95	6.75	-0.000522422404082303	0.800227084104039	-0.00087666948669349	9.54541293469248	0.599791031038367
2.05	6.75	-0.000500506017778659	0.800265044172738	-0.00090127788676619	9.49741544583735	0.599799797592889
2.15	6.75	-0.000354364307273659	0.800306213739673	-0.000927724889515985	9.44941317226143	0.59985825427709
2.25	6.75	-5.7689739893643e-05	0.800356020564809	-0.000958152603530544	9.40140138805076	0.599976924104043
2.35	6.75	0.00043793863339135	0.800415236597882	-0.000992986257919167	9.35337414343921	0.600175175453357
2.45	6.75	0.00120532001501312	0.800483085567599	-0.00103060259544038	9.30532351689119	0.600482128006005
2.55	6.75	0.00232945683148402	0.800560663468215	-0.00107067750000667	9.25723898595428	0.600931782732594
2.65	6.75	0.00390740566082908	0.800649222801172	-0.00111308193614698	9.20910704739375	0.601562962264332
2.75	6.75	0.00605001279125458	0.800750109282171	-0.00115760511315081	9.1609108021462	0.602420005116502
2.85	6.75	0.00888423284594805	0.80086481682714	-0.00120386925411762	9.1126294702332	0.603553693138379
2.95	6.75	0.0125562005214404	0.800995022063313	-0.00125127989498929	9.06423781838467	0.605022480208576
3.05	6.75	0.0172354965202651	0.80114259166079	-0.00129896556193268	9.01570547106792	0.606894198608106
3.15	6.75	0.0231211014569675	0.801309555325831	-0.00134569250266731	8.96699605996135	0.609248440582787
3.25	6.75	0.0304495192735843	0.801498020698657	-0.00138974938040685	8.9180661514631	0.612179807709434
3.35	6.75	0.039505429824847	0.80170998535076	-0.00142880160935489	8.86886387891177	0.615802171929939
3.45	6.75	0.050634870531039	0.801946974571999	-0.00145972245862548	8.81932720119609	0.620253948212416
3.55	6.75	0.0642601395803456	0.80220940428549	-0.00147842254742525	8.7693817232365	0.625704055832138
3.65	6.75	0.0808940643334785	0.802495550498944	-0.00147972445688936	8.71893806538118	0.632357625733391
3.75	6.75	0.101148666299026	0.802800036989323	-0.00145736631394122	8.66788888679453	0.64045946651961
3.85	6.75	0.125729433526554	0.803111901153375	-0.00140426191095346	8.61610588844148	0.650291773410622
3.95	6.75	0.155401898346576	0.8034126567545	-0.00131317465293884	8.56343747403643	0.66216075933863
4.05	6.75	0.190914019822346	0.803675380598886	-0.00117793495342335	8.5097082211891	0.676365607928938
4.15	6.75	0.232860354281427	0.80386650140079	-0.000995185603336936	8.45472179626728	0.693144141712571
4.25	6.75	0.281488554008118	0.803951978084679	-0.0007663432909247	8.39826914964769	0.712595421603247
4.35	6.75	0.336479833842344	0.803907895177516	-0.000499094440897521	8.34014329618864	0.734591933536938
4.45	6.75	0.396776275794038	0.803731928021571	-0.000207550151043831	8.28016029828558	0.758710510317615
4.55	6.75	0.460553482410013	0.803448860483215	8.95180718351273e-05	8.21818332357564	0.784221392964005
4.65	6.75	0.525410417856222	0.803104574535621	0.000372104585692489	8.15414394099852	0.810164167142489
4.75	6.75	0.588757308917111	0.802750065731911	0.000622889441191015	8.0880540134266	0.835502923566844
4.85	6.75	0.648274503745542	0.802424530099699	0.000830186252620012	8.02000393521918	0.859309801498217
4.95	6.75	0.702272371120866	0.80214681851246	0.000989015817131399	7.95014776025559	0.880908948448346
5.05	6.75	0.749841223397192	0.801917502956197	0.00110036601311021	7.87868027268635	0.899936489358877
5.15	6.75	0.790791093812927	0.801726889724738	0.00116938308793732	7.80581279531212	0.916316437525171
5.25	6.75	0.825462767535247	0.801562954279196	0.00120335450880027	7.73175316670811	0.930185107014099
5.35	6.75	0.854507090241207	0.801416028606952	0.00121006065734248	7.65669241033033	0.941802836096483
5.45	6.75	0.878698669280147	0.801280197462568	0.00119670639137626	7.58079798846641	0.951479467712059
5.55	6.75	0.898809309720711	0.801152756424177	0.00116938859101128	7.50421207864872	0.959523723888284
5.65	6.75	0.915538193419964	0.801033034253783	0.00113294785018962	7.42705297267701	0.966215277367986
5.75	6.75	0.9294837206511	0.800921319176709	0.00109104527958067	7.34941800702262	0.97179348826044
5.85	6.75	0.94114080030554	0.800818139017584	0.0010463426545881	7.27138694759717	0.976456320122216
5.95	6.75	0.950911011609424	0.800723881786216	0.00100070898378545	7.19302521982645	0.980364404643769
6.05	6.75	0.959117534847013	0.800638654471274	0.000955412713716326	7.11438670868261	0.983647013938805
6.15	6.75	0.966020372386895	0.800562277260995	0.000911282668049083	7.03551605488891	0.986408148954758
6.25	6.75	0.97182979536303	0.800494339152706	0.000868834388980731	6.95645047727065	0.988731918145212
6.35	6.75	0.97671735119476	0.800434270823863	0.000828365096840491	6.87722119359121	0.990686940477904
6.45	6.75	0.980824475804213	0.800381412611741	0.00079002287431594	6.79785452088282	0.992329790321685
6.55	6.75	0.984269050292697	0.80033506894763	0.000753855912195545	6.71837272908596	0.993707620117079
6.65	6.75	0.987150317722601	0.80029454778206	0.000719846935474707	6.63879470890669	0.99486012708904
6.75	6.75	0.989552548896128	0.800259186769822	0.000687936921829503	6.55913650132916	0.995821019558451
6.85	6.75	0.991547781216393	0.80022836903022	0.000658041243502864	6.47941172438725	0.996619112486557
6.95	6.75	0.993197883862831	0.800201531281265	0.000630060534069038	6.39963192327022	0.997279153545132
7.05	6.75	0.994556139297113	0.800178166705505	0.000603887929352914	6.31980686254822	0.997822455718845
7.15	6.75	0.99566847980412	0.800157824365162	0.000579413843152639	6.23994477391494	0.998267391921648
7.25	6.75	0.996574478292515	0.800140106491012	0.000556529082297385	6.16005256895525	0.998629791317006
7.35	6.75	0.997308163198767	0.80012466456914	0.000535126852371184	6.08013602368931	0.998923265279507
7.45	6.75	0.997898705956826	0.800111194850161	0.000515104027599571	6.00019993972135	0.99915948238273
7.55	6.75	0.998371014190118	0.800099433688563	0.000496361934856893	5.92024828549899	0.999348405676047
7.65	6.75	0.99874625298207	0.800089152969923	0.000478806818063116	5.8402843202924	0.999498501192828
7.75	6.75	0.999042309074211	0.800080155781138	0.000462350090947856	5.7603107029051	0.999616923629684
7.85	6.75	0.99927420772024	0.800072272410519	0.00044690844861054	5.68032958673552	0.999709683088096
7.95	6.75	0.99945448852098	0.80006535671926	0.000432403882362528	5.60034270255418	0.999781795408392
8.05	6.75	0.9995935443863	0.800059282896701	0.000418763626277963	5.52035143019734	0.99983741775452
8.15	6.75	0.999699926452551	0.800053942592293	0.000405920053071582	5.44035686027038	0.99987997058102
8.25	6.75	0.999780617058594	0.800049242405701	0.000393810531142767	5.36035984687919	0.999912246823438
8.35	6.75	0.999841272550432	0.800045101709071	0.000382377250526685	5.28036105234972	0.999936509020173
8.45	6.75	0.999886437596039	0.800041450771698	0.000371567023716324	5.20036098484443	0.999954575038415
8.55	6.75	0.999919732740736	0.800038229155275	0.000361331066154326	5.12036002973291	0.999967893096295
8.65	6.75	0.999944017042908	0.800035384348619	0.000351624760952707	5.04035847551999	0.999977606817163
8.75	6.75	0.999961527748101	0.800032870611016	0.000342407412141289	4.9603565350768	0.999984611099241
8.85	6.75	0.999973999053764	0.800030647995708	0.000333641990434099	4.88035436285825	0.999989599621506
8.95	6.75	0.999982762068845	0.800028681527439	0.000325294875622606	4.80035206872636	0.999993104827538
9.05	6.75	0.999988828074919	0.80002694051021	0.000317335599381553	4.72034972893344	0.999995531229968
9.15	6.75	0.999992957148787	0.800025397944556	0.000309736591819481	4.64034739475419	0.999997182859515
9.25	6.75	0.999995714116003	0.800024030036324	0.000302472934931277	4.5603450991929	0.999998285646401
9.35	6.75	0.999997513678969	0.800022815781264	0.000295522125450692	4.48034286213226	0.999999005471587
9.45	6.75	0.999998656411537	0.800021736612545	0.000288863849215475	4.40034069423511	0.999999462564615
9.55	6.75	0.999999357144314	0.800020776100233	0.00028247976857684	4.32033859985992	0.999999742857726
9.65	6.75	0.999999767089779	0.800019919693664	0.000276353324003441	4.24033657920581	0.999999906835912
9.75	6.75	0.999999990881653	0.800019154499448	0.000270469550479358	4.16033462986339	0.999999996352661
9.85	6.75	1.00000009953465	0.800018469089063	0.000264814908874767	4.08033274791369	1.00000003981386
9.95	6.75	1.00000014017339	0.800017853331238	0.00025937713231593	4.00033092868796	1.00000005606935
10.05	6.75	1.00000014323582	0.800017298245248	0.000254145086986703	3.9203291672774	1.00000005729433
10.15	6.75	1.00000012772887	0.800016795871962	0.000249108646940469	3.84032745886133	1.00000005109155
10.25	6.75	1.00000010500231	0.80001633916009	0.000244258581957643	3.7603257989063	1.00000004200092
10.35	6.75	1.00000008141191	0.8000159218656	0.000239586457726782	3.6803241832755	1.00000003256476
10.45	6.75	1.00000006016226	0.800015538462624	0.000235084547215154	3.60032260827752	1.0000000240649
10.55	6.75	1.00000004255385	0.800015184064324	0.000230745752458596	3.5203210706756	1.00000001702154
10.65	6.75	1.00000002880502	0.800014854352659	0.000226563535590829	3.44031956767249	1.00000001152201
10.75	6.75	1.00000001857645	0.800014545515977	0.000222531858270011	3.36031809688108	1.00000000743058
10.85	6.75	1.00000001129221	0.800014254193485	0.000218645128586454	3.28031665628814	1.00000000451689
10.95	6.75	1.0000000063251	0.800013977425957	0.000214898154561226	3.20031524421561	1.00000000253004
11.05	6.75	1.00000000309447	0.800013712611848	0.000211286103495682	3.12031385928224	1.00000000123779
11.15	6.75	1.00000000110968	0.800013457468331	0.000207804466400913	3.04031250036744	1.00000000044387
11.25	6.75	0.999999999981652	0.800013209996599	0.000204449026950372	2.96031116657795	0.999999999992661
11.35	6.75	0.999999999417054	0.800012968451035	0.000201215834275578	2.88030985721784	0.999999999766821
11.45	6.75	0.999999999204438	0.80001273131181	0.000198101179193561	2.80030857176175	0.999999999681775
11.55	6.75	0.999999999197623	0.800012497260411	0.000195101573315916	2.72030730983125	0.999999999679049
11.65	6.75	0.999999999299357	0.800012265157907	0.000192213730800643	2.64030607117405	0.999999999719743
11.75	6.75	0.999999999446712	0.800012034025556	0.000189434552214644	2.56030485564574	0.999999999778685
11.85	6.75	0.999999999598812	0.800011803027517	0.000186761110386664	2.48030366319381	0.999999999839525
11.95	6.75	0.999999999727145	0.80001157145538	0.000184190637929602	2.40030249384364	0.999999999890858
12.05	6.75	0.999999999808729	0.800011338714425	0.000181720516189884	2.32030134768624	0.999999999923492
12.15	6.75	0.99999999982259	0.800011104311243	0.000179348265461945	2.2403002248674	0.999999999929036
12.25	6.75	0.99999999975033	0.800010867842751	0.000177071536241317	2.16029912557816	0.999999999900132
12.35	6.75	0.99999999958169	0.800010628986203	0.00017488810140358	2.08029805004613	0.999999999832676
12.45	6.75	0.999999999325807	0.800010387490187	0.000172795849013343	2.00029699852755	0.999999999730323
12.55	6.75	0.999999999027882	0.800010143166336	0.00017079277572215	1.92029597129974	0.999999999611153
12.65	6.75	0.999999998788994	0.800009895881559	0.000168876980452911	1.84029496865373	0.999999999515597
12.75	6.75	0.999999998783475	0.800009645550634	0.000167046658451969	1.760293990887	0.99999999951339
12.85	6.75	0.999999999263768	0.800009392129021	0.000165300095614212	1.68029303829648	0.999999999705507
12.95	6.75	1.00000000053758	0.800009135605946	0.000163635663385574	1.6002921111724	1.00000000021503
13.05	6.75	1.00000000289806	0.800008875997967	0.000162051814769349	1.52029120979417	1.00000000115922
13.15	6.75	1.00000000648743	0.800008613343625	0.000160547082216611	1.44029033442995	1.00000000259497
13.25	6.75	1.00000001108202	0.800008347700162	0.000159120078580032	1.36028948534235	1.00000000443281
13.35	6.75	1.00000001580704	0.800008079143694	0.000157769502289498	1.28028866280243	1.00000000632282
13.45	6.75	1.00000001882784	0.800007807774397	0.000156494147612295	1.20028786711355	1.00000000753113
13.55	6.75	1.00000001712258	0.800007533728055	0.000155292919619616	1.12028709864417	1.00000000684903
13.65	6.75	1.00000000651682	0.800007257194098	0.000154164851452346	1.04028635786392	1.00000000260673
13.75	6.75	0.999999982237709	0.800006978437932	0.000153109117762489	0.960285645370528	0.999999992895083
13.85	6.75	0.999999940296066	0.800006697821297	0.000152125033704548	0.880284961886034	0.999999976118427
13.95	6.75	0.999999879976128	0.800006415808923	0.000151212023775534	0.800284308191149	0.999999951990451
14.05	6.75	0.99999980753807	0.800006132943303	0.000150369541194631	0.720283684960774	0.999999923015228
14.15	6.75	0.999999740835802	0.800005849764105	0.000149596919354221	0.640283092466486	0.999999896334321
14.25	6.75	0.99999971385581	0.800005566647675	0.0001488931466158	0.560282530132605	0.999999885542324
14.35	6.75	0.999999779178822	0.800005283550419	0.000148256579520428	0.480281995980303	0.999999911671529
14.45	6.75	1.00000000515855	0.80000499966362	0.000147684652146242	0.400281486077448	1.00000000206342
14.55	6.75	1.00000046349942	0.800004713032829	0.000147173702620794	0.32028099423231	1.00000018539977
14.65	6.75	1.0000012024683	0.80000442026554	0.0001467191160969	0.240280512314563	1.00000048098732
14.75	6.75	1.00000220207806	0.800004116423696	0.0001463160592332	0.160280031721914	1.00000088083123
14.85	6.75	1.00000331138621	0.800003352580855	0.00014596114360175	0.080279546590879	1.00000132455448
14.95	6.75	1.00000417577072	0.400004715215107	0.000145702662510245	0.000279147955405059	1.00000167030829
0.05	6.85	-4.57907183424432e-06	0.400001727738765	-0.000697900102633035	10.4575010677148	0.599998168371266
0.15	6.85	-5.12849709854996e-06	0.800005496428845	-0.00069862245531148	10.4095010069141	0.599997948601161
0.25	6.85	-5.46007779045254e-06	0.80000936559691	-0.000700079476408423	10.3615007363605	0.599997815968884
0.35	6.85	-4.82377256363718e-06	0.800013365281922	-0.000702281015522019	10.3135002324767	0.599998070490975
0.45	6.85	-2.43690497112624e-06	0.800017572024319	-0.000705247418467131	10.2654994412325	0.599999025238012
0.55	6.85	2.46498287893572e-06	0.80002204023544	-0.000709012734364514	10.2174982797724	0.600000985993152
0.65	6.85	1.05006744904956e-05	0.800026825752339	-0.000713627207502788	10.1694966386083	0.600004200269796
0.75	6.85	2.19639722419909e-05	0.80003199098571	-0.000719151756752715	10.1214943885778	0.600008785588897
0.85	6.85	3.66151135217136e-05	0.800037601227832	-0.000725633616704789	10.0734913938949	0.600014646045409
0.95	6.85	5.34573884582105e-05	0.800043344471672	-0.000733144777992503	10.0254875329024	0.600021382955383
1.05	6.85	6.75185900030859e-05	0.800049741981666	-0.000741864892777957	9.97748277104354	0.600027007436001
1.15	6.85	7.2569820671124e-05	0.800057040726238	-0.000752024679254554	9.9294772423436	0.600029027928268
1.25	6.85	6.16743198486575e-05	0.800065555922937	-0.000763836449849536	9.88147128128813	0.600024669727939
1.35	6.85	2.81910789985584e-05	0.800075707146113	-0.000777505240272985	9.83346542807832	0.600011276431599
1.45	6.85	-3.26226132973465e-05	0.800088003490085	-0.000793219311782415	9.78546039195017	0.599986950954681
1.55	6.85	-0.000121531119475027	0.800103003888969	-0.000811127483979985	9.73745695564976	0.59995138755221
1.65	6.85	-0.000233056670295325	0.800121260080896	-0.000831315275848879	9.68945581038385	0.599906777331882
1.75	6.85	-0.000353474661438048	0.800143248140707	-0.00085378953207519	9.64145732222897	0.599858610135425
1.85	6.85	-0.000459634704298302	0.800169293900084	-0.000878482813649066	9.59346124693116	0.599816146118281
1.95	6.85	-0.000519298023634982	0.800199481442232	-0.000905301078079041	9.54546642969607	0.599792280790546
2.05	6.85	-0.000493951206207492	0.800233475673697	-0.000934279920667165	9.49747055240165	0.599802419517517
2.15	6.85	-0.000345824365659899	0.800270233393095	-0.000965973172442716	9.44947003459512	0.599861670253736
2.25	6.85	-5.11949679793532e-05	0.800316581645323	-0.00100195601114582	9.40146026450058	0.599979522012808
2.35	6.85	0.000447239440081832	0.800370107512502	-0.00104269708893072	9.35343532243641	0.600178895776033
2.45	6.85	0.0012208956314121	0.800431187428572	-0.00108728734993514	9.30538721489065	0.600488358252565
2.55	6.85	0.00235394327260509	0.800500781755908	-0.00113534929259455	9.25730540036128	0.600941577309042
2.65	6.85	0.00394342989383745	0.800580022115486	-0.00118672923333521	9.20917637425061	0.601577371957535
2.75	6.85	0.00610064933191391	0.800670110479901	-0.00124124212966247	9.16098323505063	0.602440259732765
2.85	6.85	0.00895326619957988	0.800772355411907	-0.00129854293776159	9.11270519221896	0.603581306479832
2.95	6.85	0.0126483326776385	0.800888215375561	-0.00135804347298571	9.06431698998126	0.605059333071055
3.05	6.85	0.0173565681582834	0.801019320811993	-0.00141882483279458	9.01578821414524	0.606942627263313
3.15	6.85	0.0232783592586313	0.801167462876845	-0.00147952228710672	8.96708243557991	0.609311343703453
3.25	6.85	0.0306519442460431	0.801334526503166	-0.00153817225353258	8.91815612928163	0.612260777698417
3.35	6.85	0.0397641278833273	0.801522325613156	-0.00159201884023959	8.86895729529742	0.615905651153331
3.45	6.85	0.0509635063902139	0.801732271483503	-0.00163728802912171	8.81942370309578	0.620385402556086
3.55	6.85	0.064675358747147	0.801964775160732	-0.00166895677435472	8.76948069548012	0.625870143498859
3.65	6.85	0.08141578561901	0.80221826590825	-0.00168057706936748	8.71903854108487	0.632566314247604
3.75	6.85	0.101800030710686	0.802487736875681	-0.00166426346640927	8.66798944490454	0.640720012284275
3.85	6.85	0.126536068027598	0.802762876422264	-0.00161100965157839	8.61620455031107	0.650614427211039
3.95	6.85	0.156390029433672	0.803026201017427	-0.00151153873304783	8.56353162283983	0.662556011773469
4.05	6.85	0.192106946932392	0.80325220960961	-0.00135785631696045	8.50979458262147	0.676842778772957
4.15	6.85	0.234273038360455	0.803409216470592	-0.00114548721566048	8.45479653103507	0.693709215344182
4.25	6.85	0.283120787282067	0.803465497950528	-0.000875992539415027	8.39832810689268	0.713248314912827
4.35	6.85	0.338309649468362	0.803399693766959	-0.000558886421597316	8.34018244822198	0.735323859787345
4.45	6.85	0.398756446818955	0.803211841476281	-0.000211826634853518	8.28017631380947	0.759502578727582
4.55	6.85	0.462614072146731	0.802928279689145	0.000141655561655074	8.21817415490279	0.785045628858692
4.65	6.85	0.527468412579963	0.80259509594853	0.0004765399541294	8.15410924619396	0.810987365031985
4.75	6.85	0.590730885466382	0.802262005677721	0.000771304342088516	8.08799525811008	0.836292354186553
4.85	6.85	0.650096792663677	0.801965824678692	0.00101163796707784	8.01992412951256	0.860038717065471
4.95	6.85	0.703899897537266	0.801722603095475	0.00119174467661083	7.95005092589397	0.881559959014907
5.05	6.85	0.751255256341481	0.801530301565285	0.00131333713344982	7.87857082005155	0.900502102536593
5.15	6.85	0.79199344126526	0.801377136528043	0.00138329104662976	7.80569498108082	0.916797376506104
5.25	6.85	0.826469068161353	0.801249585971535	0.00141106224404799	7.7316307283124	0.930587627264541
5.35	6.85	0.85534024945141	0.801137004970916	0.00140659781461503	7.65656839038856	0.942136099780564
5.45	6.85	0.879383843691862	0.801032908009945	0.00137900073526025	7.58067470916751	0.951753537476745
5.55	6.85	0.899370737188939	0.800934319474769	0.00133588269711857	7.50409120911514	0.959748294875575
5.65	6.85	0.91599755859923	0.800840507959791	0.00128320498333625	7.42693563916445	0.966399023439692
5.75	6.85	0.929859566729799	0.800751843572402	0.00122540119454433	7.34930491162088	0.971943826691919
5.85	6.85	0.941448548747543	0.800669025148686	0.00116562552279197	7.27127847640964	0.976579419499017
5.95	6.85	0.951163277854003	0.800592661315399	0.00110602887863975	7.19292153271206	0.980465311141601
6.05	6.85	0.959324548634012	0.800523100924909	0.00104801190437008	7.11428780929399	0.983729819453605
6.15	6.85	0.966190399951948	0.800460407987704	0.000992434503492094	7.03542184303316	0.986476159980779
6.25	6.85	0.971969516690884	0.800404405052582	0.000939778708839604	6.95636078681603	0.988787806676353
6.35	6.85	0.976832177015522	0.800354739073107	0.000890269850543288	6.87713581921816	0.990732870806209
6.45	6.85	0.980918804799132	0.800310946050321	0.00084396381598034	6.7977732365558	0.992367521919653
6.55	6.85	0.984346473673621	0.800272504563099	0.000800808298460236	6.71829530055027	0.993738589469448
6.65	6.85	0.9872137802707	0.800238875798313	0.000760684869145689	6.63872090196297	0.99488551210828
6.75	6.85	0.989604475220513	0.800209531194401	0.000723437313885481	6.5590660871719	0.995841790088205
6.85	6.85	0.991590174789118	0.800183970070802	0.000688890350073232	6.47934448292891	0.996636069915647
6.95	6.85	0.993232404981564	0.800161729757316	0.000656861727748792	6.39956764509861	0.997292961992626
7.05	6.85	0.994584166819783	0.800142390410209	0.000627169853999251	6.31974534996612	0.997833666727913
7.15	6.85	0.995691160396581	0.800125576238111	0.000599638433781433	6.23988584136977	0.998276464158632
7.25	6.85	0.996592766045215	0.800110954417881	0.000574099153213934	6.15999604306766	0.998637106418086
7.35	6.85	0.997322851778982	0.800098232611744	0.000550393100373367	6.08008174302147	0.998929140711593
7.45	6.85	0.997910454935107	0.800087155715525	0.000528371388013749	6.00014775437928	0.999164181974043
7.55	6.85	0.998380370779823	0.800077502261096	0.000507895284007194	5.92019805663172	0.999352148311929
7.65	6.85	0.998753670130058	0.800069080750162	0.00048883604746877	5.84023591952983	0.999501468052023
7.75	6.85	0.999048160615577	0.800061726095392	0.000471074596355939	5.76026401176252	0.999619264246231
7.85	6.85	0.999278801142013	0.800055296275243	0.000454501084215012	5.68028449600362	0.999711520456805
7.95	6.85	0.999458075754806	0.800049669262396	0.000439014432814044	5.60029911168733	0.999783230301922
8.05	6.85	0.999596330957475	0.800044740253611	0.000424521847673355	5.5203092467093	0.99983853238299
8.15	6.85	0.999702079244139	0.800040419207465	0.000410938331137222	5.44031599914373	0.999880831697656
8.25	6.85	0.999782270898537	0.800036628682995	0.000398186200740034	5.3603202299935	0.999912908359415
8.35	6.85	0.999842535791677	0.800033301962154	0.000386194616447176	5.28032260793198	0.999937014316671
8.45	6.85	0.999887396831363	0.80003038143448	0.00037489911861312	5.20032364694454	0.999954958732545
8.55	6.85	0.999920456772275	0.80002781721819	0.000364241177755123	5.12032373772642	0.99996818270891
8.65	6.85	0.999944560209622	0.800025565991832	0.000354167756878678	5.04032317363953	0.999977824083849
8.75	6.85	0.999961932700914	0.80002359000979	0.000344630887508832	4.96032217197317	0.999984773080366
8.85	6.85	0.999974299057043	0.800021856276744	0.000335587260759955	4.88032089119175	0.999989719622817
8.95	6.85	0.999982982897408	0.800020335857552	0.000326997834674561	4.80031944478832	0.999993193158963
9.05	6.85	0.999988989567509	0.800019003301426	0.000318827459428909	4.72031791229764	0.999995595827004
9.15	6.85	0.99999307447155	0.800017836161445	0.00031104452179634	4.64031634795749	0.99999722978862
9.25	6.85	0.999995798782833	0.800016814593119	0.000303620609936332	4.56031478744394	0.999998319513133
9.35	6.85	0.999997574369483	0.80001592101792	0.000296530199583456	4.48031325304709	0.999999029747793
9.45	6.85	0.999998699621911	0.800015139839906	0.000289750362208805	4.40031175759822	0.999999479848765
9.55	6.85	0.999999387701167	0.800014457205777	0.000283260495300082	4.320310307409	0.999999755080467
9.65	6.85	0.999999788552753	0.800013860800247	0.000277042074837469	4.24030890443867	0.999999915421101
9.75	6.85	1.00000000585631	0.800013339670216	0.000271078429455945	4.1603075478652	1.00000000234252
9.85	6.85	1.00000010991369	0.800012884072651	0.000265354535651995	4.08030623520279	1.00000004396548
9.95	6.85	1.00000014732111	0.800012485341978	0.000259856833105898	4.00030496307861	1.00000005892844
10.05	6.85	1.00000014812799	0.800012135773691	0.000254573058941792	3.92030372775774	1.0000000592512
10.15	6.85	1.00000013105789	0.800011828521711	0.000249492099831269	3.84030252548508	1.00000005242316
10.25	6.85	1.00000010725565	0.800011557507345	0.000244603860465157	3.76030135269659	1.00000004290226
10.35	6.85	1.00000008293005	0.800011317338314	0.000239899147102354	3.68030020613961	1.00000003317202
10.45	6.85	1.00000006118115	0.800011103236467	0.000235369564837353	3.60029908293123	1.00000002447246
10.55	6.85	1.00000004323574	0.800010910973211	0.000231007427200427	3.520297980576	1.0000000172943
10.65	6.85	1.00000002926065	0.80001073681171	0.000226805676855677	3.44029689695822	1.00000001170426
10.75	6.85	1.00000001888086	0.800010577455126	0.000222757816141323	3.36029583031914	1.00000000755234
10.85	6.85	1.00000001149589	0.800010430000297	0.000218857846335813	3.28029477922641	1.00000000459836
10.95	6.85	1.00000000646183	0.800010291896191	0.00021510021462532	3.20029374254038	1.00000000258473
11.05	6.85	1.00000000318672	0.800010160906793	0.000211479767811357	3.12029271938011	1.00000000127469
11.15	6.85	1.00000000117232	0.800010035077818	0.000207991711900448	3.04029170909103	1.00000000046893
11.25	6.85	1.00000000002446	0.800009912706956	0.000204631576842158	2.96029071121498	1.00000000000978
11.35	6.85	0.999999999446418	0.800009792317171	0.000201395185694355	2.88028972546307	0.999999999778567
11.45	6.85	0.999999999224485	0.800009672632951	0.000198278627693992	2.80028875169154	0.999999999689794
11.55	6.85	0.999999999210983	0.800009552558862	0.000195278234644777	2.7202877898803	0.999999999684393
11.65	6.85	0.999999999307705	0.800009431160499	0.000192390560218493	2.64028684011411	0.999999999723082
11.75	6.85	0.999999999451181	0.800009307647272	0.000189612361782866	2.56028590256608	0.999999999780472
11.85	6.85	0.99999999960035	0.800009181357161	0.000186940584393786	2.48028497748316	0.99999999984014
11.95	6.85	0.999999999726867	0.800009051742874	0.000184372346682773	2.40028406517348	0.999999999890747
12.05	6.85	0.999999999808243	0.80000891835956	0.000181904928401865	2.32028316599527	0.999999999923297
12.15	6.85	0.999999999824271	0.800008780853711	0.000179535759379138	2.24028228034709	0.999999999929708
12.25	6.85	0.999999999757423	0.800008638953248	0.000177262409664362	2.16028140865917	0.999999999902969
12.35	6.85	0.99999999959807	0.80000849245851	0.000175082580688925	2.08028055138562	0.999999999839228
12.45	6.85	0.999999999355152	0.800008341234091	0.00017299409722478	2.00027970899723	0.999999999742061
12.55	6.85	0.999999999072034	0.800008185201301	0.000170994899943704	1.92027888197463	0.999999999628814
12.65	6.85	0.999999998845332	0.800008024331086	0.000169083038448696	1.84027807080156	0.999999999538133
12.75	6.85	0.999999998841396	0.800007858637247	0.000167256664636231	1.76027727595831	0.999999999536558
12.85	6.85	0.999999999300814	0.80000768816984	0.000165514026469936	1.68027649791523	0.999999999720326
12.95	6.85	1.0000000005165	0.8000075130088	0.000163853462353784	1.6002757371272	1.0000000002066
13.05	6.85	1.00000000276704	0.800007333258039	0.000162273396639091	1.52027499402985	1.00000000110682
13.15	6.85	1.00000000618674	0.800007149040521	0.000160772337114799	1.44027426903944	1.0000000024747
13.25	6.85	1.00000001056098	0.80000696049533	0.000159348875547024	1.36027356255846	1.00000000422439
13.35	6.85	1.00000001505515	0.800006767777982	0.000158001692512978	1.2802728749891	1.00000000602206
13.45	6.85	1.00000001792154	0.800006571065538	0.000156729567292068	1.20027220675615	1.00000000716862
13.55	6.85	1.00000001628441	0.800006370567694	0.00015553139259722	1.12027155833827	1.00000000651376
13.65	6.85	1.00000000617462	0.800006166544076	0.000154406191512318	1.04027093030237	1.00000000246985
13.75	6.85	0.999999983058771	0.800005959325509	0.000153353130690757	0.960270323329224	0.999999993223508
13.85	6.85	0.9999999431547	0.800005749333407	0.000152371519080411	0.880269738209741	0.99999997726188
13.95	6.85	0.999999885798208	0.800005537086045	0.000151460776466607	0.800269175782484	0.999999954319283
14.05	6.85	0.999999816958598	0.800005323174512	0.000150620352539936	0.720268636777226	0.999999926783439
14.15	6.85	0.999999753618224	0.800005108186059	0.000149849577999166	0.640268121532292	0.99999990144729
14.25	6.85	0.999999728069913	0.800004892551654	0.000149147438955443	0.560267629573144	0.999999891227965
14.35	6.85	0.999999790234754	0.800004676302476	0.000148512289740574	0.480267159085175	0.999999916093902
14.45	6.85	1.00000000496047	0.800004458742742	0.000147941561949576	0.400266706392664	1.00000000198419
14.55	6.85	1.0000004402113	0.800004238089479	0.000147431590767862	0.320266265669904	1.00000017608452
14.65	6.85	1.00000114164464	0.800004011196717	0.000146977758060786	0.24026582924806	1.00000045665786
14.75	6.85	1.00000209012483	0.800003773461881	0.000146575227398352	0.160265389008561	1.00000083604993
14.85	6.85	1.00000314233846	0.800003100081178	0.000146220608464739	0.0802649394278091	1.00000125693539
14.95	6.85	1.00000396199085	0.400004438871141	0.00014596221853999	0.000264566690894306	1.00000158479634
0.05	6.95	-4.56205449017455e-06	0.400001348269069	-0.000701158620806846	10.4575430511521	0.599998175178204
0.15	6.95	-5.10768265822935e-06	0.800004353615936	-0.000701933948880841	10.4095430353432	0.599997956926937
0.25	6.95	-5.4360252109699e-06	0.800007451177249	-0.000703499102419057	10.3615428556031	0.599997825589916
0.35	6.95	-4.80384199727452e-06	0.800010665229275	-0.000705867777468581	10.3135424890965	0.599998078463201
0.45	6.95	-2.43873695994921e-06	0.800014064981806	-0.000709064915900001	10.2655418832056	0.599999024505216
0.55	6.95	2.41154634904283e-06	0.800017695464112	-0.000713129492753227	10.2175409573549	0.60000096461854
0.65	6.95	1.03614681043495e-05	0.80002160041326	-0.00071811813742957	10.169539605376	0.600004144587242
0.75	6.95	2.1738047611066e-05	0.800025829026091	-0.000724104912868842	10.1215377021162	0.600008695219044
0.85	6.95	3.64042205275445e-05	0.800030378008731	-0.000731142626491019	10.07353511457	0.600014561688211
0.95	6.95	5.30846195555785e-05	0.800035009200661	-0.000739342768437596	10.0255317267479	0.600021233847822
1.05	6.95	6.67573753014877e-05	0.800040205582446	-0.000748913063011782	9.9775275158471	0.600026702950121
1.15	6.95	7.12596936410231e-05	0.800046166835329	-0.000760074792273607	9.92952262933099	0.600028503877456
1.25	6.95	5.97420439760272e-05	0.800053166357833	-0.000773057529172054	9.88151741487726	0.60002389681759
1.35	6.95	2.56739226953346e-05	0.800061575838381	-0.000788089593516144	9.83351242555132	0.600010269569078
1.45	6.95	-3.55335771318229e-05	0.800071849433402	-0.000805382459077595	9.78550838244151	0.599985786569147
1.55	6.95	-0.000124442362725663	0.800084485870378	-0.000825109724481056	9.73750607788906	0.59995022305491
1.65	6.95	-0.000235339636765755	0.800099974807312	-0.000847387872268168	9.6895062092001	0.599905864145294
1.75	6.95	-0.000354274310760821	0.800118733517825	-0.000872269010386918	9.64150914443606	0.599858290275696
1.85	6.95	-0.000457952331566849	0.800141036608148	-0.000899758990065264	9.59351463799801	0.599816819067373
1.95	6.95	-0.000514200774659444	0.800166918730269	-0.000929879938314062	9.54552153405248	0.599794319690136
2.05	6.95	-0.000484981593165404	0.800195976601804	-0.00096280492823073	9.49752752335355	0.599806007362734
2.15	6.95	-0.000333515725977043	0.800227123102041	-0.000999092141276882	9.4495290631671	0.599866593709609
2.25	6.95	-3.66116561019558e-05	0.800267514245682	-0.0010398061316786	9.401521619523	0.599985355337559
2.35	6.95	0.00046666044839618	0.800313691425287	-0.00108543275939316	9.35349930525642	0.600186664179358
2.45	6.95	0.00124829432569851	0.800366126415999	-0.00113564547905142	9.30545409843549	0.600499317730279
2.55	6.95	0.00239248625850332	0.800425562936209	-0.0011901813682659	9.25737544254407	0.600956994503401
2.65	6.95	0.00399653607642875	0.800492905094926	-0.00124887523958581	9.20924983016122	0.601598614430571
2.75	6.95	0.00617230500292181	0.800569125689099	-0.00131152448457822	9.16106035787535	0.602468922001169
2.85	6.95	0.00904830211166377	0.800655278192989	-0.00137777147322256	9.11278622637117	0.603619320844666
2.95	6.95	0.0127726874652236	0.800752535178669	-0.00144700259396609	9.06440215865636	0.605109074986089
3.05	6.95	0.0175175776150895	0.800862219774151	-0.00151823701852099	9.01587770102529	0.607007031046036
3.15	6.95	0.0234851001523373	0.800985811559624	-0.00158998480100849	8.96717635881417	0.609394040060935
3.25	6.95	0.0309156488026775	0.801124903398184	-0.00166006210696441	8.9182545048889	0.612366259521071
3.35	6.95	0.0400986697193189	0.80128106868961	-0.00172535953929522	8.86905998651742	0.616039467887728
3.45	6.95	0.0513859331038248	0.801455572413323	-0.0017815722433729	8.81953035204836	0.62055437324153
3.55	6.95	0.065206400410675	0.80164882872139	-0.0018229235175425	8.76959063422174	0.62608256016427
3.65	6.95	0.0820801901209204	0.801859487671662	-0.00184195267107835	8.71915068162054	0.632832076048368
3.75	6.95	0.102626456828664	0.802083061124657	-0.00182949527426588	8.66810215313622	0.641050582731465
3.85	6.95	0.127556110470438	0.802310142983721	-0.00177505134404994	8.6163155186353	0.651022444188175
3.95	6.95	0.157635801666336	0.802524633581842	-0.00166778247478301	8.5636377708308	0.663054320666534
4.05	6.95	0.193606627245022	0.802702975214952	-0.00149833525571558	8.50989203322754	0.677442650898009
4.15	6.95	0.236044106172883	0.802816024694886	-0.00126146374883116	8.45488072427568	0.694417642469153
4.25	6.95	0.285161576892668	0.802835130877508	-0.00095896958032318	8.39839411070071	0.714064630757067
4.35	6.95	0.340591331033407	0.802742252539356	-0.000601919658035722	8.34022548971756	0.736236532413363
4.45	6.95	0.401218984102796	0.802540416137312	-0.000210825860286836	8.28019247589847	0.760487593641118
4.55	6.95	0.465169761049217	0.802257835175437	0.000187052339273291	8.21816108341139	0.786067904419687
4.65	6.95	0.530014121928349	0.801940700273276	0.00056284571070657	8.15406664848851	0.81200564877134
4.75	6.95	0.593165806812544	0.801636932637658	0.000891866909623167	8.08792500732369	0.837266322725018
4.85	6.95	0.652339289554582	0.801380183749148	0.0011578748390367	8.01982992675364	0.860935715821833
4.95	6.95	0.705897600522351	0.801182844185802	0.00135451773688152	7.94993764249354	0.882359040208941
5.05	6.95	0.752986390755987	0.801039487568576	0.00148410483518011	7.87844374125	0.901194556302395
5.15	6.95	0.793461410463764	0.80093562761074	0.0015548495384593	7.80555915694407	0.917384564185506
5.25	6.95	0.827694085258219	0.80085580844114	0.00157786455092583	7.7314905444669	0.931077634103288
5.35	6.95	0.856351245324469	0.80078812729555	0.00156474837322007	7.65642737020655	0.942540498129788
5.45	6.95	0.880212329435584	0.800725371118855	0.00152605406367473	7.58053549591354	0.952084931774234
5.55	6.95	0.900046949220536	0.800664228372625	0.0014705575293773	7.50395565765455	0.960018779688214
5.65	6.95	0.916548486511097	0.800603908505956	0.00140508962834026	7.42680495632421	0.966619394604439
5.75	6.95	0.93030825696196	0.800544908458803	0.00133469170781281	7.34917980407542	0.972123302784784
5.85	6.95	0.941814146600044	0.800488169854433	0.00126291332387941	7.27115928371873	0.976725658640018
5.95	6.95	0.951461427232729	0.800434607696915	0.00119213935263161	7.19280833656084	0.980584570893091
6.05	6.95	0.959567916995767	0.800384903281994	0.00112388801011259	7.11418051791819	0.983827166798307
6.15	6.95	0.966389203880286	0.800339453684564	0.00105905673318381	7.03532025366542	0.986555681552115
6.25	6.95	0.972131991473366	0.800298399085435	0.000998112709034206	6.95626463032185	0.988852796589346
6.35	6.95	0.976964971760328	0.800261679523329	0.00094123417532122	6.8770447910923	0.990785988704131
6.45	6.95	0.981027303733066	0.800229095286043	0.00088841180343457	6.79768701787445	0.992410921493226
6.55	6.95	0.984435052373632	0.800200359409037	0.000839519525551294	6.71821357173811	0.993774020949453
6.65	6.95	0.987286007917009	0.800175138667062	0.000794362877420007	6.6386433515362	0.994914403166804
6.75	6.95	0.989663273578422	0.800153083302648	0.000752711270495091	6.55899241703505	0.995865309431369
6.85	6.95	0.991637943178756	0.80013384727608	0.000714319036942727	6.47927441134856	0.996655177271503
6.95	6.95	0.993271118798775	0.800117101174017	0.000678938779879028	6.39950090813836	0.99730844751951
7.05	6.95	0.994615455588976	0.80010253973548	0.000646329540717713	6.31968170192172	0.99784618223559
7.15	6.95	0.995716369996431	0.800089885592591	0.000616261534707042	6.23982505456966	0.998286547998573
7.25	6.95	0.996613008669507	0.800078890447115	0.000588518656025606	6.15993790728348	0.998645203467803
7.35	6.95	0.99733904635127	0.800069334576621	0.000562899564156277	6.08002606465002	0.998935618540508
7.45	6.95	0.99792336004734	0.800061025307387	0.000539217892385188	6.00009435550127	0.999169344018936
7.55	6.95	0.998390611731335	0.800053794897086	0.000517301932778406	5.92014677401498	0.999356244692534
7.65	6.95	0.998761761269963	0.800047498131536	0.0004969940259402	5.84018660361977	0.999504704507985
7.75	6.95	0.99905452391018	0.800042009838437	0.000478149798954538	5.76021652568638	0.999621809564072
7.85	6.95	0.99928378167738	0.800037222452457	0.000460637339343428	5.6802387146045	0.999713512670952
7.95	6.95	0.999461954725899	0.800033043715345	0.00044433635642789	5.60025492059762	0.99978478189036
8.05	6.95	0.999599336576258	0.800029394561031	0.000429137358571345	5.52026654146879	0.999839734630503
8.15	6.95	0.999704395909734	0.800026207210995	0.000414940860877422	5.44027468436535	0.999881758363894
8.25	6.95	0.999784046905343	0.800023423488295	0.000401656629460137	5.36028021857784	0.999913618762137
8.35	6.95	0.999843889800554	0.800020993347029	0.000389202964140561	5.28028382033117	0.999937555920222
8.45	6.95	0.999888423290202	0.800018873605887	0.000377506019012503	5.20028601047512	0.999955369316081
8.55	6.95	0.999921230442312	0.800017026870028	0.000366499159636489	5.12028718593058	0.999968492176925
8.65	6.95	0.999945139930239	0.80001542062196	0.000356122355515732	5.04028764569371	0.999978055972096
8.75	6.95	0.9999623645067	0.800014026461486	0.00034632160679817	4.9602876121428	0.99998494580268
8.85	6.95	0.999974618745264	0.800012819474833	0.000337048404222761	4.8802872483305	0.999989847498106
8.95	6.95	0.999983218130881	0.80001177771335	0.000328259222092146	4.80028667188024	0.999993287252352
9.05	6.95	0.999989161586549	0.800010881764556	0.000319915043756497	4.72028596604009	0.99999566463462
9.15	6.95	0.999993199478774	0.800010114399365	0.000311980919430281	4.64028518838276	0.99999727979151
9.25	6.95	0.999995889055879	0.800009460281667	0.000304425556054094	4.5602843775773	0.999998355622351
9.35	6.95	0.999997639148933	0.800008905728389	0.000297220938781851	4.48028355859884	0.999999055659573
9.45	6.95	0.999998745814795	0.800008438510098	0.00029034198329095	4.40028274668728	0.999999498325918
9.55	6.95	0.999999420434284	0.800008047683871	0.000283766218351006	4.32028195031562	0.999999768173714
9.65	6.95	0.999999811604653	0.800007723451791	0.000277473497246531	4.24028117338376	0.999999924641861
9.75	6.95	1.00000002199196	0.80000745703993	0.000271445736831221	4.16028041681393	1.00000000879678
9.85	6.95	1.00000012114177	0.800007240593505	0.000265666682907877	4.08027967969007	1.00000004845671
9.95	6.95	1.00000015509026	0.800007067085106	0.000260121699925201	4.00027896005442	1.0000000620361
10.05	6.95	1.00000015347534	0.800006930233666	0.000254797583616175	3.92027825545005	1.00000006139014
10.15	6.95	1.00000013472052	0.800006824432061	0.000249682394551799	3.84027756327858	1.00000005388821
10.25	6.95	1.00000010975358	0.800006744682218	0.000244765310882998	3.76027688102539	1.00000004390143
10.35	6.95	1.00000008462751	0.800006686536537	0.000240036498519473	3.68027620639231	1.000000033851
10.45	6.95	1.00000006233146	0.800006646044823	0.000235486996974313	3.60027553736689	1.00000002493258
10.55	6.95	1.00000004401388	0.80000661970617	0.000231108619242321	3.52027487224969	1.00000001760555
10.65	6.95	1.00000002978668	0.800006604425248	0.000226893864156291	3.44027420965493	1.00000001191467
10.75	6.95	1.00000001923667	0.800006597472595	0.000222835839874364	3.36027354849507	1.00000000769467
10.85	6.95	1.00000001173703	0.800006596448537	0.000218928197004878	3.2802728879567	1.00000000469481
10.95	6.95	1.00000000662579	0.800006599250489	0.000215165070383513	3.20027222747232	1.00000000265032
11.05	6.95	1.00000000329871	0.80000660404332	0.000211541028219234	3.12027156669141	1.00000000131948
11.15	6.95	1.00000000124922	0.800006609232444	0.000208051027806525	3.0402709054522	1.00000000049969
11.25	6.95	1.00000000007753	0.800006613439564	0.000204690376893113	2.96027024375547	1.00000000003101
11.35	6.95	0.999999999483139	0.800006615480677	0.000201454699888051	2.88026958174073	0.999999999793256
11.45	6.95	0.999999999249783	0.80000661434623	0.000198339908375958	2.80026891966481	0.999999999699913
11.55	6.95	0.999999999228073	0.800006609183198	0.000195342175253283	2.72026825788295	0.999999999691229
11.65	6.95	0.999999999318688	0.800006599278882	0.000192457912073597	2.64026759683218	0.999999999727475
11.75	6.95	0.999999999457501	0.800006584046303	0.000189683749121468	2.56026693701664	0.999999999783
11.85	6.95	0.999999999603183	0.800006563011033	0.000187016517891491	2.48026627899485	0.999999999841273
11.95	6.95	0.999999999727489	0.800006535799294	0.000184453235625013	2.40026562336851	0.999999999890996
12.05	6.95	0.999999999808381	0.800006502127239	0.000181991091635145	2.32026497077271	0.999999999923352
12.15	6.95	0.999999999826388	0.80000646179129	0.000179627435181614	2.24026432186733	0.999999999930555
12.25	6.95	0.999999999764829	0.800006414659404	0.000177359764687305	2.16026367732943	0.999999999905932
12.35	6.95	0.999999999614684	0.80000636066318	0.00017518571802162	2.0802630378464	0.999999999845874
12.45	6.95	0.999999999384686	0.800006299790562	0.000173103063689055	2.00026240410955	0.999999999753874
12.55	6.95	0.999999999116348	0.800006232079215	0.000171109692692133	1.92026177680813	0.999999999646539
12.65	6.95	0.999999998901812	0.800006157610135	0.00016920361094126	1.84026115662328	0.999999999560725
12.75	6.95	0.999999998899426	0.800006076501581	0.000167382932053198	1.76026054422216	0.99999999955977
12.85	6.95	0.999999999337906	0.800005988903121	0.000165645870575985	1.68025994025215	0.999999999735162
12.95	6.95	1.00000000049536	0.800005894989852	0.000163990735930991	1.60025934533585	1.00000000019814
13.05	6.95	1.00000000263579	0.800005794957023	0.00016241592746461	1.52025876006785	1.00000000105431
13.15	6.95	1.00000000588556	0.800005689015635	0.000160919931547314	1.44025818501482	1.00000000235423
13.25	6.95	1.00000001003919	0.800005577389833	0.000159501321752398	1.36025762072106	1.00000000401568
13.35	6.95	1.00000001430226	0.800005460317436	0.000158158763350301	1.2802570677216	1.0000000057209
13.45	6.95	1.00000001701414	0.800005338054947	0.000156891022930549	1.20025652656402	1.00000000680566
13.55	6.95	1.00000001544534	0.80000521088827	0.000155696982813499	1.12025599783834	1.00000000617814
13.65	6.95	1.00000000583225	0.800005079149209	0.000154575657748446	1.04025548220968	1.0000000023329
13.75	6.95	0.999999983881066	0.800004943235763	0.000153526207850197	0.960254980442582	0.999999993552426
13.85	6.95	0.999999946016764	0.800004803630512	0.000152547937076141	0.880254493397387	0.999999978406706
13.95	6.95	0.9999998916266	0.800004660906562	0.000151640261530104	0.800254021970937	0.99999995665064
14.05	6.95	0.999999826388564	0.800004515704672	0.000150802628253697	0.720253566948193	0.999999930555426
14.15	6.95	0.999999766412551	0.800004368660566	0.000150034366073362	0.640253128734466	0.99999990656502
14.25	6.95	0.999999742296295	0.800004220260565	0.00014933445973177	0.560252706956552	0.999999896918518
14.35	6.95	0.999999801299359	0.800004070611216	0.000148701262479701	0.480252299964253	0.999999920519744
14.45	6.95	1.00000000476142	0.800003919130153	0.000148132204921938	0.40025190433845	1.00000000190457
14.55	6.95	1.00000041690486	0.800003764206271	0.000147623621292419	0.320251514619681	1.00000016676195
14.65	6.95	1.00000108077729	0.800003602940447	0.000147170892596852	0.240251123600823	1.00000043231092
14.75	6.95	1.00000197809649	0.800003431065787	0.000146769181837504	0.160250723647209	1.00000079123859
14.85	6.95	1.00000297318362	0.800002847906656	0.000146415098610183	0.0802503095751822	1.00000118927345
14.95	6.95	1.00000374808092	0.400004162587848	0.000146156959680049	0.000249962719770374	1.00000149923237
0.05	7.05	-4.54465116444551e-06	0.400000943487138	-0.000703631751471101	10.4575852072972	0.599998182139534
0.15	7.05	-5.08726279913146e-06	0.800003134364492	-0.000704454064015741	10.4095852395052	0.59999796509488
0.25	7.05	-5.41306917231023e-06	0.800005406552889	-0.000706114905543693	10.3615851567514	0.599997834772331
0.35	7.05	-4.7836625807517e-06	0.800007776661587	-0.00070863117012673	10.3135849371439	0.599998086534968
0.45	7.05	-2.43424747067609e-06	0.8000103054728	-0.000712031107488486	10.2655845296901	0.599999026301012
0.55	7.05	2.37520986854712e-06	0.800013028795084	-0.000716355644210657	10.2175838562563	0.600000950083947
0.65	7.05	1.02411764977645e-05	0.80001597946262	-0.000721660558774246	10.1695828141885	0.600004096470599
0.75	7.05	2.14895236378236e-05	0.800019206945197	-0.000728019951892798	10.1215812832366	0.600008595809455
0.85	7.05	3.62473494858979e-05	0.80002254421476	-0.00073553271016721	10.0735791339513	0.600014498939794
0.95	7.05	5.26484462108755e-05	0.800025990517681	-0.00074433656122613	10.0255762579883	0.600021059378484
1.05	7.05	6.59165313458267e-05	0.80002985537283	-0.000754618794431575	9.97757264542679	0.600026366612538
1.15	7.05	6.99273387830474e-05	0.800034309284902	-0.000766603849105393	9.9295684564702	0.600027970935513
1.25	7.05	5.78838675247556e-05	0.800039586483644	-0.000780533248568008	9.88156405270755	0.60002315354701
1.35	7.05	2.33578935250896e-05	0.800046010489587	-0.00079665094021555	9.83356000127231	0.60000934315741
1.45	7.05	-3.80852230440994e-05	0.800053978148863	-0.000815186442249145	9.78555703638304	0.599984765910782
1.55	7.05	-0.000126809412675576	0.80006392449472	-0.000836336570503828	9.73755596143301	0.59994927623493
1.65	7.05	-0.000236883842816695	0.80007627272115	-0.000860251712016087	9.68955748180881	0.599905246462873
1.75	7.05	-0.0003541628877848	0.800091373643191	-0.000887036139275872	9.64156197062644	0.599858334844886
1.85	7.05	-0.000455240669551927	0.800109433572097	-0.000916773431686367	9.5935691858883	0.599817903732179
1.95	7.05	-0.00050796351828038	0.800130402131318	-0.000949585102838951	9.54557797788343	0.599796814592688
2.05	7.05	-0.000474438123544573	0.800153731612314	-0.000985718585010754	9.49758605248851	0.599810224750582
2.15	7.05	-0.000318232135654546	0.800178205922937	-0.0010256420215238	9.44958989985068	0.599872707145738
2.25	7.05	-1.63846828172312e-05	0.800211107215146	-0.00107007041892745	9.4015850390515	0.599993446126873
2.35	7.05	0.000493733858397251	0.800248529229059	-0.00111946442501036	9.35356561575569	0.600197493543359
2.45	7.05	0.00128496576627474	0.800290809275017	-0.00117384273207729	9.30552360662907	0.60051398630651
2.55	7.05	0.00244201516558109	0.800338432851481	-0.0012331033309831	9.25744845080195	0.600976806066232
2.65	7.05	0.00406275314830895	0.800392004611491	-0.00129710153177361	9.2093266394564	0.601625101259324
2.75	7.05	0.00625979162595259	0.800452193127226	-0.00136560538079424	9.16114126648838	0.602503916650381
2.85	7.05	0.00916261750265353	0.800519733939268	-0.00143821533884031	9.11287152301089	0.603665047001061
2.95	7.05	0.0129206365758088	0.800595461986787	-0.00151426542333511	9.06449210976398	0.605168254630324
3.05	7.05	0.0177075327563134	0.800680348010059	-0.00159269938211249	9.01597253116375	0.607083013102525
3.15	7.05	0.0237273928108752	0.800775519560996	-0.00167191040119582	8.96727622194899	0.60949095712435
3.25	7.05	0.0312230431943437	0.800882242895111	-0.00174953440516765	8.91835944341058	0.612489217277737
3.35	7.05	0.0404869160981479	0.801001826579947	-0.00182219315734286	8.86916987414413	0.616194766439259
3.45	7.05	0.0518743709303257	0.801135382237831	-0.00188519667686441	8.81964481652554	0.62074974837213
3.55	7.05	0.0658185290793819	0.801283346863922	-0.00193223993027674	8.76970895655358	0.626327411631753
3.65	7.05	0.0828440352374455	0.801444649634655	-0.0019551719454794	8.71927167138917	0.633137614094978
3.75	7.05	0.103574422858732	0.801615431388237	-0.00194397876975064	8.66822400567384	0.641429769143493
3.85	7.05	0.1287238328957	0.801787367378471	-0.00188719541757651	8.61643567094056	0.65148953315828
3.95	7.05	0.159059346430573	0.801945994725409	-0.00177301036931342	8.56375278990163	0.663623738572229
4.05	7.05	0.195317371278601	0.802070034961613	-0.00159127484158507	8.50999759086016	0.67812694851144
4.15	7.05	0.23806101491748	0.802133300154718	-0.00133637769545658	8.45497172857984	0.695224405966992
4.25	7.05	0.287481637636164	0.802110673291928	-0.00101044548788535	8.3984650611645	0.714992655054466
4.35	7.05	0.343180591141869	0.801987882281384	-0.000625720126443702	8.34027108030266	0.737272236456748
4.45	7.05	0.404008242664778	0.801771287362334	-0.000204683136202199	8.28020838094511	0.761603297065911
4.55	7.05	0.468058935936472	0.801491115285655	0.000222958026577347	8.21814474879403	0.787223574374589
4.65	7.05	0.532886403536757	0.801193533496098	0.000625901908102336	8.15401784048869	0.813154561414703
4.75	7.05	0.595907812894903	0.800924304946043	0.00097753170931426	8.08784591317415	0.838363125157961
4.85	7.05	0.654859919180143	0.800713417246247	0.00126048130279907	8.01972475945795	0.861943967672057
4.95	7.05	0.708139083399398	0.800569087605503	0.00146812363514462	7.94981189282325	0.883255633359759
5.05	7.05	0.754925443137155	0.800482060282437	0.00160318195405054	7.87830332775326	0.901970177254862
5.15	7.05	0.795102908669455	0.800434809240711	0.00167471763605324	7.80540970324776	0.918041163467782
5.25	7.05	0.829061558288558	0.800409710240574	0.00169487558753574	7.73133690661347	0.931624623315423
5.35	7.05	0.857477779789559	0.800393452708003	0.00167628257758542	7.65627342384612	0.942991111915824
5.45	7.05	0.881133719465746	0.800378010835173	0.0016304026996139	7.58038412377219	0.952453487786298
5.55	7.05	0.900797420779495	0.800359699841409	0.0015667554533664	7.50380885778796	0.960318968311798
5.65	7.05	0.917158527782667	0.80033766713631	0.00149274051021948	7.42666400305086	0.966863411113067
5.75	7.05	0.93080386816165	0.800312557325979	0.00141380993859903	7.34904541592456	0.97232154726466
5.85	7.05	0.942216907286148	0.800285590934286	0.00133379287319266	7.27103177374877	0.976886762914459
5.95	7.05	0.951788957227793	0.80025803420943	0.00125525135318804	7.19268773535301	0.980715582891117
6.05	7.05	0.959834472971782	0.800230949657889	0.00117980442972715	7.1140666683385	0.983933789188713
6.15	7.05	0.966606273947175	0.800205116655878	0.00110839572784444	7.03521288072588	0.98664250957887
6.25	7.05	0.972308825518774	0.800181040444835	0.00104150098852254	6.95616339091223	0.98892353020751
6.35	7.05	0.977109027524517	0.80015899838131	0.000979282179861797	6.87694930832176	0.990843611009807
6.45	7.05	0.981144609676221	0.800139095341089	0.000921698223830037	6.79759690409645	0.992457843870488
6.55	7.05	0.98453049729475	0.800121314905484	0.00086858245584928	6.71812844349355	0.9938121989179
6.65	7.05	0.987363569808375	0.800105561333974	0.000819695557308532	6.63856283885829	0.99494542792335
6.75	7.05	0.989726199732712	0.800091691582521	0.000774760919455066	6.55891616889964	0.995890479893085
6.85	7.05	0.991688891930401	0.800079538482524	0.000733487704581883	6.4792020985396	0.99667555677216
6.95	7.05	0.993312271379763	0.800068926785032	0.000695585453561773	6.39943222441476	0.997324908551905
7.05	7.05	0.994648604809866	0.80005968376448	0.000660772983798581	6.31961636409426	0.997859441923946
7.15	7.05	0.99574299096632	0.800051645831668	0.000628783495581815	6.23976280190018	0.998297196386528
7.25	7.05	0.996634315563919	0.800044662304665	0.000599367207053784	6.15987850048142	0.998653726225568
7.35	7.05	0.997356038294421	0.800038597208149	0.00057229241261728	6.07996928464744	0.998942415317769
7.45	7.05	0.997936858450034	0.800033329742658	0.000547345563701753	6.0000400021236	0.999174743380013
7.55	7.05	0.998401290873239	0.800028753888084	0.000524330766078849	5.92009466462185	0.999360516349296
7.65	7.05	0.998770173496387	0.800024777473131	0.000503068949249234	5.84013657176216	0.999508069398555
7.75	7.05	0.999061120497403	0.800021320944533	0.000483396869720447	5.76016841980765	0.999624448198961
7.85	7.05	0.999288930182319	0.800018316000005	0.0004651660480429	5.68019239680114	0.999715572072928
7.95	7.05	0.999465953456409	0.800015704195938	0.000448241699021953	5.60021026544803	0.999786381382564
8.05	7.05	0.999602426683106	0.800013435604356	0.000432501688615978	5.52022343493363	0.999840970673243
8.15	7.05	0.999706771499188	0.800011467565359	0.000417835535015501	5.4402330227605	0.999882708599675
8.25	7.05	0.999785863493887	0.800009763561847	0.000404143461786158	5.36023990761911	0.999914345397555
8.35	7.05	0.999845271374249	0.800008292228203	0.000391335505395913	5.28024477424899	0.999938108549699
8.45	7.05	0.999889468185731	0.800007026494643	0.000379330676891761	5.20024815119706	0.999955787274293
8.55	7.05	0.9999220162313	0.800005942861708	0.000368056175896728	5.12025044232888	0.99996880649252
8.65	7.05	0.999945727460273	0.800005020794839	0.000357446655115812	5.0402519528952	0.999978290984109
8.75	7.05	0.999962801229782	0.800004242226047	0.00034744353310508	4.96025291089808	0.999985120491913
8.85	7.05	0.999974941445607	0.800003591149074	0.000337994353864548	4.88025348443932	0.999989976578243
8.95	7.05	0.999983455148229	0.800003053293542	0.00032905219139032	4.80025379566993	0.999993382059292
9.05	7.05	0.999989334617682	0.800002615865047	0.000320575098098065	4.72025393189371	0.999995733847073
9.15	7.05	0.999993325028174	0.800002267338631	0.000312525595532434	4.64025395431369	0.999997330011269
9.25	7.05	0.999995979596302	0.800001997295093	0.000304870206261282	4.56025390484698	0.999998391838521
9.35	7.05	0.999997704043655	0.800001796290548	0.000297579025368782	4.48025381137426	0.999999081617462
9.45	7.05	0.999998792045375	0.800001655751791	0.000290625329938713	4.40025369173502	0.99999951681815
9.55	7.05	0.999999453170784	0.800001567891	0.000283985224917482	4.32025355672926	0.999999781268313
9.65	7.05	0.999999834649141	0.800001525634981	0.000277637323311318	4.24025341234156	0.999999933859657
9.75	7.05	1.00000003812092	0.800001522565003	0.00027156245882591	4.16025326136385	1.00000001524837
9.85	7.05	1.00000013236846	0.800001552864451	0.000265743428559905	4.08025310455944	1.00000005294738
9.95	7.05	1.00000016286415	0.800001611272315	0.00026016476378317	4.00025294148151	1.00000006514566
10.05	7.05	1.00000015883259	0.800001693040771	0.000254812526418627	3.92025277103534	1.00000006353304
10.15	7.05	1.00000013839659	0.800001793896216	0.000249674128967473	3.8402525918533	1.00000005535864
10.25	7.05	1.00000011226685	0.800001910002816	0.000244738175714552	3.76025240253554	1.00000004490674
10.35	7.05	1.00000008634084	0.800002037928393	0.000239994323186391	3.68025220179611	1.00000003453633
10.45	7.05	1.00000006349712	0.800002174612238	0.000235433157675088	3.60025198854416	1.00000002539885
10.55	7.05	1.00000004480615	0.800002317334837	0.000231046088111111	3.52025176192166	1.00000001792246
10.65	7.05	1.00000003032525	0.800002463689412	0.000226825252470997	3.44025152131316	1.0000000121301
10.75	7.05	1.00000001960327	0.800002611555193	0.000222763436039034	3.36025126633833	1.00000000784131
10.85	7.05	1.00000001198721	0.800002759072467	0.000218854000254972	3.28025099683475	1.00000000479489
10.95	7.05	1.00000000679717	0.800002904619361	0.000215090820616501	3.20025071283583	1.00000000271887
11.05	7.05	1.00000000341666	0.800003046790178	0.000211468232600286	3.12025041454705	1.00000000136667
11.15	7.05	1.00000000133083	0.800003184375504	0.000207980984529343	3.04025010232241	1.00000000053233
11.25	7.05	1.00000000013427	0.800003316343749	0.000204624196402058	2.96024977664224	1.00000000005371
11.35	7.05	0.999999999522673	0.800003441824186	0.000201393324000094	2.88024943809281	0.999999999809069
11.45	7.05	0.999999999277206	0.800003560091426	0.000198284127411837	2.80024908734809	0.999999999710882
11.55	7.05	0.999999999246748	0.800003670551121	0.000195292643545523	2.72024872515343	0.999999999698699
11.65	7.05	0.999999999330839	0.800003772726978	0.000192415161904115	2.64024835231134	0.999999999732336
11.75	7.05	0.99999999946467	0.800003866248795	0.000189648203382492	2.56024796966889	0.999999999785868
11.85	7.05	0.999999999606627	0.800003950841679	0.000186988501483963	2.48024757810677	0.999999999842651
11.95	7.05	0.999999999728546	0.800004026316094	0.000184432985843201	2.40024717852972	0.999999999891418
12.05	7.05	0.999999999808828	0.800004092558933	0.000181978767547521	2.32024677185814	0.999999999923531
12.15	7.05	0.999999999828726	0.800004149525338	0.00017962312617371	2.24024635902078	0.99999999993149
12.25	7.05	0.999999999772398	0.800004197231285	0.000177363498201251	2.16024594094823	0.999999999908959
12.35	7.05	0.999999999631426	0.800004235746809	0.000175197466567643	2.08024551856707	0.999999999852571
12.45	7.05	0.999999999414329	0.800004265189786	0.000173122751239209	2.00024509279443	0.999999999765732
12.55	7.05	0.999999999160763	0.800004285720128	0.000171137200492777	1.92024466453278	0.999999999664305
12.65	7.05	0.999999998958383	0.800004297534257	0.000169238782752645	1.84024423466475	0.999999999583353
12.75	7.05	0.999999998957524	0.80000430085975	0.000167425578909179	1.76024380404792	0.999999999583009
12.85	7.05	0.999999999375019	0.800004295950078	0.000165695775125152	1.68024337350981	0.999999999750008
12.95	7.05	1.00000000047415	0.800004283079455	0.000164047656313419	1.60024294384344	1.00000000018966
13.05	7.05	1.00000000250435	0.800004262538069	0.000162479600849722	1.52024251580464	1.00000000100174
13.15	7.05	1.00000000558405	0.800004234628143	0.000160990077286531	1.44024209011246	1.00000000223362
13.25	7.05	1.00000000951689	0.800004199661783	0.000159577644247947	1.36024166745471	1.00000000380675
13.35	7.05	1.00000001354873	0.800004157961663	0.000158240954589181	1.28024124850061	1.00000000541949
13.45	7.05	1.00000001610607	0.800004109866028	0.000156978764759359	1.20024083392171	1.00000000644243
13.55	7.05	1.00000001460578	0.800004055738981	0.000155789948935124	1.12024042442031	1.00000000584231
13.65	7.05	1.00000000548988	0.800003995986284	0.000154673515499924	1.04024002076048	1.00000000219595
13.75	7.05	0.999999984704231	0.800003931074619	0.000153628619726849	0.960239623791084	0.999999993881692
13.85	7.05	0.999999948880938	0.800003861549054	0.000152654562031126	0.880239234442355	0.999999979552375
13.95	7.05	0.999999897458581	0.800003788038628	0.000151750756056068	0.800238853669713	0.999999958983432
14.05	7.05	0.999999835823525	0.800003711234687	0.000150916647268014	0.720238482313525	0.99999993432941
14.15	7.05	0.999999779212713	0.800003631822197	0.000150151563604978	0.640238120846235	0.999999911685085
14.25	7.05	0.99999975652817	0.800003550343433	0.000149454489502371	0.560237768996073	0.999999902611268
14.35	7.05	0.999999812367329	0.800003466980786	0.000148823778366128	0.480237425277309	0.999999924946932
14.45	7.05	1.00000000456148	0.80000338126567	0.000148256861439353	0.40023708652747	1.00000000182459
14.55	7.05	1.00000039359138	0.800003291759097	0.000147750074087787	0.320236747653353	1.00000015743655
14.65	7.05	1.00000101989578	0.800003195808939	0.000147298798966254	0.240236401909523	1.00000040795831
14.75	7.05	1.00000186604759	0.800003089483965	0.000146898201093785	0.160236042145142	1.00000074641904
14.85	7.05	1.00000280400432	0.800002596229924	0.000146544891824289	0.0802356635163655	1.00000112160173
14.95	7.05	1.00000353414571	0.400003886520212	0.000146287163097651	0.000235342509408796	1.00000141365828
0.05	7.15	-4.52774405607261e-06	0.400000517061838	-0.000705272794565629	10.4576274875159	0.599998188902378
0.15	7.15	-5.06809288139368e-06	0.800001849755086	-0.000706134379351872	10.4096275703539	0.599997972762847
0.25	7.15	-5.39162679554063e-06	0.800003250247427	-0.000707874494344617	10.3616275898961	0.599997843349282
0.35	7.15	-4.76169682606006e-06	0.800004725138099	-0.000710512775482582	10.3136275253765	0.599998095321269
0.45	7.15	-2.4146056361617e-06	0.800006324230734	-0.000714079984927751	10.2656273276115	0.599999034157745
0.55	7.15	2.39020107831698e-06	0.800008071329964	-0.000718617891134142	10.2176269209811	0.600000956080431
0.65	7.15	1.02508762328569e-05	0.800009985873314	-0.000724179779200085	10.1696262060485	0.600004100350493
0.75	7.15	2.14694247799303e-05	0.800012087494572	-0.000730836967332335	10.1216250665777	0.600008587769912
0.85	7.15	3.58648727283205e-05	0.800014333750492	-0.000738729309527972	10.0736233814456	0.600014345949091
0.95	7.15	5.20777777334604e-05	0.800016445379562	-0.000748010240754295	10.0256210510897	0.600020831111093
1.05	7.15	6.50421643850919e-05	0.800018844433676	-0.000758840708120204	9.9776180749035	0.600026016865754
1.15	7.15	6.86447935809893e-05	0.800021651237974	-0.000771445656872487	9.9296146269056	0.600027457917432
1.25	7.15	5.61604481108326e-05	0.800025053963004	-0.000786071116284252	9.88161108330839	0.600022464179244
1.35	7.15	2.12704001348125e-05	0.800029322646095	-0.000802968522127189	9.8336080259826	0.600008508160054
1.45	7.15	-4.03087144301125e-05	0.800034792884886	-0.000822379232160016	9.78560620316381	0.599983876514228
1.55	7.15	-0.000128752406111807	0.80004183102735	-0.000844519534836807	9.73760643062943	0.599948499037555
1.65	7.15	-0.000237922467905503	0.800050783851485	-0.000869571349545637	9.68960942394311	0.599904831012838
1.75	7.15	-0.00035347792775665	0.800061915990248	-0.000897686794738	9.64161556448414	0.599858608828897
1.85	7.15	-0.000451867737324617	0.800075334295926	-0.000929014994773761	9.59362461826947	0.59981925290507
1.95	7.15	-0.000500881744217655	0.800090876759826	-0.000963751690870053	9.54563544652862	0.599799647302313
2.05	7.15	-0.000462688279864455	0.800107895859213	-0.0010021879102958	9.49764577302748	0.599814924688054
2.15	7.15	-0.000300919840761821	0.800125061299072	-0.00104469881061947	9.44965211495981	0.599879632063695
2.25	7.15	7.29662348042435e-06	0.800149680762395	-0.00109171296772604	9.40165002743718	0.600002918649392
2.35	7.15	0.000525485098478771	0.800177564098491	-0.00114360735278219	9.35363368607662	0.600210194039391
2.45	7.15	0.0013272997203505	0.800208832173588	-0.00120060410413763	9.30559508110846	0.60053091988814
2.55	7.15	0.00249817593138956	0.80024370156994	-0.00126272934930469	9.25752365672741	0.600999270372556
2.65	7.15	0.00413673489698383	0.800282473173007	-0.00132985482426273	9.20940590481837	0.601654693958794
2.75	7.15	0.00635645464668726	0.800325489302469	-0.00140170930176706	9.1612249152888	0.602542581858675
2.85	7.15	0.00928787577946429	0.800373143246853	-0.00147783405891479	9.11295986733906	0.603715150311786
2.95	7.15	0.0130817124489985	0.800425914640266	-0.00155749415629906	9.06458543663767	0.605232684979599
3.05	7.15	0.0179132844996688	0.800484412314246	-0.00163955159864464	9.01607108208897	0.607165313799867
3.15	7.15	0.0239887250804021	0.8005494094018	-0.00172229705772352	8.96738016259136	0.609595490032161
3.25	7.15	0.0315534080069832	0.800621849559016	-0.00180323363041785	8.91846882001128	0.612621363202793
3.35	7.15	0.0409028998523176	0.800702787351151	-0.00187881011469245	8.86928455263345	0.616361159940927
3.45	7.15	0.0523963343674735	0.800793200267555	-0.00194411434387371	8.81976440006781	0.620958533746989
3.55	7.15	0.0664712115096724	0.80089357821173	-0.00199256349573248	8.76983267814406	0.626588484603869
3.65	7.15	0.0836569384779995	0.801003173311435	-0.00201567328514373	8.71939826116509	0.6334627753912
3.75	7.15	0.104581643774961	0.801118815871611	-0.00200305355008371	8.66835153928065	0.641832657509985
3.85	7.15	0.129962824477921	0.801233341829821	-0.00194285337989541	8.61656141723107	0.651985129791168
3.95	7.15	0.160567914046666	0.80133402395703	-0.00182292669859942	8.56387309417838	0.664227165618667
4.05	7.15	0.197128203728355	0.801401979530039	-0.00163293130828457	8.51010785150232	0.678851281491342
4.15	7.15	0.24019347124296	0.801414103767732	-0.00136730790518995	8.45506654176903	0.696077388497184
4.25	7.15	0.289931637113061	0.801348939402366	-0.00102856336751384	8.39853860394838	0.715972654845224
4.35	7.15	0.345911253525961	0.801196082764082	-0.00062966226827972	8.34031775597264	0.738364501410384
4.45	7.15	0.406945586380664	0.800965268913655	-0.000194061004171302	8.28022365442159	0.762778234552265
4.55	7.15	0.471096824949992	0.800688694807802	0.000247487329309265	8.21812598091526	0.788438729979997
4.65	7.15	0.535901757636617	0.800412378545159	0.000662770950697147	8.15396485857175	0.814360703054647
4.75	7.15	0.598781914835321	0.800179751008741	0.00102454647101869	8.0877611031131	0.839512765934128
4.85	7.15	0.657498070088672	0.800016966000802	0.00131515155852343	8.01961263501619	0.862999228035469
4.95	7.15	0.710481873188628	0.799927938860829	0.00152795161631827	7.94967829793017	0.884192749275451
5.05	7.15	0.756949626318174	0.799899506412518	0.001665866253458	7.87815453793667	0.90277985052727
5.15	7.15	0.796814549137753	0.799911063206803	0.00173827034798102	7.80525166616636	0.918725819655101
5.25	7.15	0.83048598346873	0.799942797892285	0.00175767104928505	7.73117474808792	0.932194393387492
5.35	7.15	0.858650069133719	0.799979981326466	0.00173705958730267	7.6561112274995	0.943460027653488
5.45	7.15	0.882091590765838	0.80001376594358	0.00168823825460578	7.580224920594	0.952836636306335
5.55	7.15	0.901576818911965	0.800040084970463	0.00162102307360639	7.50365474190772	0.960630727564786
5.65	7.15	0.917791406447553	0.80005801594492	0.00154306215996204	7.42651630235898	0.967116562579021
5.75	7.15	0.931317441210445	0.800068345324558	0.00146000754807597	7.34890486979545	0.972526976484178
5.85	7.15	0.942633741734938	0.800072569490973	0.00137584320292478	7.27089869211456	0.977053496693975
5.95	7.15	0.952127468277744	0.800072305894831	0.00129324624593104	7.19256212898797	0.980850987311098
6.05	7.15	0.960109554699696	0.800069001012621	0.00121391727126596	7.11394834939305	0.984043821879878
6.15	7.15	0.966829924247456	0.8000638216221	0.00113885412140166	7.03510153698471	0.986731969698982
6.25	7.15	0.972490701871044	0.80005764489993	0.00106856516238298	6.9560586387676	0.988996280748417
6.35	7.15	0.977256913673287	0.800051093601209	0.00100322840677832	6.87685072943195	0.990902765469315
6.45	7.15	0.98126479490717	0.800044585968218	0.000942806454871421	6.79750407001177	0.992505917962868
6.55	7.15	0.984628079027282	0.800038385183102	0.00088712739449134	6.71804093166003	0.993851231610913
6.65	7.15	0.987442692702457	0.800032641992776	0.000835940474845208	6.63848024258359	0.994977077080983
6.75	7.15	0.989790243928413	0.800027428774318	0.000788953610078323	6.55883810317437	0.995916097571365
6.85	7.15	0.991740621280135	0.800022765474667	0.000745858077914204	6.4791282030672	0.996696248512054
6.95	7.15	0.993353950521969	0.800018638682595	0.000706344355826946	6.39936216479884	0.997341580208787
7.05	7.15	0.994682092073965	0.80001501525017	0.0006701119200477	6.31954983183867	0.997872836829586
7.15	7.15	0.995769812532778	0.800011851754223	0.000636874995229363	6.23969951366805	0.998307925013111
7.25	7.15	0.996655725046653	0.800009100864386	0.000606365631653206	6.15981819691305	0.998662290018661
7.35	7.15	0.997373064932227	0.800006715457166	0.000578335051751997	6.07991172893606	0.998949225972891
7.45	7.15	0.997950346340756	0.80000465111591	0.000552553901745234	5.99998497847877	0.999180138536302
7.55	7.15	0.998411931111718	0.800002867497223	0.0005288118325291	5.92004197670376	0.999364772444687
7.65	7.15	0.998778530643892	0.800001328919595	0.000506916688337006	5.84008604113901	0.999511412257557
7.75	7.15	0.999067654483337	0.800000004436559	0.000486693483424116	5.76011988446753	0.999627061793335
7.85	7.15	0.999294014492552	0.799998867585151	0.000467983280661413	5.68014570973661	0.999717605797021
7.95	7.15	0.99946989027693	0.799997895947582	0.000450642042410483	5.600165293323	0.999787956110772
8.05	7.15	0.999605459527491	0.799997070623645	0.000434539495619156	5.52018005683658	0.999842183810996
8.15	7.15	0.999709095742254	0.799996375680949	0.00041955803473311	5.44019112904492	0.999883638296902
8.25	7.15	0.999787635153203	0.799995797627237	0.000405591675082875	5.36019939882983	0.999915054061281
8.35	7.15	0.99984661441925	0.799995324931911	0.000392545062672279	5.28020556013197	0.9999386457677
8.45	7.15	0.999890480606236	0.799994947610939	0.000380332542087999	5.20021014978934	0.999956192242494
8.55	7.15	0.99992277505952	0.799994656880646	0.000368877282914973	5.12021357912519	0.999969110023808
8.65	7.15	0.999946292910334	0.79999444487898	0.000358110463165586	5.04021616008724	0.999978517164134
8.75	7.15	0.99996322009423	0.799994304449234	0.000347970508648717	4.96021812668248	0.999985288037692
8.85	7.15	0.999975249868101	0.79999422897866	0.000338402386471283	4.88021965239017	0.999990099947241
8.95	7.15	0.999983680874471	0.799994212283032	0.000329356950980009	4.80022086417167	0.999993472349788
9.05	7.15	0.999989498811954	0.799994248528437	0.000320790340591526	4.72022185363031	0.999995799524782
9.15	7.15	0.999993443730187	0.799994332182045	0.000312663423654976	4.64022268580981	0.999997377492075
9.25	7.15	0.999996064881953	0.799994457984037	0.000304941291459654	4.56022340605717	0.999998425952781
9.35	7.15	0.999997764943631	0.799994620934401	0.000297592796333991	4.48022404531615	0.999999105977453
9.45	7.15	0.999998835267066	0.79999481628944	0.000290590132781525	4.40022462416265	0.999999534106827
9.55	7.15	0.999999483661551	0.799995039563689	0.000283908459207346	4.3202251558428	0.99999979346462
9.65	7.15	0.999999856032609	0.799995286534163	0.000277525557827351	4.2402256485299	0.999999942413043
9.75	7.15	1.00000005303239	0.799995553244833	0.000271421530100713	4.1602261069768	1.00000002121295
9.85	7.15	1.00000014271077	0.799995836009763	0.000265578525284588	4.08022653370632	1.00000005708431
9.95	7.15	1.00000017000146	0.799996131414212	0.000259980499162329	4.00022692985335	1.00000006800058
10.05	7.15	1.00000016373582	0.799996436313025	0.00025461300058148	3.92022729574793	1.00000006549433
10.15	7.15	1.00000014175186	0.799996747826677	0.00024946298301636	3.84022763130878	1.00000005670075
10.25	7.15	1.0000001145556	0.799997063334692	0.000244518638936867	3.76022793630023	1.00000004582224
10.35	7.15	1.00000008789853	0.799997380467075	0.000239769254291243	3.68022821049273	1.00000003515941
10.45	7.15	1.00000006455597	0.799997697093983	0.00023520508127132	3.60022845375651	1.00000002582239
10.55	7.15	1.00000004552588	0.799998011314047	0.000230817226965199	3.52022866611037	1.00000001821035
10.65	7.15	1.00000003081507	0.799998321441797	0.000226597556298152	3.44022884774096	1.00000001232603
10.75	7.15	1.00000001993748	0.799998625994485	0.000222538607316878	3.36022899900374	1.00000000797499
10.85	7.15	1.00000001221612	0.799998923678674	0.000218633517386876	3.28022912041304	1.00000000488645
10.95	7.15	1.00000000695475	0.799999213376835	0.000214875958897087	3.20022921262633	1.0000000027819
11.05	7.15	1.00000000352578	0.799999494134104	0.000211260083231744	3.120229276426	1.00000000141031
11.15	7.15	1.00000000140687	0.799999765145525	0.000207780471859063	3.04022931270068	1.00000000056275
11.25	7.15	1.00000000018754	0.800000025743679	0.000204432093692114	2.96022932242719	1.00000000007502
11.35	7.15	0.999999999560083	0.800000275386996	0.000201210267737604	2.88022930665392	0.999999999824033
11.45	7.15	0.999999999303351	0.800000513648616	0.000198110630489993	2.80022926648571	0.999999999721341
11.55	7.15	0.999999999264669	0.800000740205983	0.000195129107220742	2.72022920307048	0.999999999705868
11.65	7.15	0.999999999342553	0.800000954831094	0.000192261886823397	2.64022911758737	0.999999999737021
11.75	7.15	0.999999999471591	0.800001157381394	0.000189505399638188	2.5602290112364	0.999999999788636
11.85	7.15	0.999999999609931	0.800001347791357	0.000186856297861012	2.48022888522941	0.999999999843972
11.95	7.15	0.999999999729527	0.800001526064717	0.000184311438240637	2.40022874078223	0.999999999891811
12.05	7.15	0.999999999809235	0.80000169226731	0.000181867866749126	2.32022857910776	0.999999999923694
12.15	7.15	0.999999999831047	0.800001846520447	0.000179522804927732	2.24022840141001	0.999999999932419
12.25	7.15	0.999999999779967	0.800001988994938	0.000177273637684246	2.1602282088788	0.999999999911987
12.35	7.15	0.999999999648183	0.800002119905471	0.00017511790233578	2.08022800268495	0.999999999859273
12.45	7.15	0.999999999444	0.800002239505479	0.000173053278645926	2.00022778397584	0.9999999997776
12.55	7.15	0.999999999205212	0.800002348082259	0.000171077579595771	1.92022755387111	0.999999999682085
12.65	7.15	0.999999999014987	0.80000244595232	0.000169188742834756	1.84022731345826	0.999999999605995
12.75	7.15	0.999999999015644	0.800002533456792	0.000167384822563831	1.76022706378831	0.999999999606258
12.85	7.15	0.999999999412127	0.800002610956874	0.00016566398195948	1.68022680587147	0.999999999764851
12.95	7.15	1.00000000045289	0.800002678829365	0.000164024486309213	1.6002265406734	1.00000000018116
13.05	7.15	1.00000000237279	0.80000273746249	0.000162464697392653	1.52022626911306	1.00000000094911
13.15	7.15	1.00000000528234	0.800002787252521	0.000160983069902366	1.44022599206348	1.00000000211293
13.25	7.15	1.00000000899432	0.800002828602004	0.000159578151026979	1.36022571035729	1.00000000359773
13.35	7.15	1.00000001279491	0.800002861920721	0.000158248584381439	1.280225424799	1.00000000511796
13.45	7.15	1.00000001519777	0.800002887630602	0.000156993119080768	1.20022513618501	1.00000000607911
13.55	7.15	1.00000001376615	0.800002906175698	0.00015581062368485	1.12022484533057	1.00000000550646
13.65	7.15	1.0000000051477	0.800002918037212	0.000154700102388744	1.04022455309926	1.00000000205908
13.75	7.15	0.999999985527912	0.800002923751826	0.000153660707534798	0.960224260424666	0.999999994211165
13.85	7.15	0.999999951745919	0.800002923928181	0.000152691737641904	0.88022396830716	0.999999980698368
13.95	7.15	0.999999903291455	0.800002919252165	0.000151792605307447	0.800223677760928	0.999999961316582
14.05	7.15	0.99999984525908	0.800002910466486	0.000150962755653465	0.720223389681849	0.999999938103632
14.15	7.15	0.999999792012701	0.800002898305943	0.000150201516891881	0.640223104609535	0.99999991680508
14.25	7.15	0.999999770758815	0.80000288336924	0.000149507874320396	0.560222822373636	0.999999908303526
14.35	7.15	0.999999823433412	0.80000286591496	0.000148880182889116	0.480222541652826	0.999999929373365
14.45	7.15	1.00000000436077	0.800002845588516	0.000148315876195717	0.40022225954115	1.00000000174431
14.55	7.15	1.00000037028206	0.800002821123127	0.000147811292915323	0.320221971311462	1.00000014811282
14.65	7.15	1.00000095902948	0.800002790113627	0.000147361819926612	0.240221670679743	1.00000038361179
14.75	7.15	1.00000175403239	0.800002748964214	0.000146962626899685	0.160221350978638	1.00000070161296
14.85	7.15	1.00000263488276	0.800002345223	0.000146610328839343	0.0802210077038076	1.00000105395311
14.95	7.15	1.00000332028936	0.400003610822416	0.000146353168744058	0.00022071249633553	1.00000132811574
0.05	7.25	-4.51369383056735e-06	0.400000073901385	-0.000706043761711287	10.4576698405919	0.599998194522468
0.15	7.25	-5.0533660630443e-06	0.800000514993062	-0.000706935453145998	10.4096699761595	0.599997978653575
0.25	7.25	-5.37680631861694e-06	0.800001008670351	-0.000708735140765932	10.3616701022008	0.599997849277473
0.35	7.25	-4.74732214226441e-06	0.80000155037465	-0.000711464885292856	10.3136701992225	0.599998101071143
0.45	7.25	-2.39985966708915e-06	0.800002178603112	-0.000715157593384331	10.2656702199674	0.599999040056133
0.55	7.25	2.40698643191971e-06	0.800002905970812	-0.000719856513989186	10.2176700913588	0.600000962794573
0.65	7.25	1.0261743519586e-05	0.800003740185534	-0.000725616240614195	10.1696697171754	0.600004104697408
0.75	7.25	2.14148580035541e-05	0.800004684730815	-0.000732512716529079	10.121668985749	0.600008565943201
0.85	7.25	3.55519159021335e-05	0.800005726738966	-0.00074067647745769	10.0736677844109	0.600014220766361
0.95	7.25	5.15224505174167e-05	0.800006465098846	-0.000750272016084418	10.0256660231584	0.600020608980207
1.05	7.25	6.42001673469247e-05	0.800007327015193	-0.000761471647423858	9.97766371108745	0.600025680066939
1.15	7.25	6.74600623821271e-05	0.800008399452858	-0.000774481538423974	9.92966103501511	0.600026984024953
1.25	7.25	5.46205134233945e-05	0.800009829161133	-0.000789540235754407	9.88165838560552	0.600021848205369
1.35	7.25	1.94566982512859e-05	0.800011835104217	-0.000806898354497307	9.83365635969659	0.600007782679301
1.45	7.25	-4.21784180350681e-05	0.800014693091708	-0.000826802387045251	9.78565572007741	0.599983128632786
1.55	7.25	-0.000130291685396492	0.800018701637459	-0.000849482207664546	9.7376572959203	0.599947883325841
1.65	7.25	-0.00023856199650296	0.800024131321595	-0.000875144109355983	9.68966181466496	0.599904575201399
1.75	7.25	-0.000352479180765073	0.800031159703105	-0.000903975810099251	9.64166966850612	0.599859008327694
1.85	7.25	-0.000448366420756182	0.800039791367036	-0.000936171990669291	9.59368063495773	0.599820653431698
1.95	7.25	-0.000493931978095374	0.800049747221663	-0.000971982616053251	9.54569359032604	0.599802427208762
2.05	7.25	-0.000451218961643655	0.800060258205196	-0.00101174998754084	9.49770627880401	0.599819512415342
2.15	7.25	-0.000283600877217998	0.800069871819956	-0.00105580970880852	9.44971523942544	0.599886559649113
2.25	7.25	3.1839689085624e-05	0.800085864666632	-0.00110425481410241	9.40171604611706	0.600012735875634
2.35	7.25	0.000558794685818412	0.800103925010585	-0.00115729907575337	9.35370289759138	0.600223517874327
2.45	7.25	0.00137157414983417	0.800123929560577	-0.001215338714921	9.3056678074895	0.600548629659934
2.55	7.25	0.00255646295584719	0.80014584059437	-0.00127846641601951	9.25760023157428	0.601022585182339
2.65	7.25	0.00421294952612256	0.800169668212731	-0.00134653384446857	9.20948666303072	0.601685179810449
2.75	7.25	0.0064554280486416	0.80019543734759	-0.00141921416469815	9.16131018529787	0.602582171219457
2.85	7.25	0.00941549451110783	0.800223211803335	-0.00149597954087203	9.11304996208082	0.603766197804443
2.95	7.25	0.0132451463659872	0.800253137287272	-0.00157601961648283	9.06468063995256	0.605298058546395
3.05	7.25	0.0181213001270408	0.800285491041506	-0.00165811705776722	9.01617162785761	0.607248520050816
3.15	7.25	0.0242520883545135	0.800320729430362	-0.00174048112062666	8.96748620378186	0.609700835341805
3.25	7.25	0.031885381217229	0.800359516176781	-0.00182053476841781	8.91858038423634	0.612754152486892
3.35	7.25	0.0413198272696059	0.800402696715836	-0.00189465406460301	8.86940148020525	0.616527930907842
3.45	7.25	0.052918283190067	0.800451157924235	-0.00195787126474439	8.81988626035716	0.621167313276027
3.55	7.25	0.0671225791619257	0.800505480069392	-0.00200357911325681	8.76995866098363	0.62684903166477
3.65	7.25	0.0844668407244455	0.800565263367962	-0.00202331827546115	8.7195270431587	0.633786736289778
3.75	7.25	0.105583750365958	0.800628032421943	-0.00200679417381521	8.66848113169071	0.642233500146383
3.85	7.25	0.13119411912994	0.80068775887523	-0.0019423426596816	8.61668901423323	0.652477647651976
3.95	7.25	0.162065683344654	0.800733386305285	-0.00181810773364276	8.56399495838879	0.664826273337861
4.05	7.25	0.198924558609563	0.800748314369774	-0.00162413184256454	8.5102192953735	0.679569823443825
4.15	7.25	0.242307139563059	0.800712355332266	-0.00135529035968202	8.45516208002541	0.696922855825223
4.25	7.25	0.292357909681999	0.80060749682451	-0.00101448580836853	8.39861234684774	0.7169431638728
4.35	7.25	0.348612770320585	0.800426956388667	-0.00061491790186586	8.34036406540281	0.739445108128234
4.45	7.25	0.409848275258629	0.800183596688514	-0.000180007592716992	8.28023798710718	0.763939310103452
4.55	7.25	0.474095106044215	0.799911385725823	0.000259833090326122	8.21810572414894	0.789638042417686
4.65	7.25	0.538873874541828	0.799656094140438	0.000672957275014992	8.15390989465405	0.815549549816731
4.75	7.25	0.601611097482834	0.799458858345471	0.00103273437437513	8.08767389031026	0.840644438993134
4.85	7.25	0.660091801380485	0.799342166021327	0.00132197565644738	8.01949776562291	0.864036720552194
4.95	7.25	0.712782702412949	0.799305882427258	0.00153426919750082	7.94954169321333	0.88511308096518
5.05	7.25	0.758935718767663	0.799333210227596	0.00167250301570862	7.87800254681199	0.903574287507065
5.15	7.25	0.79849272503375	0.799400707429825	0.00174584310879085	7.80509030565267	0.9193970900135
5.25	7.25	0.831881749547083	0.799486559922871	0.00176651343548888	7.73100920958836	0.932752699818833
5.35	7.25	0.859798273907724	0.79957473955146	0.00174723324311634	7.65594565580335	0.94391930956309
5.45	7.25	0.883029484988855	0.799655639027176	0.00169959399071519	7.58006240195541	0.953211793995542
5.55	7.25	0.902339782491946	0.799724827169408	0.00163327853611694	7.50349741812948	0.960935912996778
5.65	7.25	0.918410821717785	0.799781298625602	0.00155587375416005	7.42636554013472	0.967364328687114
5.75	7.25	0.931819995743379	0.799825950149153	0.00147302597653515	7.34876143787988	0.972727998297352
5.85	7.25	0.943041544549919	0.799860513229278	0.00138875029932773	7.27076292058976	0.977216617819968
5.95	7.25	0.952458550564617	0.799886913156073	0.00130577534234314	7.1924340403284	0.980983420225847
6.05	7.25	0.960378496642218	0.799906938617975	0.00122586107741363	7.11382776015095	0.984151398656887
6.15	7.25	0.967048471645994	0.799922106038731	0.00115006418580521	7.03498813336681	0.986819388658397
6.25	7.25	0.972668312155373	0.799933631883307	0.00107894632041366	6.95595203093782	0.989067324862149
6.35	7.25	0.977401213021173	0.799942457025401	0.00101273074480987	6.87675048940641	0.990960485208469
6.45	7.25	0.981381948935808	0.799949290908402	0.000951416503868074	6.79740975737027	0.992552779574323
6.55	7.25	0.984723088072721	0.799954658738567	0.000894859613638849	6.71795211046016	0.993889235229088
6.65	7.25	0.987519624916196	0.799958944121895	0.000842829610620719	6.6383964920604	0.995007849966478
6.75	7.25	0.989852418708599	0.799962424519637	0.000795048193466739	6.55875902413104	0.995940967483439
6.85	7.25	0.991790753739721	0.799965299331336	0.000751215118259969	6.47905342132932	0.996716301495888
6.95	7.25	0.993394265670056	0.799967711445308	0.000711025169788703	6.39929133270329	0.997357706268022
7.05	7.25	0.994714415534775	0.799969763407693	0.000674178971975774	6.31948262843438	0.99788576621391
7.15	7.25	0.995795643078103	0.799971529340521	0.000640389599355783	6.23963564409528	0.998318257231241
7.25	7.25	0.996676292982509	0.799973063588859	0.000609386363601274	6.15975739127946	0.998670517193003
7.35	7.25	0.997389379421619	0.799974406895874	0.000580916726484998	6.07985374090364	0.998955751768647
7.45	7.25	0.997963234011774	0.799975590735296	0.000554746990953292	5.99992958370458	0.99918529360471
7.55	7.25	0.998422067745435	0.799976640288296	0.000530662213027784	5.91998897122803	0.999368827098174
7.65	7.25	0.99878646731845	0.799977576436732	0.000508465631341531	5.84003523978098	0.99951458692738
7.75	7.25	0.999073839236387	0.799978417055057	0.000487977811684165	5.76007111926703	0.999629535694555
7.85	7.25	0.999298810328078	0.799979177813336	0.000469035635909868	5.68009882846446	0.999719524131231
7.95	7.25	0.999473590164921	0.799979872649781	0.000451491218446169	5.60012015807319	0.999789436065968
8.05	7.25	0.999608298911052	0.79998051402942	0.00043521080346809	5.52013654270727	0.999843319564421
8.15	7.25	0.999711262965422	0.799981113073238	0.000420073675447194	5.44014912291042	0.999884505186169
8.25	7.25	0.99978928014547	0.799981679616979	0.000405971102974685	5.36015879820369	0.999915712058188
8.35	7.25	0.999847855913401	0.799982222239395	0.000392805327416263	5.28016627211909	0.99993914236536
8.45	7.25	0.999891412119796	0.799982748285684	0.00038048860289954	5.20017209012427	0.999956564847919
8.55	7.25	0.999923469833521	0.79998326390066	0.000368942290929848	5.12017667129282	0.999969387933408
8.65	7.25	0.999946807969561	0.799983774078646	0.000358096011218274	5.04018033452182	0.999978723187825
8.75	7.25	0.999963599568953	0.799984282731892	0.000347886848853719	4.96018332004059	0.999985439827581
8.85	7.25	0.999975527697007	0.799984792775494	0.000338258617448339	4.88018580689298	0.999990211078803
8.95	7.25	0.999983882991335	0.799985306225657	0.000329161177395832	4.80018792701196	0.999993553196534
9.05	7.25	0.999989644903778	0.799985824306258	0.000320549807847611	4.72018977643945	0.999995857961511
9.15	7.25	0.999993548641637	0.79998634755939	0.000312384630823097	4.64019142418028	0.999997419456655
9.25	7.25	0.999996139729719	0.799986875955503	0.000304630085469325	4.56019291911581	0.999998455891888
9.35	7.25	0.999997817994444	0.799987408999582	0.000297254450342448	4.48019429534399	0.999999127197778
9.45	7.25	0.999998872624542	0.799987945830523	0.000290229411295004	4.40019557625687	0.999999549049817
9.55	7.25	0.999999509799528	0.799988485311656	0.000283529672268624	4.32019677761693	0.999999803919811
9.65	7.25	0.999999874206165	0.799989026111364	0.000277132606268294	4.24019790984834	0.999999949682466
9.75	7.25	1.00000006559214	0.799989566773107	0.000271017943756731	4.16019897972015	1.00000002623686
9.85	7.25	1.00000015134135	0.799990105774793	0.00026516749534184	4.0801999915641	1.00000006053654
9.95	7.25	1.00000017590096	0.799990641578108	0.00025956490607807	4.00020094814116	1.00000007036038
10.05	7.25	1.00000016774977	0.799991172668296	0.000254195438397319	3.9202018512462	1.00000006709991
10.15	7.25	1.00000014447239	0.799991697585427	0.000249045780888668	3.8402027021205	1.00000005778895
10.25	7.25	1.0000001163942	0.799992214948068	0.00024410388040101	3.76020350172552	1.00000004655768
10.35	7.25	1.00000008913905	0.799992723470495	0.000239358794881124	3.68020425091804	1.00000003565562
10.45	7.25	1.00000006539277	0.799993221974308	0.000234800564628369	3.60020495055674	1.00000002615711
10.55	7.25	1.00000004609113	0.799993709395553	0.000230420099922269	3.52020560156219	1.00000001843645
10.65	7.25	1.00000003119809	0.799994184788128	0.000226209082892114	3.44020620494598	1.00000001247923
10.75	7.25	1.00000002019829	0.79999464732421	0.00022215988204027	3.36020676182023	1.00000000807932
10.85	7.25	1.0000000123949	0.799995096292451	0.000218265477730018	3.28020727339507	1.00000000495796
10.95	7.25	1.00000000707827	0.799995531094503	0.000214519397200268	3.20020774096948	1.00000000283131
11.05	7.25	1.00000000361189	0.799995951240192	0.000210915657891124	3.12020816591871	1.00000000144476
11.15	7.25	1.00000000146744	0.799996356341971	0.000207448717998446	3.04020854968052	1.00000000058698
11.25	7.25	1.00000000023046	0.799996746108696	0.000204113433203912	2.96020889374148	1.00000000009219
11.35	7.25	0.999999999590597	0.799997120339179	0.000200905018871352	2.8802091996241	0.999999999836239
11.45	7.25	0.999999999324918	0.799997478915613	0.000197819016757014	2.80020946887509	0.999999999729967
11.55	7.25	0.999999999279557	0.799997821796963	0.00019485126590669	2.72020970305479	0.999999999711823
11.65	7.25	0.999999999352262	0.799998149012553	0.000191997876907052	2.64020990372795	0.999999999740905
11.75	7.25	0.999999999477188	0.799998460655851	0.00018925520923375	2.56021007245564	0.999999999790875
11.85	7.25	0.999999999612361	0.799998756878462	0.000186619851183928	2.48021021078812	0.999999999844945
11.95	7.25	0.999999999729931	0.799999037884556	0.00018408860208877	2.40021032025884	0.999999999891972
12.05	7.25	0.999999999809262	0.799999303925488	0.00018165845653565	2.32021040237903	0.999999999923705
12.15	7.25	0.999999999833119	0.799999555294863	0.000179326590266416	2.24021045863317	0.999999999933248
12.25	7.25	0.999999999787375	0.799999792323889	0.000177090347590145	2.16021049047493	0.99999999991495
12.35	7.25	0.99999999966484	0.800000015377057	0.000174947230007821	2.08021049932346	0.999999999865936
12.45	7.25	0.999999999473611	0.800000224848043	0.000172894885843324	2.00021048655998	0.999999999789444
12.55	7.25	0.999999999249628	0.800000421155851	0.000170931100716284	1.92021045352441	0.999999999699851
12.65	7.25	0.99999999907157	0.800000604740992	0.000169053788601737	1.8402104015119	0.999999999628628
12.75	7.25	0.999999999073743	0.800000776061709	0.000167260983405518	1.76021033176924	0.999999999629497
12.85	7.25	0.999999999449201	0.80000093559018	0.000165550831091248	1.68021024549135	0.99999999977968
12.95	7.25	1.00000000043158	0.800001083808708	0.000163921582522207	1.60021014381825	1.00000000017263
13.05	7.25	1.00000000224116	0.800001221206195	0.000162371587572664	1.52021002783347	1.00000000089646
13.15	7.25	1.00000000498056	0.800001348275321	0.000160899291291226	1.44020989856516	1.00000000199222
13.25	7.25	1.00000000847172	0.800001465511194	0.000159503233241895	1.36020975699176	1.00000000338869
13.35	7.25	1.00000001204114	0.800001573412545	0.000158182051206444	1.28020960405384	1.00000000481645
13.45	7.25	1.00000001428965	0.800001672486653	0.000156934490037207	1.20020944067321	1.00000000571586
13.55	7.25	1.00000001292683	0.800001763258934	0.000155759415366116	1.12020926777853	1.00000000517073
13.65	7.25	1.00000000480587	0.800001846287274	0.000154655829624991	1.04020908633315	1.00000000192235
13.75	7.25	0.999999986351756	0.800001922179386	0.000153622884319231	0.960208897355587	0.999999994540702
13.85	7.25	0.999999954610416	0.80000199160837	0.00015265987789155	0.880208701916463	0.999999981844166
13.95	7.25	0.99999990912255	0.800002055317691	0.000151766223472753	0.800208501088756	0.99999996364902
14.05	7.25	0.999999854690867	0.800002114101978	0.00015094136723148	0.720208295823819	0.999999941876347
14.15	7.25	0.999999804806553	0.800002168746318	0.000150184638942152	0.640208086728357	0.999999921922621
14.25	7.25	0.999999784981569	0.800002219906168	0.000149495026076069	0.560207873733295	0.999999913992628
14.35	7.25	0.99999983449241	0.800002267916493	0.000148870886613543	0.480207655681502	0.999999933796964
14.45	7.25	1.00000000415941	0.800002312536771	0.00014830965832459	0.400207429923238	1.00000000166376
14.55	7.25	1.00000034698804	0.80000235267236	0.000147807685443547	0.320207192096993	1.00000013879522
14.65	7.25	1.00000089820756	0.800002386164817	0.000147360361701541	0.240206936379622	1.00000035928302
14.75	7.25	1.00000164210477	0.800002409753294	0.00014696286410053	0.160206656586656	1.00000065684191
14.85	7.25	1.00000246590052	0.800002095057094	0.000146611813218753	0.0802063485527497	1.00000098636021
14.95	7.25	1.00000310661528	0.400003335647677	0.000146355379220883	0.000206079079955421	1.00000124264611
0.05	7.35	-4.50534970002483e-06	0.399999619652907	-0.000705917611093352	10.4577122133324	0.59999819786012
0.15	7.35	-5.04744627598526e-06	0.799999147771316	-0.000706829356080689	10.4097124031427	0.59999798102149
0.25	7.35	-5.37661926572873e-06	0.799998712665045	-0.000708667273146552	10.3617126386288	0.599997849352294
0.35	7.35	-4.7559986973629e-06	0.799998298229719	-0.000711455801933273	10.3137129017139	0.599998097600521
0.45	7.35	-2.41900372928221e-06	0.799997931527397	-0.000715230279110636	10.2657131472076	0.599999032398508
0.55	7.35	2.37737158231771e-06	0.799997613433573	-0.000720036822423206	10.2177133047247	0.600000950948633
0.65	7.35	1.02166834373744e-05	0.799997338690662	-0.00072593243495237	10.1697132814177	0.600004086673375
0.75	7.35	2.13207540095904e-05	0.799997094172173	-0.000732988811045562	10.1217129701849	0.600008528301604
0.85	7.35	3.53120658232754e-05	0.799996854385248	-0.000741309092066592	10.0737122655575	0.600014124826329
0.95	7.35	5.1042465556175e-05	0.799996188040641	-0.000751067749060443	10.0257110876543	0.600020416986222
1.05	7.35	6.34654831135358e-05	0.79999546775644	-0.000762453051909577	9.97770945624448	0.600025386193245
1.15	7.35	6.64393012295483e-05	0.799994763975985	-0.000775646296391126	9.92970756970478	0.600026575720492
1.25	7.35	5.33137579657423e-05	0.799994180891195	-0.000790871672019803	9.88170583242425	0.600021325503186
1.35	7.35	1.79419961613248e-05	0.799993888131395	-0.00080837094387915	9.83370485588161	0.600007176798464
1.45	7.35	-4.37089148932806e-05	0.799994105618584	-0.00082838861287225	9.78570541750408	0.599982516434043
1.55	7.35	-0.000131504515609443	0.799995069009177	-0.000851161955765038	9.737708360487	0.599947398193756
1.65	7.35	-0.000238968783618554	0.799996978382434	-0.000876914292130972	9.68971442538488	0.599904412486553
1.75	7.35	-0.00035144515511521	0.799999930004462	-0.000905855801400948	9.64172401694536	0.599859421937954
1.85	7.35	-0.000445147920600986	0.800003829670572	-0.000938201531355401	9.59373692618723	0.59982194083176
1.95	7.35	-0.000487729449087202	0.800008281067625	-0.000974221897232436	9.54575204689817	0.599804908220365
2.05	7.35	-0.000441141242116198	0.800012426943084	-0.00101431877393156	9.49776714737199	0.599823543503153
2.15	7.35	-0.000268168237919452	0.800014738710416	-0.00105892637369505	9.44977878904309	0.599892732704832
2.25	7.35	5.50784090612724e-05	0.800022076946506	-0.00110768932984634	9.40178254170518	0.600022031363625
2.35	7.35	0.000590801846495517	0.800030606903158	-0.00116055336467986	9.35377261458402	0.600236320738598
2.45	7.35	0.00141413392032191	0.800039752798424	-0.00121814495754429	9.3057410559969	0.600565653568129
2.55	7.35	0.00261240217834633	0.800049235265411	-0.00128052558567253	9.2576773350598	0.601044960871339
2.65	7.35	0.00428597020138678	0.800058815363899	-0.00134748283822652	9.20956794361042	0.601714388080555
2.75	7.35	0.00655008262317423	0.800068248297228	-0.00141862488008647	9.16139595482609	0.60262003304927
2.85	7.35	0.00953729593837868	0.800077323891503	-0.00149335427845416	9.11314051262828	0.603814918375352
2.95	7.35	0.0134007736028571	0.800085916835395	-0.00157078779797317	9.06477622988071	0.605360309441143
3.05	7.35	0.0183188863661508	0.800094042461962	-0.00164963878006621	9.01627246084225	0.60732755454646
3.15	7.35	0.0245015947401159	0.800101915427472	-0.0017280614627708	8.96759239808485	0.609800637896046
3.25	7.35	0.0321990614938562	0.800109996888439	-0.00180345319348941	8.91869192900172	0.612879624597542
3.35	7.35	0.0417127793537451	0.800118997509304	-0.00187221435393872	8.86951817501419	0.616685111741498
3.45	7.35	0.0534090573696296	0.800129776888522	-0.00192947805741921	8.82000763415355	0.621363622947852
3.55	7.35	0.0677337598459883	0.800143046764738	-0.00196884634343864	8.7700838674373	0.627093503938395
3.65	7.35	0.0852254266301877	0.800158759631821	-0.00198221130657901	8.7196547325993	0.634090170652075
3.75	7.35	0.10652101701431	0.800175083679453	-0.00195979941452632	8.66860930635637	0.642608406805724
3.85	7.35	0.132344466478024	0.800187000588265	-0.00189064407970707	8.61681488526135	0.65293778659121
3.95	7.35	0.163463808353663	0.800184904764696	-0.00176372864213472	8.56411484034294	0.665385523341465
4.05	7.35	0.200600295347403	0.800154150337281	-0.00156997677101983	8.51032859471782	0.680240118138961
4.15	7.35	0.244277730434643	0.80007703050924	-0.00130500838182613	8.4552554493636	0.697711092173857
4.25	7.35	0.294618566290523	0.799938456534763	-0.000972094219107132	8.39868407072237	0.717847426516209
4.35	7.35	0.351128091456006	0.799734716771063	-0.000584193199942367	8.34040869663311	0.740451236582402
4.45	7.35	0.412548596737749	0.79948131374297	-0.000163762636436379	8.28025115846372	0.765019438695099
4.55	7.35	0.476881601205968	0.799213673364342	0.000260364450087807	8.21808494717764	0.790752640482387
4.65	7.35	0.54163309136021	0.798977272658388	0.000658395170752894	8.15385509366699	0.816653236544084
4.75	7.35	0.604234774728069	0.798811199202929	0.00100537346934255	8.08758747174277	0.841693909891228
4.85	7.35	0.662494694767148	0.798734749585157	0.00128522776877617	8.01938418904189	0.864997877906859
4.95	7.35	0.714912387839739	0.798744323453488	0.0014919463569704	7.949406698728	0.885964955135896
5.05	7.35	0.760772834150717	0.798820061950982	0.00162817503044573	7.87785229295564	0.904309133660287
5.15	7.35	0.800044321780053	0.798936165806621	0.00170241446023843	7.80493064273345	0.920017728712021
5.25	7.35	0.833171967307939	0.799069170423165	0.00172604802977018	7.73084520525395	0.933268786923176
5.35	7.35	0.860859681372163	0.799201975153582	0.00171097479228546	7.65578137928154	0.944343872548865
5.45	7.35	0.883896695767344	0.799324333032705	0.00166810133054223	7.57990090722862	0.953558678306938
5.55	7.35	0.903045554369569	0.799431487307501	0.00160660395721582	7.50334084797072	0.961218221747828
5.65	7.35	0.918984138720275	0.799522331988109	0.00153373629755311	7.4262152842901	0.96759365548811
5.75	7.35	0.932285461972657	0.799597820776599	0.00145495528765343	7.34861830038092	0.972914184789063
5.85	7.35	0.943419518500586	0.799659847668606	0.00137419361122312	7.27062727147069	0.977367807400235
5.95	7.35	0.952765624809752	0.799710565742979	0.00129416985199342	7.19230594154929	0.981106249923901
6.05	7.35	0.960628086335019	0.79975202629248	0.00121667818898867	7.11370706419172	0.984251234534008
6.15	7.35	0.967251388169557	0.79978602103103	0.00114283297708945	7.03487455725917	0.986900555267823
6.25	7.35	0.972833268030256	0.799814039154826	0.00107326281840904	6.9558452100841	0.989133307212102
6.35	7.35	0.977535242652581	0.799837281892891	0.00100825822853108	6.87665001565391	0.991014097061032
6.45	7.35	0.981490748528812	0.799856700921676	0.000947880646196721	6.79731520527053	0.992596299411525
6.55	7.35	0.984811285586757	0.799873042718617	0.000892041073884186	6.71786305489682	0.993924514234703
6.65	7.35	0.987590992703321	0.799886890332784	0.000840555761667543	6.63831251969889	0.995036397081329
6.75	7.35	0.989910040626512	0.799898699241822	0.000793184997283359	6.55867974051938	0.995964016250605
6.85	7.35	0.991837156721182	0.799908826593822	0.000749659704148976	6.47897845498264	0.996734862688473
6.95	7.35	0.993431523774811	0.799917554320959	0.00070969936957026	6.39922033712705	0.997372609509924
7.05	7.35	0.994744232751037	0.79992510704198	0.000673023879568338	6.31941528276231	0.997897693100415
7.15	7.35	0.995819419686055	0.799931665735252	0.000639361114378048	6.23957165281541	0.998327767874422
7.25	7.35	0.996695179143045	0.79993737807397	0.000608451621698537	6.15969648337721	0.998678071657218
7.35	7.35	0.997404318769095	0.799942366173446	0.000580051294930309	6.07979566864875	0.998961727507638
7.45	7.35	0.997974999359393	0.799946732358068	0.000553932704248106	5.99987412123665	0.999189999743757
7.55	7.35	0.998431290508413	0.799950563428565	0.000529885529683618	5.91993591304571	0.999372516203365
7.65	7.35	0.998793661883751	0.799953933804891	0.000507716406204491	5.83998439920489	0.9995174647535
7.75	7.35	0.999079423226858	0.799956907836385	0.000487248392782789	5.76002232692277	0.999631769290743
7.85	7.35	0.99930312149918	0.799959541502303	0.00046832020983723	5.68005193081554	0.999721248599672
7.95	7.35	0.999476900515434	0.799961883673668	0.000450785342725438	5.60007501602252	0.999790760206174
8.05	7.35	0.999610826471485	0.799963977064645	0.000434511076366877	5.52009303027819	0.999844330588594
8.15	7.35	0.999713181638986	0.799965858968878	0.000419377505064949	5.44010712601309	0.999885272655594
8.25	7.35	0.999790727908779	0.799967561850173	0.00040527654601877	5.36011821348909	0.999916291163512
8.35	7.35	0.999848941631877	0.799969113836269	0.000392110975656575	5.28012700592055	0.999939576652751
8.45	7.35	0.999892221191863	0.799970539149396	0.000379793501327581	5.20013405748466	0.999956888476745
8.55	7.35	0.999924068845047	0.79997185849536	0.000368245876038467	5.12013979507469	0.999969627538019
8.65	7.35	0.999947248513452	0.799973089424202	0.000357398061570968	5.0401445445967	0.999978899405381
8.75	7.35	0.999963921362718	0.79997424666963	0.000347187442746686	4.9601485525534	0.999985568545087
8.85	7.35	0.999975761112411	0.799975342470353	0.000337558094541371	4.88015200359709	0.999990304444965
8.95	7.35	0.999984051094164	0.799976386873727	0.000328460102409421	4.80015503467009	0.999993620437666
9.05	7.35	0.99998976508773	0.79997738802112	0.000319848935498792	4.72015774628589	0.999995906035092
9.15	7.35	0.999993633928069	0.799978352413428	0.000311684871768355	4.64016021143941	0.999997453571228
9.25	7.35	0.999996199794177	0.799979285155556	0.000303932473458098	4.56016248257247	0.999998479917671
9.35	7.35	0.999997859971401	0.799980190178697	0.000296560110802776	4.48016459696093	0.99999914398856
9.45	7.35	0.999998901733464	0.799981070440066	0.000289539531769937	4.40016658083504	0.999999560693385
9.55	7.35	0.999999529828112	0.799981928099921	0.000282845475086603	4.32016845249436	0.999999811931245
9.65	7.35	0.999999887880334	0.799982764676584	0.000276455323784131	4.24017022463366	0.999999955152134
9.75	7.35	1.00000007485701	0.799983581180416	0.000270348796246928	4.16017190605712	1.0000000299428
9.85	7.35	1.00000015757275	0.799984378228163	0.000264507671842686	4.08017350292377	1.0000000630291
9.95	7.35	1.00000018006336	0.799985156139268	0.000258915548065945	4.00017501963843	1.00000007202534
10.05	7.35	1.00000017051307	0.799985915015973	0.000253557626256616	3.92017645947801	1.00000006820523
10.15	7.35	1.00000014629752	0.799986654808979	0.000248420523163826	3.84017782502315	1.00000005851901
10.25	7.35	1.0000001175953	0.799987375370579	0.000243492105493371	3.76017911844862	1.00000004703812
10.35	7.35	1.00000008992816	0.799988076496937	0.000238761345092023	3.68018034171317	1.00000003597126
10.45	7.35	1.00000006591164	0.799988757961164	0.000234218192258947	3.60018149667897	1.00000002636466
10.55	7.35	1.00000004643364	0.799989419538664	0.000229853465180928	3.52018258518277	1.00000001857345
10.65	7.35	1.00000003142585	0.799990061026113	0.000225658753407723	3.44018360907484	1.00000001257034
10.75	7.35	1.00000002035142	0.79999068225519	0.000221626333715191	3.36018457023696	1.00000000814057
10.85	7.35	1.00000001249934	0.799991283102055	0.000217749096640302	3.28018547058744	1.00000000499974
10.95	7.35	1.00000000715072	0.799991863493528	0.000214020482433303	3.20018631207834	1.00000000286029
11.05	7.35	1.00000000366305	0.799992423410499	0.000210434425118841	3.12018709668863	1.00000000146522
11.15	7.35	1.00000000150419	0.799992962889419	0.000206985303526874	3.04018782641531	1.00000000060167
11.25	7.35	1.0000000002572	0.799993482022109	0.000203667898448471	2.96018850326413	1.00000000010288
11.35	7.35	0.999999999610157	0.799993980954447	0.000200477355029001	2.88018912924042	0.999999999844063
11.45	7.35	0.999999999339089	0.79999445988419	0.000197409149723111	2.80018970634073	0.999999999735635
11.55	7.35	0.999999999289463	0.799994919058202	0.000194459061149323	2.72019023654519	0.999999999715785
11.65	7.35	0.99999999935862	0.799995358769297	0.000191623144387804	2.64019072181086	0.999999999743448
11.75	7.35	0.999999999480534	0.799995779352829	0.000188897708190293	2.56019116406591	0.999999999792214
11.85	7.35	0.999999999613282	0.799996181183158	0.00018627929481418	2.48019156520457	0.999999999845313
11.95	7.35	0.999999999729322	0.799996564670151	0.000183764662082275	2.40019192708282	0.999999999891729
12.05	7.35	0.999999999808612	0.799996930255691	0.000181350767340644	2.32019225151468	0.999999999923445
12.15	7.35	0.99999999983474	0.799997278410324	0.000179034753223732	2.24019254026908	0.999999999933896
12.25	7.35	0.999999999794483	0.79999760963002	0.000176813934768102	2.160192795067	0.999999999917793
12.35	7.35	0.999999999681296	0.799997924433106	0.000174685787824465	2.080193017579	0.999999999872518
12.45	7.35	0.999999999503086	0.799998223357253	0.000172647938456281	2.00019320942285	0.999999999801234
12.55	7.35	0.999999999293947	0.799998506956593	0.000170698153145147	1.9201933721611	0.999999999717579
12.65	7.35	0.999999999128078	0.799998775798808	0.000168834329621448	1.84019350729851	0.999999999651231
12.75	7.35	0.999999999131773	0.799999030462146	0.000167054488216487	1.76019361627936	0.999999999652709
12.85	7.35	0.99999999948621	0.799999271532375	0.000165356763728712	1.68019370048472	0.999999999794484
12.95	7.35	1.00000000041022	0.799999499599687	0.000163739398072897	1.60019376123013	1.00000000016409
13.05	7.35	1.00000000210951	0.799999715255801	0.000162200734158463	1.52019379976461	1.0000000008438
13.15	7.35	1.00000000467885	0.799999919091708	0.000160739211860819	1.44019381727224	1.00000000187154
13.25	7.35	1.00000000794933	0.800000111696769	0.000159353367147386	1.3601938148778	1.00000000317973
13.35	7.35	1.00000001128776	0.80000029366017	0.000158041835597001	1.28019379365832	1.0000000045151
13.45	7.35	1.00000001338212	0.800000465575828	0.000156803361051169	1.20019375466128	1.00000000535285
13.55	7.35	1.00000001208821	0.800000628051639	0.000155636809138092	1.12019369892893	1.00000000483528
13.65	7.35	1.00000000446458	0.800000781723124	0.000154541183092881	1.04019362752443	1.00000000178583
13.75	7.35	0.999999987175408	0.800000927269812	0.00015351563585697	0.960193541551197	0.999999994870163
13.85	7.35	0.999999957473144	0.800001065429905	0.000152559467778991	0.880193442150007	0.999999982989257
13.95	7.35	0.999999914949217	0.800001197004949	0.000151672094245281	0.800193330452496	0.999999965979687
14.05	7.35	0.999999864114562	0.800001322841883	0.000150852964000853	0.720193207465322	0.999999945645825
14.15	7.35	0.999999817588368	0.800001443776352	0.000150101409791044	0.640193073862056	0.999999927035347
14.25	7.35	0.999999799189832	0.800001560520718	0.000149416422690033	0.560192929674627	0.999999919675933
14.35	7.35	0.999999845539176	0.80000167348637	0.000148796365284271	0.480192773909734	0.99999993821567
14.45	7.35	1.00000000395753	0.800001782546755	0.000148238681414635	0.400192604173357	1.00000000158301
14.55	7.35	1.00000032372039	0.800001886779108	0.00014773972318404	0.320192416468978	1.00000012948816
14.65	7.35	1.00000083745897	0.800001984271267	0.000147294893860091	0.240192205433522	1.00000033498359
14.75	7.35	1.00000153031815	0.800002072096618	0.000146899380484495	0.16019196536453	1.00000061212726
14.85	7.35	1.0000022971385	0.800001845902396	0.000146549811160033	0.0801916924349519	1.0000009188554
14.95	7.35	1.00000289322599	0.400003061148072	0.00014629425956723	0.000191448616297638	1.0000011572904
0.05	7.45	-4.50485822660133e-06	0.399999160055671	-0.000704879077493043	10.4577545512758	0.599998198056709
0.15	7.45	-5.05330756642792e-06	0.799997765710412	-0.000705800414758764	10.4097547962219	0.599997978676973
0.25	7.45	-5.39587111811716e-06	0.799996392253109	-0.000707654821253791	10.3617551427944	0.599997841651553
0.35	7.45	-4.7958328626677e-06	0.799995011833501	-0.000710468757362817	10.3137555744743	0.599998081666855
0.45	7.45	-2.48495344089036e-06	0.79999363955496	-0.000714279547021639	10.2657560482897	0.599999006018624
0.55	7.45	2.28474771357577e-06	0.799992262927539	-0.00071913598949664	10.2177564967427	0.600000913899085
0.65	7.45	1.01060676466401e-05	0.79999086203381	-0.000725097531846308	10.1697568304906	0.600004042427059
0.75	7.45	2.12079428939477e-05	0.799989406138082	-0.000732229398107797	10.1217569464878	0.600008483177158
0.85	7.45	3.51721242766602e-05	0.799987835638457	-0.000740594255369244	10.0737567444291	0.600014068849711
0.95	7.45	5.06264583968803e-05	0.799985784895122	-0.000750370151170133	10.0257561551903	0.600020250583359
1.05	7.45	6.28321457182938e-05	0.799983470287363	-0.000761761202191958	9.97775521016218	0.600025132858287
1.15	7.45	6.5589449232008e-05	0.799980983852428	-0.000774920161031681	9.92975411753319	0.600026235779693
1.25	7.45	5.22559935402451e-05	0.799978391388029	-0.000790053677765015	9.88175329442187	0.600020902397416
1.35	7.45	1.67425787639697e-05	0.799975818365372	-0.000807387204988531	9.83375336621568	0.600006697031506
1.45	7.45	-4.48975673453077e-05	0.799973435374788	-0.00082715710346175	9.78575512466303	0.599982040973062
1.55	7.45	-0.000132423900131328	0.799971424557008	-0.000849603807043597	9.73775942725259	0.599947030439947
1.65	7.45	-0.000239243859492215	0.799969930120302	-0.000874964459550836	9.68976702847139	0.599904302456203
1.75	7.45	-0.000350593758471457	0.799968991057763	-0.000903466398348727	9.64177834659328	0.599859762496611
1.85	7.45	-0.000442630542732391	0.7999684494641	-0.00093532657529275	9.59379318659423	0.599822947782907
1.95	7.45	-0.000483053629028616	0.799967821328648	-0.00097077935301427	9.54581045980935	0.599806778548389
2.05	7.45	-0.000433880385847974	0.799966151113445	-0.00101020207803732	9.49782796213305	0.599826447845661
2.15	7.45	-0.000257075214239108	0.79996199554157	-0.00105431427410451	9.44984228875029	0.599897169914304
2.25	7.45	7.51334300690136e-05	0.799960505062959	-0.00110235911399043	9.40184897460017	0.600030053372028
2.35	7.45	0.000619042851325844	0.799960284393339	-0.00115390070585758	9.3538422197358	0.60024761714053
2.45	7.45	0.00145193469314986	0.799959477865405	-0.00120975324181109	9.30581412358771	0.60058077387726
2.55	7.45	0.00266236032128173	0.799957646082983	-0.00126983543457381	9.25775416316393	0.601064944128513
2.65	7.45	0.0043514352129298	0.799954354262478	-0.00133387417839587	9.20964882389867	0.601740574085172
2.75	7.45	0.00663509697374888	0.799949163577978	-0.00140142542832867	9.16148116456433	0.6026540387895
2.85	7.45	0.00964669904521239	0.799941677538714	-0.00147183003733615	9.11323030491786	0.603858679618085
2.95	7.45	0.0135403856849942	0.799931593222775	-0.00154414027477631	9.06487081939567	0.605416154273998
3.05	7.45	0.0184957598091799	0.799918762564218	-0.00161701557981374	9.01637200300767	0.607398303923672
3.15	7.45	0.0247243398682631	0.799903261016983	-0.00168858478329395	8.96769695931866	0.609889735947305
3.25	7.45	0.0324782549575753	0.799885449757235	-0.00175627230676539	8.91880144512773	0.61299130198303
3.35	7.45	0.0420614541346197	0.799865999854377	-0.0018165896563678	8.86963239450515	0.616824581653848
3.45	7.45	0.0538432497786181	0.799845819733059	-0.0018649045983345	8.82012604281714	0.621537299911447
3.55	7.45	0.0682730415894041	0.799825793227049	-0.0018952226761365	8.77020559210765	0.627309216635762
3.65	7.45	0.0858932671297436	0.799806208818866	-0.00190005303373254	8.71977842428258	0.634357306851897
3.75	7.45	0.107344693712951	0.799785779201555	-0.00187048326970411	8.66873300939893	0.64293787748518
3.85	7.45	0.133354076992889	0.799760285979244	-0.00179664553997024	8.6169359098277	0.653341630797156
3.95	7.45	0.164689790921991	0.799721227094278	-0.00166878473400791	8.5642296713027	0.665875916368796
4.05	7.45	0.202068867229974	0.799655410223561	-0.00147907444036472	8.51043288863407	0.68082754689199
4.15	7.45	0.246004035486126	0.799546959620732	-0.00122408825964034	8.4553441848253	0.69840161419445
4.25	7.45	0.296598309993103	0.799382951721018	-0.000907400317235208	8.39875191096172	0.718639323997241
4.35	7.45	0.353329971088908	0.799161968309409	-0.000541312300580391	8.34045057977824	0.741331988435563
4.45	7.45	0.414911160470305	0.798901494617796	-0.000146560301374632	8.28026304450056	0.765964464188122
4.55	7.45	0.479317894137114	0.798638036811085	0.000250577899069668	8.2180645484611	0.791727157654846
4.65	7.45	0.544043609951241	0.798416796559866	0.000623154502643484	8.15380235964694	0.817617443980496
4.75	7.45	0.606524955042485	0.798275235960631	0.000948686101438807	8.08750464808298	0.842609982016994
4.85	7.45	0.664590485714068	0.798230177659989	0.00121268983167849	8.01927542289883	0.865836194285627
4.95	7.45	0.716768658999555	0.798275390187586	0.00140967426975863	7.94927733192757	0.886707463599822
5.05	7.45	0.762373378143936	0.798388743199735	0.00154187641935537	7.87770807327141	0.904949351257574
5.15	7.45	0.801395882655771	0.798542726726684	0.0016167858922573	7.80477705654404	0.920558353062308
5.25	7.45	0.834296015639272	0.798712694658858	0.0016445265806482	7.73068703744594	0.933718406255709
5.35	7.45	0.861784845037927	0.798880773831142	0.00163576466997178	7.65562250731892	0.944713938015171
5.45	7.45	0.884653221133892	0.799036237154604	0.00160036223558342	7.57974427670385	0.953861288453557
5.55	7.45	0.90366195187388	0.799174055396881	0.0015467018969818	7.50318855999939	0.961464780749552
5.65	7.45	0.919485558210814	0.799293000587556	0.00148149052756748	7.42606873472403	0.967794223284326
5.75	7.45	0.932693203695162	0.799394014604225	0.00140984710094643	7.34847832986613	0.973077281478065
5.85	7.45	0.943751178753205	0.799479058826533	0.00133552571200009	7.27049430340701	0.977500471501282
5.95	7.45	0.953035532240438	0.799550408018342	0.00126117836212944	7.1921800980623	0.981214212896175
6.05	7.45	0.96084782455333	0.799610269428688	0.00118860533237211	7.11358825813286	0.984339129821332
6.15	7.45	0.967430299144266	0.799660609380469	0.0011189699913541	7.03476256227505	0.986972119657706
6.25	7.45	0.972978891412872	0.799703098679116	0.00105297186021879	6.95573971237063	0.989191556565149
6.35	7.45	0.977653679313289	0.799739118900032	0.000990980371021952	6.8765506512412	0.991061471725316
6.45	7.45	0.981586952488333	0.799769795278279	0.000933135276176511	6.79722158629017	0.992634780995333
6.55	7.45	0.984889294695182	0.799796037638043	0.000879420427384276	6.71777478767255	0.993955717878073
6.65	7.45	0.987654109630708	0.799818580279644	0.000829717098006243	6.63822921688253	0.995061643852283
6.75	7.45	0.989960974737578	0.799838017035671	0.000783841997772872	6.55860102895277	0.995984389895031
6.85	7.45	0.991878135656457	0.799854830442212	0.000741574039834247	6.4789039805296	0.996751254262583
6.95	7.45	0.993464381744663	0.799869415250993	0.000702672950548524	6.399149767382	0.997385752697865
7.05	7.45	0.994770480950349	0.79988209701355	0.00066689202006938	6.31934830828911	0.99790819238014
7.15	7.45	0.995840302936386	0.799893146590495	0.000633986675991141	6.23950798738404	0.998336121174554
7.25	7.45	0.996711721855649	0.799902791390816	0.000603720098125905	6.15963586353064	0.99868468874226
7.35	7.45	0.997417362552725	0.799911224035377	0.000575866750006273	6.07973785283516	0.99896694502109
7.45	7.45	0.997985234021407	0.799918609016563	0.000550214452833243	5.99981888867227	0.999194093608563
7.55	7.45	0.998439279771227	0.799925087813805	0.000526565447316346	5.91988306242418	0.999375711908491
7.65	7.45	0.998799864823955	0.799930782829524	0.000504736759354931	5.83993374733346	0.999519945929582
7.75	7.45	0.999084212212472	0.799935800430938	0.000484560093168845	5.7599737073409	0.999633684884989
7.85	7.45	0.999306797229561	0.799940233320353	0.000465881409362123	5.68000519243349	0.999722718891824
7.95	7.45	0.999479704641964	0.799944162405763	0.000448560299078666	5.60003002180532	0.999791881856786
8.05	7.45	0.999612952183172	0.799947658302414	0.00043246923223518	5.52004965599107	0.999845180873269
8.15	7.45	0.999714782526592	0.799950782564442	0.000417492734524475	5.44006525903878	0.999885913010637
8.25	7.45	0.999791925367605	0.799953588719282	0.000403526531798464	5.36007775172225	0.999916770147042
8.35	7.45	0.999849831021912	0.799956123158074	0.000390476688635041	5.28008785674206	0.999939932408765
8.45	7.45	0.999892876941442	0.799958425919176	0.000378258760292108	5.20009613681582	0.999957150776577
8.55	7.45	0.999924548657772	0.799960531390451	0.000366796970986205	5.1201030265099	0.999969819463109
8.65	7.45	0.999947596816355	0.799962468947032	0.000356023427867023	5.04010885861216	0.999979038726542
8.75	7.45	0.999964172115098	0.799964263535294	0.000345877376787896	4.96011388578825	0.999985668846039
8.85	7.45	0.999975940078822	0.799965936209002	0.000336304503614841	4.88011829820327	0.999990376031529
8.95	7.45	0.999984177670952	0.799967504621565	0.000327256283785847	4.80012223772649	0.999993671068381
9.05	7.45	0.999989853760115	0.799968983476173	0.000318689380602698	4.72012580927226	0.999995941504046
9.15	7.45	0.99999369542366	0.799970384935101	0.000310565092470846	4.64012908976558	0.999997478169464
9.25	7.45	0.999996241988979	0.799971718989143	0.000302848848010016	4.56013213515818	0.999998496795592
9.35	7.45	0.999997888595634	0.799972993788506	0.000295509747663543	4.48013498586185	0.999999155438254
9.45	7.45	0.9999989209168	0.799974215936253	0.000288520149508047	4.40013767091067	0.99999956836672
9.55	7.45	0.999999542517223	0.799975390746559	0.000281855297035588	4.32014021111363	0.999999817006889
9.65	7.45	0.999999896155792	0.799976522469513	0.000275492986119639	4.24014262141442	0.999999958462317
9.75	7.45	1.00000008017156	0.799977614485267	0.000269413268265673	4.16014491263584	1.00000003206862
9.85	7.45	1.00000016092879	0.799978669469954	0.000263598187313338	4.08014709275213	1.00000006437152
9.95	7.45	1.00000018214375	0.79997968953627	0.000258031546575067	4.00014916780369	1.0000000728575
10.05	7.45	1.00000017177661	0.79998067635143	0.000252698703478464	3.9201511425445	1.00000006871064
10.15	7.45	1.00000014704785	0.799981631235271	0.000247586389126738	3.84015302089214	1.00000005881914
10.25	7.45	1.00000011803005	0.79998255524104	0.000242682549896429	3.76015480623452	1.00000004721202
10.35	7.45	1.00000009017356	0.799983449221276	0.0002379762087728	3.68015650163398	1.00000003606942
10.45	7.45	1.00000006604663	0.799984313881077	0.000233457344124322	3.60015810995911	1.00000002641865
10.55	7.45	1.0000000465064	0.799985149820644	0.000229116783718265	3.52015963396686	1.00000001860256
10.65	7.45	1.00000003146493	0.799985957568914	0.000224946112253983	3.44016107635095	1.00000001258597
10.75	7.45	1.00000002037316	0.799986737609788	0.000220937590542529	3.36016243976816	1.00000000814926
10.85	7.45	1.00000001251267	0.799987490402333	0.000217084085003273	3.28016372685059	1.00000000500507
10.95	7.45	1.00000000716023	0.799988216396005	0.000213379005917531	3.20016494020921	1.00000000286409
11.05	7.45	1.00000000367091	0.799988916041927	0.000209816253466408	3.12016608243249	1.00000000146836
11.15	7.45	1.00000000151123	0.799989589801002	0.000206390170405049	3.04016715608246	1.00000000060449
11.25	7.45	1.00000000026364	0.799990238149419	0.000203095500494586	2.9601681636896	1.00000000010546
11.35	7.45	0.999999999615874	0.79999086158229	0.000199927351902215	2.88016910774741	0.99999999984635
11.45	7.45	0.999999999343844	0.799991460615654	0.000196881164987735	2.80016999070735	0.999999999737538
11.55	7.45	0.999999999292978	0.799992035787335	0.000193952683736058	2.72017081497406	0.999999999717191
11.65	7.45	0.99999999936065	0.799992587656921	0.000191137930523805	2.64017158290134	0.99999999974426
11.75	7.45	0.999999999480952	0.799993116805094	0.00018843318363073	2.56017229678851	0.999999999792381
11.85	7.45	0.999999999612224	0.799993623832419	0.000185834957314297	2.48017295887745	0.999999999844889
11.95	7.45	0.999999999727379	0.799994109357912	0.000183339983910611	2.40017357135005	0.999999999890952
12.05	7.45	0.999999999807063	0.799994574017343	0.000180945197947591	2.32017413632613	0.999999999922825
12.15	7.45	0.999999999835756	0.799995018461442	0.00017864772180608	2.2401746558617	0.999999999934302
12.25	7.45	0.999999999801183	0.79999544335406	0.00017644485283431	2.16017513194743	0.999999999920473
12.35	7.45	0.999999999697475	0.799995849370279	0.000174334051664052	2.08017556650735	0.99999999987899
12.45	7.45	0.999999999532367	0.799996237194536	0.000172312931475709	2.00017596139752	0.999999999812947
12.55	7.45	0.999999999338121	0.799996607518675	0.000170379248108477	1.92017631840461	0.999999999735248
12.65	7.45	0.999999999184465	0.799996961039926	0.000168530890710189	1.84017663924427	0.999999999673786
12.75	7.45	0.999999999189697	0.799997298458738	0.00016676587296691	1.76017692555926	0.999999999675879
12.85	7.45	0.999999999523129	0.799997620476464	0.000165082324800645	1.68017717891759	0.999999999809252
12.95	7.45	1.00000000038881	0.799997927792996	0.000163478484858574	1.60017740081095	1.00000000015552
13.05	7.45	1.0000000019779	0.799998221104501	0.000161952694242546	1.52017759265432	1.00000000079116
13.15	7.45	1.00000000437733	0.799998501101717	0.000160503392308564	1.44017775578796	1.00000000175093
13.25	7.45	1.00000000742737	0.799998768469545	0.000159129115662322	1.36017789148316	1.00000000297095
13.35	7.45	1.00000001053512	0.799999023888718	0.000157828501483152	1.28017800095342	1.00000000421405
13.45	7.45	1.0000000124756	0.799999268040743	0.000156600296033168	1.20017808537188	1.00000000499024
13.55	7.45	1.00000001125068	0.799999501616789	0.000155443368004701	1.12017814589417	1.00000000450027
13.65	7.45	1.00000000412399	0.799999725330661	0.000154356724174916	1.04017818368307	1.0000000016496
13.75	7.45	0.99999998799852	0.799999939934226	0.00015333952133229	0.960178199926621	0.999999995199408
13.85	7.45	0.99999996033283	0.800000146231179	0.000152391063848338	0.880178195835477	0.999999984133132
13.95	7.45	0.999999920768828	0.800000345081436	0.000151510771222311	0.800178172599609	0.999999968307531
14.05	7.45	0.999999873525879	0.800000537384432	0.00015069809641804	0.720178131280639	0.999999949410352
14.15	7.45	0.999999830352293	0.800000724026449	0.000149952376670567	0.640178072618644	0.999999932140917
14.25	7.45	0.999999813377068	0.800000905776736	0.000149272608176208	0.560177996746129	0.999999925350827
14.35	7.45	0.999999856568613	0.80000108312298	0.000148657159793629	0.480177902833096	0.999999942627445
14.45	7.45	1.00000000375527	0.80000125605232	0.000148103483397427	0.400177788740566	1.00000000150211
14.55	7.45	1.00000030049007	0.800001423813419	0.000147607941326295	0.320177650836127	1.00000012019603
14.65	7.45	1.00000077681238	0.800001584739729	0.00014716594909465	0.2401774842157	1.00000031072495
14.75	7.45	1.00000141872545	0.80000173623789	0.000146772706521097	0.16017728365769	1.00000056749018
14.85	7.45	1.00000212867686	0.800001597927836	0.000146424851203059	0.0801770456724437	1.00000085147075
14.95	7.45	1.00000268022307	0.400002787474352	0.000146170336954175	0.000176827411786751	1.00000107208923
0.05	7.55	-4.51278459563246e-06	0.399998700556335	-0.000702924241406399	10.4577967993973	0.599998194886162
0.15	7.55	-5.07164550255385e-06	0.799996385353172	-0.000703844630666989	10.409797099737	0.599997971341799
0.25	7.55	-5.4356644541251e-06	0.799994075690123	-0.000705694253927609	10.3617975577322	0.599997825734218
0.35	7.55	-4.86913670306702e-06	0.799991732460506	-0.000708500774605337	10.3137981585232	0.599998052345319
0.45	7.55	-2.60350787480472e-06	0.799989359315474	-0.000712302019736457	10.2657988614432	0.59999895859685
0.55	7.55	2.11395769982203e-06	0.799986929882199	-0.000717146899328093	10.2177996020079	0.60000084558308
0.65	7.55	9.89474181377495e-06	0.799984407811622	-0.000723095129292054	10.1698002945421	0.600003957896725
0.75	7.55	2.10239741331951e-05	0.799981743465572	-0.000730212762398313	10.121800839791	0.600008409589653
0.85	7.55	3.51608260920189e-05	0.799978779743739	-0.000738530999332816	10.0738011397898	0.600014064330437
0.95	7.55	5.02695914041988e-05	0.799975419444217	-0.000748189436531639	10.0258011359513	0.600020107836562
1.05	7.55	6.23355804283562e-05	0.799971512794752	-0.000759403403935238	9.97780087225988	0.600024934232171
1.15	7.55	6.49372304332195e-05	0.799967278174865	-0.00077232509681562	9.92980056503482	0.600025974892173
1.25	7.55	5.14542775770937e-05	0.799962731514232	-0.000787127399958103	9.88180064301572	0.600020581711031
1.35	7.55	1.5841547791357e-05	0.799957957597353	-0.000804012038270125	9.83380174427792	0.600006336619117
1.45	7.55	-4.57954194345241e-05	0.799953084575443	-0.000823203517043276	9.785804674239	0.599981681832226
1.55	7.55	-0.000133150349472006	0.799948250064757	-0.000844943299860496	9.73781030480015	0.599946739860211
1.65	7.55	-0.000239548586959306	0.799943552647621	-0.00086948284524106	9.68981940523423	0.599904180565216
1.75	7.55	-0.000350128134304179	0.799938987702103	-0.000897072319917019	9.64183240843768	0.599859948746278
1.85	7.55	-0.000440952557815105	0.799934360215735	-0.00092794072598813	9.59384913312459	0.599823618976874
1.95	7.55	-0.000479757644548336	0.799929144782791	-0.000962265877888255	9.54586850377849	0.599808096942181
2.05	7.55	-0.000429126091421241	0.799922326132085	-0.00100020249548169	9.49788833743447	0.599828349563432
2.15	7.55	-0.000251911358442295	0.799913546764139	-0.00104248141220277	9.44990528595547	0.599899235456623
2.25	7.55	9.08927541165415e-05	0.799902739333518	-0.00108880674043623	9.40191483231244	0.600036357101647
2.35	7.55	0.000641244747924204	0.799895250957086	-0.00113837189863414	9.35391114070686	0.60025649789917
2.45	7.55	0.0014824058740541	0.799885779089008	-0.00119138063835055	9.30588636780318	0.600592962349622
2.55	7.55	0.00270355574919937	0.799874113210987	-0.00124783961502616	9.25782998667724	0.60108142229968
2.65	7.55	0.0044061817428936	0.799859747364909	-0.00130748416782786	9.20972847376386	0.601762472697157
2.75	7.55	0.00670671187225555	0.799842164541848	-0.00136982662156366	9.16156487068205	0.602682684748902
2.85	7.55	0.00973911706329098	0.799820885920162	-0.00143415112040546	9.11331826902063	0.603895646825316
2.95	7.55	0.0136583083734162	0.799795535654452	-0.00149945772971729	9.06496320030479	0.605463323349366
3.05	7.55	0.0186448531752309	0.799765913240074	-0.00156437285942251	9.01646889628434	0.607457941270092
3.15	7.55	0.0249114956186942	0.799732070818085	-0.00162703199677748	8.96779836913589	0.609964598247478
3.25	7.55	0.0327119248793834	0.799694384744048	-0.00168493488944197	8.91890724588469	0.613084769951753
3.35	7.55	0.0423520590198764	0.799653591376442	-0.00173477532096557	8.86974227940672	0.616940823607951
3.45	7.55	0.0542036451230099	0.799610728391824	-0.0017722574429547	8.82023945667736	0.621681458049204
3.55	7.55	0.0687189828496155	0.799566887976852	-0.0017919301648691	8.77032164654672	0.627487593139846
3.65	7.55	0.0864437470950569	0.799522661111901	-0.00178710302047886	8.71989579609258	0.634577498838023
3.75	7.55	0.108021915651274	0.79947717111637	-0.00174995104243519	8.66884982826289	0.64320876626051
3.85	7.55	0.134182686453938	0.799426732295796	-0.00167196260025477	8.61704965093468	0.653673074581575
3.95	7.55	0.165694861508368	0.799363515849242	-0.00154490350447066	8.56433708207418	0.666277944603347
4.05	7.55	0.203272135860771	0.799275172530119	-0.00136240793005701	8.51052999467187	0.681308854344308
4.15	7.55	0.247418204589675	0.799146876210019	-0.00112209706111608	8.45542643144791	0.69896728183587
4.25	7.55	0.298220069434122	0.79896696913741	-0.000827757083228297	8.39881449048563	0.719288027773649
4.35	7.55	0.355133683105716	0.798735421248197	-0.000490716851353004	8.34048895612384	0.742053473242286
4.45	7.55	0.416846258348149	0.798470958054799	-0.00012947166233001	8.2802736115396	0.76673850333926
4.55	7.55	0.481312789057676	0.798210772158955	0.000232891079720831	8.21804527040557	0.79252511562307
4.65	7.55	0.546016495050867	0.797999869835462	0.000572889118588512	8.15375319437707	0.818406598020347
4.75	7.55	0.608398305310308	0.797874633773276	0.000870995593655077	8.08742759839108	0.843359322124123
4.85	7.55	0.666303871759887	0.797850279376257	0.00111459388232735	8.0191741920327	0.866521548703955
4.95	7.55	0.71828555835129	0.797918921376883	0.0012987793797049	7.94915670614654	0.887314223340516
5.05	7.55	0.763681031182038	0.798057064225601	0.00142527964746234	7.87757323011833	0.905472412472815
5.15	7.55	0.802500263748814	0.798236218360772	0.00150036900207763	7.80463297477627	0.921000105499525
5.25	7.55	0.835215012853345	0.798431081472521	0.00153266381303292	7.7305381015202	0.934086005141338
5.35	7.55	0.862542036855379	0.798623342185988	0.00153134965675793	7.65547231457877	0.945016814742152
5.45	7.55	0.885273359345545	0.798801970931736	0.00150502297754516	7.57959560376627	0.954109343738218
5.55	7.55	0.904168255265893	0.798961725480785	0.00146108999379276	7.50304342936633	0.961667302106357
5.65	7.55	0.919898427720904	0.799101232696433	0.00140556856515164	7.42592852999263	0.967959371088361
5.75	7.55	0.933029862257055	0.799221346462605	0.00134313441524956	7.34834392366378	0.973211944902822
5.85	7.55	0.944025821020506	0.799323989553041	0.00127728884228548	7.27036617741061	0.977610328408203
5.95	7.55	0.953259701696893	0.799411439566906	0.00121056772545682	7.19205844568839	0.981303880678757
6.05	7.55	0.961030851995132	0.799485939613166	0.00114474666087919	7.11347306743375	0.984412340798053
6.15	7.55	0.967579718281331	0.799549516616527	0.00108102100567178	7.03465368023642	0.987031887312533
6.25	7.55	0.973100797117331	0.79960391920402	0.00102015395850844	6.95563689334836	0.989240318846932
6.35	7.55	0.977753020892547	0.799650617601124	0.000962593362724014	6.87645359262522	0.991101208357019
6.45	7.55	0.981667766931684	0.799690831372957	0.000908561250210728	6.79712995425459	0.992667106772674
6.55	7.55	0.984954889438828	0.799725566388459	0.000858121113680251	6.7176882354209	0.993981955775531
6.65	7.55	0.987707204988488	0.799755651775668	0.000811227697159859	6.63814739731038	0.995082881995395
6.75	7.55	0.990003815029134	0.799781772900673	0.000767763417937181	6.55852360321136	0.996001526011654
6.85	7.55	0.991912576416182	0.799804499141565	0.000727564743278086	6.47883062361043	0.996765030566473
6.95	7.55	0.993491958766533	0.799824306528391	0.000690441107509915	6.3990801715562	0.997396783506613
7.05	7.55	0.994792465530475	0.799841595851818	0.000656188335795542	6.3192821850163	0.99791698621219
7.15	7.55	0.995857746566412	0.79985670698993	0.000624598045708619	6.23944506814114	0.998343098626565
7.25	7.55	0.996725492773997	0.799869930176943	0.000595464117875862	6.15957589988913	0.998690197109599
7.35	7.55	0.997428175931367	0.799881514845145	0.000568587039307948	6.07968061602533	0.998971270372547
7.45	7.55	0.997993677105082	0.799891676564323	0.000543776709073689	5.99976416880771	0.999197470842033
7.55	7.55	0.998445832951891	0.7999006025021	0.000520854137996697	5.91983066751106	0.999378333180757
7.65	7.55	0.998804919392245	0.799908455742337	0.000499652357397123	5.83988350215465	0.999521967756898
7.75	7.55	0.99908808535448	0.799915378727279	0.000480016766933674	5.75992545227887	0.999635234141792
7.85	7.55	0.9993097447122	0.799921496030944	0.000461805089116667	5.67995878227764	0.99972389788488
7.95	7.55	0.999481931539815	0.799926916624921	0.000444887052511869	5.59998532457555	0.999792772615926
8.05	7.55	0.999614621933751	0.799931735759868	0.000429143892614714	5.5200065517996	0.9998458487735
8.15	7.55	0.999716024552314	0.799936036556526	0.000414467735198667	5.44002363900472	0.999886409820925
8.25	7.55	0.999792841465979	0.799939891376029	0.000400760909283984	5.36003751694841	0.999917136586392
8.35	7.55	0.999850500697187	0.79994336302059	0.00038793522443121	5.28004891735924	0.999940200278875
8.45	7.55	0.999893361828221	0.799946505801264	0.000375911237096606	5.20005841109717	0.999957344731288
8.55	7.55	0.999924896168482	0.799949366498454	0.000364617524733503	5.12006644005569	0.999969958467393
8.65	7.55	0.999947843128423	0.799951985232629	0.000353989980364487	5.04007334360381	0.999979137251369
8.75	7.55	0.999964344599742	0.799954396256893	0.000343971137143144	4.96007938030927	0.999985737839897
8.85	7.55	0.999976059260776	0.799956628679242	0.000334509529328015	4.88008474562401	0.99999042370431
8.95	7.55	0.999984258797096	0.79995870711961	0.000325559093472032	4.80008958614914	0.999993703518838
9.05	7.55	0.999989908044607	0.799960652305325	0.000317078612505466	4.72009401103206	0.999995963217843
9.15	7.55	0.999993731027745	0.799962481608141	0.000309031203477068	4.64009810098402	0.999997492411098
9.25	7.55	0.999996264785085	0.799964209525288	0.000301383848908919	4.56010191534406	0.999998505914034
9.35	7.55	0.999997902757703	0.799965848107592	0.000294106970720536	4.48010549755599	0.999999161103081
9.45	7.55	0.999998929371948	0.799967407337478	0.000287174045177079	4.40010887937013	0.999999571748779
9.55	7.55	0.999999547287826	0.799968895460287	0.000280561256743051	4.32011208403163	0.99999981891513
9.65	7.55	0.999999898615827	0.799970319272237	0.000274247188378511	4.24011512867228	0.999999959446331
9.75	7.55	1.00000008123658	0.799971684368991	0.000268212545790194	4.16011802608342	1.00000003249463
9.85	7.55	1.00000016119502	0.799972995358258	0.000262439912656803	4.08012078601367	1.00000006447801
9.95	7.55	1.00000018198867	0.799974256040532	0.000256913534338064	4.00012341610615	1.00000007279547
10.05	7.55	1.00000017143074	0.799975469561363	0.000251619127152807	3.92012592256567	1.0000000685723
10.15	7.55	1.0000001466451	0.799976638538852	0.000246543710712235	3.84012831062629	1.00000005865804
10.25	7.55	1.00000011764258	0.799977765169566	0.000241675460787381	3.76013058487332	1.00000004705703
10.35	7.55	1.00000008983541	0.799978851315893	0.000237003580424764	3.68013274946083	1.00000003593416
10.45	7.55	1.00000006576935	0.799979898577552	0.000232518187144058	3.60013480825529	1.00000002630774
10.55	7.55	1.00000004628917	0.79998090834984	0.000228210214275265	3.52013676492791	1.00000001851567
10.65	7.55	1.00000003130089	0.799981881870567	0.00022407132465509	3.44013862301205	1.00000001252036
10.75	7.55	1.0000000202532	0.799982820257687	0.000220093835162526	3.36014038593739	1.00000000810128
10.85	7.55	1.00000001242752	0.799983724539257	0.000216270650612415	3.28014205704897	1.00000000497101
10.95	7.55	1.00000000710155	0.799984595676965	0.000212595205824895	3.20014363961687	1.00000000284062
11.05	7.55	1.0000000036317	0.799985434584545	0.000209061414772908	3.12014513684004	1.00000000145268
11.15	7.55	1.0000000014859	0.799986242142013	0.000205663625822041	3.04014655184698	1.00000000059436
11.25	7.55	1.00000000024786	0.799987019206448	0.000202396582321719	2.96014788769472	1.00000000009914
11.35	7.55	0.99999999960638	0.799987766620077	0.000199255387751409	2.88014914736701	0.999999999842552
11.45	7.55	0.999999999338208	0.799988485216278	0.000196235474866734	2.80015033377235	0.999999999735283
11.55	7.55	0.999999999289409	0.799989175823754	0.000193332578285487	2.72015144974211	0.999999999715764
11.65	7.55	0.999999999357857	0.799989839269453	0.000190542710128468	2.64015249802892	0.999999999743143
11.75	7.55	0.999999999478093	0.79999047638042	0.000187862138222414	2.56015348130532	0.999999999791237
11.85	7.55	0.999999999608942	0.79999108798484	0.000185287366653373	2.48015440216272	0.999999999843577
11.95	7.55	0.99999999972393	0.799991674912521	0.000182815118317837	2.40015526311068	0.999999999889572
12.05	7.55	0.999999999804495	0.799992237994911	0.000180442319271638	2.32015606657637	0.999999999921798
12.15	7.55	0.999999999836082	0.799992778064784	0.000178166084577316	2.24015681490425	0.999999999934433
12.25	7.55	0.999999999807415	0.799993295955732	0.000175983705561419	2.16015751035588	0.999999999922966
12.35	7.55	0.99999999971333	0.799993792501477	0.000173892638146466	2.08015815510975	0.999999999885332
12.45	7.55	0.999999999561413	0.799994268535009	0.000171890492169922	2.00015875126103	0.999999999824565
12.55	7.55	0.999999999382109	0.799994724887593	0.000169975021437314	1.92015930082114	0.999999999752844
12.65	7.55	0.999999999240693	0.799995162387617	0.000168144114341775	1.84015980571707	0.999999999696277
12.75	7.55	0.999999999247479	0.799995581859233	0.000166395785006894	1.76016026779039	0.999999999698992
12.85	7.55	0.999999999559936	0.79999598412075	0.000164728164922239	1.68016068879624	0.999999999823974
12.95	7.55	1.00000000036735	0.799996369983009	0.000163139495316967	1.60016107040248	1.00000000014694
13.05	7.55	1.00000000184638	0.799996740247711	0.000161628120791743	1.52016141418996	1.00000000073855
13.15	7.55	1.00000000407613	0.799997095706348	0.000160192485017481	1.44016172165493	1.00000000163045
13.25	7.55	1.00000000690606	0.799997437140183	0.000158831129584837	1.36016199421492	1.00000000276242
13.35	7.55	1.00000000978353	0.799997765322212	0.000157542697241557	1.28016223321958	1.00000000391341
13.45	7.55	1.00000001157048	0.799998081022121	0.000156325940239218	1.20016243996722	1.00000000462819
13.55	7.55	1.00000001041462	0.799998385014815	0.000155179733541874	1.12016261572642	1.00000000416585
13.65	7.55	1.00000000378426	0.799998678092722	0.000154103090328252	1.0401627617591	1.0000000015137
13.75	7.55	0.999999988820736	0.7999989610803	0.00015309517377598	0.960162879337398	0.999999995528294
13.85	7.55	0.999999963188209	0.79999923484688	0.000152155294510589	0.880162969741333	0.999999985275284
13.95	7.55	0.999999926578781	0.799999500310796	0.000151282878103342	0.800163034218704	0.999999970631512
14.05	7.55	0.999999882920577	0.799999758423949	0.000150477383482988	0.720163073885594	0.999999953168231
14.15	7.55	0.999999843092538	0.800000010123152	0.000149738153993139	0.640163089548061	0.999999937237015
14.25	7.55	0.999999827536807	0.800000256234348	0.000149064192545945	0.560163081438607	0.999999931014723
14.35	7.55	0.99999986757568	0.800000497321199	0.00014845387600892	0.48016304888984	0.999999947030272
14.45	7.55	1.00000000355277	0.800000733484082	0.000147904666312658	0.400162990016937	1.00000000142111
14.55	7.55	1.00000027730792	0.800000964142439	0.000147412938433396	0.32016290155047	1.00000011092317
14.65	7.55	1.00000071629616	0.800001187874436	0.000146974122874448	0.240162779044011	1.00000028651846
14.75	7.55	1.00000130737905	0.80000140241872	0.000146583434981462	0.160162617755407	1.00000052295162
14.85	7.55	1.0000019605949	0.800001351300835	0.00014623752383001	0.0801624145313092	1.00000078423796
14.95	7.55	1.00000246770701	0.400002514775749	0.000145984200272573	0.000162221717049325	1.0000009870828
0.05	7.65	-4.52791232560028e-06	0.39999824607639	-0.00070005943282425	10.4578389027651	0.59999818883507
0.15	7.65	-5.10040281478936e-06	0.799995021248461	-0.000700968465236395	10.4098392581264	0.599997959838874
0.25	7.65	-5.49201227037339e-06	0.799991787287471	-0.000702793053662123	10.3618398266328	0.599997803195092
0.35	7.65	-4.968195871025e-06	0.799988494651524	-0.000705561243175981	10.3138405951267	0.599998012721652
0.45	7.65	-2.76095771369984e-06	0.799985137305123	-0.000709310343719732	10.2658415252201	0.599998895616915
0.55	7.65	1.88243199935998e-06	0.799981678391373	-0.00071408707209876	10.2178425553294	0.6000007529728
0.65	7.65	9.57433036530847e-06	0.799978070618368	-0.000719944882025943	10.1698436033174	0.600003829732146
0.75	7.65	2.06316539434461e-05	0.799974265284666	-0.000726939725530234	10.1218445740879	0.600008252661577
0.85	7.65	3.50478525644162e-05	0.799969910820898	-0.000735105331538087	10.0738453710687	0.600014019141026
0.95	7.65	5.02127691301567e-05	0.799965119565638	-0.000744543588003975	10.0258459417759	0.600020085107652
1.05	7.65	6.2039921026072e-05	0.799959749758282	-0.000755436501416853	9.97784634320429	0.60002481596841
1.15	7.65	6.44713486329284e-05	0.799953861886161	-0.000767935833573931	9.92984680140614	0.600025788539453
1.25	7.65	5.08781222883661e-05	0.799947465284281	-0.000782187907500656	9.88184775380181	0.600020351248915
1.35	7.65	1.51951112742159e-05	0.79994062002923	-0.000798370512372574	9.83384984953405	0.60000607804451
1.45	7.65	-4.64700253742458e-05	0.799933424984292	-0.000816692802751336	9.7858539069272	0.59998141198985
1.55	7.65	-0.000133791687265787	0.799925984359174	-0.000837393591551235	9.7378608123097	0.599946483325094
1.65	7.65	-0.000240053909661532	0.799918359248094	-0.000860734955984139	9.68987135061532	0.599903978436135
1.75	7.65	-0.000350306906024704	0.799910500464842	-0.000886986024226204	9.64188597101354	0.59985987723759
1.85	7.65	-0.000440415605810675	0.799902153563956	-0.000916391927168745	9.59390450762037	0.599823833757676
1.95	7.65	-0.000477702740189189	0.799892695298052	-0.000949120779630043	9.54592589565999	0.599808918903924
2.05	7.65	-0.000424449243986841	0.799880748989375	-0.000985211455695205	9.49794795297775	0.599830220302405
2.15	7.65	-0.00024751978881648	0.799867927670967	-0.00102495667034491	9.4499673663979	0.599900992084473
2.25	7.65	9.59803548863477e-05	0.799852841929293	-0.00106843319018694	9.40197964021851	0.600038392141955
2.35	7.65	0.000654265157014564	0.799837868163403	-0.00111499760726391	9.35397888365934	0.600261706062806
2.45	7.65	0.00150403393165213	0.799820602125821	-0.00116426769491039	9.30595723145643	0.600601613572661
2.55	7.65	0.0027348503601349	0.79980050647966	-0.00121617894707551	9.2579041747153	0.601093940144054
2.65	7.65	0.0044489680150089	0.799777003130147	-0.00127041823332684	9.20980618379525	0.601779587206004
2.75	7.65	0.00676339912573461	0.799749502515729	-0.0013264628153544	9.16164627964336	0.602705359650294
2.85	7.65	0.00981262516665958	0.799717496802547	-0.00138356797505759	9.11340352137012	0.603925050066664
2.95	7.65	0.0137521131589086	0.799680627270462	-0.00144071168645322	9.06505239366326	0.605500845263563
3.05	7.65	0.0187631113787601	0.799638750047151	-0.00149651821322306	9.01656206209381	0.607505244551504
3.15	7.65	0.025059233873779	0.79959201027807	-0.00154916442846706	8.96789544665272	0.610023693549512
3.25	7.65	0.0328952928905979	0.799540914113035	-0.00159626744576785	8.91900804766985	0.613158117156239
3.35	7.65	0.0425786487132184	0.79948636570124	-0.00163475552754692	8.86984644621473	0.617031459485287
3.45	7.65	0.0544828653847126	0.799429607717785	-0.00166073365404496	8.82034639971045	0.621793146153885
3.55	7.65	0.0690624492070306	0.799371969347303	-0.00166937180759101	8.77043047588089	0.627624979682812
3.65	7.65	0.0868655898281704	0.799314299171213	-0.00165487005711263	8.72000523634885	0.634746235931268
3.75	7.65	0.108538821976982	0.799255981155036	-0.00161058938097736	8.66895812717212	0.643415528790793
3.85	7.65	0.134813377654956	0.799193573638315	-0.00152947205899559	8.6171544942275	0.653925351061982
3.95	7.65	0.166458599954453	0.799119464013511	-0.00140488580682496	8.5644355393527	0.666583439981781
4.05	7.65	0.204185851474537	0.799021504651252	-0.00123196721907903	8.51061853378602	0.681674340589815
4.15	7.65	0.248492080924568	0.798885105264573	-0.00100936280954055	8.45550104769821	0.699396832369827
4.25	7.65	0.299452089859526	0.798698946012852	-0.000740966101158994	8.39887099117223	0.71978083594381
4.35	7.65	0.356504660922864	0.798463462522891	-0.00043694572447064	8.34052340847837	0.742601864369146
4.45	7.65	0.418317752022635	0.798197880398143	-0.000113311156690156	8.28028289976711	0.767327100809054
4.55	7.65	0.482830098740288	0.797939710549004	0.000210298228025876	8.21802763515416	0.793132039496115
4.65	7.65	0.547517036651034	0.797733888122537	0.000514088563537313	8.15370858951401	0.819006814660413
4.75	7.65	0.609822841432789	0.797616312115083	0.000781646607831098	8.08735773676198	0.843929136573115
4.85	7.65	0.667606393282719	0.797601497780345	0.00100230633857094	8.01908226012159	0.867042557313088
4.95	7.65	0.719438475691532	0.797680906710532	0.00117177268561874	7.94904684800767	0.887775390276613
5.05	7.65	0.764674973929504	0.797830591721205	0.00129124247323688	7.87744996417264	0.905869989571801
5.15	7.65	0.803340130134765	0.798021812067217	0.00136572541401152	7.80450068974228	0.921336052053906
5.25	7.65	0.83591468016347	0.798229128200174	0.00140226480278411	7.73040071070171	0.934365872065388
5.35	7.65	0.863119575469912	0.79843411898404	0.00140849204901035	7.65533307832337	0.945247830187965
5.45	7.65	0.885747591880338	0.798625626391458	0.0013916623993668	7.5794570866668	0.954299036752135
5.55	7.65	0.904556724477512	0.798798253448118	0.00135813260497855	7.50290754478612	0.961822689791005
5.65	7.65	0.9202164593959	0.798950459226037	0.00131316420526836	7.42579662937412	0.96808658375836
5.75	7.65	0.933290331863058	0.799082935024907	0.00126093020704273	7.34821690030007	0.973316132745223
5.85	7.65	0.944239300942157	0.79919746095179	0.00120462850035116	7.27024456660215	0.977695720376863
5.95	7.65	0.953434771274443	0.799296200406568	0.00114663724075789	7.19194251247232	0.981373908509777
6.05	7.65	0.961174444285353	0.799381313695123	0.00108867428780364	7.11336287898007	0.984469777714141
6.15	7.65	0.967697441246966	0.799454775273624	0.00103194164767385	7.03454916325392	0.987078976498787
6.25	7.65	0.973197205337458	0.799518308231655	0.000977247546741786	6.9555378783296	0.989278882134983
6.35	7.65	0.977831834194675	0.799573379715777	0.000925105212010265	6.87635984722197	0.99113273367787
6.45	7.65	0.98173204149841	0.799621223975276	0.000875810525771942	6.79704120801226	0.992692816599364
6.55	7.65	0.985007149948162	0.799662874904014	0.000829501862357457	6.71760419781394	0.994002859979265
6.65	7.65	0.98774954635468	0.799699199097181	0.000786205534906485	6.63806777067239	0.995099818541872
6.75	7.65	0.990037981100353	0.799730925548829	0.0007458699354907	6.55844809182179	0.996015192440141
6.85	7.65	0.991940021467754	0.799758670762125	0.00070839094865007	6.47875893991497	0.996776008587102
6.95	7.65	0.993513896213273	0.799782959295327	0.000673630709735307	6.39901204026654	0.997405558485309
7.05	7.65	0.994809907114188	0.79980424027555	0.000641431327722517	6.31921734565327	0.997923962845675
7.15	7.65	0.995871534373677	0.799822900552907	0.000611624820529541	6.2393832764453	0.998348613749471
7.25	7.65	0.996736325772215	0.799839275144289	0.000584040213415936	6.15951692841616	0.998694530308886
7.35	7.65	0.997436632230229	0.799853655530302	0.000558508521143365	6.07962425416332	0.998974652892092
7.45	7.65	0.998000232810523	0.79986629627031	0.000534866157197838	5.99971022239251	0.999200093124209
7.55	7.65	0.998450878242192	0.799877420308585	0.000512957179104784	5.91977895817058	0.999380351296877
7.65	7.65	0.998808772281686	0.799887223266877	0.000492634676992158	5.83983386647875	0.999523508912675
7.75	7.65	0.99909100349704	0.799895876954445	0.000473761535525347	5.75987774088597	0.999636401398816
7.85	7.65	0.999311935520335	0.799903532275604	0.000456210741790627	5.67991285882999	0.999724774208134
7.95	7.65	0.999483560840109	0.799910321673613	0.000439865368062623	5.59994106478078	0.999793424336044
8.05	7.65	0.999615821344244	0.799916361217479	0.000424618325924686	5.51996384242537	0.999846328537698
8.15	7.65	0.999716897740098	0.799921752411664	0.000410371963821815	5.43998237692529	0.999886759096039
8.25	7.65	0.999793469424364	0.799926583789123	0.000397037561977778	5.35999760823585	0.999917387769746
8.35	7.65	0.999850946166803	0.799930932331	0.000384534764722396	5.28001027642743	0.999940378466721
8.45	7.65	0.999893672974183	0.799934864744916	0.00037279098031637	5.20002095990338	0.999957469189673
8.55	7.65	0.999925109615014	0.799938438623816	0.000361740770380221	5.12003010736194	0.999970043846006
8.65	7.65	0.999947986442581	0.79994170350077	0.000351325245245084	5.04003806429829	0.999979194577032
8.75	7.65	0.999964438306633	0.799944701810376	0.000341491477099487	4.9600450947868	0.999985775322653
8.85	7.65	0.999976118463855	0.799947469764041	0.00033219193918112	4.88005139922332	0.999990447385542
8.95	7.65	0.999984294468652	0.799950038144643	0.000323383976840227	4.80005712864419	0.999993717787461
9.05	7.65	0.999989928043491	0.799952433024698	0.000315029313864066	4.72006239617415	0.999995971217396
9.15	7.65	0.999993740893778	0.799954676411959	0.000307093596016118	4.64006728609105	0.999997496357511
9.25	7.65	0.999996268352535	0.79995678682626	0.000299545972445045	4.56007186093324	0.999998507341014
9.35	7.65	0.999997902623714	0.799958779811326	0.000292358714519951	4.48007616701629	0.999999161049486
9.45	7.65	0.99999892724998	0.799960668385824	0.000285506871045393	4.40008023867078	0.999999570899992
9.55	7.65	0.999999544270948	0.799962463438085	0.000278967958057344	4.32008410146318	0.999999817708379
9.65	7.65	0.999999895370205	0.799964174068951	0.000272721681351543	4.2400877746168	0.999999958148082
9.75	7.65	1.00000007814153	0.799965807887545	0.000266749689142802	4.16009127281078	1.00000003125661
9.85	7.65	1.00000015844273	0.799967371264732	0.000261035352724149	4.08009460750101	1.00000006337709
9.95	7.65	1.00000017965387	0.799968869548621	0.000255563572434456	4.00009778787781	1.00000007186155
10.05	7.65	1.00000016951826	0.799970307246917	0.000250320606587596	3.92010082155125	1.00000006780731
10.15	7.65	1.00000014512163	0.799971688179975	0.00024529392096886	3.84010371503464	1.00000005804865
10.25	7.65	1.00000011645702	0.799973015608605	0.000240472056666286	3.76010647408058	1.00000004658281
10.35	7.65	1.00000008893141	0.799974292340184	0.000235844514099114	3.68010910391068	1.00000003557257
10.45	7.65	1.00000006509259	0.79997552081615	0.000231401651436548	3.60011160937003	1.00000002603704
10.55	7.65	1.00000004579107	0.799976703183898	0.000227134595475261	3.52011399502892	1.00000001831643
10.65	7.65	1.00000003094016	0.799977841355385	0.000223035163605071	3.44011626524853	1.00000001237606
10.75	7.65	1.00000001999599	0.799978937054774	0.000219095795261755	3.36011842422233	1.0000000079984
10.85	7.65	1.00000001224693	0.79997999185689	0.00021530949171839	3.28012047600146	1.00000000489877
10.95	7.65	1.00000000697671	0.799981007218132	0.000211669763168977	3.20012242451	1.00000000279069
11.05	7.65	1.00000000354676	0.79998198450118	0.000208170581961145	3.12012427355366	1.0000000014187
11.15	7.65	1.00000000142903	0.799982924994573	0.000204806341381005	3.04012602682484	1.00000000057161
11.25	7.65	1.00000000021039	0.799983829928236	0.000201571819034287	2.96012768790537	1.00000000008416
11.35	7.65	0.999999999581999	0.799984700485603	0.000198462144428367	2.88012926026812	0.9999999998328
11.45	7.65	0.999999999322372	0.799985537813034	0.000195472769990258	2.800130747278	0.999999999728949
11.55	7.65	0.999999999278859	0.799986343027115	0.000192599445298076	2.7201321521928	0.999999999711543
11.65	7.65	0.999999999350292	0.799987117220191	0.000189838193899792	2.6401334781639	0.999999999740117
11.75	7.65	0.999999999471976	0.79998786146451	0.000187185292605052	2.5601347282371	0.999999999788791
11.85	7.65	0.99999999960344	0.799988576815344	0.000184637252797421	2.48013590535351	0.999999999841376
11.95	7.65	0.99999999971897	0.799989264313233	0.000182190803653396	2.40013701235046	0.999999999887588
12.05	7.65	0.9999999998009	0.799989924985581	0.000179842876911109	2.32013805196262	0.99999999992036
12.15	7.65	0.999999999835711	0.79999055984775	0.00017759059313542	2.240139026823	0.999999999934284
12.25	7.65	0.999999999813168	0.799991169903784	0.000175431249208104	2.16013993946406	0.999999999925267
12.35	7.65	0.999999999728847	0.799991756146833	0.000173362306863803	2.08014079231869	0.999999999891539
12.45	7.65	0.999999999590206	0.799992319559294	0.000171381382142353	2.00014158772101	0.999999999836083
12.55	7.65	0.999999999425892	0.799992861112735	0.000169486235475852	1.92014232790699	0.999999999770357
12.65	7.65	0.999999999296736	0.79999338176756	0.000167674762404128	1.84014301501462	0.999999999718694
12.75	7.65	0.999999999305092	0.799993882472413	0.000165944984673406	1.76014365108391	0.999999999722037
12.85	7.65	0.999999999596609	0.799994364163335	0.000164295041862901	1.6801442380566	0.999999999838644
12.95	7.65	1.00000000034584	0.799994827762765	0.000162723183740996	1.60014477777618	1.00000000013834
13.05	7.65	1.00000000171501	0.799995274178566	0.000161227763830311	1.52014527198877	1.000000000686
13.15	7.65	1.00000000377537	0.79999570430346	0.00015980723503475	1.44014572234594	1.00000000151015
13.25	7.65	1.00000000638563	0.799996119015488	0.000158460148432467	1.36014613041071	1.00000000255425
13.35	7.65	1.00000000903332	0.79999651918024	0.000157185156392468	1.28014649766812	1.00000000361333
13.45	7.65	1.00000001066716	0.799996905655783	0.000155981020844471	1.2001468255409	1.00000000426686
13.55	7.65	1.00000000958038	0.79999727930089	0.000154846626331206	1.12014711540978	1.00000000383215
13.65	7.65	1.00000000344554	0.79999764098667	0.000153780995404074	1.04014736863501	1.00000000137822
13.75	7.65	0.999999989641704	0.799997991610107	0.000152783300267709	0.960147586572078	0.999999995856682
13.85	7.65	0.999999966038029	0.799998332106059	0.000151852860126848	0.880147770569609	0.999999986415211
13.95	7.65	0.999999932376499	0.7999986634511	0.000150989108678103	0.80014792193253	0.9999999729506
14.05	7.65	0.999999892294458	0.799998986649351	0.000150191512644929	0.7201480418307	0.999999956917783
14.15	7.65	0.999999855803376	0.799999302687838	0.000149459423167528	0.640148131135467	0.999999942321351
14.25	7.65	0.999999841662653	0.799999612448808	0.000148791851546493	0.560148190178588	0.999999936665061
14.35	7.65	0.999999878555389	0.799999916571406	0.000148187184446195	0.480148218454402	0.999999951422156
14.45	7.65	1.00000000335016	0.800000215268596	0.000147642895918399	0.400148214331154	1.00000000134006
14.55	7.65	1.00000025418467	0.800000508129728	0.000147155376011926	0.320148174901039	1.00000010167387
14.65	7.65	1.00000065593834	0.800000793976559	0.000146720072975803	0.240148096173654	1.00000026237534
14.75	7.65	1.0000011963307	0.800001070878215	0.000146332220437788	0.160147973884592	1.00000047853228
14.85	7.65	1.00000179297096	0.800001106187026	0.000145988480942829	0.0801478052155174	1.00000071718838
14.95	7.65	1.00000225577711	0.40000224319978	0.000145736499601945	0.000147637720767475	1.00000090231084
0.05	7.75	-4.5472003215898e-06	0.399997800969003	-0.000696299964409213	10.457880807114	0.599998181119871
0.15	7.75	-5.13562672771208e-06	0.799993686306214	-0.000697187567990502	10.4098812165054	0.599997945749309
0.25	7.75	-5.55928219153536e-06	0.799989548777822	-0.000698967953261425	10.3618818934289	0.599997776287123
0.35	7.75	-5.08409198962295e-06	0.799985328522756	-0.000701668225251357	10.3138828264317	0.599997966363204
0.45	7.75	-2.93877102689376e-06	0.79998100904177	-0.000705324144615518	10.2658839793684	0.599998824491589
0.55	7.75	1.64199178600557e-06	0.799976541165417	-0.000709979556666332	10.2178852934059	0.600000656796714
0.65	7.75	9.29792726352985e-06	0.79997186442832	-0.000715678692164942	10.1698866893226	0.600003719170905
0.75	7.75	2.03812495606928e-05	0.799966913415606	-0.000722452304402307	10.1218880746026	0.600008152499824
0.85	7.75	3.48781564434272e-05	0.799961312115504	-0.000730350818608195	10.0738893553373	0.600013951262577
0.95	7.75	5.00449334343842e-05	0.799955194694109	-0.000739475797474366	10.0258904850213	0.600020017973374
1.05	7.75	6.1819662244959e-05	0.79994838856592	-0.000749939108474248	9.97789152924033	0.600024727864898
1.15	7.75	6.41782322709352e-05	0.799940937392216	-0.000761860284725792	9.92989272214906	0.600025671292908
1.25	7.75	5.05017755882711e-05	0.799932830738537	-0.000775378300341525	9.88189450960448	0.600020200710235
1.35	7.75	1.47176590655663e-05	0.799924104242081	-0.000790648627144036	9.83389755056906	0.600005887063626
1.45	7.75	-4.70848841938132e-05	0.799914830748106	-0.000807861507938934	9.78590267520155	0.599981166046322
1.55	7.75	-0.000134596373244047	0.799905087648704	-0.000827249564129475	9.73791078393404	0.599946161450702
1.65	7.75	-0.000241094633157726	0.799894909350308	-0.00084908174369992	9.68992267776863	0.599903562146737
1.75	7.75	-0.000351575898596908	0.799884221290288	-0.000873639014065656	9.64193882277664	0.599859369640561
1.85	7.75	-0.000441779353772455	0.799872743354797	-0.000901171354250279	9.59395906874598	0.599823288258491
1.95	7.75	-0.000478820742103445	0.79985981320493	-0.000931862130721765	9.54598236288225	0.599808471703159
2.05	7.75	-0.000424744087560727	0.799843998086272	-0.000965850135751397	9.49800653024204	0.599830102364976
2.15	7.75	-0.000246230362507943	0.799826934127577	-0.00100292700830498	9.45002826135172	0.599901507854997
2.25	7.75	0.000100176150680315	0.799807098773586	-0.00104268927774428	9.40204305339587	0.600040070460272
2.35	7.75	0.000662797836257202	0.79978687183295	-0.00108511921268235	9.35404499968219	0.600265119134503
2.45	7.75	0.0015184245372598	0.799763782990575	-0.0011299876342622	9.3060262209222	0.600607369814904
2.55	7.75	0.00275667754189722	0.799737286331747	-0.0011767477486596	9.25797619514998	0.601102671016759
2.65	7.75	0.0044799051439681	0.799706844349977	-0.00122496130807465	9.20988137703575	0.601791962057587
2.75	7.75	0.00680526069754244	0.799671955086883	-0.00127410298728543	9.16172476485803	0.602722104279017
2.85	7.75	0.00986743484805062	0.799632229633497	-0.00132344142478311	9.11348538422542	0.60394697393922
2.95	7.75	0.0138221871398655	0.799587454566917	-0.0013719679798694	9.06513767167366	0.605528874855946
3.05	7.75	0.0188511609887257	0.799537658410121	-0.00141833698064433	9.01665072576435	0.60754046439549
3.15	7.75	0.0251684991841268	0.799483188029114	-0.00146079921266563	8.9679873754922	0.610067399673651
3.25	7.75	0.0330297205993185	0.799424780767438	-0.00149712251139697	8.91910299971591	0.613211888239727
3.35	7.75	0.0427431240535161	0.799363596427203	-0.00152450172089314	8.86994401949568	0.617097249621406
3.45	7.75	0.054683497076757	0.799301144855638	-0.00153946945718309	8.82044598421784	0.621873398830703
3.55	7.75	0.0693068835150264	0.799239010586544	-0.00153783265796116	8.77053119542477	0.62772275340601
3.65	7.75	0.0871632876774658	0.79917825046809	-0.00151468005194602	8.72010588159853	0.634865315070986
3.75	7.75	0.108901166079377	0.799118363695124	-0.00146453168697927	8.66905708491426	0.643560466431751
3.85	7.75	0.135253387626171	0.799055881127934	-0.0013817258826778	8.61724968406318	0.654101355050469
3.95	7.75	0.166989948638738	0.798982982586985	-0.00126114150545247	8.56452437782544	0.666795979455495
4.05	7.75	0.204820863655467	0.798887132628721	-0.00109930003055091	8.51069795579979	0.681928345462187
4.15	7.75	0.249238573554395	0.798753234040708	-0.000895746660760609	8.45556762152948	0.699695429421758
4.25	7.75	0.300309398094092	0.798569463307278	-0.000654376092782079	8.39892115818902	0.720123759237637
4.35	7.75	0.357459955077028	0.798335891974334	-0.000384145818649412	8.34055385254206	0.742983982030811
4.45	7.75	0.419344410512899	0.798071590167587	-9.8609043566126e-05	8.28029100197369	0.76773776420516
4.55	7.75	0.483889765096025	0.797814077669332	0.000185934009859898	8.21801191265713	0.79355590603841
4.65	7.75	0.548565598832516	0.797608359660971	0.000453223620150906	8.15366898708873	0.819426239533007
4.75	7.75	0.610818503961181	0.797490415719769	0.000689814813311187	8.0872956686565	0.844327401584473
4.85	7.75	0.668516778140954	0.797474895396526	0.000886904445840987	8.01900038473379	0.867406711256382
4.95	7.75	0.720244325433113	0.797553511849223	0.00104079840056889	7.94894865312443	0.888097730173245
5.05	7.75	0.765369960417164	0.797702680989531	0.00115222336395314	7.87733929174371	0.906147984166865
5.15	7.75	0.803927974575256	0.79789405312131	0.00122502458389704	7.80438131756926	0.921571189830102
5.25	7.75	0.836405338557436	0.798102504899578	0.00126477921419592	7.73027605706971	0.934562135422974
5.35	7.75	0.863525819231399	0.798309790591415	0.00127765396629115	7.6552060410127	0.94541032769256
5.45	7.75	0.88608258044259	0.79850477432257	0.0012696228670704	7.57932999261398	0.954433032177036
5.55	7.75	0.904832602120061	0.798681954945893	0.00124602203319995	7.5027821741016	0.961933040848024
5.65	7.75	0.920443738208813	0.798839604682033	0.00121135909011422	7.42567427997079	0.968177495283525
5.75	7.75	0.933477771226917	0.798978188412487	0.0011692876482568	7.34809846825154	0.973391108490767
5.85	7.75	0.94439404737293	0.799099254198645	0.00112267384748754	7.27013062673783	0.977757618949172
5.95	7.75	0.953562601807574	0.799204750403378	0.00107370431322799	7.19183339109069	0.98142504072303
6.05	7.75	0.961280024662241	0.79929665194486	0.00102400444645765	7.11325871544717	0.984512009864896
6.15	7.75	0.967784556961718	0.799376782695942	0.000974750240800708	7.03444996007992	0.987113822784687
6.25	7.75	0.973268951283496	0.799446750146739	0.000926766046170387	6.95544354072565	0.989307580513399
6.35	7.75	0.977890762857746	0.799507938064848	0.000880606086202171	6.87627021368842	0.991156305143098
6.45	7.75	0.981780275636386	0.799561525298532	0.000836620352909173	6.79695607359164	0.992712110254554
6.55	7.75	0.98504646726259	0.799608513563864	0.000795006749564266	6.71752333150311	0.994018586905036
6.65	7.75	0.98778144315088	0.799649755825184	0.000755851723909414	6.63799092826712	0.995112577260352
6.75	7.75	0.990063720666269	0.799685981720028	0.000719161565544723	6.55837502523502	0.996025488266507
6.85	7.75	0.99196067153059	0.799717818952745	0.000684886281511077	6.47868940379897	0.996784268612236
6.95	7.75	0.993530358633954	0.799745810723718	0.000652937651674367	6.39894579659075	0.997412143453581
7.05	7.75	0.994822942034435	0.79977042970654	0.000623202763036149	6.31915416674413	0.997929176813774
7.15	7.75	0.995881780330617	0.799792089192986	0.00059555405617491	6.2393229468786	0.998352712132247
7.25	7.75	0.996744316799277	0.799811151987294	0.00056985669669354	6.15945924606162	0.998697726719711
7.35	7.75	0.997442812622874	0.799827937542134	0.000545973904864184	6.07956903061051	0.998977125049149
7.45	7.75	0.998004970008527	0.799842727732601	0.000523770734654507	5.99965728293241	0.999201988003411
7.55	7.75	0.998454474132865	0.799855771579692	0.000503116681201878	5.91972814146512	0.999381789653146
7.65	7.75	0.998811473135272	0.79986728916415	0.000483887408086517	5.83978502401799	0.999524589254109
7.75	7.75	0.999093008688396	0.799877474915563	0.000465965817925219	5.75983073630799	0.999637203475358
7.85	7.75	0.999313405157123	0.799886500418482	0.000449242637107886	5.6798675671594	0.999725362062849
7.95	7.75	0.999484622398412	0.799894516842967	0.000433616644732865	5.59989737162709	0.999793848959365
8.05	7.75	0.999616575401935	0.79990165708057	0.000418994645201836	5.51992164317157	0.999846630160774
8.15	7.75	0.999717422892485	0.799908037646322	0.000405291259350098	5.43994157592836	0.999886969156994
8.25	7.75	0.999793826463174	0.799913760390836	0.000392428591421008	5.35995811805433	0.99991753058527
8.35	7.75	0.999851181600887	0.799918914054849	0.000380335814870652	5.27997201708663	0.999940472640355
8.45	7.75	0.999893821967522	0.799923575688511	0.000368948709587722	5.19998385820458	0.999957528787009
8.55	7.75	0.999925198414248	0.799927811951581	0.00035820917476399	5.11999409623948	0.999970079365699
8.65	7.75	0.9999480343622	0.799931680304902	0.000348064735660978	5.0400030822261	0.99997921374488
8.75	7.75	0.999964459335184	0.799935230101269	0.000338468057446146	4.9600110852344	0.999985783734073
8.85	7.75	0.999976122549208	0.799938503580709	0.000329376475650651	4.88001831016021	0.999990449019683
8.95	7.75	0.999984288534676	0.799941536774962	0.000320751549857494	4.80002491209057	0.99999371541387
9.05	7.75	0.999989916784614	0.799944360324848	0.000312558644935909	4.72003100779549	0.999995966713846
9.15	7.75	0.999993727388138	0.799947000214558	0.000304766542399783	4.64003668483365	0.999997490955255
9.25	7.75	0.999996254528765	0.799949478427173	0.000297347082989706	4.56004200869758	0.999998501811506
9.35	7.75	0.999997889611179	0.799951813525662	0.000290274840670092	4.48004702836507	0.999999155844472
9.45	7.75	0.999998915637406	0.799954021164511	0.00028352682737236	4.40005178056855	0.999999566254962
9.55	7.75	0.999999534294046	0.799956114537158	0.000277082227128114	4.32005629304439	0.999999813717618
9.65	7.75	0.999999887045057	0.799958104764475	0.000270922157989775	4.24006058697947	0.999999954818023
9.75	7.75	1.00000007135718	0.799960001229944	0.0002650294599006	4.16006467883299	1.00000002854287
9.85	7.75	1.00000015302362	0.799961811867022	0.000259388506226045	4.0800685816777	1.00000006120945
9.95	7.75	1.00000017540038	0.799963543403764	0.000253985037080702	4.00007230617565	1.00000007016015
10.05	7.75	1.00000016623172	0.799965201570086	0.0002488060121105	3.92007586127938	1.00000006649269
10.15	7.75	1.00000014261855	0.799966791272179	0.000243839480887694	3.84007925472943	1.00000005704742
10.25	7.75	1.0000001145761	0.799968316738534	0.000239074468797991	3.7600824934027	1.00000004583044
10.35	7.75	1.00000008753589	0.799969781641623	0.000234500876841767	3.68008558355311	1.00000003501436
10.45	7.75	1.00000006406979	0.799971189198765	0.000230109393401007	3.60008853097547	1.00000002562791
10.55	7.75	1.00000004505026	0.799972542255338	0.000225891416823335	3.52009134111564	1.00000001802011
10.65	7.75	1.00000003040978	0.799973843353188	0.000221838987168388	3.44009401914355	1.00000001216391
10.75	7.75	1.0000000196206	0.799975094786586	0.000217944726078626	3.36009657000101	1.00000000784824
10.85	7.75	1.00000001198425	0.799976298647885	0.000214201783707783	3.28009899843287	1.0000000047937
10.95	7.75	1.000000006795	0.799977456864559	0.000210603791730074	3.2001013090072	1.000000002718
11.05	7.75	1.0000000034225	0.799978571229237	0.000207144821684038	3.12010350612852	1.000000001369
11.15	7.75	1.00000000134504	0.799979643423883	0.000203819347867547	3.04010559404673	1.00000000053802
11.25	7.75	1.00000000015423	0.799980675039303	0.00020062221430419	2.96010757686336	1.00000000006169
11.35	7.75	0.999999999544754	0.799981667590682	0.00019754860514054	2.88010945853629	0.999999999817902
11.45	7.75	0.999999999297689	0.799982622530089	0.000194594018121365	2.80011124288359	0.999999999719076
11.55	7.75	0.99999999926223	0.799983541256361	0.000191754240703118	2.72011293358673	0.999999999704892
11.65	7.75	0.999999999338554	0.799984425122948	0.00018902532852626	2.64011453419368	0.999999999735421
11.75	7.75	0.999999999462996	0.79998527544417	0.000186403585991074	2.56011604812164	0.999999999785198
11.85	7.75	0.999999999595974	0.799986093500061	0.000183885548596731	2.48011747865979	0.99999999983839
11.95	7.75	0.999999999712666	0.799986880540253	0.000181467966980601	2.40011882897189	0.999999999885066
12.05	7.75	0.999999999796386	0.799987637786995	0.00017914779237625	2.32012010209878	0.999999999918554
12.15	7.75	0.999999999834707	0.799988366437515	0.000176922163379307	2.24012130096088	0.999999999933883
12.25	7.75	0.999999999818483	0.799989067665915	0.000174788393834113	2.16012242836038	0.999999999927393
12.35	7.75	0.999999999744048	0.799989742624572	0.000172743961670076	2.08012348698349	0.999999999897619
12.45	7.75	0.999999999618754	0.799990392445249	0.00017078649857959	2.00012447940219	0.999999999847501
12.55	7.75	0.99999999946946	0.799991018239883	0.000168913780285841	1.92012540807588	0.999999999787784
12.65	7.75	0.999999999352576	0.799991621101003	0.000167123717331725	1.84012627535246	0.99999999974103
12.75	7.75	0.999999999362514	0.799992202101896	0.000165414346294646	1.76012708346922	0.999999999745006
12.85	7.75	0.999999999633135	0.799992762296467	0.000163783821432581	1.68012783455341	0.999999999853254
12.95	7.75	1.00000000032431	0.799993302718883	0.000162230407052829	1.60012853062298	1.00000000012972
13.05	7.75	1.00000000158382	0.799993824383247	0.000160752471075142	1.52012917358814	1.00000000063353
13.15	7.75	1.00000000347519	0.79999432828355	0.000159348480647045	1.44012976525461	1.00000000139007
13.25	7.75	1.0000000058663	0.799994815394595	0.000158017000888867	1.36013030732975	1.00000000234652
13.35	7.75	1.00000000828481	0.799995286674483	0.000156756697945726	1.28013080143279	1.00000000331392
13.45	7.75	1.00000000976603	0.799995743069515	0.00015556634716813	1.20013124910974	1.00000000390641
13.55	7.75	1.00000000874835	0.799996185522136	0.000154444846096843	1.12013165185235	1.00000000349934
13.65	7.75	1.00000000310799	0.79999661498184	0.000153391229686232	1.04013201111811	1.0000000012432
13.75	7.75	0.999999990461076	0.799997032417831	0.000152404681880681	0.960132328344812	0.99999999618443
13.85	7.75	0.999999968881047	0.799997438830111	0.000151484532870866	0.880132604948723	0.999999987552419
13.95	7.75	0.999999938159434	0.799997835253058	0.000150630226604801	0.800132842290974	0.999999975263774
14.05	7.75	0.999999901643375	0.79999822274255	0.000149841239496982	0.720133041594325	0.99999996065735
14.15	7.75	0.999999868479152	0.799998602335311	0.00014911693223573	0.640133203794557	0.999999947391661
14.25	7.75	0.999999855748288	0.799998974969298	0.000148456326231095	0.560133329321765	0.999999942299315
14.35	7.75	0.999999889502817	0.799999341358453	0.000147857819782974	0.480133417830965	0.999999955801127
14.45	7.75	1.00000000314757	0.799999701827475	0.000147318901160098	0.400133467942174	1.00000000125903
14.55	7.75	1.00000023113089	0.800000056134544	0.000146835977937187	0.3201334771076	1.00000009245236
14.65	7.75	1.00000059576659	0.800000403343631	0.00014640451887225	0.240133441790968	1.00000023830664
14.75	7.75	1.00000108563146	0.800000741852535	0.000146019778629071	0.160133358203645	1.00000043425258
14.85	7.75	1.0000016258824	0.800000862749973	0.000145678435213572	0.0801332238608118	1.00000065035296
14.95	7.75	1.00000204453136	0.400001972892046	0.000145427945551825	0.000133081543591685	1.00000081781254
0.05	7.85	-4.5661620568635e-06	0.399997368946219	-0.000691668745374772	10.4579224593499	0.599998173535177
0.15	7.85	-5.17093152240644e-06	0.799992391345307	-0.000692525736836699	10.4099229211907	0.599997931627391
0.25	7.85	-5.62776118046221e-06	0.799987379003607	-0.000694244504189376	10.3619237033194	0.599997748895528
0.35	7.85	-5.20340089205949e-06	0.799982262670773	-0.000696848853241432	10.3139247958721	0.599997918639643
0.45	7.85	-3.1222860149683e-06	0.799977015506233	-0.000700370115466967	10.2659261647963	0.599998751085594
0.55	7.85	1.40109840053618e-06	0.799971574740573	-0.000704847409040966	10.2179277538153	0.60000056043936
0.65	7.85	9.05872339848582e-06	0.79996586388808	-0.000710321365628	10.16992948614	0.600003623489359
0.75	7.85	2.02626142925406e-05	0.799959777622777	-0.000716816850175827	10.1219312703912	0.600008105045717
0.85	7.85	3.46926362246579e-05	0.799953062304042	-0.000724377976015573	10.0739330160554	0.60001387705449
0.95	7.85	4.97796049032751e-05	0.799945749004337	-0.0007330749568589	10.0259346826849	0.600019911841961
1.05	7.85	6.1657281643145e-05	0.799937562321883	-0.000742990339749802	9.97793634046114	0.600024662912657
1.15	7.85	6.40244643219194e-05	0.799928666896222	-0.000754223914063961	9.92993822940937	0.600025609785729
1.25	7.85	5.02867192434967e-05	0.799919018128696	-0.000766878228843777	9.88194080319072	0.600020114687697
1.35	7.85	1.43718170683807e-05	0.799908627649826	-0.000781079862328531	9.83394472916344	0.600005748726827
1.45	7.85	-4.76721196499349e-05	0.799897545958126	-0.000796999284883042	9.78595084813155	0.59998093115214
1.55	7.85	-0.000135585946850816	0.799885828457623	-0.000814861804560389	9.73796007421971	0.59994576562126
1.65	7.85	-0.000242669943898084	0.799873488151861	-0.000834944934946644	9.68997322492143	0.599902932022441
1.75	7.85	-0.000353882109716655	0.799860434544551	-0.00085755286993343	9.64199078400073	0.599858447156113
1.85	7.85	-0.000444875682906366	0.799846385020457	-0.000882959853739492	9.59401261721507	0.599822049726837
1.95	7.85	-0.000482763526820772	0.799830703369247	-0.000911332043396191	9.54603768430621	0.599806894589272
2.05	7.85	-0.000429527108719216	0.79981223945561	-0.00094264912540366	9.49806382306571	0.599828189156512
2.15	7.85	-0.000247566064947576	0.799790757341158	-0.000976316289930301	9.45008769877852	0.599900973574021
2.25	7.85	0.000104233123109533	0.799765611009223	-0.00101228125571364	9.40210477218893	0.600041693249244
2.35	7.85	0.000667971099223875	0.79974222980934	-0.0010505976707962	9.35410915640833	0.60026718843969
2.45	7.85	0.00152710321251393	0.799715097010968	-0.0010905229273193	9.30609296814859	0.600610841285006
2.55	7.85	0.00277092791186669	0.799683996863251	-0.00113156349491339	9.25804564487616	0.601108371164747
2.65	7.85	0.00450124299638156	0.79964854336609	-0.00117333024219207	9.20995361909315	0.601800497198553
2.75	7.85	0.00683495159751976	0.799608468164106	-0.00121532995258209	9.16179986658064	0.602733980639008
2.85	7.85	0.00990671335366243	0.799563623419926	-0.00125685208949467	9.11356337999616	0.603962685341465
2.95	7.85	0.0138723774588689	0.799514038134451	-0.00129691357025147	9.06521854785304	0.605548950983548
3.05	7.85	0.0189137569146104	0.799459996394056	-0.0013342197900274	9.01673440246705	0.607565502765844
3.15	7.85	0.025245246005176	0.799402123208803	-0.00136712137929679	8.96807368480742	0.61009809840207
3.25	7.85	0.0331227252533866	0.79934145774928	-0.00139356114749766	8.91919165930149	0.613249090101355
3.35	7.85	0.0428550096941794	0.799279475689994	-0.00141101476266074	8.870034600354	0.617142003877672
3.45	7.85	0.0548176083250635	0.799217994314377	-0.00141643670541136	8.82053787171527	0.621927043330025
3.55	7.85	0.0694675321047087	0.799158859666145	-0.00140623362739779	8.77062354338398	0.627787012841883
3.65	7.85	0.0873559982567607	0.799103290529876	-0.00137630236515502	8.72019756091689	0.634942399302704
3.75	7.85	0.109132833348231	0.799050780879529	-0.00132218853342365	8.66914663112332	0.643653133339292
3.85	7.85	0.135532189842227	0.798997616898857	-0.00123943724267299	8.61733525300418	0.654212875936891
3.95	7.85	0.167324796492419	0.798935437355423	-0.00112420417666769	8.56460372520264	0.666929918596967
4.05	7.85	0.205220145744087	0.798850859375927	-0.000974147255069522	8.5107684636002	0.682088058297635
4.15	7.85	0.249708073942841	0.798727702714551	-0.000789501920372825	8.45562639872274	0.699883229577136
4.25	7.85	0.300849593512819	0.798552989593254	-0.000574065091968351	8.3989652385945	0.720339837405128
4.35	7.85	0.358063432373943	0.798325788355012	-0.000335655984102847	8.34058049239713	0.743225372949577
4.45	7.85	0.419994619867011	0.798064513198957	-8.56385144533307e-05	8.28029804203875	0.767997847946804
4.55	7.85	0.484562253772723	0.797806465924762	0.000162607919583323	8.2179981264564	0.793824901509089
4.65	7.85	0.549231927523472	0.797596848841394	0.000395891383710981	8.15363431397225	0.819692771009389
4.75	7.85	0.611451622843239	0.797472177263033	0.000603344913581464	8.08724125199156	0.844580649137295
4.85	7.85	0.669095778450471	0.797447893235367	0.00077780610085633	8.01892839990377	0.867638311380188
4.95	7.85	0.720756908526049	0.797516663756933	0.000916154721133773	7.94886198304142	0.88830276341042
5.05	7.85	0.765812284345124	0.797655890851681	0.00101878050468002	7.87724114838811	0.906324913738049
5.15	7.85	0.804302701161462	0.797838100108285	0.00108858979678462	7.80427490147948	0.921721080464585
5.25	7.85	0.83671907485236	0.798038822250666	0.00112994266386884	7.73016430897829	0.934687629940944
5.35	7.85	0.863786852038649	0.798240197827324	0.00114776362392502	7.6550914981216	0.94551474081546
5.45	7.85	0.886299298816831	0.79843122452958	0.00114691547438369	7.57921473393605	0.954519719526732
5.55	7.85	0.905012617536253	0.79860633551047	0.00113182504109024	7.50266782812441	0.962005047014501
5.65	7.85	0.920593530613496	0.798763604173777	0.00110630492617427	7.42556206856485	0.968237412245398
5.75	7.85	0.933602658168125	0.798903224555951	0.00107350749739413	7.34798926679499	0.97344106326725
5.85	7.85	0.944498313755154	0.799026449529118	0.00103595717747828	7.27002502737827	0.977799325502062
5.95	7.85	0.953649684732501	0.79913494059282	0.000995622020339643	7.19173176179346	0.981459873893001
6.05	7.85	0.961352695815549	0.799230413704153	0.000953999398988694	7.11316125144975	0.98454107832622
6.15	7.85	0.967845077431115	0.799314471306525	0.000912201210414552	7.03435672679576	0.987138030972446
6.25	7.85	0.973319192375178	0.799388539791147	0.000871031191431544	6.95535450844858	0.989327676950071
6.35	7.85	0.977932295596266	0.799453860687765	0.000831051390342152	6.87618528504629	0.991172918238506
6.45	7.85	0.981814435026968	0.79951150562464	0.00079263735394513	6.79687510488612	0.992725774010787
6.55	7.85	0.985074397802343	0.799562399195845	0.000756022858605527	6.71744614904817	0.994029759120937
6.65	7.85	0.987804131180999	0.799607342174122	0.000721335540744616	6.63791734071921	0.9951216524724
6.75	7.85	0.990082017880453	0.799647032011216	0.00068862490071764	6.55830483275745	0.996032807152181
6.85	7.85	0.991975312733458	0.799682079809682	0.000657884071033584	6.47862240475414	0.996790125093383
6.95	7.85	0.993541975843841	0.799713023942742	0.000629066571193584	6.39888179231978	0.997416790337536
7.05	7.85	0.994832076277284	0.799740340852862	0.000602099080324336	6.3190929648799	0.997932830510914
7.15	7.85	0.995888891946624	0.799764453613746	0.000576891076717522	6.23926436354399	0.99835555677865
7.25	7.85	0.996749794733933	0.79978573877541	0.000553342030871881	6.15940310722876	0.998699917893573
7.35	7.85	0.997446982952167	0.799804531911598	0.000531346701548034	6.0795151728356	0.998978793180867
7.45	7.85	0.998008103815342	0.799821132192285	0.000510798970373688	5.99960555363239	0.999203241526137
7.55	7.85	0.998456794778251	0.799835806222994	0.00049159455779832	5.91967839886415	0.999382717911301
7.65	7.85	0.998813162932867	0.799848791329474	0.000473632888710004	5.83973713686187	0.999525265173147
7.75	7.85	0.999094214977976	0.799860298418928	0.000456818316282716	5.75978458342107	0.99963768599119
7.85	7.85	0.999314245774169	0.799870514513754	0.000441060865738217	5.67982303690037	0.999725698309668
7.95	7.85	0.99948519054414	0.799879605027523	0.000426276622677911	5.599854361286	0.999794076217656
8.05	7.85	0.999616943928366	0.79988771583371	0.000412387861544361	5.51988005833932	0.999846777571346
8.15	7.85	0.999717648027376	0.799894975162981	0.00039932298761265	5.43990132986162	0.99988705921095
8.25	7.85	0.999793951008511	0.79990149535412	0.000387016348211886	5.35991913105236	0.999917580403404
8.35	7.85	0.999851237645523	0.799907374475881	0.000375407955812261	5.27993421589133	0.999940495058209
8.45	7.85	0.999893833159163	0.799912697830972	0.000364443154888353	5.19994717543156	0.999957533263665
8.55	7.85	0.999925181838377	0.79991753934947	0.00035407225696406	5.11995846984478	0.999970072735351
8.65	7.85	0.999948002075987	0.79992196287663	0.000344250161665212	5.03996845501115	0.999979200830395
8.75	7.85	0.999964419603233	0.799926023358294	0.000334935977153535	4.95997740439016	0.999985767841293
8.85	7.85	0.999976080825489	0.799929767926535	0.0003260926495122	4.87998552685011	0.999990432330195
8.95	7.85	0.999984248231612	0.799933236888232	0.000317686607764242	4.79999298107114	0.999993699292645
9.05	7.85	0.999989879866313	0.799936464619507	0.000309687429089744	4.71999988707284	0.999995951946525
9.15	7.85	0.999993694820476	0.79993948036946	0.000302067526904718	4.64000633535364	0.999997477928191
9.25	7.85	0.999996226614704	0.799942308977693	0.000294801863330087	4.56001239406727	0.999998490645882
9.35	7.85	0.999997866235504	0.799944971510059	0.000287867686459379	4.48001811460292	0.999999146494202
9.45	7.85	0.999998896441137	0.799947485818225	0.000281244291976987	4.40002353588074	0.999999558576455
9.55	7.85	0.999999518795187	0.799949867028874	0.000274912808342733	4.32002868762486	0.999999807518075
9.65	7.85	0.999999874719166	0.799952127968334	0.000268856004263145	4.24003359283126	0.999999949887666
9.75	7.85	1.0000000616885	0.799954279528938	0.000263058116851193	4.16003826960864	1.0000000246754
9.85	7.85	1.00000014553513	0.799956330983066	0.00025750469892071	4.08004273253661	1.00000005821405
9.95	7.85	1.00000016966925	0.799958290250845	0.000252182483477499	4.00004699365646	1.0000000678677
10.05	7.85	1.00000016189494	0.799960164126847	0.000247079264109094	3.92005106318573	1.00000006475797
10.15	7.85	1.00000013937231	0.79996195847134	0.000242183789049365	3.84005495002747	1.00000005574892
10.25	7.85	1.00000011217154	0.799963678370587	0.000237485667931134	3.760058662129	1.00000004486862
10.35	7.85	1.00000008577289	0.799965328270723	0.000232975289297744	3.68006220673167	1.00000003430916
10.45	7.85	1.00000006279003	0.799966912089009	0.000228643747881071	3.60006559054285	1.00000002511601
10.55	7.85	1.00000004413039	0.79996843330602	0.000224482780225523	3.52006881985318	1.00000001765216
10.65	7.85	1.00000002975499	0.799969895041615	0.000220484707695118	3.44007190061588	1.00000001190199
10.75	7.85	1.00000001915897	0.799971300117534	0.000216642385896786	3.3600748385001	1.00000000766359
10.85	7.85	1.00000001166192	0.799972651108639	0.000212949159659828	3.28007763892702	1.00000000466477
10.95	7.85	1.00000000657209	0.799973950384863	0.000209398822847688	3.20008030709439	1.00000000262883
11.05	7.85	1.00000000326981	0.799975200145482	0.000205985582410322	3.12008284799369	1.00000000130793
11.15	7.85	1.00000000124144	0.799976402446953	0.000202704026111981	3.04008526642249	1.00000000049658
11.25	7.85	1.00000000008454	0.799977559225641	0.000199549093422692	2.96008756699384	1.00000000003382
11.35	7.85	0.999999999498175	0.799978672316176	0.00019651604929508	2.88008975414383	0.99999999979927
11.45	7.85	0.99999999926656	0.79997974346643	0.000193600460323616	2.80009183213784	0.999999999706624
11.55	7.85	0.999999999241144	0.79998077434959	0.000190798173181046	2.72009380507622	0.999999999696458
11.65	7.85	0.99999999932373	0.799981766573994	0.000188105294923106	2.64009567689924	0.999999999729492
11.75	7.85	0.99999999945188	0.79998272169103	0.000185518175051335	2.56009745139187	0.999999999780752
11.85	7.85	0.999999999587032	0.799983641201599	0.000183033389134362	2.48009913218814	0.999999999834813
11.95	7.85	0.999999999705339	0.799984526561391	0.000180647723827203	2.40010072277531	0.999999999882136
12.05	7.85	0.999999999791165	0.799985379185108	0.000178358163121752	2.32010222649781	0.999999999916466
12.15	7.85	0.999999999833213	0.799986200450006	0.000176161875781471	2.24010364656098	0.999999999933285
12.25	7.85	0.999999999823447	0.799986991698778	0.000174056203686225	2.16010498603456	0.999999999929379
12.35	7.85	0.999999999758984	0.799987754241922	0.000172038651133731	2.08010624785589	0.999999999903594
12.45	7.85	0.999999999647079	0.79998848935969	0.000170106874765681	2.0001074348328	0.999999999858832
12.55	7.85	0.99999999951282	0.799989198303654	0.000168258674110957	1.92010854964613	0.999999999805128
12.65	7.85	0.999999999408206	0.799989882297896	0.000166491982554555	1.84010959485183	0.999999999763282
12.75	7.85	0.999999999419731	0.799990542539848	0.000164804858644077	1.76011057288262	0.999999999767892
12.85	7.85	0.999999999669504	0.799991180200829	0.00016319547787894	1.68011148604944	0.999999999867802
12.95	7.85	1.00000000030275	0.799991796426321	0.000161662125120486	1.60011233654298	1.0000000001211
13.05	7.85	1.00000000145288	0.799992392336241	0.000160203188198291	1.52011312643581	1.00000000058115
13.15	7.85	1.0000000031757	0.79999296902544	0.000158817153539345	1.4401138576861	1.00000000127028
13.25	7.85	1.00000000534827	0.799993527565041	0.000157502604900289	1.36011453214394	1.00000000213931
13.35	7.85	1.00000000753831	0.799994069005167	0.000156258226399421	1.28011515156116	1.00000000301532
13.45	7.85	1.00000000886747	0.799994594379862	0.000155082810628404	1.20011571760552	1.00000000354699
13.55	7.85	1.00000000791886	0.799995104714682	0.000153975271550046	1.12011623187831	1.00000000316754
13.65	7.85	1.00000000277177	0.79999560103694	0.000152934659649772	1.04011669593286	1.00000000110871
13.75	7.85	0.999999991278504	0.799996084387435	0.000151960173372595	0.960117111287969	0.999999996511401
13.85	7.85	0.999999971716041	0.799996555830659	0.000151051156353331	0.880117479426311	0.999999988686416
13.95	7.85	0.999999943925074	0.799997016458142	0.000150207064970847	0.800117801764087	0.999999977570029
14.05	7.85	0.999999910963236	0.799997467376807	0.000149427387273354	0.720118079575899	0.999999964385295
14.15	7.85	0.999999881114285	0.799997909672352	0.000148711495304415	0.64011831386092	0.999999952445714
14.25	7.85	0.999999869787481	0.799998344337658	0.000148058422342281	0.560118505146495	0.999999947914993
14.35	7.85	0.999999900413107	0.799998772160572	0.000147466580195805	0.480118653247073	0.999999960165243
14.45	7.85	1.00000000294512	0.799999193576475	0.000146933473465704	0.400118757032938	1.00000000117805
14.55	7.85	1.00000020815702	0.799999608511077	0.000146455529716839	0.320118814314454	1.00000008326281
14.65	7.85	1.00000053580819	0.800000016268939	0.000146028240974189	0.240118822007301	1.00000021432328
14.75	7.85	1.00000097533168	0.800000415574446	0.000145646885683324	0.16011877679637	1.00000039013267
14.85	7.85	1.00000145940543	0.800000621150873	0.000145308159293388	0.0801186765286709	1.00000058376217
14.95	7.85	1.00000183406637	0.400001703996023	0.000145059308465643	0.000118559232126115	1.00000073362655
0.05	7.95	-4.58001923762025e-06	0.399996953008412	-0.000686194570309279	10.457963807957	0.599998167992305
0.15	7.95	-5.1984758269474e-06	0.799991144557037	-0.000687013221909277	10.4099643201538	0.599997920609669
0.25	7.95	-5.68331281230532e-06	0.799985291824036	-0.000688655893159532	10.3619652033037	0.599997726674875
0.35	7.95	-5.3031563666004e-06	0.7999793185756	-0.000691141296581039	10.3139664488516	0.599997878737453
0.45	7.95	-3.28406925279885e-06	0.799973191547846	-0.000694493802484841	10.2659680244558	0.599998686372299
0.55	7.95	1.16119459169986e-06	0.799966840592821	-0.00069874519122468	10.2179698760236	0.600000464477837
0.65	7.95	8.74202766399528e-06	0.799960182499957	-0.000703935507680123	10.1699719292522	0.600003496811066
0.75	7.95	1.99403169610041e-05	0.79995307967942	-0.000710088597332033	10.1219740946392	0.600007976126784
0.85	7.95	3.45145697504346e-05	0.799945233637257	-0.000717244729485693	10.0739762835593	0.6000138058279
0.95	7.95	4.97850823517607e-05	0.799936707736647	-0.000725439649824678	10.025978457792	0.600019914032941
1.05	7.95	6.15869984383961e-05	0.799927356687199	-0.00073472667335833	9.97798069260474	0.600024634799375
1.15	7.95	6.39284916507525e-05	0.799917188531772	-0.000745186374256041	9.92998323374315	0.60002557139666
1.25	7.95	5.01834651743938e-05	0.799906170142352	-0.00075687855490393	9.8819865389411	0.60002007338607
1.35	7.95	1.41967760756496e-05	0.799894312284867	-0.000769897319749625	9.83399128191763	0.60000567871043
1.45	7.95	-4.80776353252525e-05	0.799881658293134	-0.000784389511655443	9.78599831294644	0.59998076894587
1.55	7.95	-0.000136474613200674	0.799868250003746	-0.000800567684298731	9.73800855938562	0.59994541015472
1.65	7.95	-0.000244357048486714	0.799854080019136	-0.000818713923243559	9.69002285582899	0.599902257180605
1.75	7.95	-0.000356654692068595	0.799839030718612	-0.000839159437995293	9.64204170572461	0.599857338123173
1.85	7.95	-0.000448804211483574	0.799822786218983	-0.000862214656943011	9.59406499338942	0.599820478315407
1.95	7.95	-0.000487361675126536	0.799804668439691	-0.000888005995144318	9.54609168842083	0.599805055329949
2.05	7.95	-0.00043330489982063	0.799783429049306	-0.000916201878737877	9.4981196166403	0.599826678040072
2.15	7.95	-0.000248685092665742	0.799758259246764	-0.000946233961210109	9.45014540086989	0.599900525962934
2.25	7.95	9.95346374305598e-05	0.799732535417283	-0.000978446835504047	9.40216453649239	0.600039813854972
2.35	7.95	0.000667273904459633	0.799705239989626	-0.00101242102365533	9.35417112845439	0.600266909561784
2.45	7.95	0.00153147090621534	0.79967433001263	-0.00104701942876428	9.30615721781665	0.600612588362486
2.55	7.95	0.00278083062498176	0.799639372388535	-0.00108203916896285	9.25811223452967	0.601112332249993
2.65	7.95	0.00451712113819894	0.799600110561352	-0.00111725159250612	9.21002260010841	0.60180684845528
2.75	7.95	0.00685729519055331	0.79955644107961	-0.00115222807111306	9.16187126992456	0.602742918076221
2.85	7.95	0.00993606452343839	0.799508424073514	-0.00118628958035845	9.11363720351929	0.603974425809375
2.95	7.95	0.0139093262778154	0.79945632997164	-0.00121849291217427	9.06529474155236	0.605563730511126
3.05	7.95	0.0189589448203007	0.79940071528366	-0.00124761706954665	9.01681285190348	0.60758357792812
3.15	7.95	0.0252993876006983	0.799342508395496	-0.00127213831930661	8.96815419208622	0.610119755040279
3.25	7.95	0.0331866604621172	0.799283077586825	-0.00129019437607729	8.91927392070825	0.613274664184847
3.35	7.95	0.0429297976115076	0.799224237842399	-0.00129954430336489	8.87011817977078	0.617171919044603
3.45	7.95	0.0549046703405572	0.799168126496145	-0.00129753611776807	8.82062216926436	0.621961868136223
3.55	7.95	0.0695688420656412	0.799116844185337	-0.00128110184580063	8.77070775946346	0.627827536826256
3.65	7.95	0.0874742973621357	0.799071734642183	-0.00124681110698626	8.72028065715006	0.634989718944854
3.75	7.95	0.109271813129775	0.799032207611194	-0.00119102783142301	8.66922729208883	0.64370872525191
3.85	7.95	0.13569653810624	0.798994171321706	-0.00111022459682654	8.61741185625004	0.654278615242496
3.95	7.95	0.167519949997988	0.798948525378015	-0.00100150236178852	8.56467433194231	0.667007979999195
4.05	7.95	0.205451572616089	0.798880770878186	-0.000863320367477813	8.51083084768971	0.682180629046435
4.15	7.95	0.249979976900348	0.798773309879837	-0.000696344944878613	8.45567813441987	0.699991990760139
4.25	7.95	0.301163143804595	0.798611631903156	-0.00050418810161001	8.3990038636519	0.720465257521838
4.35	7.95	0.358415007568749	0.798393428486473	-0.000293695550388872	8.34060374723561	0.743366003027499
4.45	7.95	0.42037485450916	0.798136164836608	-7.44766388928582e-05	8.28030415711097	0.768149941803664
4.55	7.95	0.484956688437537	0.797876795556011	0.000142378796196705	8.21798609732659	0.793982675375015
4.65	7.95	0.549623428801407	0.797660805407694	0.000346070205276651	8.15360408635532	0.819849371520563
4.75	7.95	0.6118237960624	0.797525528427051	0.000527757662378493	8.0871937551122	0.84472951842496
4.85	7.95	0.669436007736774	0.797487599529522	0.000681612909973293	8.01886541501942	0.86777440309471
4.95	7.95	0.721057928382402	0.797541057227328	0.000805055574571366	7.94878588974766	0.888423171352961
5.05	7.95	0.76607205562932	0.79766465053509	0.000898323746995142	7.87715462370846	0.906428822251728
5.15	7.95	0.804523133401836	0.797832053095029	0.000963695635484694	7.80418064355059	0.921809253360734
5.25	7.95	0.836904379596636	0.798019635548652	0.00100465783018022	7.73006482961705	0.934761751838654
5.35	7.95	0.863942112346295	0.798210039479926	0.00102520267330626	7.65498899678104	0.945576844938518
5.45	7.95	0.886429503902922	0.798392457952958	0.00102932365776873	7.5791110432006	0.954571801561169
5.55	7.95	0.90512215709841	0.798561282746162	0.00102070353933554	7.50256441111639	0.962048862839364
5.65	7.95	0.920686026299065	0.798714387233602	0.00100255582234306	7.42546004812389	0.968274410519626
5.75	7.95	0.933680993183144	0.798851676809267	0.000977572920112346	7.34788947033471	0.973472397273258
5.85	7.95	0.944564752046015	0.798974081396573	0.00094794017697189	7.26992803645383	0.977825900818406
5.95	7.95	0.953706011483168	0.79908294270776	0.000915385207786403	7.19163795986335	0.981482404593267
6.05	7.95	0.961400344195325	0.799179683004717	0.000881242061844816	7.11307086653672	0.98456013767813
6.15	7.95	0.967885228408653	0.799265648983659	0.000846517743266501	7.03426986781181	0.987154091363461
6.25	7.95	0.973352846537833	0.799342053408424	0.000811954304598339	6.95527119513063	0.989341138615133
6.35	7.95	0.977960321367697	0.799409965585252	0.000778083408833389	6.87610547204537	0.991184128547079
6.45	7.95	0.981837599240106	0.799470322805078	0.000745272446732219	6.7967987007946	0.992735039696042
6.55	7.95	0.985093384216252	0.799523948337689	0.000713762486210327	6.71737303119449	0.994037353686501
6.65	7.95	0.987819551413458	0.799571569354437	0.00068369889546505	6.63784736650625	0.995127820565383
6.75	7.95	0.990094417990483	0.799613832289413	0.000655155682552136	6.55823784822593	0.996037767196193
6.85	7.95	0.991985177609406	0.799651315134478	0.000628154600642431	6.47855825094719	0.996794071043762
6.95	7.95	0.993549732720775	0.799684536987023	0.000602679979894993	6.39882030992433	0.99741989308831
7.05	7.95	0.994838098116977	0.799713965418383	0.000578690122156431	6.31903399753076	0.997935239246791
7.15	7.95	0.995893501022186	0.799740022222562	0.00055612596303249	6.2392077601001	0.998357400408874
7.25	7.95	0.996753266519642	0.799763088007044	0.000534917582641453	6.15934872326732	0.998701306607857
7.35	7.95	0.997449550282608	0.799783505972715	0.00051498903703597	6.07946287155753	0.998979820113043
7.45	7.95	0.998009961211385	0.799801585130133	0.000496261889416795	5.99955520633042	0.999203984484554
7.55	7.95	0.998458102814739	0.79981760312182	0.000478657742027568	5.91962988507109	0.999383241125895
7.65	7.95	0.998814052526155	0.799831808764161	0.000462100006328878	5.83969034426948	0.999525621010462
7.75	7.95	0.999094791488561	0.799844424383147	0.000446515096940312	5.7597394076391	0.999637916595424
7.85	7.95	0.999314592842835	0.799855647991962	0.000431833193623167	5.67977938110843	0.999725837137134
7.95	7.95	0.999485373604528	0.799865655340027	0.000417988682826337	5.59981213581809	0.999794149441811
8.05	7.95	0.999617013361901	0.799874601851476	0.000404920364216244	5.51983918023076	0.99984680534476
8.15	7.95	0.999717641946487	0.799882624462858	0.000392571487657608	5.43986172238016	0.999887056778595
8.25	7.95	0.99979389767051	0.799889843364635	0.000380889670657678	5.35988072322952	0.999917559068204
8.35	7.95	0.99985115751214	0.799896363647559	0.000369826733691278	5.27989694206508	0.999940463004856
8.45	7.95	0.999893740625857	0.799902276853445	0.000359338482127374	5.19991097480811	0.999957496250343
8.55	7.95	0.999925086663481	0.799907662428183	0.00034938445594722	5.11992328608451	0.999970034665392
8.65	7.95	0.999947910543014	0.799912589075627	0.000339927663059497	5.03993423584161	0.999979164217206
8.75	7.95	0.999964335450747	0.799917116010682	0.000330934308051882	4.95994410124756	0.999985734180299
8.85	7.95	0.99997600597833	0.799921294111185	0.000322373524515424	4.87995309454965	0.999990402391332
8.95	7.95	0.999984183365465	0.799925166968981	0.000314217117024485	4.7999613775056	0.999993673346186
9.05	7.95	0.99998982483493	0.799928771842193	0.000306439316598953	4.71996907293833	0.999995929933972
9.15	7.95	0.999993648971722	0.799932140511308	0.000299016552224029	4.63997627390103	0.999997459588689
9.25	7.95	0.999996189018283	0.7999353000433	0.000291927239704193	4.55998305087756	0.999998475607313
9.35	7.95	0.999997835841822	0.799938273468547	0.000285151588388687	4.47998945738466	0.999999134336729
9.45	7.95	0.99999887218758	0.799941080376488	0.000278671425521257	4.39999553428766	0.999999548875032
9.55	7.95	0.999999499673169	0.799943737435717	0.000272470037819226	4.32000131309178	0.999999799869268
9.65	7.95	0.999999859812631	0.799946258845649	0.000266532029087085	4.24000681842645	0.999999943925052
9.75	7.95	1.00000005019231	0.799948656725713	0.000260843192957679	4.16001206990103	1.00000002007692
9.85	7.95	1.00000013675983	0.799950941449026	0.000255390399444907	4.08001708347612	1.00000005470393
9.95	7.95	1.00000016303705	0.799953121926728	0.000250161494044942	4.00002187246616	1.00000006521482
10.05	7.95	1.00000015693057	0.799955205848909	0.000245145208056181	3.92002644826437	1.00000006277223
10.15	7.95	1.00000013569119	0.799957199887841	0.000240331079034349	3.8400308208613	1.00000005427647
10.25	7.95	1.00000010946705	0.799959109868508	0.000235709380053371	3.76003499921173	1.00000004378682
10.35	7.95	1.0000000838039	0.799960940911155	0.000231271056859025	3.6800389914918	1.00000003352156
10.45	7.95	1.00000006136932	0.799962697549986	0.000227007671852605	3.60004280527734	1.00000002454773
10.55	7.95	1.00000004311435	0.799964383831647	0.000222911354111697	3.52004644766692	1.00000001724574
10.65	7.95	1.00000002903471	0.799966003396657	0.000218974754583036	3.44004992536621	1.00000001161388
10.75	7.95	1.0000000186528	0.799967559546667	0.000215191005884423	3.36005324474597	1.00000000746112
10.85	7.95	1.00000001130928	0.799969055299736	0.000211553686077633	3.2800564118821	1.00000000452371
10.95	7.95	1.00000000632851	0.799970493435881	0.000208056785861304	3.20005943258394	1.0000000025314
11.05	7.95	1.00000000310301	0.799971876534292	0.000204694678865432	3.12006231241466	1.0000000012412
11.15	7.95	1.00000000112815	0.79997320700404	0.000201462094539503	3.04006505670666	1.00000000045126
11.25	7.95	1.00000000000817	0.799974487109087	0.000198354093472904	2.9600676705736	1.00000000000327
11.35	7.95	0.999999999446953	0.799975718988809	0.00019536604469296	2.88007015892041	0.999999999778781
11.45	7.95	0.999999999232186	0.799976904674921	0.000192493604945449	2.80007252645186	0.999999999692874
11.55	7.95	0.999999999217777	0.799978046105185	0.000189732699509855	2.72007477768014	0.999999999687111
11.65	7.95	0.999999999307294	0.799979145134835	0.000187079504608214	2.64007691693182	0.999999999722917
11.75	7.95	0.999999999439619	0.799980203545885	0.000184530431150426	2.56007894835426	0.999999999775848
11.85	7.95	0.999999999577275	0.799981223054841	0.000182082109717614	2.48008087592154	0.99999999983091
11.95	7.95	0.999999999697435	0.799982205319132	0.000179731376694807	2.40008270344012	0.999999999878974
12.05	7.95	0.999999999785532	0.799983151942428	0.000177475261475516	2.32008443455411	0.999999999914213
12.15	7.95	0.999999999831421	0.799984064479134	0.000175310974575702	2.24008607275017	0.999999999932568
12.25	7.95	0.999999999828186	0.799984944438155	0.000173235896636659	2.16008762136219	0.999999999931274
12.35	7.95	0.999999999773734	0.799985793286135	0.000171247568148984	2.08008908357554	0.999999999909494
12.45	7.95	0.999999999675227	0.799986612450142	0.000169343679781419	2.00009046243091	0.999999999870091
12.55	7.95	0.999999999555989	0.799987403319968	0.000167522063211281	1.92009176082784	0.999999999822396
12.65	7.95	0.999999999463625	0.799988167249992	0.000165780682330521	1.8400929815276	0.99999999978545
12.75	7.95	0.999999999476734	0.79998890556069	0.000164117624746783	1.7600941271558	0.999999999790694
12.85	7.95	0.999999999705709	0.799989619539777	0.00016253109370408	1.68009520020465	0.999999999882284
12.95	7.95	1.00000000028118	0.799990310443122	0.000161019400586601	1.60009620303516	1.00000000011247
13.05	7.95	1.00000000132225	0.79999097949555	0.000159580958620782	1.52009713788003	1.0000000005289
13.15	7.95	1.00000000287702	0.79999162789191	0.000158214278546832	1.44009800684774	1.00000000115081
13.25	7.95	1.00000000483178	0.799992256798774	0.000156917967373817	1.36009881192894	1.00000000193271
13.35	7.95	1.00000000679414	0.79999286735744	0.000155690731396955	1.28009955500611	1.00000000271766
13.45	7.95	1.00000000797185	0.799993460688827	0.000154531384297465	1.2001002378668	1.00000000318874
13.55	7.95	1.00000000709228	0.79999403790072	0.000153438859942082	1.12010086222004	1.00000000283691
13.65	7.95	1.00000000243701	0.79999460009736	0.000152412227463464	1.0401014297133	1.0000000009748
13.75	7.95	0.999999992093645	0.799995148390231	0.000151450702622965	0.960101941944785	0.999999996837458
13.85	7.95	0.999999974541801	0.799995683907414	0.000150553644999743	0.880102400462103	0.99999998981672
13.95	7.95	0.999999949670939	0.799996207796662	0.000149720525608906	0.800102806735176	0.999999979868376
14.05	7.95	0.999999920250009	0.799996721215024	0.000148950846133643	0.720103162089184	0.999999968100004
14.15	7.95	0.999999893703277	0.799997225296225	0.000148243991788091	0.64010346758547	0.999999957481311
14.25	7.95	0.999999883774094	0.799997721087082	0.000147599009520174	0.560103723847363	0.999999953509638
14.35	7.95	0.999999911281473	0.799998209448257	0.000147014326531176	0.480103930847317	0.999999964512589
14.45	7.95	1.00000000274294	0.799998690924548	0.000146487465887793	0.40010408770416	1.00000000109718
14.55	7.95	1.00000018527331	0.799999165607671	0.00014601487760455	0.320104192584312	1.00000007410932
14.65	7.95	1.00000047608998	0.799999633040906	0.000145592079722115	0.240104242852957	1.00000019043599
14.75	7.95	1.00000086548092	0.800000092272843	0.000145214377190569	0.160104235665989	1.00000034619237
14.85	7.95	1.0000012936151	0.80000038154825	0.000144878484877103	0.0801041692003555	1.00000051744604
14.95	7.95	1.00000162447721	0.400001436652858	0.000144631417480802	0.000104076753000625	1.00000064979089
0.05	8.05	-4.58539490298811e-06	0.399996555706616	-0.000679910981222176	10.4580048032967	0.599998165842039
0.15	8.05	-5.21312169817806e-06	0.799989953029213	-0.000680685147351523	10.4100053633417	0.599997914751321
0.25	8.05	-5.716644755987e-06	0.799983298379751	-0.000682240133040507	10.362006342564	0.599997713342098
0.35	8.05	-5.36545208901736e-06	0.799976510077569	-0.000684589537631291	10.3140077333856	0.599997853819164
0.45	8.05	-3.38861929777621e-06	0.799969550650666	-0.000687750270284315	10.2660095047222	0.599998644552281
0.55	8.05	9.93063906216186e-07	0.79996234502903	-0.000691742745511396	10.2180116041564	0.600000397225562
0.65	8.05	8.49104100367641e-06	0.79995481439692	-0.000696592421168925	10.1700139597478	0.600003396416401
0.75	8.05	1.98000435726613e-05	0.799946702864509	-0.000702332915835655	10.1220164830118	0.600007920017429
0.85	8.05	3.42949159037883e-05	0.799937909065255	-0.000709026101611699	10.0740190882614	0.600013717966361
0.95	8.05	4.96633746868729e-05	0.799928315960077	-0.00071668186738427	10.0260217391922	0.600019865349875
1.05	8.05	6.14997249310658e-05	0.799917892745877	-0.000725296779433468	9.97802451214429	0.600024599889972
1.15	8.05	6.38943527448706e-05	0.799906590186271	-0.000734914177403251	9.93002765645027	0.600025557741098
1.25	8.05	5.02057478669819e-05	0.799894375660707	-0.000745569552388781	9.88203163252359	0.600020082299147
1.35	8.05	1.419798276421e-05	0.799881260116112	-0.000757326516525868	9.83403711858687	0.600005679193106
1.45	8.05	-4.82873087509696e-05	0.799867282803028	-0.00077030091265399	9.7860449727299	0.5999806850765
1.55	8.05	-0.000137205270931592	0.799852472742503	-0.000784679585880962	9.73805613447862	0.599945117891627
1.65	8.05	-0.000246004316934338	0.799836795120137	-0.000800731222663857	9.6900714554686	0.599901598273226
1.75	8.05	-0.000359579302613013	0.799820086716152	-0.000818792726657858	9.64209146007508	0.599856168278955
1.85	8.05	-0.000453056134839102	0.799801976113407	-0.0008392014550124	9.59411605290587	0.599818777546064
1.95	8.05	-0.000492194767917299	0.799781735696608	-0.000862133134418572	9.54614421129686	0.599803122092833
2.05	8.05	-0.000437055113913926	0.799757878000176	-0.00088734497973234	9.4981737364299	0.599825177954434
2.15	8.05	-0.000253315766104493	0.799731238448803	-0.000914097302996879	9.45020122893197	0.599898673693558
2.25	8.05	9.49482979638271e-05	0.799703771066145	-0.000942147973291872	9.40222219450876	0.600037979319186
2.35	8.05	0.000666337765676384	0.799673554493666	-0.000971064411237913	9.35423070189	0.60026653510627
2.45	8.05	0.00153537854530056	0.799639588612234	-0.00100006981707679	9.30621873967796	0.60061415141812
2.55	8.05	0.00278983180396413	0.79960154443779	-0.0010290494506452	9.25817573121934	0.601115932721586
2.65	8.05	0.00453127567401772	0.799559352039387	-0.0010578897402645	9.21008809395682	0.601812510269607
2.75	8.05	0.00687671637269331	0.799513110171565	-0.00108622968047059	9.1619387669808	0.602750686549077
2.85	8.05	0.00996094589653907	0.799463086463647	-0.00111343705293276	9.11370667865474	0.603984378358616
2.95	8.05	0.0139399062784289	0.799409775127939	-0.0011386327237318	9.06536612382773	0.605575962511372
3.05	8.05	0.0189954705171353	0.799353985036457	-0.00116069996983828	9.01688600975498	0.607598188206854
3.15	8.05	0.0253421000686067	0.799296930384715	-0.00117827110082156	8.96822891711832	0.610136840027443
3.25	8.05	0.0332358124811507	0.799240293180959	-0.00118969908894017	8.91934990898093	0.61329432499246
3.35	8.05	0.0429857117941944	0.799186212565425	-0.00119302459573213	8.87019500978748	0.617194284717678
3.45	8.05	0.0549678439712958	0.799137129012839	-0.00118595090472564	8.82069927630458	0.621987137588518
3.55	8.05	0.0696400989894836	0.799095377616049	-0.0011658446184735	8.77078440658794	0.627856039595793
3.65	8.05	0.0875549731568889	0.79906240282797	-0.00112978901648047	8.7203559043738	0.635021989262756
3.75	8.05	0.109363934218076	0.799037501549967	-0.00107472789418169	8.66929996714449	0.643745573687231
3.85	8.05	0.135802918197137	0.799016171113938	-0.000997745016481278	8.61748053327644	0.654321167278855
3.95	8.05	0.167644086586686	0.798988534584468	-0.000896516790656279	8.56473732825659	0.667057634634674
4.05	8.05	0.205597206517267	0.798938934177217	-0.00076993692512635	8.51088625273807	0.682238882606907
4.15	8.05	0.250150222555682	0.798848303622793	-0.000618828753804951	8.45572388696282	0.700060089022273
4.25	8.05	0.301359254129375	0.798700539551665	-0.000446545382796624	8.39903788967207	0.72054370165175
4.35	8.05	0.358635101781613	0.798491890636584	-0.000259170014912391	8.34062415814297	0.743454040712645
4.45	8.05	0.420613186965493	0.798238815611456	-6.50670817248045e-05	8.28030948498584	0.768245274786197
4.55	8.05	0.485204029170459	0.797977896215206	0.000126243067736114	8.21797551831313	0.794081611668183
4.65	8.05	0.549868692859122	0.797754924049902	0.000305592485068241	8.15357757001548	0.819947477143649
4.75	8.05	0.612056378711693	0.797608123449543	0.000465558698072147	8.08715209064348	0.844822551484677
4.85	8.05	0.669647861755571	0.797555415848721	0.000601314112200814	8.01881010382026	0.867859144702228
4.95	8.05	0.721244612639991	0.797592296395911	0.000710786619556144	7.94871893821713	0.888497845055996
5.05	8.05	0.766232603607717	0.797698919834165	0.0007942709454017	7.87707829628001	0.906493041443087
5.15	8.05	0.804659133920068	0.797850139766579	0.000853761023762388	7.80409723398646	0.921863653568027
5.25	8.05	0.837018826850839	0.798023181450583	0.000892248413461378	7.72997648707283	0.934807530740336
5.35	8.05	0.864038432991547	0.79820119551429	0.000913134653391802	7.65489761779695	0.945615373196619
5.45	8.05	0.886510926398127	0.798373578389259	0.000919811384562128	7.57901822254616	0.954604370559251
5.55	8.05	0.905191408331279	0.798534690926483	0.000915401818582476	7.50247143608748	0.962076563332511
5.65	8.05	0.920745260517534	0.798682219159265	0.000902630027207309	7.4253679200559	0.968298104207013
5.75	8.05	0.933731850389269	0.798815793474286	0.000883778997865608	7.34779894008703	0.973492740155708
5.85	8.05	0.944608467825886	0.798936034042598	0.00086070347786308	7.26983964465238	0.977843387130354
5.95	8.05	0.953743530989008	0.799043974504025	0.000834872181326698	7.19155207628735	0.981497412395603
6.05	8.05	0.961432417624153	0.799140753047426	0.000807422270312079	7.11298772570122	0.984572967049661
6.15	8.05	0.967912481126004	0.79922746790822	0.000779215688902235	7.03418959954191	0.987164992450402
6.25	8.05	0.973375825387105	0.799305123191471	0.00075089166653488	6.95519384995098	0.989350330154842
6.35	8.05	0.977979522133683	0.799374618810874	0.000722912786124915	6.87603104174809	0.991191808853473
6.45	8.05	0.981853480846978	0.799436758680392	0.000695603854967437	6.79672713478438	0.992741392338791
6.55	8.05	0.9851063745243	0.799492264135693	0.00066918382132082	6.71730424927249	0.99404254980972
6.65	8.05	0.987830048319662	0.799541786868672	0.000643791459023507	6.63778126872652	0.995132019327865
6.75	8.05	0.990102788389369	0.799585919433105	0.000619505714943159	6.55817432238974	0.996041115355747
6.85	8.05	0.991991755821281	0.799625203117535	0.000596361619534335	6.47849717821852	0.996796702328512
6.95	8.05	0.993554819289385	0.799660133643334	0.000574362585616519	6.39876156896857	0.997421927715754
7.05	8.05	0.99484195939572	0.799691165291274	0.000553489813513741	6.31897746750462	0.997936783758288
7.15	8.05	0.995896369661607	0.799718713993293	0.000533709406628646	6.23915332275701	0.998358547864643
7.25	8.05	0.996755342791174	0.799743159795743	0.000514977695055403	6.15929626438809	0.99870213711647
7.35	8.05	0.997451004083701	0.799764848971786	0.000497245169857986	6.07941228187199	0.998980401633481
7.45	8.05	0.99801093456396	0.799784095958314	0.00048045934994527	5.99950638205944	0.999204373825584
7.55	8.05	0.998458712669802	0.799801185217832	0.000464566835678285	5.91958272818909	0.999383485067921
7.65	8.05	0.998814393707124	0.799816373077654	0.000449514748136867	5.83964476256491	0.99952575748285
7.75	8.05	0.999094939634345	0.799829889565843	0.000435251708552646	5.75969531463175	0.999637975853738
7.85	8.05	0.999314607242781	0.799841940247085	0.000421728476239404	5.67973669586843	0.999725842897112
7.95	8.05	0.999485299847248	0.799852708049825	0.000408898335870581	5.59977078272026	0.999794119938899
8.05	8.05	0.999616885746761	0.799862355072527	0.000396717302797078	5.51979908866956	0.999846754298704
8.15	8.05	0.999717485629199	0.799871024354166	0.000385144198188273	5.43982282646369	0.99988699425168
8.25	8.05	0.999793730532564	0.799878841594566	0.000374140632724894	5.3598429614662	0.999917492213026
8.35	8.05	0.999850991757895	0.799885916811006	0.000363670928109839	5.27986025705255	0.999940396703158
8.45	8.05	0.999893584121346	0.799892345919282	0.000353701997472341	5.19987531293124	0.999957433648538
8.55	8.05	0.999924944037876	0.799898212229048	0.000344203200846983	5.1198885972268	0.99996997761515
8.65	8.05	0.999947784077797	0.799903587845929	0.0003351461872348	5.03990047311297	0.999979113631119
8.75	8.05	0.999964225783487	0.799908534974724	0.000326504731412637	4.95991122072996	0.999985690313395
8.85	8.05	0.999975912648119	0.799913107120117	0.000318254571796618	4.87992105506123	0.999990365059248
8.95	8.05	0.99998410522591	0.799917350184109	0.00031037325312381	4.79993014038331	0.999993642090364
9.05	8.05	0.999989760358659	0.799921303460329	0.000302839977075725	4.71993860183849	0.999995904143464
9.15	8.05	0.999993596467854	0.799925000528163	0.000295635462149351	4.63994653461696	0.999997438587142
9.25	8.05	0.999996146781551	0.799928470050074	0.000288741814042657	4.5599540111733	0.99999845871262
9.35	8.05	0.999997802249277	0.799931736477715	0.0002821424066661	4.47996108684351	0.999999120899711
9.45	8.05	0.999998845756122	0.799934820672268	0.000275821773794454	4.39996780417444	0.999999538302449
9.55	8.05	0.999999479088647	0.799937740445986	0.000269765510928139	4.31997419622748	0.999999791635459
9.65	8.05	0.999999843939075	0.799940511031543	0.000263960186819911	4.23998028907421	0.99999993757563
9.75	8.05	1.00000003806793	0.799943145486528	0.000258393263868005	4.15998610366216	1.00000001522717
9.85	8.05	1.0000001275848	0.799945655039576	0.000253053026731918	4.07999165719537	1.00000005103392
9.95	8.05	1.00000015615676	0.799948049385285	0.000247928518186657	3.99999696414505	1.0000000624627
10.05	8.05	1.00000015181693	0.799950336933967	0.000243009481596738	3.92000203698187	1.00000006072677
10.15	8.05	1.00000013192385	0.799952525022157	0.000238286309156597	3.84000688670103	1.00000005276954
10.25	8.05	1.00000010671555	0.799954620089345	0.000233749995245915	3.76001152319503	1.00000004268622
10.35	8.05	1.00000008181151	0.799956627825642	0.000229392094252597	3.680015955516	1.00000003272461
10.45	8.05	1.00000005993883	0.799958553294904	0.000225204682295914	3.6000201920588	1.00000002397553
10.55	8.05	1.0000000420959	0.799960401036858	0.000221180322329662	3.52002424068828	1.00000001683836
10.65	8.05	1.00000002831565	0.799962175151814	0.000217312032263999	3.44002810882747	1.00000001132626
10.75	8.05	1.00000001814929	0.799963879370587	0.000213593255667824	3.36003180351906	1.00000000725972
10.85	8.05	1.00000001095958	0.799965517112309	0.000210017834711387	3.28003533146865	1.00000000438383
10.95	8.05	1.0000000060876	0.799967091531994	0.000206579985187722	3.20003869907589	1.00000000243504
11.05	8.05	1.00000000293835	0.799968605559796	0.000203274273295473	3.12004191245757	1.00000000117534
11.15	8.05	1.00000000101646	0.799970061933298	0.000200095594034219	3.04004497746541	1.00000000040659
11.25	8.05	0.999999999932915	0.799971463224179	0.000197039151031066	2.96004789970038	0.999999999973166
11.35	8.05	0.999999999396461	0.799972811860136	0.000194100437713595	2.88005068452478	0.999999999758584
11.45	8.05	0.999999999198247	0.799974110143084	0.000191275219660576	2.80005333707271	0.999999999679299
11.55	8.05	0.999999999194637	0.799975360264149	0.000188559518134913	2.72005586225946	0.999999999677855
11.65	8.05	0.999999999290948	0.799976564316146	0.00018594959461599	2.64005826479011	0.999999999716379
11.75	8.05	0.999999999427365	0.799977724303998	0.000183441936288577	2.56006054916748	0.999999999770946
11.85	8.05	0.99999999956748	0.799978842153416	0.00018103324257754	2.48006271969951	0.999999999826992
11.95	8.05	0.999999999689472	0.799979919718242	0.000178720412418122	2.40006478050621	0.999999999875789
12.05	8.05	0.999999999779833	0.79998095878662	0.000176500532481055	2.32006673552619	0.999999999911933
12.15	8.05	0.999999999829561	0.799981961086345	0.000174370866068884	2.24006858852272	0.999999999931824
12.25	8.05	0.99999999983285	0.799982928289344	0.000172328842790991	2.16007034308943	0.99999999993314
12.35	8.05	0.999999999788391	0.79998386201564	0.000170372048793299	2.0800720026556	0.999999999915356
12.45	8.05	0.999999999703252	0.799984763836761	0.000168498217540836	2.00007357049097	0.999999999881301
12.55	8.05	0.999999999598993	0.799985635278614	0.000166705220975703	1.9200750497101	0.999999999839597
12.65	8.05	0.999999999518839	0.799986477824023	0.000164991061002939	1.84007644327619	0.999999999807536
12.75	8.05	0.999999999533518	0.799987292914827	0.000163353861228113	1.76007775400448	0.999999999813407
12.85	8.05	0.999999999741746	0.799988081953602	0.000161791859025599	1.68007898456531	0.999999999896698
12.95	8.05	1.00000000025962	0.799988846305145	0.000160303398212194	1.60008013748713	1.00000000010385
13.05	8.05	1.00000000119197	0.799989587297858	0.000158886922857495	1.5200812151599	1.00000000047679
13.15	8.05	1.00000000257929	0.799990306225265	0.000157540973001858	1.44008221983972	1.00000000103171
13.25	8.05	1.00000000431702	0.799991004348139	0.000156264183501695	1.3600831536553	1.00000000172681
13.35	8.05	1.0000000060526	0.79999168289771	0.000155055287042436	1.28008401861729	1.00000000242104
13.45	8.05	1.00000000707956	0.79999234308055	0.000153913122215198	1.20008481663077	1.00000000283182
13.55	8.05	1.00000000626896	0.799992986085473	0.000152836646283465	1.1200855495103	1.00000000250758
13.65	8.05	1.00000000210386	0.79999361309244	0.000151824950180838	1.04008621899551	1.00000000084154
13.75	8.05	0.999999992906163	0.799994225282436	0.000150877269805344	0.960086826762089	0.999999997162465
13.85	8.05	0.999999977357136	0.799994823845952	0.000149992983189054	0.880087374420888	0.999999990942854
13.95	8.05	0.99999995539459	0.799995409985796	0.000149171578226401	0.800087863493967	0.999999982157836
14.05	8.05	0.999999929499725	0.799995984907997	0.00014841257222949	0.72008829535562	0.99999997179989
14.15	8.05	0.999999906240718	0.79999654979314	0.000147715365449218	0.640088671127958	0.999999962496287
14.25	8.05	0.999999897702088	0.799997105740781	0.000147079020304919	0.560088991528843	0.999999959080835
14.35	8.05	0.999999922103208	0.799997653683105	0.000146501981288931	0.480089256687117	0.999999968841283
14.45	8.05	1.00000000254114	0.799998194272862	0.000145981792064542	0.400089465968216	1.00000000101646
14.55	8.05	1.00000016248986	0.799998727766017	0.000145514927545876	0.320089617892273	1.00000006499594
14.65	8.05	1.00000041663837	0.799999253942445	0.000145096934513706	0.240089710271245	1.00000016665535
14.75	8.05	1.00000075612792	0.799999772172276	0.000144723147125084	0.16008974072924	1.00000030245117
14.85	8.05	1.00000112858519	0.800000144097644	0.000144390301617449	0.0800897077710567	1.00000045143408
14.95	8.05	1.00000141585739	0.400001171001158	0.000144145159439841	8.96399870440345e-05	1.00000056634295
0.05	8.15	-4.58233742576288e-06	0.399996179745329	-0.00067285646893414	10.4580453978785	0.59999816706503
0.15	8.15	-5.21483775082607e-06	0.799988824645073	-0.000673581193073349	10.4100460029409	0.5999979140649
0.25	8.15	-5.72661600502491e-06	0.799981410596642	-0.000675038074544531	10.3620470726615	0.599997709353598
0.35	8.15	-5.38334920301617e-06	0.799973850140707	-0.000677236288527058	10.3140486001567	0.599997846660319
0.45	8.15	-3.40676502974865e-06	0.799966100852697	-0.000680185552354007	10.2660505551572	0.599998637293988
0.55	8.15	9.93427274156502e-07	0.799958082423086	-0.000683894203707633	10.2180528860646	0.60000039737091
0.65	8.15	8.52493821462234e-06	0.799949699351619	-0.00068837271253789	10.1700555216739	0.600003409975286
0.75	8.15	1.96520857787467e-05	0.799940787606858	-0.000693673869771399	10.1220583765611	0.600007860834311
0.85	8.15	3.39160506138181e-05	0.799931189733834	-0.000699855977033881	10.0740613694981	0.600013566420246
0.95	8.15	4.94104832332558e-05	0.799920623832663	-0.000706913975586588	10.026064463327	0.600019764193293
1.05	8.15	6.13829446833498e-05	0.799909226361884	-0.000714819964178114	9.97806773265244	0.600024553177873
1.15	8.15	6.39211228531728e-05	0.799896925334363	-0.000723560697883574	9.93007142806925	0.600025568449141
1.25	8.15	5.03636315168882e-05	0.799883686616949	-0.000733142182765635	9.88207601115296	0.600020145452607
1.35	8.15	1.43998835977597e-05	0.799869522604606	-0.000743598326933417	9.83408216283383	0.600005759953439
1.45	8.15	-4.82444815071421e-05	0.79985447226399	-0.000755007462129423	9.78609074695756	0.599980702207397
1.55	8.15	-0.000137660189141549	0.799838555696685	-0.000767514465636152	9.73810271320368	0.599944935924343
1.65	8.15	-0.000247407768767544	0.799821712799609	-0.00078134995565138	9.69011892870148	0.599901036892493
1.75	8.15	-0.000362395881856058	0.799803735458818	-0.000796832101209006	9.64213993818653	0.599855041647258
1.85	8.15	-0.000457576097275385	0.799784197953638	-0.000814330247205408	9.59416566804018	0.59981696956109
1.95	8.15	-0.000498309604945473	0.799762353403414	-0.00083416192535	9.54619511134699	0.599800676158022
2.05	8.15	-0.000443846000331724	0.799736943002564	-0.000856350669702342	9.49822606791408	0.599822461599867
2.15	8.15	-0.000255736924016425	0.799706889152634	-0.000879857424301134	9.45025507492846	0.599897705230393
2.25	8.15	9.42298892267965e-05	0.799677814258319	-0.000903635334206003	9.40227760231743	0.600037691955691
2.35	8.15	0.000669213804951087	0.799645346614138	-0.000927209288940393	9.35428770886554	0.60026768552198
2.45	8.15	0.00154270687807241	0.799608939601203	-0.000950349108225317	9.3062773499565	0.600617082751229
2.55	8.15	0.00280171892111642	0.799568377598125	-0.000973269758432267	9.25823595106263	0.601120687568447
2.65	8.15	0.00454771046945579	0.799523789687572	-0.000995971031431347	9.21014993129956	0.601819084187782
2.75	8.15	0.00689781194491846	0.799475470959335	-0.00101811385550574	9.1620022160033	0.602759124777967
2.85	8.15	0.00998694745021653	0.799423861333579	-0.00103909660834934	9.11377170418491	0.603994778980087
2.95	8.15	0.0139711334857633	0.799369628388021	-0.00105811972258	9.06543264822929	0.605588453394305
3.05	8.15	0.0190322672698149	0.799313779003375	-0.00107420230573352	9.01695390070597	0.607612906907926
3.15	8.15	0.0253848133968994	0.799257758815256	-0.00108616552130216	8.96829797437783	0.61015392535876
3.25	8.15	0.0332848063794661	0.799203510007468	-0.00109259958917692	8.91941984882651	0.613313922551786
3.35	8.15	0.0430414192509691	0.799153444543831	-0.00109182638675548	8.87026544634975	0.617216567700388
3.45	8.15	0.0550308598382434	0.799110260646625	-0.00108186886693645	8.82076969950123	0.622012343935297
3.55	8.15	0.0697113116712972	0.799076495038612	-0.00106044296383048	8.77085415698454	0.627884524668519
3.65	8.15	0.0876357207421623	0.799053682195036	-0.00102499641224358	8.7204241463372	0.635054288296865
3.75	8.15	0.10945614794683	0.799041029539242	-0.000972829802292381	8.66936566337689	0.643782459178732
3.85	8.15	0.135909183382695	0.799033693718014	-0.000901342976873896	8.61754242642003	0.654363673353078
3.95	8.15	0.167767516400385	0.799021148886738	-0.000808443896632237	8.56479393866008	0.667107006560154
4.05	8.15	0.205741009907908	0.79898676689714	-0.000693121497335281	8.5109359049261	0.682296403963163
4.15	8.15	0.250316893257403	0.79891025297754	-0.000556105998620869	8.45576477894888	0.700126757302961
4.25	8.15	0.301549453461453	0.798774174989669	-0.000400430088238925	8.39906821582325	0.720619781384581
4.35	8.15	0.35884654684093	0.798573584209386	-0.0002316193358569	8.34064228452619	0.743538618736372
4.45	8.15	0.420840070724314	0.798324111169845	-5.72745421811444e-05	8.28031415571177	0.768336028289726
4.55	8.15	0.4854374714915	0.798062038116391	0.000113980780544487	8.21796604898634	0.7941749885966
4.65	8.15	0.550098309824295	0.797833418589364	0.000273908445211035	8.15355397353244	0.820039323929718
4.75	8.15	0.612272442025004	0.797677217572393	0.000415944060692976	8.08711509336517	0.844908976810002
4.85	8.15	0.669843162799415	0.797612421278213	0.000535959667250589	8.01876104499622	0.867937265119766
4.95	8.15	0.721415351066868	0.797635728207712	0.000632369325390905	7.94865958445608	0.888566140426747
5.05	8.15	0.76637819593962	0.797728452723435	0.000705721456844424	7.87701062469389	0.906551278375848
5.15	8.15	0.804781323057639	0.797866419324907	0.000758044750344652	7.80402323452045	0.921912529223056
5.25	8.15	0.837120606268964	0.798027553044727	0.000792183918825669	7.72989801475038	0.934848242507585
5.35	8.15	0.864123151405365	0.798195417307865	0.000811262007831369	7.6548163032084	0.945649260562146
5.45	8.15	0.886581714508307	0.798359568810821	0.000818312386171332	7.57893543328819	0.954632685803323
5.55	8.15	0.905250907155995	0.798514336554432	0.000816066108782211	7.50238827509154	0.962100362862398
5.65	8.15	0.920795561278804	0.798657247894849	0.000806856916609438	7.42528524645903	0.968318224511522
5.75	8.15	0.933774551221674	0.798787704841955	0.000792603839090564	7.34771740119323	0.97350982048867
5.85	8.15	0.944644776396639	0.798906073044056	0.000774838564161561	7.26975971118191	0.977857910558655
5.95	8.15	0.953774370448457	0.799013135090318	0.000754754280470683	7.19147407627835	0.981509748179383
6.05	8.15	0.961458515642399	0.799109799426527	0.000733261202673452	7.11291187472451	0.98458340625696
6.15	8.15	0.967934435959128	0.799196964841296	0.00071104037234085	7.03411602636197	0.987173774383651
6.25	8.15	0.973394150388609	0.799275469217356	0.0006885916113212	6.95512261761181	0.989357660155444
6.35	8.15	0.977994673152865	0.799346078601206	0.000666274127803677	6.87596216448898	0.991197869261146
6.45	8.15	0.981865871482618	0.799409492394869	0.00064433973770332	6.79666059136244	0.992746348593047
6.55	8.15	0.985116383560606	0.799466352790175	0.000622959383022601	6.71723999329804	0.994046553424243
6.65	8.15	0.9878380226453	0.799517253461472	0.000602243908719375	6.63771923657599	0.99513520905812
6.75	8.15	0.990109043687729	0.799562746009721	0.000582260099617286	6.55811443918915	0.996043617475092
6.85	8.15	0.991996576484778	0.799603344185548	0.000563042902383577	6.47843936231165	0.996798630593911
6.95	8.15	0.993558458390195	0.799639526447548	0.000544604633737571	6.39870573520871	0.997423383356078
7.05	8.15	0.994844639119709	0.799671737476619	0.000526941842620094	6.3189235296425	0.997937855647884
7.15	8.15	0.99589828234073	0.79970038915266	0.000510040368429792	6.23910119514037	0.998359312936292
7.25	8.15	0.996756652510486	0.799725861346559	0.000493879027482308	6.15924586314213	0.998702661004194
7.35	8.15	0.99745184875671	0.79974850274192	0.000478432267279733	6.07936352569173	0.998980739502684
7.45	8.15	0.998011428337157	0.79976863179809	0.000463672051850734	5.99945919271468	0.999204571334863
7.55	8.15	0.998458948514323	0.799786537895631	0.00044956918014793	5.91953703081896	0.999383579405729
7.65	8.15	0.998814446069274	0.799802482663413	0.000436094190954927	5.83960048582025	0.99952577842771
7.75	8.15	0.999094867038574	0.799816701461923	0.00042321796904442	5.75965239070895	0.99963794681543
7.85	8.15	0.999314454765096	0.799829404987483	0.000410912138440693	5.67969506046763	0.999725781906039
7.95	8.15	0.99948510140087	0.799840780958649	0.000399149305301563	5.59973037495204	0.999794040560348
8.05	8.15	0.999616666143183	0.799850995847281	0.000387903196235565	5.51975985092803	0.999846666457273
8.15	8.15	0.999717262395952	0.799860196620369	0.000377148725095801	5.43978470427911	0.999886904958381
8.25	8.15	0.999793515483562	0.799868512463272	0.000366862011508072	5.35980590334651	0.999917406193425
8.35	8.15	0.999850792323396	0.799876056459277	0.000357020367820949	5.27982421432067	0.999940316929358
8.45	8.15	0.999893404452535	0.799882927205657	0.000347602266212724	5.19984023956286	0.999957361781014
8.55	8.15	0.999924785906364	0.799889210349791	0.00033858729372317	5.11985444969193	0.999969914362545
8.65	8.15	0.999947647593267	0.799894980033783	0.000329956101051535	5.03986721022344	0.999979059037307
8.75	8.15	0.99996410995388	0.79990030023898	0.000321690348647917	4.95987880349415	0.999985643981552
8.85	8.15	0.999975815806461	0.79990522602532	0.000313772652597616	4.87988944654689	0.999990326322584
8.95	8.15	0.999984025346643	0.799909804663366	0.000306186532101258	4.79989930558859	0.999993610138657
9.05	8.15	0.999989695284348	0.799914076659222	0.000298916359216885	4.71990850757133	0.999995878113739
9.15	8.15	0.999993544064832	0.799918076674671	0.000291947311718	4.63991714938255	0.999997417625933
9.25	8.15	0.999996105040559	0.799921834346742	0.000285265329109178	4.55992530506921	0.999998442016224
9.35	8.15	0.999997769344625	0.799925375011949	0.000278857071897251	4.47993303146214	0.99999910773785
9.45	8.15	0.999998820074525	0.799928720341685	0.000272709884032596	4.39994037251217	0.99999952802981
9.55	8.15	0.999999459236728	0.799931888895798	0.000266811758230225	4.31994736260006	0.999999783694691
9.65	8.15	0.999999828736571	0.79993489660162	0.000261151304005962	4.2399540290379	0.999999931494628
9.75	8.15	1.00000002653199	0.799937757165958	0.000255717718051501	4.15996039394016	1.0000000106128
9.85	8.15	1.00000011890938	0.799940482427187	0.000250500756719678	4.07996647560895	1.00000004756375
9.95	8.15	1.00000014969	0.799943082654835	0.000245490710283845	3.99997228954917	1.000000059876
10.05	8.15	1.00000014703846	0.799945566802829	0.000240678378765884	3.91997784920478	1.00000005881539
10.15	8.15	1.00000012842331	0.799947942722782	0.000236055049027994	3.83998316648752	1.00000005136932
10.25	8.15	1.00000010417306	0.799950217342904	0.000231612472979941	3.75998825215313	1.00000004166923
10.35	8.15	1.00000007998052	0.799952396817318	0.000227342846767483	3.67999311606677	1.00000003199221
10.45	8.15	1.0000000586313	0.799954486650598	0.000223238790653441	3.59999776738902	1.00000002345252
10.55	8.15	1.00000004116997	0.79995649180098	0.000219293329738973	3.52000221470588	1.00000001646799
10.65	8.15	1.00000002766536	0.799958416766086	0.000215499875185415	3.44000646611947	1.00000001106614
10.75	8.15	1.00000001769631	0.799960265653679	0.000211852206074555	3.36001052931184	1.00000000707853
10.85	8.15	1.00000001064659	0.799962042240292	0.000208344451774533	3.28001441159053	1.00000000425864
10.95	8.15	1.00000000587304	0.799963750019546	0.00020497107488761	3.20001811992175	1.00000000234922
11.05	8.15	1.0000000027924	0.799965392242118	0.000201726854612196	3.12002166095547	1.00000000111696
11.15	8.15	1.0000000009179	0.799966971948813	0.000198606870735887	3.04002504104511	1.00000000036716
11.25	8.15	0.999999999866759	0.799968491997874	0.000195606488104488	2.96002826626365	0.999999999946704
11.35	8.15	0.999999999352196	0.799969955087699	0.000192721341634893	2.88003134241738	0.999999999740878
11.45	8.15	0.999999999168516	0.79997136377571	0.000189947321925597	2.80003427505796	0.999999999667406
11.55	8.15	0.999999999174303	0.799972720494062	0.000187280561385984	2.72003706949339	0.999999999669721
11.65	8.15	0.999999999276447	0.799974027562875	0.000184717421018823	2.64003973079796	0.999999999710579
11.75	8.15	0.999999999416308	0.799975287201326	0.000182254477780764	2.56004226382162	0.999999999766523
11.85	8.15	0.99999999955845	0.799976501537014	0.000179888512507826	2.48004467319861	0.99999999982338
11.95	8.15	0.99999999968199	0.799977672613993	0.000177616498546005	2.40004696335564	0.999999999872796
12.05	8.15	0.999999999774431	0.799978802399643	0.000175435590910417	2.32004913851949	0.999999999909772
12.15	8.15	0.999999999827873	0.799979892790582	0.000173343116079246	2.24005120272423	0.999999999931149
12.25	8.15	0.999999999837597	0.799980945617865	0.00017133656229405	2.16005315981786	0.999999999935039
12.35	8.15	0.999999999803056	0.799981962651493	0.000169413570420512	2.08005501346853	0.999999999921223
12.45	8.15	0.999999999731213	0.799982945604398	0.00016757192513334	2.00005676717031	0.999999999892485
12.55	8.15	0.999999999641863	0.799983896135939	0.000165809546482391	1.92005842424836	0.999999999856745
12.65	8.15	0.999999999573858	0.799984815854968	0.00016412448167242	1.84005998786363	0.999999999829543
12.75	8.15	0.99999999959008	0.799985706322455	0.000162514897058989	1.76006146101705	0.999999999836032
12.85	8.15	0.999999999777613	0.799986569053801	0.000160979070416985	1.68006284655338	0.999999999911045
12.95	8.15	1.00000000023807	0.799987405520839	0.000159515383800752	1.60006414716493	1.00000000009523
13.05	8.15	1.00000000106211	0.799988217153728	0.00015812231745335	1.52006536539562	1.00000000042484
13.15	8.15	1.00000000228261	0.79998900534296	0.000156798445684659	1.44006650364596	1.00000000091304
13.25	8.15	1.0000000038042	0.799989771441849	0.000155542435726646	1.36006756417969	1.00000000152168
13.35	8.15	1.00000000531399	0.79999051676997	0.000154353050832698	1.28006854913281	1.0000000021256
13.45	8.15	1.00000000619095	0.799991242617966	0.000153229158313209	1.20006946052521	1.00000000247638
13.55	8.15	1.00000000544923	0.799991950254157	0.000152169742305411	1.12007030027453	1.00000000217969
13.65	8.15	1.00000000177246	0.799992640932724	0.000151173918679521	1.04007107021014	1.00000000070899
13.75	8.15	0.999999993715726	0.799993315902684	0.000150240946291156	0.960071772083124	0.99999999748629
13.85	8.15	0.999999980160877	0.799993976415494	0.000149370224141556	0.880072407565565	0.999999992064351
13.95	8.15	0.999999961093629	0.799994623727607	0.000148561259248047	0.800072978229867	0.999999984437452
14.05	8.15	0.999999938708484	0.799995259092645	0.000147813586563997	0.720073485497782	0.999999975483393
14.15	8.15	0.999999918721292	0.799995883736687	0.000147126623233618	0.64007393055059	0.999999967488517
14.25	8.15	0.999999911565527	0.79999649881062	0.000146499448958352	0.560074314199062	0.999999964626211
14.35	8.15	0.999999932873688	0.79999710531666	0.000145930527424767	0.480074636726613	0.999999973149475
14.45	8.15	1.00000000233984	0.799997704013819	0.000145417425006761	0.400074897743147	1.00000000093594
14.55	8.15	1.00000013981658	0.799998295320341	0.000144956643951254	0.32007509611991	1.00000005592663
14.65	8.15	1.00000035747928	0.799998879250313	0.000144543762475564	0.240075230112643	1.00000014299171
14.75	8.15	1.0000006473205	0.799999455492455	0.000144174146605727	0.160075297810603	1.0000002589282
14.85	8.15	1.00000096438812	0.799999908951295	0.000143844555882432	0.0800752980441603	1.00000038575525
14.95	8.15	1.00000120829864	0.400000907176782	0.000143601477647239	7.52547235738928e-05	1.00000048331946
0.05	8.25	-4.57497621694969e-06	0.399995828488218	-0.000665075916584188	10.4580855466826	0.599998170009513
0.15	8.25	-5.20977539242364e-06	0.79998777015302	-0.000665747163449414	10.4100861936603	0.599997916089843
0.25	8.25	-5.72401526105681e-06	0.799979647289997	-0.000667096413217677	10.3620873476806	0.599997710393895
0.35	8.25	-5.37797002714097e-06	0.799971368225058	-0.000669130054627066	10.3140890023062	0.599997848811989
0.45	8.25	-3.38703096540592e-06	0.799962888989887	-0.00067185310613718	10.2660911276616	0.599998645187614
0.55	8.25	1.03481021109332e-06	0.799954130153827	-0.000675267290700745	10.2180936723749	0.600000413924084
0.65	8.25	8.54573294417291e-06	0.799944996984215	-0.000679376773838789	10.1700965658038	0.600003418293178
0.75	8.25	1.94813412273363e-05	0.799935377798351	-0.000684214876779162	10.1220997258294	0.600007792536491
0.85	8.25	3.37310135924683e-05	0.799924955777478	-0.000689836131583828	10.0741030737421	0.600013492405437
0.95	8.25	4.9143008131186e-05	0.799913616530833	-0.000696260793894563	10.0261065725301	0.600019657203252
1.05	8.25	6.12273307216482e-05	0.79990138441152	-0.000703430535836408	9.97811029491906	0.600024490932289
1.15	8.25	6.39915141933076e-05	0.799888221573954	-0.000711273866233112	9.93011448830546	0.600025596605677
1.25	8.25	5.06865209910678e-05	0.799874106033489	-0.000719768673933136	9.88211961341357	0.600020274608396
1.35	8.25	1.49147431218251e-05	0.799859061741117	-0.000728918087528319	9.83412635211987	0.600005965897249
1.45	8.25	-4.77117259230293e-05	0.799843136545653	-0.000738755700425057	9.78613557159175	0.599980915309631
1.55	8.25	-0.000137429796959771	0.799826352172327	-0.000749369193489055	9.73814822864585	0.599945028081216
1.65	8.25	-0.000247956969272314	0.799808636106875	-0.00076092729747318	9.69016520288589	0.599900817212291
1.75	8.25	-0.000364314727847262	0.799789743584464	-0.000773700224519632	9.64218705771726	0.599854274108861
1.85	8.25	-0.000461414335002441	0.799769177404888	-0.000788062659664625	9.59421374362181	0.599815434265999
1.95	8.25	-0.000504173711285171	0.799746095301395	-0.000804443505752195	9.54624427837439	0.599798330515486
2.05	8.25	-0.000450386213961421	0.799719151535553	-0.000823073928091164	9.49827646900808	0.599819845514415
2.15	8.25	-0.000258652341951234	0.799686481126017	-0.00084321540337683	9.4503067947317	0.599896539063219
2.25	8.25	9.68608694763967e-05	0.799654839025304	-0.000862944776355753	9.40233063847578	0.60003874434779
2.35	8.25	0.000677807927096692	0.799619829432886	-0.000881056708846807	9.35434201756516	0.600271123170839
2.45	8.25	0.00155634332931028	0.799581008524379	-0.000898145103513733	9.30633289978585	0.600622537331724
2.55	8.25	0.00281968273616421	0.799538087048198	-0.000915031838607609	9.25829274266866	0.601127873094466
2.65	8.25	0.00456990079724252	0.799491262711206	-0.000931801990322279	9.21020797376989	0.601827960318897
2.75	8.25	0.00692459710833229	0.799440898425346	-0.000948075688699234	9.16206150340885	0.602769838843333
2.85	8.25	0.0100189626152424	0.799387490459614	-0.000963268836496322	9.11383220139152	0.604007585046097
2.95	8.25	0.0140091538957616	0.799331781629592	-0.000976684766257725	9.06549428180355	0.605603661558304
3.05	8.25	0.0190771558981996	0.799274888849888	-0.000987514361487852	9.01701655055798	0.60763086235928
3.15	8.25	0.0254375212549352	0.799218403243996	-0.000994801474915599	8.96836146372313	0.610175008501974
3.25	8.25	0.0333464117498653	0.799164440563813	-0.000997396672946828	8.91948393127034	0.613338564699946
3.35	8.25	0.0431132005325741	0.799115601824266	-0.000993908035183248	8.87032978944417	0.61724528021303
3.45	8.25	0.0551143990636812	0.799074771160502	-0.000982656373375174	8.82083386446081	0.622045759625472
3.55	8.25	0.0698086205181456	0.799044641356298	-0.000961647911117814	8.77091757474041	0.627923448207258
3.65	8.25	0.0877493663934536	0.799026836813322	-0.000928587736212477	8.72048609106372	0.635099746557381
3.75	8.25	0.109589331009214	0.799020543917456	-0.000880970207305498	8.66942522632317	0.643835732403685
3.85	8.25	0.136065685952366	0.799020739849138	-0.000816293057383221	8.61759849553299	0.654426274380946
3.95	8.25	0.167951405918902	0.799016523929562	-0.000732439308018268	8.56484519302101	0.667180562367561
4.05	8.25	0.205955980314533	0.798990691896411	-0.00062823805679836	8.51098083665701	0.682382392125813
4.15	8.25	0.250565193062373	0.798922218419804	-0.00050413611737171	8.45580175697024	0.700226077224949
4.25	8.25	0.301830531642233	0.798792894140233	-0.00036279509315385	8.39909560232232	0.720732212656893
4.35	8.25	0.359155823093189	0.798597093021429	-0.000209330410885532	8.34065860282176	0.743662329237276
4.45	8.25	0.421168459591995	0.798350001255066	-5.09322654001416e-05	8.28031828731284	0.768467383836798
4.55	8.25	0.485772207848266	0.79808775798553	0.000104178200413291	8.21795741529856	0.794308883139306
4.65	8.25	0.550425095675619	0.797856567547111	0.000248177421101766	8.15353264801376	0.820170038270248
4.75	8.25	0.612578206810202	0.797695786404645	0.000374952411512166	8.08708180482272	0.845031282724081
4.85	8.25	0.670118352046984	0.797624963055671	0.000480860759684103	8.0187170691167	0.868047340818793
4.95	8.25	0.721654956856859	0.797641447104984	0.000564794439866942	7.94860655901034	0.888661982742744
5.05	8.25	0.766581451782841	0.797727198828132	0.000627706882180822	7.87695034294767	0.906632580713136
5.15	8.25	0.804950554324752	0.79785859453702	0.000671899310575009	7.80395746502004	0.921980221729901
5.25	8.25	0.837259864681345	0.798013957887256	0.000700325126073508	7.72982837396755	0.934903945872538
5.35	8.25	0.864237072119112	0.798177080347149	0.000716054881271384	7.65474418519694	0.945694828847645
5.45	8.25	0.886674763898917	0.7983375939815	0.000721937054020663	7.57886198628008	0.954669905559567
5.55	8.25	0.905326997864549	0.798489787808756	0.000720426981398801	7.50231440989285	0.962130799145819
5.65	8.25	0.920857929738512	0.798631075472723	0.000713534351136793	7.42521166253143	0.968343171895405
5.75	8.25	0.93382578703319	0.798760707909281	0.000702841784890324	7.3476446199119	0.973530314813276
5.85	8.25	0.944686919803988	0.798878889524617	0.000689558638617977	7.26968810962029	0.977874767921595
5.95	8.25	0.953809026210539	0.798986249319423	0.000674586723042261	7.19140391794557	0.981523610484216
6.05	8.25	0.961486956973587	0.799083559851451	0.000658584717565818	7.11284333575737	0.984594782789435
6.15	8.25	0.967957688567673	0.799171606092667	0.000642024929162878	7.03404921690314	0.987183075427069
6.25	8.25	0.973413055578072	0.799251134811818	0.00062524022271892	6.95505759874143	0.989365222231229
6.35	8.25	0.978009932955592	0.799322842062008	0.000608461206954403	6.87589896134162	0.991203973182237
6.45	8.25	0.98187807997512	0.799387375667267	0.000591844805491463	6.79659920311838	0.992751231990048
6.55	8.25	0.985126048305697	0.799445341547705	0.000575495691507285	6.7171804006915	0.994050419322279
6.65	8.25	0.987845579464997	0.799497309337671	0.000559482053703932	6.6376614074741	0.995138231785999
6.75	8.25	0.990114867136578	0.799543816031593	0.000543846990032118	6.55805833269689	0.996045946854631
6.85	8.25	0.992000987660184	0.799585367796261	0.0005286166037814	6.47838493176572	0.996800395064073
6.95	8.25	0.99356173114562	0.79962244053606	0.000513805658142468	6.39865293034348	0.997424692458248
7.05	8.25	0.994847005335448	0.7996554798145	0.000499421452947679	6.31887229814502	0.997938802134179
7.15	8.25	0.995899936627901	0.799684900597071	0.000485466428238544	6.23905148375877	0.998359974651161
7.25	8.25	0.996757756544458	0.799711087116053	0.000471939871859429	6.15919761847016	0.998703102617783
7.35	8.25	0.997452535327408	0.799734393018503	0.000458839009141703	6.07931669472012	0.998981014130963
7.45	8.25	0.998011805142457	0.799755141858093	0.000446159676182837	5.99941372321569	0.999204722056983
7.55	8.25	0.99845910169231	0.799773627928259	0.000433896720845553	5.91949287161222	0.999383640676924
7.65	8.25	0.998814443453617	0.799790117396562	0.000422044232158872	5.83955758695417	0.999525777381447
7.75	8.25	0.999094761120695	0.799804849684458	0.00041059566722349	5.75961070358237	0.999637904448278
7.85	8.25	0.999314285352003	0.799818039031119	0.000399543921338375	5.67965453790874	0.999725714140801
7.95	8.25	0.99948489796516	0.799829876182885	0.000388881370704917	5.59969097126676	0.999793959186064
8.05	8.25	0.999616449869812	0.799840530155497	0.000378599905573825	5.51972152192623	0.999846579947925
8.15	8.25	0.999717047937721	0.799850150023585	0.000368690963535301	5.43974740728459	0.999886819175088
8.25	8.25	0.999793312443299	0.79985886669975	0.000359145567885881	5.35976959719481	0.99991732497732
8.35	8.25	0.999850606485286	0.79986679467207	0.000349954372439741	5.27978885934769	0.999940242594115
8.45	8.25	0.999893238787904	0.799874033676446	0.000341107712410222	5.19980579758625	0.999957295515162
8.55	8.25	0.999924641380648	0.799880670284644	0.000332595660103037	5.11982088398702	0.999969856552259
8.65	8.25	0.999947523801066	0.799886779394981	0.000324408083353104	5.03983448549462	0.999979009520427
8.75	8.25	0.999964005608101	0.79989242561666	0.000316534705067987	4.95984688584282	0.99998560224324
8.85	8.25	0.999975729105986	0.799897664542462	0.000308965162338606	4.87985830343646	0.999990291642394
8.95	8.25	0.999983954244767	0.799902543907902	0.000301689063360954	4.79986890580734	0.999993581697907
9.05	8.25	0.999989637677807	0.799907104637683	0.000294696041435874	4.71987882119344	0.999995855071123
9.15	8.25	0.999993497920625	0.799911381782443	0.000287975805038988	4.63988814772776	0.99999739916825
9.25	8.25	0.999996068475203	0.799915405350602	0.000281518183533784	4.55989696066149	0.999998427390081
9.35	8.25	0.999997740668005	0.799919201041368	0.000275313168031731	4.47990531798759	0.999999096267202
9.45	8.25	0.999998797808257	0.799922790885987	0.00026935094752331	4.39991326477645	0.999999519123303
9.55	8.25	0.999999442114894	0.799926193804873	0.000263621940038504	4.31992083648568	0.999999776845958
9.65	8.25	0.999999815694955	0.799929426088422	0.000258116819058881	4.23992806146136	0.999999926277982
9.75	8.25	1.00000001669044	0.799932501809429	0.000252826535404641	4.15993496280933	1.00000000667617
9.85	8.25	1.00000011155067	0.799935433174822	0.000247742334686733	4.07994155978079	1.00000004462027
9.95	8.25	1.00000014423762	0.79993823082402	0.000242855770894391	3.99994786878795	1.00000005769505
10.05	8.25	1.00000014303491	0.799940904080752	0.000238158716057444	3.91995390414085	1.00000005721396
10.15	8.25	1.0000001255099	0.799943461164669	0.000233643366733491	3.83995967857698	1.00000005020396
10.25	8.25	1.00000010207186	0.799945909368479	0.000229302247311858	3.75996520363828	1.00000004082874
10.35	8.25	1.00000007847855	0.799948255205652	0.000225128210614607	3.67997048993755	1.00000003139142
10.45	8.25	1.00000005756717	0.799950504533293	0.000221114436209131	3.59997554734558	1.00000002302687
10.55	8.25	1.00000004042268	0.799952662654068	0.000217254426505877	3.5199803851222	1.00000001616907
10.65	8.25	1.00000002714516	0.799954734400653	0.000213542001236327	3.43998501200824	1.00000001085806
10.75	8.25	1.00000001733733	0.799956724205551	0.000209971290340516	3.3599894362906	1.00000000693493
10.85	8.25	1.00000001040096	0.799958636158884	0.000206536725701842	3.27999366584905	1.00000000416039
10.95	8.25	1.00000000570638	0.799960474056164	0.000203233031867782	3.19999770819077	1.00000000228255
11.05	8.25	1.00000000268023	0.799962241437839	0.000200055216043691	3.12000157047672	1.00000000107209
11.15	8.25	1.00000000084296	0.799963941622078	0.00019699855750618	3.04000525954272	1.00000000033719
11.25	8.25	0.999999999816987	0.799965577732053	0.000194058596672013	2.96000878191679	0.999999999926795
11.35	8.25	0.999999999319194	0.799967152718629	0.000191231123918413	2.88001214383429	0.999999999727678
11.45	8.25	0.99999999914646	0.799968669379389	0.000188512168343821	2.80001535125123	0.999999999658584
11.55	8.25	0.999999999159151	0.799970130374605	0.000185897986549631	2.72001840985645	0.99999999966366
11.65	8.25	0.999999999265415	0.799971538240727	0.000183385051560376	2.64002132508286	0.999999999706166
11.75	8.25	0.999999999407551	0.799972895401843	0.000180970042015591	2.56002410211792	0.99999999976302
11.85	8.25	0.999999999550933	0.7999742041795	0.000178649831596892	2.48002674591343	0.999999999820373
11.95	8.25	0.999999999675496	0.79997546680113	0.00017642147885742	2.40002926119478	0.999999999870198
12.05	8.25	0.999999999769665	0.799976685407416	0.000174282217425787	2.32003165246958	0.999999999907866
12.15	8.25	0.999999999826583	0.799977862058685	0.000172229446620364	2.24003392403586	0.999999999930633
12.25	8.25	0.999999999842577	0.799978998740571	0.000170260722485694	2.16003607998964	0.999999999937031
12.35	8.25	0.999999999817825	0.799980097369057	0.000168373749158737	2.08003812423206	0.99999999992713
12.45	8.25	0.999999999759168	0.799981159794919	0.000166566370582073	2.00004006047596	0.999999999903667
12.55	8.25	0.999999999684627	0.79998218780774	0.000164836562459341	1.92004189225193	0.999999999873851
12.65	8.25	0.999999999628688	0.799983183139446	0.000163182424322559	1.84004362291375	0.999999999851475
12.75	8.25	0.999999999646416	0.799984147467458	0.000161602171837097	1.76004525564346	0.999999999858566
12.85	8.25	0.999999999813307	0.799985082417484	0.000160094129288636	1.68004679345587	0.999999999925323
12.95	8.25	1.00000000021656	0.799985989566041	0.000158656722623388	1.60004823920305	1.00000000008662
13.05	8.25	1.00000000093272	0.799986870442834	0.00015728847352313	1.52004959557898	1.00000000037309
13.15	8.25	1.00000000198712	0.799987726533202	0.000155987995398342	1.44005086512493	1.00000000079485
13.25	8.25	1.00000000329354	0.799988559280981	0.000154753992350255	1.36005205023621	1.00000000131742
13.35	8.25	1.00000000457862	0.799989370092115	0.000153585262300976	1.28005315317087	1.00000000183145
13.45	8.25	1.00000000530638	0.799990160339444	0.000152480705074023	1.20005417606059	1.00000000212255
13.55	8.25	1.00000000463342	0.799990931368939	0.000151439335101269	1.12005512092318	1.00000000185337
13.65	8.25	1.00000000144296	0.799991684507201	0.000150460296308003	1.04005598967514	1.00000000057718
13.75	8.25	0.999999994522007	0.799992421069536	0.000149542873309569	0.960056784140484	0.999999997808803
13.85	8.25	0.999999982951877	0.799993142366659	0.000148686488578784	0.880057506050318	0.999999993180751
13.95	8.25	0.999999966765702	0.799993849707025	0.000147890670482614	0.800058157025362	0.999999986706281
14.05	8.25	0.999999947872457	0.799994544390236	0.000147154973628644	0.720058738532956	0.999999979148983
14.15	8.25	0.999999931139782	0.799995227686273	0.000146478833902578	0.640059251811775	0.999999972455913
14.25	8.25	0.999999925358591	0.799995900795751	0.000145861350095738	0.560059697763689	0.999999970143436
14.35	8.25	0.999999943588374	0.799996564789215	0.000145301006969903	0.480060076824687	0.99999997743535
14.45	8.25	1.00000000213915	0.799997220530052	0.000144795395715193	0.400060388846779	1.00000000085566
14.55	8.25	1.00000011726318	0.799997868596572	0.000144341048308131	0.320060633049495	1.00000004690527
14.65	8.25	1.00000029863813	0.799998509234456	0.000143933577062381	0.240060808129093	1.00000011945525
14.75	8.25	1.00000053910558	0.799999142447767	0.000143568382497055	0.160060912636651	1.00000021564223
14.85	8.25	1.0000008010949	0.799999676257824	0.000143242249355949	0.0800609457256431	1.00000032043796
14.95	8.25	1.00000100189095	0.400000645312635	0.000143001370470438	6.09266548183024e-05	1.00000040075638
0.05	8.35	-4.56936543507994e-06	0.399995505321049	-0.000656621920601051	10.4581252076042	0.599998172253826
0.15	8.35	-5.20775043971669e-06	0.799986800878721	-0.000657236661167087	10.4101258931824	0.599997916899824
0.25	8.35	-5.7269900514063e-06	0.799978027978789	-0.000658470688875153	10.3621271247855	0.599997709203979
0.35	8.35	-5.3815928001375e-06	0.799969091465409	-0.000660329831964439	10.3141288963359	0.59999784736288
0.45	8.35	-3.37831128354353e-06	0.799959945563187	-0.000662817798257346	10.2661311782093	0.599998648675487
0.55	8.35	1.07493767448825e-06	0.799950509903288	-0.000665934087782827	10.218133919058	0.60000042997507
0.65	8.35	8.62525709014734e-06	0.799940689896901	-0.000669675055873911	10.1701370482151	0.600003450102836
0.75	8.35	1.9550249704156e-05	0.799930371051352	-0.000674044010713189	10.1221404842782	0.600007820099882
0.85	8.35	3.34695718954201e-05	0.799919368257357	-0.000679085508865483	10.0741441525628	0.600013387828758
0.95	8.35	4.87598304958282e-05	0.799907363639644	-0.000684849948931677	10.026148018229	0.600019503932198
1.05	8.35	6.10421067027418e-05	0.799894388120255	-0.000691255099670138	9.97815214863403	0.600024416842681
1.15	8.35	6.41462960082552e-05	0.799880472214047	-0.0006981822703126	9.93015678544871	0.600025658518403
1.25	8.35	5.12300303515814e-05	0.799865604096951	-0.000705590279506866	9.88216238718948	0.600020492012141
1.35	8.35	1.58342969327273e-05	0.79984981871039	-0.000713448258364859	9.83416963475411	0.600006333718773
1.45	8.35	-4.65173505661404e-05	0.799833175433496	-0.00072173826481596	9.7861793957051	0.599981393059773
1.55	8.35	-0.000136198465283366	0.799815704882667	-0.000730480118661862	9.7381926301548	0.599945520613887
1.65	8.35	-0.000247103470288576	0.799797334752796	-0.0007397605586139	9.69021022577346	0.599901158611885
1.75	8.35	-0.000364435933595572	0.79977779818642	-0.000749761378785214	9.64223276055825	0.599854225626562
1.85	8.35	-0.000463208197935576	0.799756531578161	-0.000760785700532525	9.59426020736808	0.599814716720826
1.95	8.35	-0.000508126362644792	0.799732570813454	-0.000773272097224307	9.54629161302439	0.599796749454942
2.05	8.35	-0.000455842628802045	0.799704432336675	-0.000787706243440464	9.4983248080371	0.599817662948479
2.15	8.35	-0.000261785800187801	0.799669933882302	-0.000804039559281087	9.45035624424156	0.599895285679925
2.25	8.35	0.000103614517150698	0.799634429305966	-0.000819683114400475	9.40238116329529	0.60004144580686
2.35	8.35	0.000693587103440794	0.799596299478425	-0.000832346962772492	9.35439348436887	0.600277434841376
2.45	8.35	0.00157762483452217	0.799555085364383	-0.00084340062094501	9.30638524012368	0.600631049933809
2.55	8.35	0.00284492854854024	0.799509891988094	-0.000854401376678797	9.25834596222616	0.601137971419416
2.65	8.35	0.0045992389179365	0.799460816813622	-0.000865371203603802	9.21026208913897	0.601839695567175
2.75	8.35	0.00695896264084546	0.799408129070743	-0.000875852755323426	9.16211651123696	0.602783585056338
2.85	8.35	0.010059635491523	0.799352248495622	-0.000885316395827177	9.11388806947605	0.604023854196609
2.95	8.35	0.0140576013135407	0.799293887508873	-0.000893217697895108	9.06555094596487	0.605623040525416
3.05	8.35	0.0191350214815128	0.799234174047286	-0.000898960083728996	9.01707391051536	0.607654008592605
3.15	8.35	0.0255066789653908	0.79917473977324	-0.000901840376656642	8.96841937595391	0.610202671586156
3.25	8.35	0.033429053617483	0.799117762308978	-0.000900990885766324	8.9195421981796	0.613371621446993
3.35	8.35	0.0432119480453076	0.799065921155023	-0.000895318254080365	8.87038814435106	0.617284779218123
3.45	8.35	0.0552324309143748	0.799022191439704	-0.000883441742262724	8.82089195194842	0.62209297236575
3.55	8.35	0.0699498005071647	0.79898936337537	-0.000863641843308579	8.77097492624906	0.627979920202866
3.65	8.35	0.0879183354342501	0.798969155570962	-0.000833842482408323	8.72054209652373	0.6351673341737
3.75	8.35	0.109791495893805	0.798960832047717	-0.000791665647650239	8.66947910442564	0.643916598357522
3.85	8.35	0.13630699824958	0.798959416452474	-0.000734611702415665	8.61764926818401	0.654522799299832
3.95	8.35	0.168237792011812	0.798954013632335	-0.000660420341880837	8.56489167356361	0.667295116804725
4.05	8.35	0.206292292902553	0.798927387982995	-0.000567636498350915	8.5110216457044	0.682516917161021
4.15	8.35	0.250953660111996	0.79885847069657	-0.000456322617169273	8.45583538187234	0.700381464044799
4.25	8.35	0.302268926836345	0.798729036629364	-0.000328727678539648	8.39912051252977	0.720907570734538
4.35	8.35	0.35963593591403	0.798533501391924	-0.000189604374523722	8.3406734198517	0.743854374365612
4.45	8.35	0.421675701318718	0.798287137176714	-4.58745134355342e-05	8.2803219847796	0.768670280527487
4.55	8.35	0.486287027342709	0.798026152265636	9.44342694333882e-05	8.21794950017752	0.794514810937084
4.65	8.35	0.550926140875432	0.797796738009827	0.000223693043506281	8.1535132651357	0.820370456350173
4.75	8.35	0.613046210343106	0.797638145160417	0.000336068855732521	8.08705172521782	0.845218484137243
4.85	8.35	0.670539269376992	0.797569776954606	0.000428320385902026	8.01867756418818	0.868215707750797
4.95	8.35	0.722021335005962	0.797588865280719	0.00049982465688482	7.94855920337679	0.888808534002385
5.05	8.35	0.76689196889908	0.797677310018727	0.000552015773511996	7.87689680599992	0.906756787559632
5.15	8.35	0.805208414793707	0.797811470227767	0.00058757691590602	7.80389934017225	0.922083365917483
5.25	8.35	0.837470898763629	0.797969663872788	0.000609681784984829	7.72976706865186	0.934988359505452
5.35	8.35	0.864408127215734	0.798135664828717	0.000621441661502055	7.65468087059493	0.945763250886294
5.45	8.35	0.886812614793639	0.798299068678139	0.000625586151848014	7.5787975922591	0.954725045917456
5.55	8.35	0.905437750944339	0.798454114210497	0.000624333598811086	7.50224964740192	0.962175100377736
5.65	8.35	0.920946788495266	0.798598160796672	0.000619385772233769	7.42514705856513	0.968378715398106
5.75	8.35	0.933897036376493	0.798730409918855	0.000611988794761494	7.34758055498801	0.973558814550597
5.85	8.35	0.944744019357621	0.798851027086897	0.000603019460311856	7.26962485215742	0.977897607743048
5.95	8.35	0.953854742555858	0.798960615412121	0.00059307275013627	7.19134165311656	0.981541897022343
6.05	8.35	0.961523496736223	0.799059934512065	0.000582538663526211	7.11278218833017	0.984609398694489
6.15	8.35	0.967986815266975	0.799149767771302	0.000571664206377425	7.03398926857834	0.98719472610679
6.25	8.35	0.973436185146343	0.799230869402361	0.00056060058230604	6.95499890089524	0.989374474058537
6.35	8.35	0.978028208743888	0.799303949450674	0.000549437537343354	6.87584154415073	0.991211283497555
6.45	8.35	0.981892430403423	0.799369673975195	0.00053822739759417	6.79654308195102	0.992756972161369
6.55	8.35	0.98513723080097	0.799428669413397	0.000527001261740732	6.71712558049798	0.994054892320388
6.65	8.35	0.987854213987625	0.799481526643002	0.000515779454539759	6.63760788575289	0.99514168559505
6.75	8.35	0.990121461975616	0.799528803466343	0.000504577920204355	6.55800610147145	0.996048584790246
6.85	8.35	0.992005959544588	0.799571025613193	0.000493411834381212	6.47833397889167	0.996802383817835
6.95	8.35	0.993565421177098	0.799608686790655	0.000482297376093277	6.39860324037463	0.997426168470839
7.05	8.35	0.994849691824699	0.799642248323599	0.000471252334268134	6.31882385291785	0.997939876729879
7.15	8.35	0.995901845601256	0.799672138794351	0.000460296020761762	6.23900426280396	0.998360738240502
7.25	8.35	0.996759070461993	0.79969875393362	0.000449448810692917	6.15915159932274	0.998703628184797
7.35	8.35	0.997453400395064	0.799722456883357	0.000438731522078544	6.07927185317368	0.998981360158026
7.45	8.35	0.998012337491332	0.799743578860055	0.000428164768789596	5.99937003354806	0.999204934996533
7.55	8.35	0.998459392623585	0.799762420190221	0.000417768366583048	5.9194503067978	0.999383757049434
7.65	8.35	0.99881456389705	0.799779251660095	0.000407560834309171	5.83951611887002	0.99952582555882
7.75	8.35	0.999094765420493	0.799794316109509	0.000397559007853791	5.75957030321055	0.999637906168197
7.85	8.35	0.999314214470932	0.799807830199855	0.000387777768498067	5.67961517553433	0.999725685788373
7.95	8.35	0.999484782182118	0.799819986291468	0.000378229877541357	5.59965261666974	0.999793912872847
8.05	8.35	0.999616311035293	0.799830954374283	0.000368925903725031	5.51968414456487	0.999846524414117
8.15	8.35	0.999716901343808	0.79984088400469	0.000359874228128364	5.43971097646801	0.999886760537523
8.25	8.35	0.999793168358935	0.799849906210817	0.000351081110420665	5.35973408224275	0.999917267343574
8.35	8.35	0.999850471402729	0.799858135336161	0.000342550801467803	5.27975422973615	0.999940188561092
8.45	8.35	0.999893116422066	0.799865670798602	0.000334285688858464	5.19977202307803	0.999957246568826
8.55	8.35	0.999924533459069	0.799872598748578	0.000326286463565737	5.11978793474677	0.999969813383628
8.65	8.35	0.999947430678518	0.799878993614387	0.000318552298448784	5.03980233218856	0.999978972271407
8.75	8.35	0.999963926736125	0.799884919528353	0.000311081030545571	4.95981549972337	0.99998557069445
8.85	8.35	0.999975663384089	0.79989043163003	0.00030386934136482	4.87982765641265	0.999990265353636
8.95	8.35	0.999983900276518	0.799895577246817	0.000296912930685416	4.79983897050179	0.999993560110607
9.05	8.35	0.999989593951776	0.799900396954258	0.000290206680646648	4.71984957098699	0.99999583758071
9.15	8.35	0.999993462933022	0.799904925520677	0.000283744808118779	4.63985955679277	0.999997385173209
9.25	8.35	0.999996040808221	0.799909192742219	0.000277521003944589	4.55986900398505	0.999998416323288
9.35	8.35	0.999997719035342	0.799913224175509	0.000271528558739852	4.47987797138566	0.999999087614137
9.45	8.35	0.999998781076991	0.799917041776074	0.000265760474929184	4.3998865049001	0.999999512430797
9.55	8.35	0.999999429310982	0.799920664450697	0.000260209565569055	4.31989464082034	0.999999771724393
9.65	8.35	0.999999805997915	0.799924108532457	0.000254868540345289	4.23990240832026	0.999999922399166
9.75	8.35	1.00000000942143	0.799927388186658	0.000249730079670026	4.1599098313218	1.00000000376857
9.85	8.35	1.00000010615704	0.799930515755863	0.000244786897725373	4.07991692987643	1.00000004246282
9.95	8.35	1.00000014027606	0.799933502051557	0.000240031795297657	3.99992372117731	1.00000005611042
10.05	8.35	1.00000014015472	0.799936356599553	0.000235457703569553	3.91993022029335	1.00000005606189
10.15	8.35	1.00000012343728	0.799939087845635	0.000231057719555765	3.83993644069667	1.00000004937491
10.25	8.35	1.00000010059574	0.799941703327135	0.000226825134356272	3.75994239463793	1.0000000402383
10.35	8.35	1.0000000774382	0.799944209815695	0.000222753454920084	3.67994809341162	1.00000003097528
10.45	8.35	1.00000005684167	0.799946613435757	0.000218836420245243	3.59995354754242	1.00000002273667
10.55	8.35	1.00000003992214	0.799948919762642	0.000215068012702562	3.51995876691583	1.00000001596885
10.65	8.35	1.00000002680354	0.799951133903707	0.00021144246525094	3.43996376087004	1.00000001072142
10.75	8.35	1.00000001710671	0.799953260565402	0.000207954265075866	3.35996853826117	1.00000000684268
10.85	8.35	1.00000001024699	0.799955304108722	0.000204598154327133	3.2799731075104	1.0000000040988
10.95	8.35	1.00000000560471	0.799957268595115	0.000201369128382422	3.19997747663907	1.00000000224188
11.05	8.35	1.00000000261381	0.79995915782451	0.000198262432115112	3.11998165329576	1.00000000104553
11.15	8.35	1.00000000080001	0.799960975366938	0.000195273554601987	3.03998564477805	1.00000000032
11.25	8.35	0.999999999789411	0.799962724588923	0.000192398222487187	2.95998945805089	0.999999999915765
11.35	8.35	0.999999999301484	0.799964408675552	0.000189632392496504	2.8799930997625	0.999999999720594
11.45	8.35	0.999999999134861	0.79996603064909	0.000186972243177657	2.79999657625878	0.999999999653944
11.55	8.35	0.999999999151097	0.799967593384709	0.000184414166200433	2.71999989359642	0.999999999660439
11.65	8.35	0.999999999259164	0.799969099623893	0.000181954757367899	2.64000305755514	0.999999999703666
11.75	8.35	0.999999999401994	0.799970551985964	0.000179590807478018	2.5600060736492	0.999999999760798
11.85	8.35	0.999999999545543	0.799971952978005	0.000177319293225832	2.48000894713813	0.999999999818217
11.95	8.35	0.999999999670405	0.799973305003547	0.000175137368206738	2.40001168303696	0.999999999868162
12.05	8.35	0.999999999765817	0.79997461037017	0.000173042354078045	2.32001428612578	0.999999999906327
12.15	8.35	0.999999999825884	0.799975871296285	0.000171031732016458	2.24001676095883	0.999999999930353
12.25	8.35	0.999999999847913	0.799977089917098	0.000169103134404981	2.16001911187293	0.999999999939165
12.35	8.35	0.999999999832775	0.799978268290077	0.000167254336785656	2.08002134299544	0.99999999993311
12.45	8.35	0.99999999978716	0.799979408399785	0.000165483250047891	2.00002345825168	0.999999999914864
12.55	8.35	0.999999999727305	0.799980512162331	0.000163787912723923	1.92002546137172	0.999999999890922
12.65	8.35	0.999999999683334	0.799981581429313	0.000162166483473382	1.84002735589661	0.999999999873334
12.75	8.35	0.999999999702521	0.799982617991451	0.000160617233608726	1.76002914518421	0.999999999881009
12.85	8.35	0.999999999848824	0.799983623581836	0.000159138539833247	1.68003083241446	0.99999999993953
12.95	8.35	1.0000000001951	0.799984599878892	0.000157728877498559	1.60003242059452	1.00000000007804
13.05	8.35	1.00000000080384	0.79998554850926	0.000156386814855823	1.52003391256401	1.00000000032154
13.15	8.35	1.00000000169291	0.799986471050632	0.000155111009161871	1.4400353110008	1.00000000067717
13.25	8.35	1.00000000278523	0.799987369034984	0.000153900205767999	1.36003661842788	1.00000000111409
13.35	8.35	1.00000000384676	0.799988243952326	0.000152753241322889	1.28003783722169	1.0000000015387
13.45	8.35	1.00000000442621	0.799989097255477	0.000151669051854068	1.20003896962222	1.00000000177048
13.55	8.35	1.00000000382188	0.799989930365905	0.00015064668548611	1.12004001774429	1.00000000152875
13.65	8.35	1.00000000111549	0.799990744680553	0.00014968531726963	1.04004098358854	1.0000000004462
13.75	8.35	0.999999995324686	0.799991541578986	0.000148784260334464	0.96004186904921	0.999999998129874
13.85	8.35	0.999999985729007	0.799992322429231	0.000147942963111603	0.88004267591395	0.999999994291603
13.95	8.35	0.999999972408501	0.799993088589852	0.000147160977525632	0.800043405849547	0.999999988963401
14.05	8.35	0.999999956987896	0.799993841404594	0.000146437879817016	0.720044060366868	0.999999982795158
14.15	8.35	0.999999943491079	0.799994582185547	0.000145773126453451	0.640044640760021	0.999999977396431
14.25	8.35	0.999999939075575	0.799995312181237	0.000145165837100059	0.560045148019981	0.99999997563023
14.35	8.35	0.999999954242823	0.799996032528641	0.000144614519460256	0.480045582733128	0.999999981697129
14.45	8.35	1.00000000193918	0.799996744193418	0.000144116791608477	0.400045944991009	1.00000000077567
14.55	8.35	1.00000009483919	0.799997447911524	0.000143669217613707	0.320046234358365	1.00000003793567
14.65	8.35	1.00000024013979	0.799998144157346	0.000143267446496979	0.240046449968441	1.00000009605592
14.75	8.35	1.00000043152907	0.799998833246775	0.000142906915847381	0.160046590830553	1.00000017261163
14.85	8.35	1.00000063877502	0.799999446161919	0.000142584437478577	0.0800466564186173	1.00000025551001
14.95	8.35	1.00000079672235	0.400000385538461	0.00014234588978292	4.66613704854169e-05	1.00000031868894
0.05	8.45	-4.57082246928374e-06	0.39999521291969	-0.000647554316384318	10.4581643419348	0.599998171671012
0.15	8.45	-5.21738235949901e-06	0.799985925949097	-0.000648110661559914	10.4101650626479	0.599997913047056
0.25	8.45	-5.75160932522751e-06	0.799976568911135	-0.000649224567379989	10.3621663647241	0.59999769935627
0.35	8.45	-5.42380247346728e-06	0.799967044521894	-0.000650902393248268	10.314168242465	0.599997830479011
0.45	8.45	-3.43215265514069e-06	0.79995730593877	-0.000653147980402317	10.2661706664824	0.599998627138938
0.55	8.45	1.02723697728265e-06	0.799947271596236	-0.000655960567647674	10.2181735853879	0.600000410894791
0.65	8.45	8.60752693528588e-06	0.799936845845581	-0.000659332477974612	10.1701769281392	0.600003443010774
0.75	8.45	1.95589007236685e-05	0.799925914805309	-0.000663253978347601	10.1221806130331	0.600007823560289
0.85	8.45	3.338219436829e-05	0.799914322618389	-0.000667729831110386	10.0741845666915	0.600013352877747
0.95	8.45	4.83308000039568e-05	0.799901867471506	-0.000672797758816102	10.0261887580676	0.600019332320002
1.05	8.45	6.08932783344885e-05	0.799888223168648	-0.000678394490150839	9.97819324978109	0.600024357311334
1.15	8.45	6.44346626013452e-05	0.799873654739261	-0.000684392709257159	9.9301982746377	0.600025773865041
1.25	8.45	5.20373093564452e-05	0.799858142618052	-0.000690723068716362	9.8822042880186	0.600020814923743
1.35	8.45	1.72297814722347e-05	0.799841725965822	-0.00069731319468018	9.83421196769733	0.600006891912589
1.45	8.45	-4.45135284760787e-05	0.799824472618748	-0.000704090619450714	9.7862221783836	0.59998219458861
1.55	8.45	-0.000133675192805144	0.799806425564555	-0.000711004631272187	9.73823587919028	0.599946529922878
1.65	8.45	-0.000244318393961847	0.799787527132382	-0.000718051504546346	9.69025396042225	0.599902272642415
1.75	8.45	-0.000361866971609054	0.799767521024441	-0.000725299420424783	9.64227700812059	0.599855253211356
1.85	8.45	-0.000461593242545018	0.799745834679686	-0.000732916456000704	9.59430501061495	0.599815362702982
1.95	8.45	-0.000508450516572961	0.799721451089089	-0.000741219231086669	9.54633704049816	0.599796619793371
2.05	8.45	-0.000458938884672967	0.799692814215872	-0.000750740762525705	9.49837096594207	0.599816424446131
2.15	8.45	-0.00026575679054444	0.799657990760925	-0.000761981490532991	9.45040326355524	0.599893697283782
2.25	8.45	0.000114403510558922	0.799616657301148	-0.000773119710472199	9.40242900816449	0.600045761404223
2.35	8.45	0.000716894958992644	0.799574466670253	-0.000780830944182532	9.35444194631104	0.600286757983597
2.45	8.45	0.00160581399636748	0.799531401076299	-0.000786153310666713	9.30643421523757	0.600642325598547
2.55	8.45	0.0028763716927383	0.799484236755136	-0.000791465719326822	9.25839546622831	0.601150548677095
2.65	8.45	0.00463490338450784	0.799432902783444	-0.000796531856957077	9.21031213766203	0.601853961353803
2.75	8.45	0.00700057010795157	0.799377474678455	-0.000800902167613396	9.1621670942919	0.602800228043181
2.85	8.45	0.010109148301066	0.799318222490013	-0.000804203642616027	9.11393915279287	0.604043659320426
2.95	8.45	0.0141171821168101	0.799255756085533	-0.000806101996962626	9.06560247341124	0.605646872846724
3.05	8.45	0.0192071250169252	0.799191120465959	-0.000806240596882251	9.01712580286908	0.60768285000677
3.15	8.45	0.0255941784934716	0.799125870639218	-0.000804184975417352	8.96847152578359	0.610237671397389
3.25	8.45	0.0335353815344184	0.799062114759593	-0.000799364531461551	8.91959446070539	0.613414152613767
3.35	8.45	0.043341246486424	0.79900247925515	-0.000791005089286	8.87044032370552	0.61733649859457
3.45	8.45	0.0553897033504694	0.798949916776964	-0.000778053043811593	8.82094378204444	0.622155881340188
3.55	8.45	0.0701410394086777	0.798907243475441	-0.00075910116184558	8.77102604570025	0.628056415763471
3.65	8.45	0.0881505742466281	0.798876272922687	-0.00073233943776016	8.720592017987	0.635260229698651
3.75	8.45	0.110072695011282	0.798856455505995	-0.000695572056849273	8.66952718068496	0.644029078004513
3.85	8.45	0.136645629326612	0.798843115368582	-0.000646359453920162	8.61769466059626	0.654658251730645
3.95	8.45	0.168641952518846	0.798825792984569	-0.000582350561420608	8.56493333312709	0.667456781007538
4.05	8.45	0.206768207507321	0.798787838603849	-0.000501842710451495	8.51105832202287	0.682707283002928
4.15	8.45	0.251503574440765	0.798708918466467	-0.000404521364630291	8.45586567802564	0.700601429776306
4.25	8.45	0.302888724695845	0.798571653395772	-0.000292189186861668	8.3991429998638	0.721155489878338
4.35	8.45	0.360313256543306	0.79837131209747	-0.000169155754741792	8.34068681153032	0.744125302617322
4.45	8.45	0.422389632993629	0.798123847770627	-4.19528742683577e-05	8.28032534090128	0.768955853197452
4.55	8.45	0.487010199063705	0.797865770304999	8.17303524733842e-05	8.21794241054113	0.794804079625482
4.65	8.45	0.551629052690355	0.797643064256643	0.000194602145429922	8.15349594692369	0.820651621076142
4.75	8.45	0.613702419191445	0.797494305264893	0.000291224147368642	8.08702499565955	0.845480967676578
4.85	8.45	0.671129512288586	0.79743794767096	0.00036882610864307	8.01864269539449	0.868451804915435
4.95	8.45	0.722535294500528	0.797470237276821	0.000427291429014643	7.94851771051875	0.889014117800211
5.05	8.45	0.767327639341099	0.797572219942401	0.000468514352704712	7.87685023534833	0.90693105573644
5.15	8.45	0.805569976291238	0.797719601647332	0.000495510401118353	7.80384910726923	0.922227990516495
5.25	8.45	0.83776620152368	0.797890246027965	0.000511608710733851	7.72971436614174	0.935106480609472
5.35	8.45	0.864646545352279	0.798067639610104	0.000519892796226679	7.65462663912825	0.945858618140911
5.45	8.45	0.887003566162668	0.798241221559312	0.000522909362384588	7.57874253501559	0.954801426465067
5.55	8.45	0.905589856967989	0.798405173537606	0.000522584818417278	7.5021942675543	0.962235942787196
5.65	8.45	0.921067509491474	0.798556870686317	0.000520269051351961	7.42509170386338	0.96842700379659
5.75	8.45	0.933992603300307	0.79869558114744	0.000516838719643034	7.34752545984852	0.973597041320123
5.85	8.45	0.944819521969287	0.798821569790969	0.000512815031523568	7.26957017273909	0.977927808787715
5.95	8.45	0.95391428270372	0.798935557205716	0.000508471491885434	7.19128749419455	0.981565713081488
6.05	8.45	0.961570354954334	0.799038427437645	0.000503921455536828	7.11272862257174	0.984628141981733
6.15	8.45	0.968023605337741	0.799131087171738	0.000499183742341978	7.0339363495723	0.987209442135097
6.25	8.45	0.97346498682669	0.799214407339429	0.000494228686241919	6.95494667143183	0.989385994730676
6.35	8.45	0.978050676990164	0.799289204776033	0.000489008475629473	6.87579004110101	0.991220270796066
6.45	8.45	0.981909883124483	0.799356240654318	0.000483475732437457	6.79649233884031	0.992763953249793
6.55	8.45	0.985150718456361	0.79941622425878	0.000477593752713279	6.71707562860328	0.994060287382544
6.65	8.45	0.987864574462128	0.799469817247592	0.00047134112176791	6.63755875432175	0.995145829784851
6.75	8.45	0.990129363784401	0.79951763684439	0.000464712732704073	6.55795781747405	0.99605174551376
6.85	8.45	0.99201193589997	0.799560257843919	0.000457718659688248	6.47828656657652	0.996804774359988
6.95	8.45	0.99356989693535	0.799598213808077	0.000450381885834897	6.39855672079607	0.99742795877414
7.05	8.45	0.994853004889121	0.799631997890771	0.000442735548480062	6.31877824353165	0.997941201955649
7.15	8.45	0.99590426399897	0.79966206363164	0.000434820121605239	6.23895957717871	0.998361705599588
7.25	8.45	0.996760806030441	0.799688825927212	0.000426680785637357	6.15910784698312	0.998704322412176
7.35	8.45	0.997454619797317	0.799712662276417	0.000418365118791757	6.07922903957225	0.998981847918927
7.45	8.45	0.998013171113743	0.799733914317986	0.000409921167229979	5.99932816015101	0.999205268445497
7.55	8.45	0.998459941783584	0.799752889629246	0.000401395902921937	5.91940937126478	0.999383976713434
7.65	8.45	0.998814906693423	0.799769863732133	0.00039283404794772	5.83947611530658	0.999525962677369
7.75	8.45	0.999094961486128	0.799785082243217	0.000384277227883009	5.75953122247216	0.999637984594451
7.85	8.45	0.999314308832961	0.799798763107043	0.000375763409091268	5.67957700556317	0.999725723533184
7.95	8.45	0.999484808392455	0.799811098857548	0.000367326572895195	5.59961534284796	0.999793923356982
8.05	8.45	0.99961629370246	0.79982225886168	0.000358996581387375	5.51964775007087	0.999846517480984
8.15	8.45	0.999716858172207	0.799832391507854	0.000350799193146179	5.43967544262524	0.999886743268883
8.25	8.45	0.99979311178247	0.799841626310003	0.000342756192202133	5.35969938885314	0.999917244712988
8.35	8.45	0.999850409884585	0.799850075905884	0.000334885598616355	5.27972035539232	0.999940163953834
8.45	8.45	0.999893055480338	0.799857837933881	0.000327201934388487	5.19973894545072	0.999957222192135
8.55	8.45	0.999924476468191	0.799864996778295	0.000319716523265239	5.11975563084538	0.999969790587276
8.65	8.45	0.999947379488329	0.799871625177328	0.000312437807085228	5.03977077859378	0.999978951795331
8.75	8.45	0.999963882143712	0.799877785691733	0.000305371665904143	4.95978467279228	0.999985552857485
8.85	8.45	0.999975625487788	0.799883532034993	0.000298521731486455	4.87979753245701	0.999990250195115
8.95	8.45	0.999983868736588	0.799888910268598	0.000291889687412285	4.79980952594094	0.999993547494635
9.05	8.45	0.999989568178043	0.799893959867756	0.000285475550664726	4.71982078247706	0.999995827271217
9.15	8.45	0.999993442216184	0.799898714664416	0.000279277931854962	4.63983140133426	0.999997376886474
9.25	8.45	0.999996024408378	0.799903203675915	0.000273294272204566	4.55984145901069	0.999998409763351
9.35	8.45	0.999997706238658	0.799907451827778	0.000267521056999921	4.47985101483061	0.999999082495463
9.45	8.45	0.999998771229165	0.79991148058009	0.000261954005563396	4.39986011525654	0.999999508491666
9.55	8.45	0.99999942183427	0.79991530846677	0.000256588238724134	4.31986879717836	0.999999768733708
9.65	8.45	0.999999800396935	0.799918951556963	0.000251418425002953	4.23987709039674	0.999999920158774
9.75	8.45	1.00000000528163	0.799922423847504	0.000246438907000109	4.15988501947913	1.00000000211265
9.85	8.45	1.00000010313877	0.799925737594969	0.000241643809616438	4.0798926051324	1.00000004125551
9.95	8.45	1.00000013810622	0.799928903595084	0.000237027131856614	3.99989986520761	1.00000005524249
10.05	8.45	1.00000013861753	0.799931931416903	0.000232582823807934	3.919906815428	1.00000005544701
10.15	8.45	1.00000012236504	0.79993482959809	0.000228304850529752	3.83991346991132	1.00000004894602
10.25	8.45	1.00000009986014	0.799937605807368	0.000224187244323953	3.75991984154108	1.00000003994405
10.35	8.45	1.0000000769426	0.799940266979104	0.000220224146900648	3.67992594222861	1.00000003077704
10.45	8.45	1.00000005651442	0.799942819424646	0.000216409842710542	3.59993178309688	1.00000002260577
10.55	8.45	1.00000003971093	0.799945268924237	0.000212738784733339	3.51993737460923	1.00000001588437
10.65	8.45	1.00000002667082	0.799947620802867	0.000209205613714318	3.43994272665995	1.00000001066833
10.75	8.45	1.00000001702597	0.799949879992871	0.000205805171995883	3.35994784863853	1.00000000681039
10.85	8.45	1.00000001019987	0.799952051085591	0.000202532512657966	3.27995274947633	1.00000000407995
10.95	8.45	1.00000000557873	0.799954138374188	0.000199382904792097	3.19995743768149	1.00000000223149
11.05	8.45	1.00000000260068	0.799956145889128	0.000196351835671436	3.11996192136606	1.00000000104027
11.15	8.45	1.00000000079432	0.79995807742779	0.000193435010241623	3.03996620826804	1.00000000031773
11.25	8.45	0.999999999787722	0.799959936579198	0.000190628348613935	2.95997030577018	0.999999999915089
11.35	8.45	0.999999999301639	0.799961726744886	0.000187927981831832	2.87997422091652	0.999999999720656
11.45	8.45	0.999999999135509	0.799963451156591	0.000185330246434053	2.79997796042738	0.999999999654203
11.55	8.45	0.999999999151383	0.799965112891289	0.000182831678034671	2.71998153071331	0.999999999660553
11.65	8.45	0.999999999258557	0.799966714884216	0.000180429004260331	2.63998493788808	0.999999999703423
11.75	8.45	0.999999999400231	0.799968259940066	0.00017811913718375	2.55998818778103	0.999999999760092
11.85	8.45	0.99999999954269	0.799969750742884	0.00017589916553854	2.47999128594864	0.999999999817076
11.95	8.45	0.999999999667001	0.799971189864717	0.000173766346798417	2.39999423768562	0.9999999998668
12.05	8.45	0.999999999763082	0.799972579773348	0.000171718099287342	2.31999704803528	0.999999999905233
12.15	8.45	0.999999999825904	0.799973922839231	0.00016975199437583	2.23999972179944	0.999999999930362
12.25	8.45	0.999999999853693	0.79997522134179	0.000167865748796159	2.16000226354768	0.999999999941477
12.35	8.45	0.999999999847964	0.79997647747505	0.000166057217145076	2.08000467762607	0.999999999939186
12.45	8.45	0.999999999815222	0.79997769335291	0.000164324384500221	2.00000696816531	0.999999999926089
12.55	8.45	0.999999999769909	0.79997887101387	0.0001626653591582	1.92000913908831	0.999999999907964
12.65	8.45	0.999999999737794	0.799980012425414	0.000161078365378242	1.84001119411717	0.999999999895118
12.75	8.45	0.999999999758385	0.799981119487996	0.000159561736212856	1.76001313677968	0.999999999903354
12.85	8.45	0.999999999884159	0.799982194038734	0.000158113906531407	1.68001497041537	0.999999999953664
12.95	8.45	1.0000000001737	0.799983237854842	0.000156733406427039	1.60001669818128	1.00000000006948
13.05	8.45	1.00000000067554	0.799984252656881	0.000155418855689227	1.52001832305776	1.00000000027022
13.15	8.45	1.00000000140012	0.799985240112075	0.000154168960053822	1.4400198478547	1.00000000056005
13.25	8.45	1.00000000227946	0.799986201837775	0.00015298251041411	1.36002127521836	1.00000000091179
13.35	8.45	1.00000000311871	0.799987139405462	0.000151858386074141	1.28002260763953	1.00000000124748
13.45	8.45	1.00000000355079	0.799988054345389	0.000150795562917449	1.20002384746272	1.00000000142031
13.55	8.45	1.00000000301491	0.799988948152068	0.000149793126068122	1.1200249968962	1.00000000120597
13.65	8.45	1.00000000079018	0.799989822290431	0.000148850284713951	1.04002605802148	1.00000000031607
13.75	8.45	0.999999996123451	0.799990678202009	0.000147966383234896	0.960027032800048	0.99999999844938
13.85	8.45	0.999999988491166	0.799991517309939	0.000147140898425963	0.880027923073369	0.999999995396467
13.95	8.45	0.999999978019771	0.799992341020767	0.00014637340795391	0.800028730551835	0.999999991207908
14.05	8.45	0.999999966051128	0.799993150720338	0.000145663511640764	0.720029456787577	0.999999986420451
14.15	8.45	0.999999955770182	0.799993947760835	0.000145010688348643	0.64003010312799	0.999999982308073
14.25	8.45	0.999999952710902	0.79999473343669	0.000144414080371313	0.560030670650989	0.999999981084361
14.35	8.45	0.999999964832689	0.799995508949205	0.000143872220183479	0.480031160090968	0.999999985933076
14.45	8.45	1.00000000174004	0.799996275364018	0.000143382754778169	0.400031571776241	1.00000000069601
14.55	8.45	1.00000007255389	0.799997033572069	0.000142942282635691	0.320031905613452	1.00000002902156
14.65	8.45	1.0000001820086	0.799997784273339	0.000142546492038938	0.240032161169047	1.00000007280344
14.75	8.45	1.00000032463585	0.799998528091739	0.000142190860166865	0.160032337906737	1.00000012985434
14.85	8.45	1.00000047749641	0.799999218804018	0.000141872227728982	0.0800324356180381	1.00000019099856
14.95	8.45	1.00000059287889	0.400000127980645	0.000141636139248961	3.24643524965645e-05	1.00000023715156
0.05	8.55	-4.58135292771419e-06	0.399994952451877	-0.000637937549863295	10.4582029147496	0.599998167458829
0.15	8.55	-5.24197758941374e-06	0.799985149392295	-0.000638435042816598	10.4102036670558	0.599997903208964
0.25	8.55	-5.80445697912062e-06	0.799975277650309	-0.00063942779056213	10.3622050322997	0.599997678217208
0.35	8.55	-5.5180980706004e-06	0.799965239843294	-0.000640922413553604	10.3142070052063	0.599997792760772
0.45	8.55	-3.57534872739896e-06	0.799954989655552	-0.000642923038889869	10.2662095566542	0.599998569860509
0.55	8.55	8.41276317000042e-07	0.79994444474286	-0.00064542970462034	10.2182126352476	0.600000336510527
0.65	8.55	8.40307379047195e-06	0.799933506816286	-0.000648432624167824	10.1702161694356	0.600003361229516
0.75	8.55	1.9363020556311e-05	0.79992206257558	-0.000651914408444521	10.1222200766641	0.600007745208223
0.85	8.55	3.32015990881424e-05	0.799909954560116	-0.000655843970357657	10.0742242827982	0.600013280639635
0.95	8.55	4.81044855370074e-05	0.799897036109086	-0.000660201465960938	10.0262287574359	0.600019241794215
1.05	8.55	6.08963059359436e-05	0.799882863666641	-0.000664952643385246	9.97823356015445	0.600024358522374
1.15	8.55	6.48695518215223e-05	0.799867762083879	-0.000670010789714696	9.93023891698108	0.600025947820729
1.25	8.55	5.30908856114096e-05	0.799851713203124	-0.000675267366689154	9.88224527771532	0.600021236354245
1.35	8.55	1.91016067785668e-05	0.799834753969992	-0.000680602128301881	9.83425331418376	0.600007640642711
1.45	8.55	-4.16452712088427e-05	0.799816957018321	-0.000685889740936149	9.78626388496046	0.599983341891516
1.55	8.55	-0.000129707067624862	0.799798377279134	-0.000691013287893338	9.73827794399888	0.59994811717295
1.65	8.55	-0.000239279465934348	0.799778976902134	-0.000695882851601888	9.69029637881488	0.599904288213626
1.75	8.55	-0.000355977490095752	0.799758527328814	-0.00070045383317314	9.64231977639123	0.599857609003962
1.85	8.55	-0.000455337370806215	0.799736485459657	-0.000704738703602866	9.59434813118172	0.599817865051678
1.95	8.55	-0.000502689435337781	0.799711844992477	-0.000708825291244266	9.54638053009036	0.599798924225865
2.05	8.55	-0.000454913334793939	0.799683051905029	-0.000712972652721832	9.49841487027785	0.599818034666082
2.15	8.55	-0.000263772209136764	0.799648321453692	-0.000717758151513026	9.450447666738	0.599894491116345
2.25	8.55	0.000120829493279217	0.799605896841943	-0.000722946081934046	9.40247394565924	0.600048331797312
2.35	8.55	0.000743568076473483	0.799555860211485	-0.00072605028198504	9.3544872297924	0.600297427230589
2.45	8.55	0.00163618607302385	0.799512137628289	-0.000726704841286769	9.30647968044825	0.600654474429209
2.55	8.55	0.00291008637590512	0.799463254747614	-0.000726396733483589	9.25844112117641	0.601164034550362
2.65	8.55	0.00467387523230376	0.799409540783175	-0.00072506247897182	9.21035796925583	0.601869550092922
2.75	8.55	0.00704693145832664	0.799350885576768	-0.000722571392381083	9.16221306899147	0.602818772583331
2.85	8.55	0.0101651661193874	0.799287401942489	-0.000718811291925172	9.11398522525769	0.604066066447755
2.95	8.55	0.0141854288586049	0.799219535349134	-0.000713673293197642	9.06564858956205	0.605674171543442
3.05	8.55	0.0192906518617964	0.799148139060427	-0.000707032933856017	9.01717189920588	0.607716260744719
3.15	8.55	0.0256966791985347	0.799074555561387	-0.000698719791316427	8.96851752572866	0.610278671679414
3.25	8.55	0.0336613584652001	0.799000676622075	-0.000688469771944203	8.91964026747226	0.61346454338608
3.35	8.55	0.043496180732822	0.798928931794019	-0.000675858655036867	8.87048580861105	0.617398472293129
3.45	8.55	0.0555802153789838	0.798862127298105	-0.000660219358195505	8.82098876700998	0.622232086151594
3.55	8.55	0.0703750051001625	0.798803023455467	-0.000640552451250634	8.77107027893508	0.628150002040065
3.65	8.55	0.0884371294865431	0.798753518371097	-0.000615451901972701	8.72063514277195	0.635374851794617
3.75	8.55	0.110422018556467	0.798713344753584	-0.000583086149736549	8.66956869918572	0.644168807422587
3.85	8.55	0.137068344799686	0.798678366489855	-0.000541294471813517	8.61773389813811	0.654827337919874
3.95	8.55	0.169147959942641	0.79863897258016	-0.000487868252479084	8.56496941338447	0.667659183977056
4.05	8.55	0.207364794624474	0.798579696007975	-0.0004210636838078	8.51109016910473	0.682945917849789
4.15	8.55	0.252192844886126	0.798481692157265	-0.000340310686751022	8.45589206459887	0.70087713795445
4.25	8.55	0.303664769520129	0.798329260478515	-0.000246939442716635	8.39916265638644	0.721465907808052
4.35	8.55	0.361160012224936	0.798119302092566	-0.00014460039067	8.3406985955694	0.744464004889974
4.45	8.55	0.423280694151632	0.797869016514792	-3.90353837758704e-05	8.28032843787704	0.769312277660653
4.55	8.55	0.487911513713352	0.797615429043687	6.29215537656664e-05	8.21793650938406	0.795164605485341
4.65	8.55	0.552504243660338	0.79740412341929	0.000154836752597642	8.15348132616757	0.821001697464135
4.75	8.55	0.614519041958832	0.797272450253612	0.000232077207543627	8.08700248148392	0.845807616783533
4.85	8.55	0.671863970204552	0.797237144590755	0.000292571091380727	8.01861350382567	0.868745588081821
4.95	8.55	0.723174907312748	0.797292635715923	0.00033674020540091	7.94848323094896	0.889269962925099
5.05	8.55	0.76786985143763	0.797418357287925	0.000366814652543171	7.87681182516933	0.907147940575052
5.15	8.55	0.806019796408203	0.797588755943812	0.000385924682550754	7.80380794669131	0.922407918563281
5.25	8.55	0.838133181290045	0.797780815535259	0.000397305170968153	7.72967138817831	0.935253272516018
5.35	8.55	0.864942191645182	0.797977482988445	0.000403775044034152	7.65458252284908	0.945976876658073
5.45	8.55	0.887239537935893	0.798167933822244	0.000407499520188273	7.57869773862903	0.954895815174357
5.55	8.55	0.905776919576943	0.79834629431898	0.000409961931019277	7.50214907873476	0.962310767830777
5.65	8.55	0.921215057228111	0.798510030651479	0.000412055243713926	7.42504629137886	0.968486022891245
5.75	8.55	0.934108542412535	0.79865859611269	0.000414220950208472	7.34747991781383	0.973643416965014
5.85	8.55	0.944910350370669	0.798792493298528	0.000416589682543444	7.26952455431941	0.977964140148267
5.95	8.55	0.953985257948264	0.798912702026366	0.000419100808713792	7.19124183488109	0.981594103179306
6.05	8.55	0.961625687336784	0.799020365290842	0.000421593552048935	7.11268295470544	0.984650274934714
6.15	8.55	0.968066643645217	0.799116634308148	0.000423870597894186	7.03389071024615	0.987226657458087
6.25	8.55	0.973498382666877	0.799202601886879	0.000425738820974077	6.95490110578023	0.989399353066751
6.35	8.55	0.978076523618688	0.799279280146898	0.000427032673429268	6.87574460262605	0.991230609447475
6.45	8.55	0.98192982957978	0.799347597970803	0.000427625327351236	6.79644708801864	0.992771931831912
6.55	8.55	0.985166061846888	0.799408405703578	0.000427431711320529	6.71703063065083	0.994066424738755
6.65	8.55	0.987876333821677	0.799462481470105	0.00042640655723162	6.63751407669845	0.995150533528671
6.75	8.55	0.990138338796704	0.799510537002996	0.000424539676187525	6.55791352748858	0.996055335518682
6.85	8.55	0.992018753404886	0.799553222493235	0.000421849967746888	6.47824272929289	0.996807501361954
6.95	8.55	0.993575047667943	0.79959113060141	0.000418379133545134	6.39851339733582	0.997430019067177
7.05	8.55	0.994856872460912	0.799624799925007	0.00041418568412102	6.31873548979542	0.997942748984365
7.15	8.55	0.995907147742347	0.799654718184059	0.000409339564851935	6.23891744296793	0.998362859096939
7.25	8.55	0.996762939001067	0.799681325301489	0.000403917551349936	6.15906637547885	0.998705175600427
7.35	8.55	0.997456182962099	0.799705016469779	0.000397999452035569	6.07918826711688	0.99898247318484
7.45	8.55	0.998014304536202	0.799726145234525	0.000391665087766956	5.99928811627572	0.999205721814481
7.55	8.55	0.998460753446003	0.799745026587162	0.00038499197903277	5.91937007890779	0.999384301378401
7.65	8.55	0.998815479458198	0.799761940038899	0.00037805365328918	5.83943759117241	0.999526191783279
7.75	8.55	0.999095358590593	0.799777132642002	0.00037091847870071	5.75949347748842	0.999638143436237
7.85	8.55	0.999314578226874	0.799790821924627	0.000363648932662906	5.6795400453985	0.99972583129075
7.95	8.55	0.99948498616069	0.799803198710338	0.000356301220255486	5.5995791684614	0.999793994464276
8.05	8.55	0.99961640676336	0.799814429799611	0.000348925166654745	5.51961235826926	0.999846562705344
8.15	8.55	0.999716926401433	0.799824660496485	0.000341564317620577	5.43964082661075	0.999886770560573
8.25	8.55	0.999793149680568	0.799834016969706	0.000334256192252802	5.35966553874778	0.999917259872227
8.35	8.55	0.999850427881835	0.799842608441506	0.000327032641568746	5.27968725873039	0.999940171152734
8.45	8.55	0.999893060953233	0.799850529202396	0.000319920275349614	5.19970658763334	0.999957224381293
8.55	8.55	0.999924474526821	0.79985786045206	0.000312940927135704	5.11972399555374	0.999969789810728
8.65	8.55	0.999947373582114	0.799864671970339	0.000306112134448708	5.03973984816013	0.999978949432846
8.75	8.55	0.999963874523539	0.79987102362331	0.0002994476162609	4.95975442852875	0.999985549809416
8.85	8.55	0.999975617555138	0.799876966711796	0.000292957735113893	4.87976795494385	0.999990247022055
8.95	8.55	0.999983861304245	0.799882545170673	0.00028664993487872	4.79978059527629	0.999993544521698
9.05	8.55	0.999989561662129	0.799887796628332	0.00028052914820557	4.71979247849101	0.999995824664852
9.15	8.55	0.999993436775325	0.79989275333634	0.000274598170313581	4.63980370377019	0.99999737471013
9.25	8.55	0.999996020042599	0.799897442980032	0.000268857997722129	4.55981434767693	0.99999840801704
9.35	8.55	0.999997702857999	0.799901889380498	0.000263308131578415	4.47982446972565	0.9999990811432
9.45	8.55	0.999998768699848	0.799906113098794	0.000257946846791328	4.39983411667071	0.999999507479939
9.55	8.55	0.999999420008516	0.799910131952865	0.000252771428520839	4.31984332577493	0.999999768003407
9.65	8.55	0.999999799131132	0.799913961456936	0.000247778378143116	4.23985212727504	0.999999919652453
9.75	8.55	1.00000000444641	0.799917615193203	0.000242963591175854	4.15986054622221	1.00000000177856
9.85	8.55	1.00000010262361	0.799921105124288	0.000238322509633108	4.07986860384144	1.00000004104944
9.95	8.55	1.0000001378206	0.799924441854853	0.000233850251476063	3.99987631852512	1.00000005512824
10.05	8.55	1.00000013848995	0.799927634849469	0.00022954171953211	3.91988370655159	1.00000005539598
10.15	8.55	1.00000012234088	0.799930692613445	0.00022539169240233	3.83989078259959	1.00000004893635
10.25	8.55	1.00000009989909	0.799933622842345	0.000221394899437683	3.75989756011316	1.00000003995964
10.35	8.55	1.00000007701596	0.799936432545366	0.000217546081998371	3.67990405155835	1.00000003080639
10.45	8.55	1.00000005660259	0.799939128146858	0.000213840042746878	3.59991026860291	1.00000002264104
10.55	8.55	1.00000003980122	0.799941715569788	0.000210271684744155	3.51991622224175	1.00000001592049
10.65	8.55	1.00000002675561	0.799944200304409	0.000206836041802233	3.43992192288495	1.00000001070224
10.75	8.55	1.00000001710121	0.799946587464742	0.000203528301492242	3.35992738042018	1.00000000684048
10.85	8.55	1.00000001026393	0.799948881835168	0.000200343821902953	3.27993260425804	1.00000000410557
10.95	8.55	1.00000000563152	0.799951087908943	0.000197278143305826	3.19993760336609	1.00000000225261
11.05	8.55	1.00000000264301	0.799953209920244	0.000194326995482899	3.11994238629549	1.0000000010572
11.15	8.55	1.00000000082745	0.79995525187089	0.000191486301596683	3.03994696120287	1.00000000033098
11.25	8.55	0.999999999813041	0.799957217552832	0.000188752179194804	2.95995133586917	0.999999999925216
11.35	8.55	0.999999999320467	0.799959110567242	0.000186120939008551	2.87995551771645	0.999999999728187
11.45	8.55	0.999999999148986	0.799960934340759	0.000183589081890457	2.79995951382333	0.999999999659595
11.55	8.55	0.99999999916043	0.799962692139558	0.000181153294483518	2.71996333093939	0.999999999664172
11.65	8.55	0.999999999263896	0.79996438708155	0.000178810443743074	2.63996697549888	0.999999999705559
11.75	8.55	0.999999999402483	0.799966022147104	0.000176557570839583	2.55997045363365	0.999999999760993
11.85	8.55	0.999999999542532	0.799967600188599	0.000174391884497113	2.47997377118552	0.999999999817013
11.95	8.55	0.999999999665399	0.799969123938915	0.000172310754051575	2.39997693371806	0.99999999986616
12.05	8.55	0.999999999761541	0.799970596019132	0.000170311702375853	2.31997994652774	0.999999999904617
12.15	8.55	0.999999999826704	0.799972018945535	0.000168392398717134	2.23998281465453	0.999999999930681
12.25	8.55	0.999999999859957	0.799973395136013	0.000166550651644047	2.15998554289194	0.999999999943983
12.35	8.55	0.999999999863414	0.799974726915975	0.000164784402015987	2.07998813579647	0.999999999945366
12.45	8.55	0.999999999843364	0.799976016523812	0.000163091716014378	1.99999059769644	0.999999999937346
12.55	8.55	0.999999999812438	0.799977266115957	0.000161470778234227	1.91999293270028	0.999999999924975
12.65	8.55	0.999999999792056	0.799978477771576	0.000159919884758784	1.83999514470425	0.999999999916822
12.75	8.55	0.999999999813996	0.799979653496948	0.000158437436273143	1.75999723739963	0.999999999925598
12.85	8.55	0.999999999919302	0.799980795229522	0.000157021931301336	1.67999921427942	0.999999999967721
12.95	8.55	1.00000000015237	0.799981904841775	0.000155671959862187	1.60000107864479	1.00000000006095
13.05	8.55	1.00000000054787	0.799982984144872	0.000154386198101584	1.52000283361147	1.00000000021915
13.15	8.55	1.00000000110886	0.799984034892351	0.000153163404723774	1.4400044821162	1.00000000044354
13.25	8.55	1.00000000177644	0.799985058783913	0.000152002420317633	1.36000602692384	1.00000000071058
13.35	8.55	1.00000000239474	0.799986057469544	0.000150902170714285	1.28000747063503	1.0000000009579
13.45	8.55	1.00000000268044	0.799987032554102	0.000149861675164105	1.20000881569462	1.00000000107218
13.55	8.55	1.00000000221284	0.799987985602424	0.000148880059043936	1.12001006440046	1.00000000088514
13.65	8.55	1.00000000046716	0.799988918144773	0.000147956568621779	1.04001121891142	1.00000000018686
13.75	8.55	0.999999996917994	0.799989831682117	0.000147090582154007	0.960012281252913	0.999999998767198
13.85	8.55	0.999999991237276	0.799990727690257	0.00014628160720347	0.88001325331729	0.99999999649491
13.95	8.55	0.999999983597301	0.79999160762137	0.000145529249281892	0.800014136855859	0.999999993438921
14.05	8.55	0.999999975058569	0.799992472901127	0.000144833133722619	0.72001493345956	0.999999990023427
14.15	8.55	0.999999967972206	0.799993324919599	0.00014419276353371	0.640015644526752	0.999999987188882
14.25	8.55	0.999999966259123	0.799994165014915	0.000143607305360447	0.560016271219946	0.999999986503649
14.35	8.55	0.999999975353728	0.799994994450413	0.000143075318241878	0.480016814418998	0.999999990141491
14.45	8.55	1.00000000154183	0.799995814389196	0.000142594480073945	0.400017274686015	1.00000000061673
14.55	8.55	1.00000005041639	0.799996625874329	0.000142161426009082	0.320017652266003	1.00000002016656
14.65	8.55	1.0000001242683	0.799997429828021	0.000141771886088496	0.240017947154572	1.00000004970732
14.75	8.55	1.00000021846972	0.79999822717813	0.000141421379538572	0.160018159265738	1.00000008738789
14.85	8.55	1.00000031732536	0.799998994320002	0.000141106777745941	0.0800182887055921	1.00000012693014
14.95	8.55	1.00000039044454	0.399999872762018	0.000140873272451275	1.83409698986817e-05	1.00000015617782
0.05	8.65	-4.59851433214024e-06	0.399994723092341	-0.000627836431927998	10.4582408950735	0.599998160594267
0.15	8.65	-5.27792909251191e-06	0.799984468520228	-0.000628276465551279	10.410241675452	0.599997888828363
0.25	8.65	-5.88004714875884e-06	0.799974150155731	-0.000629151864271297	10.3622430966291	0.599997647981141
0.35	8.65	-5.65750509765626e-06	0.799963672955224	-0.000630467904090366	10.3142451537395	0.599997736997961
0.45	8.65	-3.8019523990873e-06	0.799952993133016	-0.000632227673924475	10.2662478179319	0.59999847921904
0.55	8.65	5.18420245004299e-07	0.799942028198757	-0.000634431477792818	10.2182510378658	0.600000207368098
0.65	8.65	8.01082879050271e-06	0.799930671335288	-0.000637064683677803	10.1702547413613	0.600003204331516
0.75	8.65	1.89581166086757e-05	0.79991881305325	-0.000640103270424726	10.1222588446448	0.600007583246643
0.85	8.65	3.29543569962931e-05	0.799906251136619	-0.000643486795590958	10.0742632705846	0.600013181742798
0.95	8.65	4.80516051294178e-05	0.799892895492802	-0.000647138373637036	10.0262679856609	0.600019220642052
1.05	8.65	6.10205618069708e-05	0.799878338568879	-0.000651044405727678	9.97827304821678	0.600024408224723
1.15	8.65	6.53804423897963e-05	0.799862839246225	-0.000655154057447839	9.93027868029109	0.600026152176956
1.25	8.65	5.42907745739465e-05	0.799846370379042	-0.000659324101049298	9.88228532385497	0.60002171630983
1.35	8.65	2.13221570120368e-05	0.799828964547528	-0.00066339263511706	9.83429364188008	0.600008528862805
1.45	8.65	-3.80752317597553e-05	0.799810696524561	-0.000667187580687085	9.78630448375792	0.599984769907296
1.55	8.65	-0.000124496651519042	0.799791629152569	-0.000670530717901825	9.73831879450849	0.599950201339392
1.65	8.65	-0.000232214385494782	0.799771736863626	-0.000673250251156827	9.69033745394131	0.599907114245802
1.75	8.65	-0.000346942965883339	0.799750807072143	-0.000675195952853427	9.64236104353455	0.599861222813647
1.85	8.65	-0.000444311206050871	0.799728315189876	-0.000676236963892824	9.59438955449371	0.59982227551758
1.95	8.65	-0.000489793057225266	0.799703266319771	-0.000676222414601277	9.54642207193784	0.59980408277711
2.05	8.65	-0.000440884138087982	0.799674139036204	-0.000675010022394436	9.49845649762806	0.599823646344765
2.15	8.65	-0.000250941129063557	0.799639841524741	-0.000673004243038605	9.4504893803073	0.599899623548375
2.25	8.65	0.000132720001694716	0.799598116568594	-0.000670962003784983	9.40251576960761	0.600053088000678
2.35	8.65	0.000760076969814097	0.799546969241419	-0.000668942499284542	9.35452911646476	0.600304030787926
2.45	8.65	0.00165906825424509	0.799501652554133	-0.000665330536010185	9.30652151587661	0.600663627301698
2.55	8.65	0.00293996936820294	0.799450581636586	-0.000659033184256041	9.25848280388859	0.601175987747281
2.65	8.65	0.00471151179053276	0.799394035995891	-0.000650584077918812	9.21039941721593	0.601884604716213
2.75	8.65	0.00709359251285639	0.799331756735328	-0.000640307803008162	9.16225421116664	0.602837437005142
2.85	8.65	0.0102227324398232	0.799263611622381	-0.000628343193498111	9.11402599565632	0.604089092975929
2.95	8.65	0.0142564390302104	0.79918973910196	-0.000614771690129206	9.06568892507592	0.605702575612084
3.05	8.65	0.019378379953947	0.799110649274321	-0.000599673791111531	9.01721173892711	0.607751351981579
3.15	8.65	0.0258052512974764	0.799027322874424	-0.000583131788711457	8.9685568095243	0.61032210051899
3.25	8.65	0.0337958992055011	0.798941289955773	-0.000565199043304288	8.91967893205567	0.6135183596822
3.35	8.65	0.0436629734496302	0.798854645608226	-0.000545844197810314	8.8705237795254	0.617465189379852
3.45	8.65	0.055786849006776	0.798769929527807	-0.000524874425083815	8.8210259449864	0.62231473960271
3.55	8.65	0.0706304617849396	0.79868976038771	-0.000501845063152661	8.77110651932212	0.628252184713976
3.65	8.65	0.088751735900662	0.79861609319312	-0.000475973058158745	8.72067022754565	0.635500694360265
3.75	8.65	0.110807140979567	0.798549003246252	-0.000446087856520074	8.66960230290304	0.644322856391827
3.85	8.65	0.137535661269915	0.798485074057915	-0.000410672371354563	8.6177655525261	0.655014264507966
3.95	8.65	0.169708118310724	0.798415868644064	-0.000368058060360712	8.56499848012776	0.66788324732429
4.05	8.65	0.208025317624245	0.798327582003968	-0.000316821925589988	8.51111583583552	0.683210127049698
4.15	8.65	0.252955350673533	0.798203467322275	-0.000256365202438021	8.45591338230112	0.701182140269413
4.25	8.65	0.30452199099221	0.798030172224536	-0.00018752852145416	8.39917863263327	0.721808796396884
4.35	8.65	0.362093632592546	0.797806850047331	-0.000112966631684965	8.34070834259197	0.744837453037018
4.45	8.65	0.424261328795144	0.797552387910968	-3.69820738209651e-05	8.28033134809926	0.769704531518058
4.55	8.65	0.488901769393651	0.797304485608174	3.52957138309956e-05	8.21793240507485	0.79556070775746
4.65	8.65	0.553464514294188	0.79710816627473	9.91503377611869e-05	8.15347052382356	0.821385805717675
4.75	8.65	0.615414205852695	0.796999121583603	0.000151427992998776	8.08698573828855	0.846165682341078
4.85	8.65	0.672668580485929	0.796991763336665	0.000191120232030148	8.01859186260499	0.869067432194372
4.95	8.65	0.723875325324793	0.797078051883182	0.00021922512854559	7.94845782112544	0.889550130129917
5.05	8.65	0.768463350813645	0.797235210161243	0.000238088121048619	7.87678368553161	0.907385340325458
5.15	8.65	0.806511811168497	0.797435945770018	0.000250583755116467	7.80377791250577	0.922604724467399
5.25	8.65	0.838534077931705	0.797656028181146	0.000259436266771309	7.72964005120185	0.935413631172682
5.35	8.65	0.865264502436244	0.797877671431924	0.000266812470711561	7.65455024802942	0.946105800974498
5.45	8.65	0.887496021042966	0.79808971325604	0.000274178071826184	7.57866471239082	0.954998408417186
5.55	8.65	0.905979418303422	0.798286239689182	0.000282337815640047	7.50211536671162	0.962391767321369
5.65	8.65	0.921373962167926	0.798464882380511	0.000291570244655123	7.42501189124942	0.968549584867171
5.75	8.65	0.934232640794615	0.798625387848354	0.000301789050501218	7.3474448005051	0.973693056317846
5.85	8.65	0.945006891606407	0.798768618424958	0.000312690911267605	7.26948869216425	0.978002756642563
5.95	8.65	0.954060120996987	0.798895935394244	0.000323872297417385	7.19120521822031	0.981624048398795
6.05	8.65	0.961683581982923	0.799008854559266	0.000334912018194488	7.11264559955605	0.984673432793169
6.15	8.65	0.96811130951512	0.799108872465846	0.000345423535938643	7.03385265975122	0.987244523806048
6.25	8.65	0.973532769156835	0.799197389632452	0.00035508370429307	6.95486242776307	0.989413107662734
6.35	8.65	0.978102944719174	0.799275684247803	0.000363644682379267	6.87570538502853	0.99124117788767
6.45	8.65	0.98195009314328	0.799344909649052	0.000370934759279914	6.79640743348017	0.992780037257312
6.55	8.65	0.985181575414864	0.799406101526895	0.000376852494217549	6.71699065105085	0.994072630165945
6.65	8.65	0.987888190089691	0.799460188100957	0.000381357328254418	6.63747388815571	0.995155276035876
6.75	8.65	0.990147383952545	0.799508000389144	0.000384458798845966	6.55787324607551	0.996058953581018
6.85	8.65	0.992025641356561	0.799550281584399	0.000386205713164213	6.47820246756478	0.996810256542625
6.95	8.65	0.993580282813092	0.799587695374108	0.00038667607997099	6.3984732616732	0.997432113125237
7.05	8.65	0.994860843249475	0.799620833329874	0.000385968219133454	6.31869557849851	0.99794433729979
7.15	8.65	0.995910152903254	0.79965022155423	0.00038419321651317	6.23887784501079	0.998364061161302
7.25	8.65	0.996765207963338	0.799676326742288	0.000381468734926641	6.15902716981842	0.998706083185335
7.35	8.65	0.997457891707948	0.7996995617676	0.000377914098912573	6.07914952245187	0.998983156683179
7.45	8.65	0.998015587877689	0.79972029086	0.000373646521691064	5.9992498911571	0.999206235151076
7.55	8.65	0.99846171451344	0.799738834414175	0.000368778321784124	5.91933242211318	0.999384685805376
7.65	8.65	0.998816197022679	0.799755473450862	0.000363414973517657	5.83940054226882	0.999526478809072
7.75	8.65	0.999095892709105	0.799770453744777	0.000357653843040594	5.75945706752027	0.999638357083642
7.85	8.65	0.999314974591334	0.799783989630691	0.000351583474744121	5.6795042976495	0.999725989836534
7.95	8.65	0.999485279447255	0.799796267499006	0.000345283308954433	5.59954409924977	0.999794111778902
8.05	8.65	0.999616623211389	0.799807448993393	0.000338823728278653	5.51957797774484	0.999846649284555
8.15	8.65	0.999717085799099	0.799817673924315	0.000332266346223374	5.43960713953084	0.99988683431964
8.25	8.65	0.999793266893405	0.799827062913152	0.000325664466862425	5.35963254521509	0.999917306757362
8.35	8.65	0.999850514028965	0.799835719782215	0.000319063657426814	5.27965495488197	0.999940205611586
8.45	8.65	0.999893124311791	0.799843733706321	0.00031250238795248	5.19967496627368	0.999957249724716
8.55	8.65	0.999924521226478	0.799851181141	0.000306012702012386	5.11969304672876	0.999969808490591
8.65	8.65	0.999947408137367	0.799858127543208	0.000299620891159026	5.03970955967127	0.999978963254947
8.75	8.65	0.99996390024053	0.799864628898936	0.000293348153070135	4.95972478638834	0.999985560096212
8.85	8.65	0.999975636841453	0.79987073307286	0.000287211219128575	4.8797389437743	0.999990254736581
8.95	8.65	0.99998387590375	0.79987648099426	0.000281222941780205	4.79975219865659	0.9999935503615
9.05	8.65	0.999989572831991	0.799881907693418	0.000275392836104044	4.71976467925461	0.999995829132796
9.15	8.65	0.999993445418579	0.799887043201989	0.000269727572463515	4.63977648425844	0.999997378167432
9.25	8.65	0.999996026806669	0.799891913330833	0.000264231419742087	4.55978768995268	0.999998410722668
9.35	8.65	0.999997708207285	0.79989654033792	0.000258906640044396	4.47979835575125	0.999999083282914
9.45	8.65	0.999998772968705	0.799900943498564	0.000253753836982905	4.39980852845458	0.999999509187482
9.55	8.65	0.999999423439514	0.799905139589293	0.000248772260243906	4.31981824549057	0.999999769375806
9.65	8.65	0.999999801902375	0.799909143296219	0.000243960069977304	4.2398275373563	0.99999992076095
9.75	8.65	1.00000000669082	0.799912967557818	0.00023931456446189	4.15983642943786	1.00000000267633
9.85	8.65	1.00000010444237	0.799916623851	0.000234832374543619	4.07984494335226	1.00000004177695
9.95	8.65	1.00000013929242	0.799920122428863	0.000230509628633731	3.99985309792604	1.00000005571697
10.05	8.65	1.00000013967738	0.799923472517321	0.000226342091459822	3.9198609099013	1.00000005587095
10.15	8.65	1.00000012329459	0.799926682477096	0.000222325279912924	3.83986839443971	1.00000004931784
10.25	8.65	1.00000010066075	0.79992975993677	0.000218454558879657	3.75987556547876	1.0000000402643
10.35	8.65	1.00000007762023	0.799932711901819	0.000214725219727037	3.6798824359814	1.00000003104809
10.45	8.65	1.00000005707844	0.799935544843732	0.000211132543945162	3.59988901811004	1.00000002283137
10.55	8.65	1.00000004017292	0.79993826477295	0.00020767185404805	3.51989532334743	1.00000001606917
10.65	8.65	1.00000002704347	0.799940877298493	0.000204338553710159	3.43990136258109	1.00000001081739
10.75	8.65	1.00000001732214	0.799943387676856	0.00020112815876912	3.35990714616304	1.00000000692886
10.85	8.65	1.00000001043191	0.799945800852233	0.000198036320624002	3.27991268395306	1.00000000417276
10.95	8.65	1.000000005758	0.7999481214898	0.000195058843277992	3.19991798535128	1.0000000023032
11.05	8.65	1.0000000027373	0.799950354003323	0.000192191695141514	3.1199230593238	1.00000000109492
11.15	8.65	1.000000000897	0.799952502578429	0.000189431016536194	3.03992791442405	1.0000000003588
11.25	8.65	0.999999999863741	0.799954571192169	0.00018677312371654	2.95993255881128	0.999999999945496
11.35	8.65	0.99999999935688	0.799956563629861	0.000184214510115081	2.87993700026742	0.999999999742752
11.45	8.65	0.999999999174578	0.799958483499555	0.000181751845334281	2.79994124621265	0.999999999669831
11.55	8.65	0.999999999177775	0.799960334244701	0.000179381972444793	2.71994530372021	0.99999999967111
11.65	8.65	0.999999999274889	0.799962119155364	0.000177101903942979	2.63994917953052	0.999999999709956
11.75	8.65	0.999999999408567	0.799963841378174	0.000174908816808769	2.5599528800647	0.999999999763427
11.85	8.65	0.999999999544961	0.799965503925388	0.00017280004677209	2.47995641143753	0.999999999817985
11.95	8.65	0.999999999665534	0.799967109683079	0.000170773082217108	2.39995977946987	0.999999999866213
12.05	8.65	0.99999999976116	0.799968661418632	0.00016882555774417	2.31996298970051	0.999999999904464
12.15	8.65	0.999999999828262	0.799970161787759	0.000166955247662216	2.23996604739742	0.999999999931305
12.25	8.65	0.999999999866695	0.799971613340929	0.00016516005935904	2.1599689575685	0.999999999946678
12.35	8.65	0.999999999879116	0.799973018529451	0.000163438026731451	2.0799717249717	0.999999999951646
12.45	8.65	0.999999999871575	0.799974379711091	0.000161787303615168	1.9999743541245	0.99999999994863
12.55	8.65	0.999999999854876	0.799975699155423	0.000160206157155426	1.91997684931293	0.99999999994195
12.65	8.65	0.999999999846102	0.799976979048797	0.000158692961223628	1.83997921459992	0.999999999938441
12.75	8.65	0.99999999986933	0.799978221499046	0.000157246189758335	1.75998145383315	0.999999999947732
12.85	8.65	0.99999999995424	0.799979428539919	0.000155864410252106	1.67998357065247	0.999999999981696
12.95	8.65	1.00000000013112	0.799980602135304	0.000154546277625309	1.59998556849696	1.00000000005245
13.05	8.65	1.00000000042086	0.799981744183297	0.000153290529048784	1.5199874506118	1.00000000016834
13.15	8.65	1.00000000081922	0.799982856520254	0.000152095980538687	1.43998922005515	1.00000000032769
13.25	8.65	1.00000000127635	0.799983940924834	0.000150961526409805	1.35999087970522	1.00000000051054
13.35	8.65	1.00000000167514	0.799984999122301	0.000149886142739415	1.27999243226767	1.00000000067005
13.45	8.65	1.00000000181551	0.799986032788988	0.000148868895596022	1.19999388028319	1.0000000007262
13.55	8.65	1.00000000141597	0.79998704355705	0.000147908953733648	1.11999522613504	1.00000000056639
13.65	8.65	1.00000000014656	0.799988033019182	0.000147005603346541	1.03999647205555	1.00000000005863
13.75	8.65	0.999999997708016	0.799989002732995	0.000146158259169823	0.959997620130572	0.999999999083206
13.85	8.65	0.999999993966285	0.799989954224271	0.000145366461821396	0.879998672300138	0.999999997586514
13.95	8.65	0.999999989138941	0.799990888988248	0.000144629846727879	0.799999630353582	0.999999995655576
14.05	8.65	0.999999984006718	0.799991808487949	0.000143948066582477	0.720000495918008	0.999999993602687
14.15	8.65	0.999999980092388	0.799992714148922	0.000143320650261136	0.640001270440238	0.999999992036955
14.25	8.65	0.999999979714924	0.799993607350596	0.000142746790432264	0.560001955164871	0.99999999188597
14.35	8.65	0.999999985801801	0.799994489415861	0.000142225074435008	0.480002551114493	0.99999999432072
14.45	8.65	1.00000000134465	0.799995361602585	0.000141753213003708	0.400003059081829	1.00000000053786
14.55	8.65	1.00000002843552	0.799996225102879	0.000141327880159902	0.320003479646493	1.00000001137421
14.65	8.65	1.00000006694203	0.79999708105758	0.000140944850128882	0.240003813228967	1.00000002677681
14.75	8.65	1.00000011307336	0.799997930694158	0.000140599686575112	0.16000406018924	1.00000004522934
14.85	8.65	1.00000015832644	0.799998772840891	0.000140289293292473	0.0800042209447807	1.00000006333058
14.95	8.65	1.00000018950109	0.399999620001663	0.000140058490862957	4.29647397179279e-06	1.00000007580043
0.05	8.75	-4.61618140535492e-06	0.399994521990317	-0.000617311311803406	10.4582782557589	0.599998153527438
0.15	8.75	-5.31556282240529e-06	0.799983873741746	-0.000617697470097192	10.410279060835	0.599997873774871
0.25	8.75	-5.9613199140849e-06	0.799973170028312	-0.00061846451944269	10.3622805310966	0.599997615472034
0.35	8.75	-5.81345368727275e-06	0.799962320674614	-0.000619613953361553	10.3142826619392	0.599997674618525
0.45	8.75	-4.06954705500495e-06	0.799951287032257	-0.000621144772764146	10.2662854246534	0.599998372181178
0.55	8.75	1.14346629265414e-07	0.799939990397597	-0.000623055205099606	10.2182887679231	0.600000045738652
0.65	8.75	7.51355413095581e-06	0.799928301549926	-0.000625321156393124	10.1702926184791	0.600003005421652
0.75	8.75	1.84015340288244e-05	0.799916142544297	-0.00062789817759508	10.1222968909022	0.600007360613611
0.85	8.75	3.26700050491391e-05	0.799903190448569	-0.000630727255991182	10.0743015037868	0.60001306800202
0.95	8.75	4.8146615058372e-05	0.799889443928837	-0.000633712769464764	10.0263064174072	0.600019258646023
1.05	8.75	6.11816227246826e-05	0.799874688344143	-0.000636808538347952	9.9783116895423	0.60002447264909
1.15	8.75	6.58697790259614e-05	0.799858952030365	-0.000639961663082956	9.93031753977823	0.60002634791161
1.25	8.75	5.54919424562312e-05	0.799842213776755	-0.000643019912564873	9.88232440035734	0.600022196776982
1.35	8.75	2.36434901545847e-05	0.799824509613438	-0.000645797474077484	9.83433292332083	0.600009457396062
1.45	8.75	-3.42102521297897e-05	0.799805919330129	-0.0006480830626612	9.78634394633036	0.599986315899148
1.55	8.75	-0.000118666689360975	0.799786514242474	-0.000649639637652769	9.73835840190267	0.599952533324255
1.65	8.75	-0.000224030482269249	0.799766279743536	-0.000650210396588369	9.69037715723758	0.599910387807092
1.75	8.75	-0.000336054647542869	0.799745011360033	-0.000649530954524738	9.64240078206879	0.599865578140983
1.85	8.75	-0.000430308795350803	0.799722175352456	-0.000647333114356925	9.59442925648837	0.59982787648186
1.95	8.75	-0.000472010068131579	0.799696708829798	-0.000643312575222008	9.54646165119556	0.599811195972747
2.05	8.75	-0.000418916564127489	0.799666966696345	-0.000637239209689172	9.49849584858928	0.599832433374349
2.15	8.75	-0.000229053228936641	0.799633600807434	-0.000629276675572675	9.45052841465816	0.599908378708425
2.25	8.75	0.000148759967323046	0.799594619234797	-0.000620474159779549	9.40255446915062	0.600059503986929
2.35	8.75	0.000766095000478638	0.799548811070904	-0.000612098698084569	9.35456754450048	0.600306438000191
2.45	8.75	0.00167324198887865	0.799501355141746	-0.000602398730255681	9.3065596093569	0.600669296795551
2.55	8.75	0.00296332083512408	0.799448350383492	-0.000589285700754681	9.25852036110547	0.60118532833405
2.65	8.75	0.00474361174891808	0.799389428047777	-0.000573103253309773	9.2104362855141	0.601897444699567
2.75	8.75	0.00713486956129666	0.799324152585252	-0.000554224957509996	9.16229027025106	0.602853947824519
2.85	8.75	0.0102745788368718	0.799252063726112	-0.00053289896921316	9.11406114127502	0.604109831534749
2.95	8.75	0.0143211134855168	0.799172890669541	-0.000509348265789334	9.06572306429167	0.605728445394207
3.05	8.75	0.0194589947393673	0.799086699789794	-0.00048383672013048	9.01724479069505	0.607783597895747
3.15	8.75	0.0259058406635108	0.798994010495595	-0.00045669189428761	8.96858870635761	0.610362336265404
3.25	8.75	0.0339215348995477	0.798895889593887	-0.000428298356563713	8.9197096204635	0.613568613959819
3.35	8.75	0.0438198954493176	0.798793995195304	-0.000399067609070121	8.87055321757075	0.617527958179727
3.45	8.75	0.0559825762471018	0.798690502931003	-0.000369386306064929	8.8210540954383	0.622393030498841
3.55	8.75	0.070873833178063	0.798587808417726	-0.000339545591056186	8.77113333700557	0.628349533271225
3.65	8.75	0.0890528057871523	0.798487874604432	-0.000309660650593256	8.72069564004206	0.635621122314861
3.75	8.75	0.111176817148531	0.798391123546464	-0.000279600723220939	8.66962618514413	0.644470726859412
3.85	8.75	0.137984936743656	0.798294937943555	-0.000248963943553364	8.61778769843852	0.655193974697462
3.95	8.75	0.170246734870294	0.798192227988096	-0.000217141985221478	8.56501857840571	0.668098693948117
4.05	8.75	0.208659758496449	0.798071122505909	-0.000183512905805943	8.51113346136415	0.683463903398579
4.15	8.75	0.253686259461685	0.797917324578498	-0.000147759527857976	8.45592801742055	0.701474503784674
4.25	8.75	0.305341493559085	0.797720214733887	-0.000110229504808848	8.39918972942732	0.722136597423634
4.35	8.75	0.362983507719567	0.79748154508599	-7.21636667839583e-05	8.34071542503148	0.745193403087827
4.45	8.75	0.425193218218576	0.797222125838407	-3.55986218818924e-05	8.28033413205094	0.77007728728743
4.55	8.75	0.489840207989281	0.796980407481335	-2.86994101138163e-06	8.2179308945416	0.795936083195712
4.65	8.75	0.554372384127433	0.796800761681528	2.41268878315157e-05	8.15346503918066	0.821748953650973
4.75	8.75	0.616258890160814	0.79671699183524	4.45807591852408e-05	8.08697685601452	0.846503556064326
4.85	8.75	0.673426637416928	0.796740868387427	5.90090843049245e-05	8.01858028573304	0.869370654966771
4.95	8.75	0.724534329437644	0.79686153245863	6.90248908689968e-05	7.948444229799	0.889813731775058
5.05	8.75	0.769020985181705	0.797053666900384	7.6794661642061e-05	7.87676861885137	0.907608394072682
5.15	8.75	0.806973302494405	0.797287972506789	8.44523634377654e-05	7.80376170997472	0.922789320997762
5.25	8.75	0.838909225045881	0.797538820189978	9.36718790042867e-05	7.72962285338803	0.935563690018353
5.35	8.75	0.865565135383417	0.797787593238668	0.000105470263857448	7.65453203755731	0.946226054153367
5.45	8.75	0.887734212489207	0.798022768394415	0.000120209906696788	7.57864537199835	0.955093684995683
5.55	8.75	0.90616641938181	0.798238423898736	0.00013772254292999	7.50209473613148	0.962466567752724
5.65	8.75	0.921519686888326	0.798432424817261	0.000157479987484974	7.42498981266692	0.968607874755331
5.75	8.75	0.934345506629352	0.798604896802571	0.000178759731551388	7.34742114919105	0.973738202651741
5.85	8.75	0.945093863375832	0.798757152537083	0.000200778897544197	7.26946339318496	0.978037545350333
5.95	8.75	0.954126854798543	0.798891021183536	0.000222788762812671	7.191178252117	0.981650741919417
6.05	8.75	0.961734606667028	0.799008468347642	0.000244132776814407	7.11261700033852	0.984693842666811
6.15	8.75	0.96815021123735	0.799111401040278	0.00026427554826169	7.03382250819756	0.98726008449494
6.25	8.75	0.973562361900178	0.799201580223884	0.00028281109459888	6.95483084236055	0.989424944760071
6.35	8.75	0.978125419682839	0.799280591126156	0.000299457644327221	6.87567251220879	0.991250167873136
6.45	8.75	0.981967145310874	0.799349842028322	0.000314044662597319	6.7963734382185	0.992786858124349
6.55	8.75	0.985194508349253	0.799410575537648	0.000326496155109343	6.71695570845127	0.994077803339701
6.65	8.75	0.987898001234192	0.799463884225979	0.000336812953827528	6.63743817632371	0.995159200493677
6.75	8.75	0.990154833137759	0.799510726849589	0.000345055659353227	6.55783694036626	0.996061933255104
6.85	8.75	0.992031305209182	0.799551943593196	0.000351329181897534	6.47816573616038	0.996812522083673
6.95	8.75	0.993584597553997	0.799588269841225	0.000355769326939128	6.39843626236634	0.997433839021599
7.05	8.75	0.99486413807235	0.799620348435239	0.000358531551611444	6.31865845652234	0.99794565522894
7.15	8.75	0.995912675806474	0.799648740541456	0.000359781824165255	6.23884073174333	0.99836507032259
7.25	8.75	0.996767145600742	0.799673935289059	0.000359689409367043	6.15899018219426	0.998706858240297
7.35	8.75	0.997459384545054	0.799696358330291	0.000358421351021914	6.07911276292738	0.998983753818022
7.45	8.75	0.99801674169567	0.799716379451008	0.000356138405759314	5.99921344809356	0.999206696678268
7.55	8.75	0.998462609095006	0.799734319338854	0.000352992188047828	5.91929637046186	0.999385043638002
7.65	8.75	0.998816892680089	0.799750455600341	0.00034912330359331	5.83936494446154	0.999526757072035
7.75	8.75	0.999096435171647	0.799765028105613	0.000344660272180198	5.75942197448723	0.999638574068659
7.85	8.75	0.999315398653807	0.799778243731369	0.000339719067093722	5.67946974990235	0.999726159461523
7.95	8.75	0.999485611688305	0.799790280564891	0.000334403123698824	5.59951012798193	0.999794244675322
8.05	8.75	0.999616884017263	0.799801291626296	0.000328803694236944	5.5195446059134	0.999846753606905
8.15	8.75	0.999717290870989	0.799811408160363	0.000323000447912373	5.439574382894	0.999886916348396
8.25	8.75	0.999793428372122	0.799820742544188	0.000317062234191769	5.35960041330758	0.999917371348849
8.35	8.75	0.999850641336635	0.79982939085152	0.000311047945027444	5.27962345191714	0.999940256534654
8.45	8.75	0.999893224784414	0.799837435110788	0.000305007425033316	5.19964409196635	0.999957289913766
8.55	8.75	0.999924600591741	0.799844945288656	0.000298982391295846	5.11966279703656	0.999969840236696
8.65	8.75	0.999947470877645	0.799851981028506	0.000293007334506021	5.03967992745532	0.999978988351058
8.75	8.75	0.999963949870328	0.799858593169039	0.000287110380826819	4.9596957619962	0.999985579948131
8.85	8.75	0.999975676120696	0.799864825066402	0.000281314101014811	4.87971051554944	0.999990270448278
8.95	8.75	0.999983907002635	0.799870713740489	0.000275636258194628	4.79972435337976	0.999993562801054
9.05	8.75	0.999989597458992	0.799876290864344	0.000270090489847661	4.71973740252273	0.999995838983597
9.15	8.75	0.99999346492019	0.799881583614315	0.000264686922801585	4.63974976080723	0.999997385968076
9.25	8.75	0.999996042245342	0.799886615396352	0.000259432722108143	4.55976150392867	0.999998416898137
9.35	8.75	0.999997720422418	0.799891406463654	0.000254332576466022	4.47977269093917	0.999999088168967
9.45	8.75	0.999998782624403	0.799895974438688	0.000249389123840217	4.39978336846542	0.999999513049761
9.55	8.75	0.999999431062009	0.79990033475213	0.000244603321892684	4.31979357391546	0.999999772424804
9.65	8.75	0.999999807909324	0.799904501009724	0.000239974767766917	4.23980333789073	0.99999992316373
9.75	8.75	1.00000001141425	0.799908485297466	0.000235501972296592	4.15981268598054	1.0000000045657
9.85	8.75	1.00000010814664	0.799912298433844	0.000231182593502529	4.07982164008228	1.00000004325866
9.95	8.75	1.0000001421883	0.799915950177547	0.000227013633885999	3.99983021936175	1.00000005687532
10.05	8.75	1.00000014193307	0.799919449397639	0.000222991606128298	3.91983844094378	1.00000005677323
10.15	8.75	1.00000012504439	0.799922804212361	0.000219112671019366	3.83984632040339	1.00000005001776
10.25	8.75	1.00000010201189	0.799926022102133	0.000215372751548409	3.75985387211147	1.00000004080476
10.35	8.75	1.00000007865826	0.799929110001196	0.00021176762633498	3.67986110947571	1.0000000314633
10.45	8.75	1.00000005787152	0.799932074371987	0.000208293005461423	3.59986804510753	1.00000002314861
10.55	8.75	1.00000004077526	0.799934921265382	0.000204944591340129	3.51987469093735	1.00000001631011
10.65	8.75	1.00000002749803	0.799937656369693	0.000201718126936005	3.43988105829453	1.00000001099921
10.75	8.75	1.00000001766287	0.799940285050599	0.000198609433342001	3.35988715796359	1.00000000706515
10.85	8.75	1.00000001068548	0.799942812383869	0.000195614438531569	3.27989300022491	1.00000000427419
10.95	8.75	1.00000000594531	0.79994524318245	0.000192729198707646	3.19989859488527	1.00000000237812
11.05	8.75	1.00000000287457	0.799947582019033	0.000189949913615744	3.11990395130217	1.00000000114983
11.15	8.75	1.00000000099675	0.799949833245074	0.000187272936895204	3.03990907840422	1.0000000003987
11.25	8.75	0.999999999935546	0.799952001007102	0.000184694782443668	2.95991398470913	0.999999999974218
11.35	8.75	0.999999999407963	0.799954089260809	0.000182212127497289	2.87991867834032	0.999999999763185
11.45	8.75	0.999999999210313	0.799956101783448	0.000179821813215103	2.7999231670425	0.999999999684125
11.55	8.75	0.999999999202097	0.79995804218484	0.000177520843220793	2.71992745819667	0.999999999680839
11.65	8.75	0.999999999290658	0.799959913917366	0.000175306380676498	2.63993155883461	0.999999999716263
11.75	8.75	0.999999999417906	0.799961720285017	0.000173175744099561	2.55993547565279	0.999999999767162
11.85	8.75	0.999999999549601	0.799963464451767	0.000171126402482839	2.47993921502593	0.99999999981984
11.95	8.75	0.999999999667164	0.799965149449336	0.00016915596974642	2.39994278301994	0.999999999866866
12.05	8.75	0.999999999761783	0.799966778184512	0.000167262198896093	2.31994618540439	0.999999999904713
12.15	8.75	0.999999999830482	0.799968353445941	0.000165442975915168	2.23994942766444	0.999999999932193
12.25	8.75	0.99999999987384	0.799969877910643	0.000163696313611183	2.15995251501215	0.999999999949536
12.35	8.75	0.999999999895026	0.799971354150118	0.000162020345349991	2.07995545239725	0.99999999995801
12.45	8.75	0.99999999989982	0.799972784636168	0.000160413318800263	1.99995824451734	0.999999999959928
12.55	8.75	0.999999999897194	0.799974171746446	0.000158873589660944	1.91996089582745	0.999999999958878
12.65	8.75	0.999999999899904	0.799975517769669	0.000157399615267857	1.83996341054911	0.999999999959962
12.75	8.75	0.999999999924363	0.799976824910665	0.000155989948224185	1.75996579267884	0.999999999969745
12.85	8.75	0.999999999988956	0.799978095295117	0.000154643230089361	1.67996804599616	0.999999999995582
12.95	8.75	1.00000000010996	0.799979330974175	0.000153358185493572	1.59997017407133	1.00000000004398
13.05	8.75	1.00000000029457	0.799980533928883	0.000152133617111722	1.51997218027264	1.00000000011783
13.15	8.75	1.00000000053131	0.799981706074577	0.000150968402466942	1.4399740677737	1.00000000021252
13.25	8.75	1.00000000077936	0.799982849265224	0.000149861493486622	1.35997583956053	1.00000000031175
13.35	8.75	1.00000000096015	0.799983965297824	0.000148811920094288	1.2799774984386	1.00000000038406
13.45	8.75	1.00000000095631	0.799985055916792	0.000147818798485087	1.1999790470396	1.00000000038252
13.55	8.75	1.00000000062459	0.799986122818308	0.000146881343825726	1.11998048782767	1.00000000024984
13.65	8.75	0.99999999982851	0.799987167654359	0.000145998885009637	1.03998182310449	0.999999999931404
13.75	8.75	0.999999998493224	0.799988192036163	0.00014517087570871	0.959983055012575	0.99999999939729
13.85	8.75	0.999999996677165	0.799989197536574	0.000144396891836826	0.879984185536205	0.999999998670866
13.95	8.75	0.999999994642588	0.799990185691104	0.000143676600728764	0.799985216499648	0.999999997857035
14.05	8.75	0.999999992892165	0.799991157997446	0.000143009684221416	0.71998614956335	0.999999997156866
14.15	8.75	0.999999992126086	0.799992115914031	0.000142395698722126	0.639986986219928	0.999999996850434
14.25	8.75	0.99999999307313	0.799993060859	0.000141833864527941	0.559987727793391	0.999999997229252
14.35	8.75	0.99999999617288	0.79999399421213	0.000141322798964629	0.479988375446149	0.999999998469152
14.45	8.75	1.00000000114861	0.799994917323164	0.000140860247470014	0.399988930198189	1.00000000045944
14.55	8.75	1.00000000661991	0.799995831529969	0.000140442925064198	0.319989392959753	1.00000000264796
14.65	8.75	1.00000001005229	0.799996738188195	0.000140066652508038	0.239989764571669	1.00000000402092
14.75	8.75	1.00000000848828	0.799997638820317	0.00013972704021742	0.15999004583533	1.00000000339531
14.85	8.75	1.00000000056246	0.799998554492549	0.000139421026069506	0.0799902374762145	1.00000000022498
14.95	8.75	0.999999990128047	0.399999369814732	0.000139193041666739	-9.66400645308567e-06	0.999999996051219
0.05	8.85	-4.62687916780068e-06	0.399994344785912	-0.000606413963625133	10.4583149730731	0.599998149248333
0.15	8.85	-5.34276711327423e-06	0.799983350446352	-0.000606751944288188	10.4103157997561	0.599997862893155
0.25	8.85	-6.02540666515706e-06	0.799972311400132	-0.000607423847237202	10.3623173129474	0.599997589837334
0.35	8.85	-5.94273997757503e-06	0.799961144037549	-0.000608425398068151	10.3143195079973	0.599997622904009
0.45	8.85	-4.30314745781261e-06	0.79994981671159	-0.000609747239088129	10.2663223559748	0.599998278741017
0.55	8.85	-2.61797482614282e-07	0.799938263082985	-0.000611374114432966	10.2183258053697	0.599999895281007
0.65	8.85	7.11933610914277e-06	0.799926296149775	-0.000613277691584658	10.1703297811509	0.600002847734444
0.75	8.85	1.80832318515302e-05	0.79991386296619	-0.000615404591510959	10.122334194227	0.600007233292741
0.85	8.85	3.23248440693147e-05	0.799900759726078	-0.000617699474101607	10.0743389603822	0.600012929937628
0.95	8.85	4.80113113782432e-05	0.799886823655188	-0.000620063851228809	10.0263440345146	0.600019204524551
1.05	8.85	6.12470070014994e-05	0.799871961421211	-0.000622391031414422	9.97834946924098	0.600024498802801
1.15	8.85	6.62990487577867e-05	0.799856140514396	-0.000624596664883788	9.93035547994823	0.600026519619503
1.25	8.85	5.65720558944472e-05	0.7998393363071	-0.000626539104441284	9.88236248998706	0.600022628822358
1.35	8.85	2.57407379617204e-05	0.799821584020417	-0.000628022398205718	9.83437113968946	0.600010296295185
1.45	8.85	-3.06691183625648e-05	0.799802966783435	-0.000628804387571279	9.78638225284595	0.599987732352655
1.55	8.85	-0.000113216198073039	0.799783568866038	-0.000628596738178379	9.7383967459954	0.599954713520771
1.65	8.85	-0.000216206687336236	0.799763403467401	-0.000627062355108863	9.69041546843688	0.599913517325065
1.75	8.85	-0.000325452622845051	0.799742313156127	-0.000623817999979562	9.64243897069213	0.599869818950862
1.85	8.85	-0.00041661410936873	0.799719821356531	-0.000618459194798901	9.59446721309262	0.599833354356252
1.95	8.85	-0.000455026352900514	0.79969481456052	-0.000610652110802427	9.54649924606871	0.59981798945884
2.05	8.85	-0.000399958981517044	0.799666248630959	-0.000600330721066703	9.49853294589573	0.599840016407393
2.15	8.85	-0.000208885213003231	0.799633946528511	-0.000587489829130325	9.45056488290075	0.599916445914799
2.25	8.85	0.000164832579644745	0.799597767770786	-0.000572884750010687	9.40259023481948	0.600065933031858
2.35	8.85	0.000776476449187948	0.799555688283439	-0.000557225966110421	9.35460260675656	0.600310590579675
2.45	8.85	0.00168549043515186	0.799509522112628	-0.000539570659366465	9.30659388530059	0.600674196174061
2.55	8.85	0.00298018560564281	0.799457289443268	-0.000518693889873138	9.25855365881765	0.601192074242257
2.65	8.85	0.00476613321061269	0.79939850113977	-0.000494127423983634	9.21046840804442	0.601906453284245
2.75	8.85	0.00716397834961863	0.799332611359281	-0.000465851969967781	9.16232103546557	0.602865591339847
2.85	8.85	0.0103115988854101	0.79925894186402	-0.00043404070288893	9.11409038252257	0.604124639554164
2.95	8.85	0.0143679316809208	0.799176895411768	-0.00039898025752024	9.06575063139452	0.605747172672368
3.05	8.85	0.0195181618743466	0.799086132807183	-0.00036107506052267	9.01727055351089	0.607807264749739
3.15	8.85	0.0259806688842481	0.798986713276881	-0.000320873794720738	8.9686125600175	0.610392267553699
3.25	8.85	0.0340161975306295	0.798879214265944	-0.000279093100244062	8.91973149113628	0.613606479012252
3.35	8.85	0.0439395157304589	0.798764810696958	-0.000236628943725681	8.87057306760962	0.617575806292184
3.45	8.85	0.0561332793766327	0.79864525323283	-0.000194550489052846	8.82107192669053	0.622453311750653
3.55	8.85	0.0710627217386913	0.798522644164523	-0.000154072218443629	8.77114919100544	0.628425088695476
3.65	8.85	0.0892877997435468	0.798398881350742	-0.000116500916522654	8.72070959394562	0.635715119897419
3.75	8.85	0.111466277531054	0.798274666199296	-8.31565765433511e-05	8.66963834283894	0.644586511012422
3.85	8.85	0.13833697413123	0.798148128205726	-5.52710679865777e-05	8.61779817751103	0.655334789652492
3.95	8.85	0.170668107922633	0.798013494968148	-3.38750719861998e-05	8.56502749564348	0.668267243169053
4.05	8.85	0.209154327088399	0.797860823359169	-1.96897965381868e-05	8.51114092179638	0.68366173083536
4.15	8.85	0.254253112849251	0.7976782756933	-1.30405527732432e-05	8.45593411329251	0.7017012451397
4.25	8.85	0.305973141978987	0.79745797205428	-1.3800338871264e-05	8.39919455388048	0.722389256791595
4.35	8.85	0.363664827282267	0.797204251234326	-2.13562690451166e-05	8.34071909887779	0.745465930912907
4.45	8.85	0.425901949573763	0.796939816734738	-3.45845377633645e-05	8.28033683195891	0.770360779829505
4.55	8.85	0.49054945212165	0.796703844920184	-5.18368377491194e-05	8.21793286306857	0.79621978084866
4.65	8.85	0.555054686477819	0.796540062618373	-7.09772115559211e-05	8.15346655972529	0.822021874591127
4.75	8.85	0.616890624769307	0.796480427673215	-8.95265434867866e-05	8.08697819190064	0.846756249907723
4.85	8.85	0.673991183015675	0.796534126011009	-0.000104937207838096	8.0185816036344	0.86959647320627
4.95	8.85	0.72502318252585	0.796687523368521	-0.000114946127451215	7.94844553846601	0.89000927301034
5.05	8.85	0.769432960315118	0.796912783485054	-0.000117898759859361	7.87676974685315	0.907773184126047
5.15	8.85	0.807312627581994	0.797178608093346	-0.000112943635376706	7.80376232739378	0.922925051032798
5.25	8.85	0.839183402201013	0.797457980441055	-0.000100056376238689	7.72962252525494	0.935673360880405
5.35	8.85	0.865783129383703	0.79773147816006	-7.99181301721438e-05	7.65453028956154	0.946313251753481
5.45	8.85	0.887905172390515	0.797987258223278	-5.37104960999057e-05	7.57864175134089	0.955162068956206
5.55	8.85	0.906298905975641	0.798219443735872	-2.28913905466129e-05	7.50208885735832	0.962519562390256
5.65	8.85	0.921621283883828	0.798426190073778	1.1002383550567e-05	7.42498138531483	0.968648513553531
5.75	8.85	0.934422685051722	0.798608056507945	4.65035928723395e-05	7.34740998882753	0.973769074020689
5.85	8.85	0.945151995631725	0.798766853460917	8.23102984693707e-05	7.26944941968489	0.97806079825269
5.95	8.85	0.9541703074657	0.798904915754308	0.000117335844317119	7.19116147947289	0.98166812298628
6.05	8.85	0.961766867630451	0.799024686234963	0.000150724308355222	7.11259752177434	0.98470674705218
6.15	8.85	0.968174025226525	0.799128499968571	0.000181842711302331	7.03380047946166	0.98726961009061
6.25	8.85	0.973579860238974	0.799218487305983	0.000210259415404241	6.95480646516744	0.98943194409559
6.35	8.85	0.978138237215408	0.799296542334227	0.000235715729723375	6.8756460190399	0.991255294886163
6.45	8.85	0.981976521688459	0.799364324549893	0.000258095495814104	6.796345079122	0.992790608675383
6.55	8.85	0.985201373283706	0.799423275669491	0.000277395638467234	6.716925740085	0.994080549313482
6.65	8.85	0.98790304465026	0.799474642014855	0.000293699362885083	6.63740685323017	0.995161217860104
6.75	8.85	0.99015856181639	0.799519497750787	0.00030715279338773	6.55780450831715	0.996063424726556
6.85	8.85	0.992034087770706	0.799558766846851	0.000317945281746501	6.47813242732939	0.996813635108282
6.95	8.85	0.993586699646651	0.799593242953263	0.000326293271872298	6.39840229205788	0.99743467985866
7.05	8.85	0.994865749512502	0.799623607006725	0.00033242742066961	6.31862402118358	0.997946299805001
7.15	8.85	0.995913931228772	0.79965044265585	0.000336582587236356	6.23880600800407	0.998365572491509
7.25	8.85	0.99676813996163	0.799674249697871	0.000338990277654729	6.15895532670606	0.998707255984652
7.35	8.85	0.997460184607545	0.799695455743861	0.00033987314321344	6.07907791280379	0.998984073843018
7.45	8.85	0.998017394421932	0.799714426323708	0.000339441162005875	5.99917872178452	0.999206957768773
7.55	8.85	0.998463147693719	0.799731473624712	0.000337889174410086	5.91926186892463	0.999385259077488
7.65	8.85	0.99881734090071	0.799746864038743	0.000335395486786592	5.83933075251745	0.999526936360284
7.75	8.85	0.999096810307563	0.799760824673548	0.000332121300904536	5.75938816227675	0.999638724123025
7.85	8.85	0.999315713609353	0.799773548966469	0.000328210766169748	5.67943637437127	0.999726285443741
7.95	8.85	0.999485876378216	0.799785201522054	0.000323791487847782	5.59947723434839	0.999794350551286
8.05	8.85	0.99961710629856	0.79979592228067	0.000318975355582136	5.51951222907937	0.999846842519424
8.15	8.85	0.999717477153789	0.7998058301104	0.000313859583897053	5.43954254877631	0.999886990861516
8.25	8.85	0.999793584014714	0.799815025902528	0.000308527879058252	5.35956914007244	0.999917433605886
8.35	8.85	0.999850770899119	0.799823595239293	0.000303051666006862	5.27959275110935	0.999940308359648
8.45	8.85	0.999893332192133	0.799831610692448	0.000297491325295924	5.19961396952971	0.999957332876853
8.55	8.85	0.999924689242947	0.799839133802607	0.000291897402917093	5.11963325422614	0.999969875697179
8.65	8.85	0.999947543717863	0.799846216781855	0.000286311766584943	5.03965096164505	0.999979017487145
8.75	8.85	0.999964009447536	0.799852903975835	0.000280768690801311	4.9596673673874	0.999985603779014
8.85	8.85	0.9999757246298	0.799859233116647	0.000275295859739709	4.87968268378721	0.99999028985192
8.95	8.85	0.999983946324015	0.799865236393082	0.000269915282137915	4.79969707408471	0.999993578529606
9.05	8.85	0.999989629193564	0.799870941361915	0.000264644116681684	4.71971066374619	0.999995851677426
9.15	8.85	0.999993490422068	0.799876371720536	0.000259495409236289	4.63972354941764	0.999997396168827
9.25	8.85	0.999996062652404	0.799881547959069	0.000254478745287898	4.55973580593712	0.999998425060961
9.35	8.85	0.999997736684752	0.799886487908212	0.000249600822709199	4.47974749177113	0.999999094673901
9.45	8.85	0.999998795530465	0.799891207196681	0.000244865950719093	4.39975865318572	0.999999518212186
9.55	8.85	0.99999944126235	0.799895719631474	0.00024027648125376	4.31976932741255	0.99999977650494
9.65	8.85	0.999999815937803	0.799900037511866	0.000235833179566309	4.23977954502605	0.999999926375121
9.75	8.85	1.00000001770674	0.799904171887339	0.000231535540193795	4.159789331708	1.00000000708269
9.85	8.85	1.00000011305731	0.799908132768323	0.000227382054833777	4.07979870954239	1.00000004522292
9.95	8.85	1.00000014600362	0.799911929297258	0.000223370437777579	3.99980769795436	1.00000005840145
10.05	8.85	1.00000014488377	0.799915569887068	0.000219497814413012	3.91981631438292	1.00000005795351
10.15	8.85	1.00000012731551	0.799919062332457	0.000215760877740194	3.83982457475728	1.0000000509262
10.25	8.85	1.00000010375123	0.799922413899232	0.000212156017353913	3.75983249383012	1.00000004150049
10.35	8.85	1.00000007998337	0.799925631395848	0.000208679424896039	3.67984008540861	1.00000003199335
10.45	8.85	1.00000005887552	0.799928721230559	0.000205327179542518	3.5998473625131	1.00000002355021
10.55	8.85	1.00000004153158	0.799931689457187	0.000202095316493647	3.51985433748586	1.00000001661263
10.65	8.85	1.00000002806434	0.799934541811976	0.000198979881323956	3.43986102206584	1.00000001122574
10.75	8.85	1.00000001808421	0.799937283743266	0.000195976972428913	3.35986742744088	1.00000000723369
10.85	8.85	1.0000000109969	0.7999399204359	0.000193082773582725	3.27987356428519	1.00000000439876
10.95	8.85	1.0000000061739	0.799942456831202	0.000190293578384986	3.19987944278768	1.00000000246956
11.05	8.85	1.00000000304115	0.79994489764391	0.000187605807962311	3.11988507267456	1.00000000121646
11.15	8.85	1.00000000111721	0.799947247376574	0.000185016023278913	3.03989046322854	1.00000000044688
11.25	8.85	1.00000000002191	0.799949510332037	0.000182520932993681	2.95989562330614	1.00000000000876
11.35	8.85	0.999999999469228	0.799951690624629	0.000180117397816154	2.87990056135385	0.999999999787691
11.45	8.85	0.999999999253136	0.799953792190131	0.000177802432073435	2.79990528542365	0.999999999701254
11.55	8.85	0.999999999231332	0.799955818795034	0.000175573203072486	2.7199098031881	0.999999999692533
11.65	8.85	0.999999999309819	0.799957774045078	0.000173427028830522	2.63991412195499	0.999999999723928
11.75	8.85	0.99999999942958	0.79995966139327	0.000171361374510917	2.55991824868178	0.999999999771832
11.85	8.85	0.999999999555845	0.799961484147572	0.00016937384796912	2.47992218998948	0.999999999822338
11.95	8.85	0.999999999669893	0.79996324547811	0.000167462194680194	2.39992595217617	0.999999999867957
12.05	8.85	0.999999999763152	0.799964948424179	0.000165624292213254	2.31992954123008	0.999999999905261
12.15	8.85	0.999999999833195	0.799966595900906	0.00016385814451372	2.23993296284202	0.999999999933278
12.25	8.85	0.999999999881286	0.799968190705694	0.00016216187599278	2.15993622241737	0.999999999952514
12.35	8.85	0.999999999911071	0.799969735524415	0.000160533725593152	2.0799393250874	0.999999999964429
12.45	8.85	0.999999999928047	0.799971232937335	0.000158972040784071	1.99994227572011	0.999999999971219
12.55	8.85	0.99999999993935	0.79997268542486	0.000157475271491774	1.91994507893042	0.99999999997574
12.65	8.85	0.999999999953425	0.799974095373018	0.000156041963985697	1.83994773908982	0.99999999998137
12.75	8.85	0.999999999979066	0.799975465078759	0.000154670754716894	1.75995026033551	0.999999999991626
12.85	8.85	1.00000000002343	0.799976796755061	0.000153360364232804	1.67995264657906	1.00000000000937
12.95	8.85	1.00000000008888	0.799978092535864	0.000152109591456937	1.59995490151466	1.00000000003555
13.05	8.85	1.00000000016902	0.799979354480883	0.000150917308907207	1.51995702862698	1.00000000006761
13.15	8.85	1.00000000024523	0.799980584580325	0.000149782459616034	1.43995903119873	1.00000000009809
13.25	8.85	1.00000000028567	0.799981784759499	0.000148704056888301	1.35996091231776	1.00000000011427
13.35	8.85	1.00000000025004	0.79998295688333	0.000147681187945886	1.27996267488379	1.00000000010002
13.45	8.85	1.00000000010315	0.799984102760645	0.000146713022285956	1.19996432161433	1.00000000004126
13.55	8.85	0.999999999839009	0.799985224148125	0.000145798824418187	1.11996585504962	0.999999999935604
13.65	8.85	0.999999999513121	0.799986322753638	0.00014493796855749	1.03996727755627	0.999999999805248
13.75	8.85	0.999999999273334	0.799987400238746	0.000144129949722794	0.959968591329457	0.999999999709334
13.85	8.85	0.999999999368919	0.799988458220248	0.000143374381246692	0.879969798394059	0.999999999747568
13.95	8.85	1.0000000001062	0.799989498270935	0.000142670964277975	0.799970900605992	1.00000000004248
14.05	8.85	1.0000000017116	0.7999905219203	0.00014201941151855	0.719971899656037	1.00000000068464
14.15	8.85	1.00000000406879	0.799991530656866	0.000141419308486537	0.639972797079779	1.00000000162751
14.25	8.85	1.00000000632871	0.799992525934729	0.00014086990466046	0.559973594277799	1.00000000253148
14.35	8.85	1.00000000646305	0.79999350918771	0.00014036984896637	0.479974292549269	1.00000000258522
14.45	8.85	1.0000000009538	0.799994481854344	0.000139916923339193	0.399974893137885	1.00000000038152
14.55	8.85	0.999999984977912	0.79999544541478	0.000139507885851032	0.319975397280334	0.999999993991165
14.65	8.85	0.999999953620963	0.799996401435431	0.000139138606063374	0.239975806233032	0.999999981448385
14.75	8.85	0.999999904754786	0.799997351728938	0.000138804743379908	0.15997612123398	0.999999961901914
14.85	8.85	0.999999844094361	0.799998339395401	0.000138503271376092	0.0799763433131349	0.999999937637744
14.95	8.85	0.999999792402615	0.399999122312275	0.000138278215426463	-2.35354694504694e-05	0.999999916961046
0.05	8.95	-4.62568756971198e-06	0.399994186834189	-0.000595185757559937	10.4583510260818	0.599998149724972
0.15	8.95	-5.3508636299553e-06	0.799982883250776	-0.00059548267990733	10.4103518716809	0.599997859654548
0.25	8.95	-6.05376215033481e-06	0.799971546118155	-0.000596073638933218	10.3623534225379	0.59999757849514
0.35	8.95	-6.00194135438123e-06	0.799960097105129	-0.000596946925935392	10.3143556735708	0.599997599223458
0.45	8.95	-4.39459403946014e-06	0.799948509351788	-0.000598083042487656	10.2663585949862	0.599998242162384
0.55	8.95	-3.69440187416088e-07	0.799936713284648	-0.000599452874080936	10.2183621336792	0.599999852223925
0.65	8.95	6.90370436627271e-06	0.799924588788207	-0.000601030195782456	10.1703662130279	0.600002761481746
0.75	8.95	1.77617654272569e-05	0.799912051583791	-0.000602769352726778	10.1223707412215	0.600007104706171
0.85	8.95	3.18526204348755e-05	0.799898954736835	-0.000604573839400308	10.0743756302009	0.600012741048174
0.95	8.95	4.77152736933778e-05	0.799884970429039	-0.000606336111075451	10.0263808283328	0.600019086109477
1.05	8.95	6.12420340128474e-05	0.799870115742809	-0.000607938169749064	9.97838638039986	0.600024496813605
1.15	8.95	6.6640822561082e-05	0.799854394792402	-0.000609253431481125	9.93039249557756	0.600026656329024
1.25	8.95	5.74096881170673e-05	0.799837782446718	-0.000610137641623757	9.88239958877492	0.600022963875247
1.35	8.95	2.73300896173905e-05	0.79982031513797	-0.000610385010835266	9.83440828819433	0.600010932035847
1.45	8.95	-2.79836809607899e-05	0.799802083108311	-0.0006097317514934	9.78641940220974	0.599988806527616
1.55	8.95	-0.000109019415883529	0.799783189720619	-0.000607854208051822	9.73843382871697	0.599956392233647
1.65	8.95	-0.000210040929018656	0.799763687107316	-0.000604359965649751	9.69045239477699	0.599915983628392
1.75	8.95	-0.000316905498267744	0.799743485962836	-0.00059878285707555	9.64247562489364	0.599873237800693
1.85	8.95	-0.000405602035433694	0.799722218783902	-0.000590613756712431	9.59450345188991	0.599837759185826
1.95	8.95	-0.000442375482724843	0.799699027166211	-0.000579438322765598	9.54653490813511	0.59982304980691
2.05	8.95	-0.000386480700899384	0.799672735108786	-0.000565094094472801	9.49856786998712	0.59984540771964
2.15	8.95	-0.000193450335052604	0.799641845303106	-0.000547830078085256	9.45059890454503	0.599922619865979
2.25	8.95	0.000177969200234421	0.799608940774477	-0.000528045988068526	9.40262322380498	0.600071187680094
2.35	8.95	0.000788338176874773	0.799569714497975	-0.000505325612947343	9.35463444716559	0.60031533527075
2.45	8.95	0.00169438532212124	0.799527845791215	-0.000479533271587981	9.30662443153231	0.600677754128848
2.55	8.95	0.00298790312941331	0.799479665966515	-0.000450360070130093	9.25858272898348	0.601195161251765
2.65	8.95	0.00477448558364798	0.799424510456401	-0.000416744667883694	9.21049577016423	0.601909794233459
2.75	8.95	0.00717425619831214	0.799361657747429	-0.000378286792069103	9.16234644043526	0.602869702479325
2.85	8.95	0.0103248780864259	0.79929027446001	-0.000334997300658914	9.11411358517791	0.60412995123457
2.95	8.95	0.0143853836304531	0.799209548206513	-0.000287126360977816	9.06577140149751	0.605754153452181
3.05	8.95	0.0195412504199494	0.799118832039673	-0.00023513530699238	9.01728868448458	0.60781650016798
3.15	8.95	0.0260112663219726	0.799017792958417	-0.000179735077917392	8.9686278791224	0.610404506528789
3.25	8.95	0.0340566485785962	0.798906557171457	-0.000121947388833859	8.91974387212648	0.613622659431438
3.35	8.95	0.0439926562955051	0.798785825803691	-6.31695347294482e-05	8.8705824458372	0.617597062518202
3.45	8.95	0.0562024002360034	0.79865690339771	-5.23148754800041e-06	8.82107831617044	0.622480960094401
3.55	8.95	0.0711514564878797	0.798521542632253	4.95677970002775e-05	8.77115270259692	0.628460582595152
3.65	8.95	0.0893999105272437	0.798381478583495	9.84649183884004e-05	8.72071045335206	0.635759964210897
3.75	8.95	0.111605312594765	0.798237546173793	0.0001383072665867	8.66963690650654	0.644642125037906
3.85	8.95	0.138505782288207	0.798088421525426	0.000165737770428899	8.61779494370032	0.655402312915283
3.95	8.95	0.17086822302047	0.797929390217941	0.000177528398691236	8.56502310698759	0.668347289208188
4.05	8.95	0.209385286594018	0.797752115752204	0.000171080672028426	8.51113615466901	0.683754114637607
4.15	8.95	0.254511847639378	0.797546839049316	0.000145055474643962	8.45592984861941	0.701804739055751
4.25	8.95	0.306253648477489	0.797307997482394	0.000100003697164154	8.39919172436727	0.722501459390996
4.35	8.95	0.363958356976229	0.797042099818476	3.87784488495945e-05	8.34071861021513	0.745583342790491
4.45	8.95	0.426197857005792	0.796773416414263	-3.35084957694096e-05	8.28033946168816	0.770479142802317
4.55	8.95	0.490836607501863	0.796541714266221	-0.000110103958941413	8.21793915038179	0.796334643000745
4.65	8.95	0.555323079361333	0.796390194210901	-0.000183689468847222	8.15347670929667	0.822129231744533
4.75	8.95	0.617132655538886	0.796349318021819	-0.000247590612680771	8.08699201861402	0.846853062215554
4.85	8.95	0.674202283037415	0.796426165165764	-0.000296748889158166	8.01859853752192	0.869680913214966
4.95	8.95	0.725201725822107	0.7966048126898	-0.000328223575466237	7.94846469162354	0.890080690328843
5.05	8.95	0.769579698111948	0.796855320630398	-0.000341200526225544	7.8767900251362	0.907831879244779
5.15	8.95	0.807429951043073	0.797144710398935	-0.000336639986937502	7.80378255891339	0.922971980417229
5.25	8.95	0.839274655673764	0.79744480908304	-0.000316748290073489	7.72964157866068	0.935709862269506
5.35	8.95	0.865852072450067	0.797735552711661	-0.000284432217842228	7.65454716434941	0.946340828980027
5.45	8.95	0.887955601439775	0.798004892020531	-0.000242835696873521	7.57865563373912	0.95518224057591
5.55	8.95	0.906334408372618	0.798247069376388	-0.000195000758312685	7.5020991441294	0.962533763349047
5.65	8.95	0.92164509164314	0.798460573329703	-0.00014365387991103	7.42498768251527	0.968658036657256
5.75	8.95	0.93443760052125	0.798646413969134	-9.1096922855669e-05	7.34741209379746	0.9737750402085
5.85	8.95	0.945160368504802	0.798806896225819	-3.91745037388804e-05	7.26944729367043	0.978064147401921
5.95	8.95	0.954174047407958	0.798944841802372	1.07090068683248e-05	7.19115521654879	0.981669618963183
6.05	8.95	0.961767480126042	0.799063140911361	5.75443890654292e-05	7.11258731791642	0.984706992050417
6.15	8.95	0.968172660756233	0.799164519560918	0.000100659786216137	7.03378660409126	0.987269064302493
6.25	8.95	0.973577369119134	0.799251436320844	0.000139660226969404	6.9547892363585	0.989430947647654
6.35	8.95	0.978135224492504	0.799326051402243	0.000174370326308801	6.87562578281475	0.991254089797001
6.45	8.95	0.981973398343008	0.79939023307303	0.000204783168662052	6.7963221927857	0.992789359337203
6.55	8.95	0.985198401556567	0.799445581317084	0.000231016538219636	6.71690055927918	0.994079360622627
6.65	8.95	0.987900376512296	0.799493457832774	0.000253276572423171	6.63737972225627	0.995160150604918
6.75	8.95	0.990156270461646	0.799535016805149	0.000271828325281417	6.55777575323581	0.996062508184658
6.85	8.95	0.992032192567026	0.799571233840004	0.000286972453728182	6.47810235135118	0.996812877026811
6.95	8.95	0.993585185288723	0.799602932007278	0.000299027153850203	6.398371172778	0.997434074115489
7.05	8.95	0.994864580256181	0.799630804724761	0.000308314491719819	6.31859210926413	0.997945832102473
7.15	8.95	0.995913061100082	0.79965543558212	0.000315150343538112	6.238773526963	0.998365224440033
7.25	8.95	0.996767519775358	0.799677315362187	0.000319837252677122	6.15892247352638	0.998707007910143
7.35	8.95	0.997459766532913	0.799696856567652	0.000322659608990326	6.07904485912755	0.998983906613165
7.45	8.95	0.998017134719846	0.799714405765337	0.000323880649162544	5.99914561550101	0.999206853887939
7.55	8.95	0.998463008136512	0.799730254041192	0.000323740862175834	5.91922883600198	0.999385203254605
7.65	8.95	0.998817289279831	0.799744645832893	0.000322457458604787	5.83929789896006	0.999526915711932
7.75	8.95	0.999096820341875	0.799757786377848	0.000320224627015238	5.75935557611933	0.99963872813675
7.85	8.95	0.999315764488072	0.799769847985801	0.000317214355077529	5.67940412764328	0.999726305795229
7.95	8.95	0.999485952108179	0.799780975317758	0.000313577638650564	5.59944538496154	0.999794380843272
8.05	8.95	0.999617194974177	0.799791289827892	0.000309445940179966	5.51948082260593	0.999846877989671
8.15	8.95	0.999717570228296	0.799800893502153	0.000304932788274423	5.43951162009784	0.999887028091318
8.25	8.95	0.999793675621406	0.799809872006448	0.000300135436717725	5.35953871488784	0.999917470248562
8.35	8.95	0.999850857249381	0.799818297339551	0.000295136520935937	5.2795628472982	0.999940342899753
8.45	8.95	0.999893411061681	0.799826230069802	0.000290005667356077	5.19958459837191	0.999957364424672
8.55	8.95	0.999924759547394	0.799833721221751	0.000284801024127368	5.11960442148292	0.999969903818958
8.65	8.95	0.999947605172227	0.79984081386723	0.00027957069227637	5.03962266850876	0.999979042068891
8.75	8.95	0.999964062300654	0.799847544466402	0.000274354045115863	4.95963961130928	0.999985624920262
8.85	8.95	0.999975769462981	0.799853943996548	0.000269182929514418	4.87965545919321	0.999990307785192
8.95	8.95	0.999983983902941	0.799860038900251	0.00026408274826268	4.79967037299	0.999993593561176
9.05	8.95	0.999989660363079	0.79986585187965	0.000259073425813941	4.71968447627859	0.999995864145231
9.15	8.95	0.999993516034504	0.799871402559395	0.000254170262604108	4.63969786426047	0.999997406413802
9.25	8.95	0.999996083521457	0.79987670803753	0.000249384684681884	4.55971061070076	0.999998433408583
9.35	8.95	0.999997753558224	0.799881783341222	0.00024472489669869	4.47972277330258	0.999999101423289
9.45	8.95	0.999998809076518	0.799886641801493	0.000240196446637934	4.39973439782414	0.999999523630607
9.55	8.95	0.999999452065062	0.799891295359467	0.000235802710943192	4.3197455211985	0.999999780826025
9.65	8.95	0.999999824498829	0.799895754815379	0.000231545308628138	4.2397561738709	0.999999929799532
9.75	8.95	1.00000002445069	0.799900030029273	0.000227424452493518	4.15976638152962	1.00000000978028
9.85	8.95	1.00000011833919	0.799904130081961	0.000223439245080671	4.07977616637236	1.00000004733568
9.95	8.95	1.00000015011708	0.799908063403099	0.000219587926594014	3.99978554802116	1.00000006004683
10.05	8.95	1.00000014806945	0.799911837872555	0.000215868081138067	3.91979454417524	1.00000005922778
10.15	8.95	1.00000012976898	0.799915460900039	0.000212276807240655	3.83980317107071	1.00000005190759
10.25	8.95	1.00000010563023	0.799918939487512	0.000208810857720327	3.75981144380035	1.00000004225209
10.35	8.95	1.00000008141427	0.799922280277796	0.000205466753644177	3.67981937653345	1.00000003256571
10.45	8.95	1.00000005995889	0.799925489592524	0.000202240876252921	3.59982698266556	1.00000002398356
10.55	8.95	1.00000004234696	0.799928573461766	0.000199129540551063	3.51983427492007	1.00000001693878
10.65	8.95	1.00000002867427	0.799931537647396	0.000196129053398765	3.43984126541723	1.00000001146971
10.75	8.95	1.00000001853758	0.799934387661626	0.000193235758823565	3.35984796572194	1.00000000741503
10.85	8.95	1.0000000113317	0.799937128782129	0.000190446072765805	3.27985438687783	1.00000000453268
10.95	8.95	1.00000000641946	0.799939766064508	0.000187756509081768	3.199860539433	1.00000000256778
11.05	8.95	1.00000000322	0.799942304353016	0.000185163698528299	3.11986643346076	1.000000001288
11.15	8.95	1.00000000124651	0.799944748289962	0.000182664401895387	3.03987207857755	1.0000000004986
11.25	8.95	1.00000000011461	0.79994710232422	0.000180255518576443	2.9598774839594	1.00000000004585
11.35	8.95	0.999999999535033	0.799949370719176	0.00017793409146347	2.87988265835758	0.999999999814013
11.45	8.95	0.999999999299197	0.799951557560245	0.00017569730886194	2.79988761011397	0.999999999719679
11.55	8.95	0.999999999262872	0.799953666762154	0.000173542504243173	2.71989234717616	0.999999999705149
11.65	8.95	0.999999999330617	0.799955702076038	0.000171467154162606	2.63989687711232	0.999999999732247
11.75	8.95	0.999999999442417	0.799957667096329	0.000169468875010105	2.55990120712594	0.999999999776967
11.85	8.95	0.999999999562914	0.799959565267686	0.000167545418737914	2.47990534407017	0.999999999825166
11.95	8.95	0.999999999673209	0.79996139989166	0.000165694667975387	2.39990929446187	0.999999999869283
12.05	8.95	0.999999999764933	0.799963174133347	0.000163914630741432	2.31991306449513	0.999999999905973
12.15	8.95	0.999999999836184	0.799964891027904	0.000162203434877815	2.23991666005432	0.999999999934474
12.25	8.95	0.999999999888888	0.799966553486916	0.000160559322361774	2.15992008672665	0.999999999955555
12.35	8.95	0.999999999927156	0.799968164304631	0.000158980643560824	2.07992334981412	0.999999999970862
12.45	8.95	0.999999999956189	0.799969726164029	0.000157465851406212	1.99992645434484	0.999999999982476
12.55	8.95	0.999999999981292	0.799971241642737	0.000156013495556106	1.9199294050839	0.999999999992517
12.65	8.95	1.00000000000662	0.79997271321875	0.000154622216456661	1.8399322065436	1.00000000000265
12.75	8.95	1.0000000000334	0.799974143276025	0.000153290739385305	1.7599348629932	1.00000000001336
12.85	8.95	1.00000000005764	0.799975534109884	0.000152017868573218	1.67993737846815	1.00000000002306
12.95	8.95	1.00000000006788	0.799976887932319	0.000150802481674267	1.59993975677894	1.00000000002715
13.05	8.95	1.00000000004427	0.799978206877143	0.00014964352518287	1.51994200151941	1.00000000001771
13.15	8.95	0.999999999961085	0.799979493005033	0.000148540011515512	1.43994411607461	0.999999999984434
13.25	8.95	0.999999999795431	0.799980748308405	0.00014749101891872	1.35994610362791	0.999999999918172
13.35	8.95	0.999999999545063	0.799981974716028	0.000146495695229872	1.27994796716739	0.999999999818025
13.45	8.95	0.999999999256347	0.79998317409722	0.000145553266305205	1.19994970949088	0.999999999702539
13.55	8.95	0.999999999059498	0.799984348265367	0.00014466304875972	1.11995133320965	0.999999999623799
13.65	8.95	0.999999999200512	0.799985498980586	0.000143824464670275	1.03995284075058	0.999999999680205
13.75	8.95	1.00000000004807	0.799986627951301	0.000143037052662505	0.959954234357231	1.00000000001923
13.85	8.95	1.00000000204058	0.79998773683491	0.000142300465533588	0.879955516091249	1.00000000081623
13.95	8.95	1.0000000055278	0.799988827238288	0.000141614440049933	0.799956687836718	1.00000000221112
14.05	8.95	1.00000001046179	0.799989900719668	0.000140978721418337	0.719957751311587	1.00000000418471
14.15	8.95	1.00000001591611	0.79999095879471	0.000140392925773439	0.639958708091418	1.00000000636644
14.25	8.95	1.00000001947679	0.799992002950523	0.000139856333236483	0.559959559650386	1.00000000779071
14.35	8.95	1.00000001666851	0.799993034671958	0.000139367625878897	0.47996030742119	1.0000000066674
14.45	8.95	1.00000000076032	0.7999940554831	0.000138924623851867	0.399960952867521	1.00000000030413
14.55	8.95	0.999999963517649	0.799995067002698	0.000138524130244782	0.319961497548116	0.999999985407059
14.65	8.95	0.999999897669223	0.799996071003683	0.000138162065599834	0.239961943130003	0.999999959067689
14.75	8.95	0.999999801911928	0.799997069583767	0.00013783414045035	0.159962291282775	0.999999920764771
14.85	8.95	0.999999688981219	0.799998127664164	0.000137537365626891	0.0799625433371759	0.999999875592487
14.95	8.95	0.999999596399567	0.399998877601069	0.000137315343615708	-3.7313044216961e-05	0.999999838559827
0.05	9.05	-4.6140121532746e-06	0.399994044720282	-0.00058365932436137	10.4583863960168	0.599998154395139
0.15	9.05	-5.34093329148174e-06	0.799982462154045	-0.000583923893300331	10.410387258296	0.599997863626683
0.25	9.05	-6.04922515000604e-06	0.79997086011535	-0.000584449779408463	10.3623888423691	0.59999758030994
0.35	9.05	-6.00823727573516e-06	0.799959168902844	-0.000585217499114562	10.3143911422161	0.59999759670509
0.45	9.05	-4.42067986217756e-06	0.79994737119528	-0.000586199255961662	10.2663941266049	0.599998231728055
0.55	9.05	-4.4044987848589e-07	0.799935406684365	-0.000587361587172177	10.2183977405733	0.599999823820049
0.65	9.05	6.71134195045601e-06	0.799923189976773	-0.000588675997655774	10.1704019059841	0.60000268453678
0.75	9.05	1.7480284391665e-05	0.79991063082562	-0.000590097601341344	10.1224065282852	0.600006992113757
0.85	9.05	3.1690712654526e-05	0.799897519047464	-0.000591482087332132	10.0744115116646	0.600012676285062
0.95	9.05	4.74648556698767e-05	0.79988373884154	-0.000592688811352457	10.0264167980456	0.600018985942268
1.05	9.05	6.12183275905755e-05	0.799869051733052	-0.000593626857448734	9.97842242568535	0.600024487331036
1.15	9.05	6.68668807025502e-05	0.799853639833775	-0.000594158420529401	9.93042859449609	0.600026746752281
1.25	9.05	5.795954484964e-05	0.799837480900128	-0.00059410701989043	9.88243571019701	0.60002318381794
1.35	9.05	2.83677555082969e-05	0.799820623892025	-0.000593249821222952	9.83444438811901	0.600011347102203
1.45	9.05	-2.62157325770969e-05	0.79980317833569	-0.000591310145814039	9.78645542018803	0.599989513706969
1.55	9.05	-0.000106211025213075	0.799785278943401	-0.000587947696486153	9.73846968409927	0.599957515589915
1.65	9.05	-0.000205838046694755	0.799767029336175	-0.000582747867657227	9.69048798238155	0.599917664781322
1.75	9.05	-0.00031098752943915	0.799748423476233	-0.000575217379876977	9.64251081036229	0.599875604988224
1.85	9.05	-0.000397885695464494	0.799729227777873	-0.000564798301385823	9.59453806849116	0.599840845721814
1.95	9.05	-0.000433394562244228	0.799708791603159	-0.000550902163377688	9.54656875907756	0.599826642175102
2.05	9.05	-0.000377813236708186	0.799685955468616	-0.000532967364889586	9.49860074063631	0.599848874705317
2.15	9.05	-0.000189050799773786	0.799660216183102	-0.000511303125303039	9.45063061495785	0.59992437968009
2.25	9.05	0.000181938281190233	0.799630813543626	-0.000486233402548045	9.40265360878721	0.600072775312476
2.35	9.05	0.000795077427810117	0.799593786768102	-0.000457611042797432	9.35466327863598	0.600318030971124
2.45	9.05	0.0016935873714351	0.799559484017244	-0.000425097607237362	9.3066514952364	0.600677434948574
2.55	9.05	0.00298133656010478	0.799518558028017	-0.000387756846491926	9.25860781062463	0.601192534624042
2.65	9.05	0.00476367998570839	0.799470740208744	-0.000344793591373307	9.21051857753801	0.601905471994283
2.75	9.05	0.00715979350224533	0.799415215122654	-0.000295749478152787	9.16236664795529	0.602863917400898
2.85	9.05	0.0103068100593386	0.799351076562259	-0.000240470355249597	9.11413085987041	0.604122724023735
2.95	9.05	0.0143635336757776	0.799277381021469	-0.000179076104406459	9.06578541796591	0.605745413470311
3.05	9.05	0.0195153553907071	0.799193262249489	-0.000111986685482246	9.01729913831629	0.607806142156283
3.15	9.05	0.025981014561662	0.799098082555077	-3.999629832336e-05	8.96863450322692	0.610392405824665
3.25	9.05	0.0340216457220995	0.798991593390262	3.56197411868799e-05	8.91974645806949	0.61360865828884
3.35	9.05	0.0439523279481783	0.798874075081218	0.000112977825411858	8.87058087127868	0.617580931179271
3.45	9.05	0.0561558309083947	0.798746400648314	0.000189452195480909	8.82107257900462	0.622462332363358
3.55	9.05	0.0710971664586895	0.798609931252834	0.000261556858398826	8.77114296174687	0.628438866583476
3.65	9.05	0.089335588141437	0.798466119513958	0.000324883159905854	8.72069707496709	0.635734235256575
3.75	9.05	0.111527552030952	0.798315713143635	0.000374157949608523	8.66962051214269	0.644611020812381
3.85	9.05	0.138409926798628	0.798157590306341	0.000403513690568029	8.61777645357937	0.655363970719451
3.95	9.05	0.170748471641348	0.79798760786163	0.000407072360370299	8.56500376658125	0.668299388656539
4.05	9.05	0.209235257737146	0.797798399883629	0.000379907814983047	8.51111752744738	0.683694103094858
4.15	9.05	0.254325747225815	0.79758151509726	0.000319329633559607	8.45591375425394	0.701730298890326
4.25	9.05	0.306027994783678	0.797332856085921	0.000226219024538015	8.39918010441459	0.722411197913471
4.35	9.05	0.363693858826634	0.797060279033683	0.000105923307720681	8.34071331747502	0.745477543530654
4.45	9.05	0.425900676435201	0.796788995981288	-3.18406243201932e-05	8.28034199660209	0.77036027057408
4.55	9.05	0.490518186026501	0.796559115072545	-0.000174343619353541	8.2179504001258	0.7962072744106
4.65	9.05	0.554998226890784	0.796413536545104	-0.000308170388136655	8.15349676417432	0.821999290756314
4.75	9.05	0.616816503792452	0.796381876381773	-0.000421723471833748	8.08702012764246	0.846726601516981
4.85	9.05	0.673907339810196	0.796470002983168	-0.000507046779070203	8.01863322018768	0.869562935924078
4.95	9.05	0.724936119303866	0.796660633835926	-0.000560506613630099	7.94850396876049	0.889974447721546
5.05	9.05	0.769346946590464	0.796922537795537	-0.000582407672231937	7.87683169861482	0.907738778636186
5.15	9.05	0.807229861885835	0.797221689879103	-0.000575964395865665	7.80382447048573	0.922891944754334
5.25	9.05	0.839104675201817	0.797529217146314	-0.000546094513951796	7.72968180341038	0.935641870080727
5.35	9.05	0.865708540246488	0.797824719776063	-0.000498359918119446	7.65458412480078	0.946283416098595
5.45	9.05	0.887834647093562	0.798096129164714	-0.000438199238997376	7.57868814310494	0.955133858837425
5.55	9.05	0.906232461337354	0.79833790259477	-0.00037046310917955	7.50212639763665	0.962492984534942
5.65	9.05	0.921559092197286	0.798548889012809	-0.000299195181979536	7.42500921694853	0.968623636878915
5.75	9.05	0.934365025886233	0.798730526983867	-0.000227583168712935	7.34742773176771	0.973746010354493
5.85	9.05	0.945099168181647	0.798885559630741	-0.000158011767400746	7.26945708410074	0.978039667272659
5.95	9.05	0.954122549258775	0.799017217854307	-9.21665143777108e-05	7.19115937833448	0.98164901970351
6.05	9.05	0.961724300255837	0.799128750020163	-3.11550092179381e-05	7.11258619032789	0.984689720102335
6.15	9.05	0.968136630791378	0.799223179666221	2.43741305356583e-05	7.03378060525265	0.987254652316551
6.25	9.05	0.973547483360068	0.799303201149958	7.4124543022161e-05	6.95477882981091	0.989418993344027
6.35	9.05	0.978110604214372	0.799371152790324	0.000118061496311338	6.8756114514782	0.991244241685749
6.45	9.05	0.981953268853355	0.799429030107656	0.000156337769310923	6.79630441933494	0.992781307541342
6.55	9.05	0.985182077756178	0.799478517415305	0.000189234696508949	6.71687981187903	0.994072831102471
6.65	9.05	0.987887253564678	0.799521025808785	0.000217116317730479	6.63735644465426	0.995154901425871
6.75	9.05	0.990145817176235	0.79955773137583	0.000240394431146649	6.55775035831734	0.996058326870494
6.85	9.05	0.992023945975983	0.799589610704971	0.000259502487960042	6.47807521738971	0.996809578390393
6.95	9.05	0.993578745561542	0.799617472524797	0.000274876526738731	6.39834264173854	0.997431498224617
7.05	9.05	0.994859605552301	0.799641985208572	0.000286941632279554	6.31856248663414	0.997943842220921
7.15	9.05	0.995909262244718	0.799663700315012	0.00029610267798573	6.23874308268668	0.998363704897887
7.25	9.05	0.996764654802851	0.79968307252576	0.000302738350373624	6.15889144370506	0.99870586192114
7.35	9.05	0.997457635215591	0.799700476403316	0.000307197657779002	6.07901344822191	0.998983054086237
7.45	9.05	0.998015573220356	0.799716220394926	0.000309798292938743	5.99911399883092	0.999206229288143
7.55	9.05	0.998461883910911	0.799730558480983	0.000310826353914716	5.91919716238882	0.999384753564365
7.65	9.05	0.998816496332889	0.799743699828499	0.000310537037860312	5.83926629339619	0.999526598533156
7.75	9.05	0.999096274904921	0.799755816767168	0.000309156008093746	5.75932414238095	0.999638509961969
7.85	9.05	0.999315401159295	0.799767051365096	0.000306881204508569	5.67937295078814	0.999726160463718
7.95	9.05	0.999485720468574	0.799777520841593	0.000303884921669271	5.59941453367263	0.999794288187429
8.05	9.05	0.999617056670852	0.799787322018474	0.000300316021996278	5.51945035135747	0.999846822668341
8.15	9.05	0.999717496500786	0.799796534979924	0.000296302185737256	5.43948157113162	0.999886998600314
8.25	9.05	0.999793645235697	0.799805226081947	0.000291952125620298	5.35950911999656	0.999917458094279
8.35	9.05	0.999850854797829	0.799813450428587	0.000287357715541687	5.27953372941884	0.999940341919132
8.45	9.05	0.999893425584118	0.799821253910555	0.000282595998586087	5.19955597299688	0.999957370233647
8.55	9.05	0.999924783428607	0.799828674884844	0.000277731052545455	5.11957629789939	0.999969913371443
8.65	9.05	0.99994763327292	0.799835745558962	0.000272815701110971	5.03959505087891	0.999979053309168
8.75	9.05	0.999964091282294	0.799842493131462	0.000267893065700033	4.95961249960496	0.999985636512918
8.85	9.05	0.999975797271002	0.799848940731091	0.000262997959344541	4.87962884999889	0.999990318908401
8.95	9.05	0.999984009377275	0.79985510818845	0.000258158127239259	4.79964426018787	0.99999360375091
9.05	9.05	0.99998968294943	0.7998610126688	0.000253395342066782	4.7196588516291	0.999995873179772
9.15	9.05	0.999993535574132	0.799866669188692	0.000248726363570979	4.63967271789077	0.999997414229653
9.25	9.05	0.999996100101142	0.799872091035906	0.00024416377340305	4.55968593151285	0.999998440040457
9.35	9.05	0.99999776740565	0.799877290108917	0.000239716696438447	4.47969854931176	0.99999910696226
9.45	9.05	0.999998820489319	0.799882277189185	0.000235391419988109	4.39971061643744	0.999999528195728
9.55	9.05	0.999999461364372	0.799887062157959	0.000231191922046712	4.3197221694418	0.999999784545749
9.65	9.05	0.999999832000313	0.799891654167399	0.000227120319187523	4.23973323857238	0.999999932800125
9.75	9.05	1.00000003044775	0.799896061774092	0.000223177244003798	4.15974384946633	1.0000000121791
9.85	9.05	1.00000012309442	0.799900293042253	0.000219362161278481	4.0797540243858	1.00000004923777
9.95	9.05	1.00000015385912	0.799904355622502	0.000215673631191827	3.99976378310703	1.00000006154365
10.05	9.05	1.00000015099323	0.799908256811178	0.000212109527078306	3.91977314355168	1.00000006039729
10.15	9.05	1.0000001320379	0.799912003594438	0.000208667214350507	3.83978212222891	1.00000005281516
10.25	9.05	1.00000010737937	0.799915602680704	0.00020534369651873	3.75979073454071	1.00000004295175
10.35	9.05	1.00000008275399	0.799919060524103	0.000202135733427571	3.67979899498992	1.0000000331016
10.45	9.05	1.00000006097845	0.799922383341426	0.000199039936195813	3.59980691732064	1.00000002439138
10.55	9.05	1.00000004311788	0.79992557712427	0.00019605284262823	3.51981451461213	1.00000001724715
10.65	9.05	1.00000002925341	0.799928647647906	0.000193170976551704	3.43982179934199	1.00000001170136
10.75	9.05	1.00000001896978	0.799931600477935	0.000190390893767597	3.35982878342928	1.00000000758791
10.85	9.05	1.00000001165207	0.799934440975592	0.000187709217052451	3.27983547826506	1.00000000466083
10.95	9.05	1.00000000665531	0.799937174302316	0.000185122662219639	3.19984189473551	1.00000000266212
11.05	9.05	1.00000000339239	0.799939805423946	0.000182628056923875	3.11984804324069	1.00000000135696
11.15	9.05	1.00000000137158	0.799942339114996	0.000180222353637209	3.0398539337112	1.00000000054863
11.25	9.05	1.0000000002046	0.799944779963027	0.000177902637971699	2.9598595756237	1.00000000008184
11.35	9.05	0.999999999599135	0.799947132373291	0.000175666133244407	2.87986497801614	0.999999999839654
11.45	9.05	0.999999999344226	0.799949400573744	0.000173510202279786	2.79987014950286	0.99999999973769
11.55	9.05	0.999999999293812	0.799951588620338	0.000171432346867914	2.71987509828975	0.999999999717525
11.65	9.05	0.999999999351093	0.799953700402649	0.000169430205601038	2.63987983218932	0.999999999740437
11.75	9.05	0.999999999455103	0.799955739649696	0.000167501550453088	2.55988435863576	0.999999999782041
11.85	9.05	0.999999999569935	0.799957709936043	0.000165644282479843	2.47988868469972	0.999999999827974
11.95	9.05	0.999999999676533	0.799959614688004	0.000163856426906092	2.3998928171028	0.999999999870613
12.05	9.05	0.999999999766747	0.799961457189939	0.000162136127851351	2.31989676223163	0.999999999906699
12.15	9.05	0.999999999839201	0.799963240590613	0.000160481642817915	2.23990052615148	0.999999999935681
12.25	9.05	0.999999999896485	0.799964967909519	0.000158891337107114	2.15990411461936	0.999999999958594
12.35	9.05	0.999999999943173	0.799966642043193	0.00015736367814983	2.07990753309652	0.999999999977269
12.45	9.05	0.999999999984171	0.799968265771376	0.000155897229846863	1.99991078676037	0.999999999993668
12.55	9.05	1.00000000002297	0.799969841763157	0.000154490646860306	1.91991388051595	1.00000000000919
12.65	9.05	1.00000000005945	0.799971372582921	0.000153142668867715	1.83991681900667	1.00000000002378
12.75	9.05	1.00000000008734	0.799972860696233	0.000151852114767723	1.75991960662471	1.00000000003494
12.85	9.05	1.00000000009157	0.79997430847555	0.000150617876979436	1.67992224752085	1.00000000003663
12.95	9.05	1.00000000004697	0.799975718205881	0.000149438916147802	1.59992474561375	1.00000000001879
13.05	9.05	0.999999999920355	0.799977092090291	0.000148314256690541	1.51992710459884	0.999999999968142
13.15	9.05	0.999999999678961	0.799978432255247	0.000147242984098406	1.43992932795636	0.999999999871584
13.25	9.05	0.999999999308821	0.799979740755773	0.000146224244980753	1.35993141895856	0.999999999723528
13.35	9.05	0.999999998845459	0.79998101958014	0.000145257250943904	1.27993338067563	0.999999999538184
13.45	9.05	0.999999998416183	0.799982270653965	0.0001443412870917	1.19993521597993	0.999999999366473
13.55	9.05	0.999999998286334	0.799983495843333	0.000143475724792251	1.11993692754843	0.999999999314534
13.65	9.05	0.999999998890795	0.799984696956737	0.00014266003637171	1.03993851786336	0.999999999556318
13.75	9.05	1.00000000081716	0.799985875745756	0.000141893806220208	0.959939989212199	1.00000000032686
13.85	9.05	1.00000000469119	0.799987033904848	0.00014117672850773	0.879941343689307	1.00000000187648
13.95	9.05	1.00000001090545	0.799988173071587	0.000140508577342143	0.799942583203285	1.00000000436218
14.05	9.05	1.00000001913961	0.799989294829711	0.000139889131954376	0.719943709495921	1.00000000765585
14.15	9.05	1.0000000276638	0.799990400718872	0.000139318040520624	0.639944724179626	1.00000001106552
14.25	9.05	1.00000003251262	0.799991492256111	0.000138794615198612	0.559945628799033	1.00000001300505
14.35	9.05	1.00000002678559	0.799992570974128	0.000138317572650006	0.479946424916998	1.00000001071423
14.45	9.05	1.00000000056826	0.799993638479134	0.000137884772880598	0.399947114213312	1.0000000002273
14.55	9.05	0.999999942246968	0.799994696524637	0.000137493065869186	0.319947698564184	0.999999976898787
14.65	9.05	0.999999842217573	0.79999574708562	0.000137138425218248	0.239948180042057	0.999999936887029
14.75	9.05	0.999999699997486	0.799996792539562	0.000136816614651262	0.159948560742893	0.999999879998994
14.85	9.05	0.999999535280143	0.799997919407586	0.000136524683732883	0.0799488422943817	0.999999814112057
14.95	9.05	0.999999402191197	0.399998635783466	0.000136305796009161	-5.09919950336918e-05	0.999999760876479
0.05	9.15	-4.59633204077825e-06	0.399993914720155	-0.000571860343538815	10.4584210658594	0.599998161467184
0.15	9.15	-5.31890710346606e-06	0.799982076311379	-0.00057210346424673	10.410421943173	0.599997872437159
0.25	9.15	-6.02136834753387e-06	0.799970235495963	-0.000572584907046018	10.3624235571033	0.599997591452661
0.35	9.15	-5.97832676809475e-06	0.799958334398354	-0.000573279186065057	10.3144259002648	0.599997608669293
0.45	9.15	-4.40535425376433e-06	0.799946368824293	-0.000574152443759234	10.2664289395659	0.599998237858299
0.55	9.15	-4.84455938046187e-07	0.79993429351755	-0.000575165688094662	10.2184326179264	0.599999806217625
0.65	9.15	6.52760263314132e-06	0.799922046304569	-0.000576279981410369	10.1704368553425	0.600002611041053
0.75	9.15	1.71457826642039e-05	0.799909564148131	-0.00057743971301604	10.1224415546393	0.600006858313066
0.85	9.15	3.16409958028817e-05	0.799896464553686	-0.000578494903550635	10.0744466104332	0.600012656398321
0.95	9.15	4.76437515527534e-05	0.799882852134971	-0.000579270324676931	10.026451954125	0.600019057500621
1.05	9.15	6.13348032007936e-05	0.799868588995426	-0.000579667552173141	9.97845761941655	0.60002453392128
1.15	9.15	6.70018392159887e-05	0.799853723423889	-0.000579557895283837	9.93046379865541	0.600026800735686
1.25	9.15	5.8209508186153e-05	0.799838279809401	-0.000578739391746864	9.88247088526379	0.600023283803274
1.35	9.15	2.8823877964345e-05	0.799822348755365	-0.000576974664751398	9.83447948041393	0.600011529551186
1.45	9.15	-2.54412964066324e-05	0.799806082548349	-0.000573980712477839	9.78649035908501	0.599989823481437
1.55	9.15	-0.000104971469390176	0.799789663765492	-0.000569413956193064	9.73850437834616	0.599958011412244
1.65	9.15	-0.000203957874430793	0.799773253013129	-0.000562858407974112	9.69052231582996	0.599918416850228
1.75	9.15	-0.000308284447900921	0.799756911718135	-0.00055381944905901	9.64254463757728	0.59987668622084
1.85	9.15	-0.000394168042593687	0.799740482702772	-0.000541718818142823	9.59457121062109	0.599842332782962
1.95	9.15	-0.000428345283433262	0.799723369520804	-0.000525863283355687	9.54660099821147	0.599828661886627
2.05	9.15	-0.000371236923154749	0.799704120495003	-0.00050541630296774	9.49863181088394	0.599851505230738
2.15	9.15	-0.000186115043382695	0.799684480933695	-0.000480141455330199	9.45066025411396	0.599925553982647
2.25	9.15	0.000178067687866277	0.799662267026441	-0.000450274133406294	9.40268157982242	0.600071227075146
2.35	9.15	0.000777880885809509	0.799635969172989	-0.000416645700246728	9.35468939053495	0.600311152354324
2.45	9.15	0.00167249233230033	0.799608751016971	-0.000378456228594553	9.3066755017833	0.60066899693292
2.55	9.15	0.00295448931345675	0.799576972401843	-0.000333809787269348	9.25862935323655	0.601181795725383
2.65	9.15	0.00472905591374999	0.799539725333049	-0.000282176813088165	9.21053727774902	0.6018916223655
2.75	9.15	0.00711563325247989	0.799496026862153	-0.000223100783814655	9.16238210073437	0.602846253300992
2.85	9.15	0.0102512766970109	0.799444807866809	-0.000156271784926309	9.11414264086711	0.604100510678804
2.95	9.15	0.0142945023986885	0.79938497753992	-8.16412398597097e-05	9.06579309737824	0.605717800959475
3.05	9.15	0.0194302749091822	0.799315507962146	4.7379796187752e-07	9.01730229870583	0.607772109963673
3.15	9.15	0.0258767612277183	0.799235555568207	8.92632195647431e-05	8.96863276279949	0.610350704491087
3.25	9.15	0.0338943319497187	0.799144606025227	0.000183260110154756	8.91973950180778	0.613557732779887
3.35	9.15	0.0437970486103951	0.799042611066579	0.000280141837243416	8.87056849225289	0.617518819444158
3.45	9.15	0.0559663479296088	0.798930060762085	0.000376508822353378	8.82105473181371	0.622386539171844
3.55	9.15	0.0708655568996137	0.798807899543994	0.000467671815201982	8.77111982912107	0.628346222759845
3.65	9.15	0.0890519257060321	0.798677163849658	0.000547508221694685	8.72066914651519	0.635620770282413
3.75	9.15	0.111179763658453	0.79853823366864	0.000608490481348695	8.66958867028125	0.644471905463381
3.85	9.15	0.137984062249641	0.798389723847408	0.000642035963868479	8.61774205508584	0.655193624899856
3.95	9.15	0.170229716667399	0.798227381551623	0.000639350950717756	8.56496869880869	0.668091886666959
4.05	9.15	0.208610036183721	0.798043902829767	0.000592888510610498	8.51108420759656	0.683444014473488
4.15	9.15	0.25358506715904	0.797831032220843	0.000498348276727721	8.4558850330493	0.701434026863616
4.25	9.15	0.305171672972375	0.797584906405169	0.00035679972219217	8.39915904083387	0.72206866918895
4.35	9.15	0.362734445333789	0.797313544487131	0.000176134989611177	8.34070281863636	0.745093778133515
4.45	9.15	0.424865207725129	0.797042202381784	-2.90500612755579e-05	8.28034436856262	0.769946083090051
4.55	9.15	0.48944606212285	0.796810964932974	-0.000239599616924733	8.21796691425149	0.79577842484914
4.65	9.15	0.553934993847071	0.796662734789673	-0.000435493664863809	8.15352737361759	0.821573997538828
4.75	9.15	0.615805481503745	0.796627184314094	-0.000599792533151795	8.08706343667867	0.846322192601498
4.85	9.15	0.672982277690859	0.796710228216539	-0.000721420306366521	8.01868672052342	0.869192911076344
4.95	9.15	0.724117357513267	0.79689454589716	-0.000796054976271692	7.94856446013742	0.889646943005307
5.05	9.15	0.768641563320685	0.797148785612664	-0.000825307104366537	7.87689576116056	0.907456625328274
5.15	9.15	0.806634563836383	0.79743879753226	-0.000814931019586276	7.80388887073031	0.922653825534553
5.25	9.15	0.838609650366124	0.797735671206862	-0.000772856721756078	7.72974376969449	0.93544386014645
5.35	9.15	0.865300929647762	0.798019106954211	-0.000707558230349152	7.65464148356924	0.946120371859105
5.45	9.15	0.887501030644337	0.798277270405106	-0.000626953413296897	7.5787393428197	0.955000412257735
5.55	9.15	0.905960318998937	0.798504947385963	-0.000537809496239406	7.50217045907314	0.962384127599575
5.65	9.15	0.921337473224767	0.798701358035582	-0.000445529509836068	7.42504564535633	0.968534989289907
5.75	9.15	0.934184712509842	0.798868308582507	-0.000354180289213017	7.34745641679548	0.973673885003937
5.85	9.15	0.944952568690158	0.799008873358822	-0.000266648138467839	7.26947820340522	0.977981027476063
5.95	9.15	0.954003477671656	0.799126559233833	-0.000184844048360972	7.1911733129845	0.981601391068663
6.05	9.15	0.961627732561977	0.799224828126643	-0.000109911899294614	7.11259345494489	0.984651093024791
6.15	9.15	0.968058481290346	0.799306855652545	-4.24158964001295e-05	7.03378179284498	0.987223392516138
6.25	9.15	0.973484416987746	0.799375432608807	1.75020506076599e-05	6.95477456978475	0.989393766795098
6.35	9.15	0.978059886386046	0.799432946386233	6.99961304177317e-05	6.87560237875588	0.991223954554418
6.45	9.15	0.981912648149229	0.799481403220392	0.000115418744627899	6.79629115246438	0.992765059259691
6.55	9.15	0.985149694978021	0.799522468492621	0.000154246537636998	6.7168629382121	0.994059877991209
6.65	9.15	0.987861570979057	0.799557512554608	0.000187025749268156	6.63733651095554	0.995144628391623
6.75	9.15	0.990125562828182	0.799587655645851	0.000214332722828096	6.55772786545994	0.996050225131273
6.85	9.15	0.992008069158143	0.799613808927406	0.000236746053920709	6.4780506180639	0.996803227663257
6.95	9.15	0.993566380581608	0.799636710523506	0.00025482753910968	6.39831634032989	0.997426552232643
7.05	9.15	0.994850041772371	0.799656956425365	0.000269109691106963	6.31853484061789	0.997940016708948
7.15	9.15	0.99590191897635	0.799675026570361	0.000280088093983476	6.23871440503862	0.99836076759054
7.25	9.15	0.996759060068893	0.799691306601988	0.000288217281525585	6.15886200595098	0.998703624027557
7.35	9.15	0.997453407679319	0.799706105870408	0.0002939091415487	6.07898348384347	0.998981363071728
7.45	9.15	0.99801240677366	0.799719672219767	0.000297533096504789	5.99908370682066	0.999204962709464
7.55	9.15	0.998459534537363	0.799732204064742	0.000299417500238019	5.91916671080482	0.999383813814945
7.65	9.15	0.99881477094156	0.799743860203613	0.000299851834055695	5.83923582281159	0.999525908376624
7.75	9.15	0.999095021882845	0.799754767756918	0.000299089394471126	5.75929376915768	0.999638008753138
7.85	9.15	0.999314502425362	0.799765028565876	0.00029735024699828	5.67934277012999	0.999725800970145
7.95	9.15	0.99948508483649	0.799774724333316	0.000294824282513841	5.59938462243244	0.999794033934596
8.05	9.15	0.999616614348039	0.799783920743924	0.000291674259538384	5.51942077058741	0.999846645739216
8.15	9.15	0.999717194566414	0.799792670760811	0.000288038750868266	5.43945236837621	0.999886877826565
8.25	9.15	0.999793443955907	0.799801017259353	0.000284034939755037	5.3594803313354	0.999917377582363
8.35	9.15	0.99985072465035	0.799808995130404	0.00027976123062309	5.27950538127136	0.99994028986014
8.45	9.15	0.999893344878219	0.799816632958702	0.000275299654410479	5.19952808370442	0.999957337951288
8.55	9.15	0.999924736419632	0.799823954362001	0.000270718059589544	5.11954887910225	0.999969894567853
8.65	9.15	0.999947608683438	0.799830979059023	0.000266072088260054	5.03956810870652	0.999979043473375
8.75	9.15	0.999964081153995	0.799837723720099	0.000261406942653293	4.95958603569784	0.999985632461598
8.85	9.15	0.999975796082729	0.79984420264365	0.000256758951342093	4.8796028623804	0.999990318433091
8.95	9.15	0.99998401337484	0.799850428292554	0.000252156947586729	4.79961874400299	0.999993605349936
9.05	9.15	0.999989689642093	0.799856411717425	0.000247623473661843	4.71963379976656	0.999995875856837
9.15	9.15	0.999993543360753	0.7998621628887	0.000243175826051496	4.63964812150333	0.999997417344301
9.25	9.15	0.999996107996054	0.799867690954765	0.00023882695695278	4.55966178044961	0.999998443198422
9.35	9.15	0.999997774840322	0.799873004440568	0.000234586246647651	4.47967483247458	0.999999109936129
9.45	9.15	0.999998827170917	0.799878111397971	0.000230460161523944	4.39968732207268	0.999999530868367
9.55	9.15	0.99999946717649	0.799883019517698	0.000226452811288308	4.31969928537695	0.999999786870596
9.65	9.15	0.999999836934556	0.799887736210432	0.000222566417879998	4.23971075240633	0.999999934773822
9.75	9.15	1.00000003455757	0.799892268663743	0.000218801707973437	4.15972174872059	1.00000001382303
9.85	9.15	1.00000012646475	0.799896623880216	0.000215158239451699	4.07973229662313	1.0000000505859
9.95	9.15	1.00000015658708	0.799900808701202	0.000211634671290483	3.99974241602313	1.00000006263483
10.05	9.15	1.00000015317634	0.799904829819856	0.000208228985292848	3.9197521250446	1.00000006127054
10.15	9.15	1.00000013376746	0.799908693786464	0.000204938667022394	3.83976144045029	1.00000005350699
10.25	9.15	1.00000010873711	0.799912407008453	0.000201760852382421	3.75977037793209	1.00000004349484
10.35	9.15	1.0000000838108	0.79991597574691	0.000198692445418094	3.67977895230724	1.00000003352432
10.45	9.15	1.00000006179441	0.799919406111245	0.00019573021210881	3.59978717764906	1.00000002471776
10.55	9.15	1.00000004374301	0.799922704052931	0.000192870854393812	3.51979506737336	1.00000001749721
10.65	9.15	1.00000002972871	0.799925875359276	0.00019011106770688	3.43980263429566	1.00000001189148
10.75	9.15	1.00000001932846	0.799928925647729	0.0001874475851755	3.35980989066972	1.00000000773138
10.85	9.15	1.00000001192073	0.799931860361174	0.000184877210857806	3.27981684821465	1.00000000476829
10.95	9.15	1.00000000685503	0.799934684764393	0.000182396844142063	3.19982351813542	1.00000000274201
11.05	9.15	1.00000000353974	0.799937403941743	0.000180003497000153	3.11982991113982	1.0000000014159
11.15	9.15	1.00000000147943	0.799940022796249	0.000177694305595366	3.03983603745385	1.00000000059177
11.25	9.15	1.00000000028285	0.799942546049866	0.000175466537353092	2.95984190683642	1.00000000011314
11.35	9.15	0.999999999655302	0.799944978244941	0.00017331759455793	2.87984752859419	0.999999999862121
11.45	9.15	0.999999999383946	0.79994732374673	0.00017124501517831	2.79985291159648	0.999999999753578
11.55	9.15	0.999999999321241	0.799949586746804	0.000169246471660131	2.71985806429054	0.999999999728497
11.65	9.15	0.999999999369275	0.79995177126726	0.000167319768164292	2.63986299471687	0.99999999974771
11.75	9.15	0.999999999466314	0.799953881165577	0.00016546283668167	2.55986771052457	0.999999999786526
11.85	9.15	0.999999999576026	0.799955920139958	0.000163673732396692	2.47987221898661	0.99999999983041
11.95	9.15	0.999999999679283	0.799957891735097	0.000161950628529401	2.39987652701483	0.999999999871713
12.05	9.15	0.999999999768209	0.799959799348222	0.000160291810912107	2.3198806411745	0.999999999907284
12.15	9.15	0.999999999841995	0.799961646235314	0.000158695672382969	2.23988456769855	0.999999999936798
12.25	9.15	0.999999999903912	0.799963435517444	0.00015716070718996	2.15988831250115	0.999999999961565
12.35	9.15	0.999999999959011	0.799965170187182	0.000155685505344342	2.07989188119081	0.999999999983605
12.45	9.15	1.00000000001192	0.799966853114914	0.00015426874706204	1.99989527908291	1.00000000000477
12.55	9.15	1.00000000006431	0.799968487055196	0.000152909197136105	1.91989851121164	1.00000000002573
12.65	9.15	1.00000000011187	0.799970074652981	0.00015160569934372	1.83990158234138	1.00000000004475
12.75	9.15	1.00000000014084	0.799971618449758	0.000150357170810701	1.75990449697764	1.00000000005634
12.85	9.15	1.00000000012518	0.799973120889651	0.000149162596506964	1.67990725937743	1.00000000005007
12.95	9.15	1.00000000002615	0.799974584325373	0.00014802102409209	1.59990987355913	1.00000000001046
13.05	9.15	0.999999999797302	0.799976011024102	0.000146931559701776	1.51991234331174	0.999999999918921
13.15	9.15	0.999999999398953	0.799977403173166	0.000145893365421151	1.43991467220323	0.999999999759581
13.25	9.15	0.999999998825999	0.799978762885411	0.000144905659448871	1.35991686358769	0.9999999995304
13.35	9.15	0.999999998151464	0.799980092204031	0.000143967720156973	1.27991892061092	0.999999999260586
13.45	9.15	0.99999999758295	0.799981393106509	0.000143078894622017	1.19992084621374	0.99999999903318
13.55	9.15	0.999999997519783	0.799982667507371	0.000142238611451407	1.11992264313321	0.999999999007913
13.65	9.15	0.99999999858408	0.799983917259415	0.00014144639548347	1.03992431390175	0.999999999433632
13.75	9.15	1.00000000158034	0.799985144153449	0.000140701878874014	0.959925860846093	1.00000000063213
13.85	9.15	1.00000000731985	0.79998634991726	0.000140004798971794	0.879927286089077	1.00000000292794
13.95	9.15	1.00000001623729	0.799987536215561	0.000139354968810777	0.799928591560002	1.00000000649491
14.05	9.15	1.00000002774206	0.799988704654172	0.000138752203083599	0.719929779021016	1.00000001109682
14.15	9.15	1.00000003930776	0.799989856793459	0.000138196183327117	0.639930850118109	1.00000001572311
14.25	9.15	1.00000004543165	0.799990994177136	0.000137686255022485	0.559931806463112	1.00000001817266
14.35	9.15	1.00000003681072	0.799992118382431	0.000137221170794801	0.479932649745516	1.00000001472429
14.45	9.15	1.0000000003777	0.799993231094099	0.000136798832036836	0.399933381857164	1.00000000015108
14.55	9.15	0.999999921173449	0.799994334196387	0.000136416137396422	0.319934004986973	0.99999996846938
14.65	9.15	0.999999787285806	0.799995429861688	0.000136069115513828	0.239934521607403	0.999999914914323
14.75	9.15	0.999999599047919	0.799996520741715	0.000135753585260888	0.15993493423536	0.999999839619167
14.85	9.15	0.999999383046246	0.799997714728206	0.000135466636348451	0.0799352447914926	0.999999753218498
14.95	9.15	0.999999209847258	0.39999839695724	0.000135250977944763	-6.45677249613411e-05	0.999999683938903
0.05	9.25	-4.57706912861298e-06	0.399993792023826	-0.000559806435200162	10.4584550199226	0.599998169172348
0.15	9.25	-5.29060343536421e-06	0.79998171129206	-0.000560040569002755	10.4104559113435	0.599997883758626
0.25	9.25	-5.97790649356489e-06	0.799969646609668	-0.000560501726342248	10.3624575531577	0.599997608837402
0.35	9.25	-5.91899204616606e-06	0.799957553152453	-0.000561160163318037	10.3144599363205	0.599997632403182
0.45	9.25	-4.34075603534956e-06	0.799945439965342	-0.000561976954871686	10.266463025573	0.599998263697586
0.55	9.25	-4.42779189684904e-07	0.799933276194252	-0.000562905074228035	10.2184667613119	0.599999822888324
0.65	9.25	6.50980242961109e-06	0.799921016652517	-0.000563889235236963	10.1704710607624	0.600002603920972
0.75	9.25	1.70870747861406e-05	0.799908615919855	-0.000564853654018359	10.1224758227241	0.600006834829914
0.85	9.25	3.17230355908596e-05	0.799895659439786	-0.000565677227848777	10.0744809334004	0.600012689214236
0.95	9.25	4.78942859479329e-05	0.799882325742066	-0.000566189160178208	10.0264863135776	0.600019157714379
1.05	9.25	6.15641794289371e-05	0.799868572269445	-0.000566238315150675	9.97849198952325	0.600024625671772
1.15	9.25	6.71456822197261e-05	0.799854420536107	-0.000565681783598734	9.93049814543986	0.600026858272888
1.25	9.25	5.82304764875227e-05	0.799839934368416	-0.000564322688921114	9.88250516251161	0.600023292190595
1.35	9.25	2.86707544412723e-05	0.799825253113562	-0.00056192293714518	9.83451362730472	0.600011468301776
1.45	9.25	-2.5829955630127e-05	0.799810584409961	-0.000558199870276976	9.78652429760398	0.599989668017748
1.55	9.25	-0.000105654961397218	0.799796172325158	-0.000552813812332923	9.73853800989433	0.599957738015441
1.65	9.25	-0.00020498502743645	0.799782245085958	-0.000545354846459214	9.69055551711229	0.599918005989025
1.75	9.25	-0.000309688579697411	0.799768940565923	-0.000535332075395385	9.64257725594709	0.599876124568121
1.85	9.25	-0.000395954871632303	0.799756197983499	-0.000522163694312192	9.59460305858082	0.599841618051347
1.95	9.25	-0.000430510055069134	0.799743548984064	-0.000505161382612496	9.54663184556957	0.599827795977972
2.05	9.25	-0.000374211122039588	0.799729677237407	-0.000483518165191208	9.49866137650502	0.599850315551184
2.15	9.25	-0.000192661047343094	0.799717111768954	-0.000456404561898616	9.45068822571109	0.599922935581063
2.25	9.25	0.000163900115584251	0.799703641614875	-0.000423454220117575	9.40270764903017	0.600065560046234
2.35	9.25	0.00075063452943835	0.79968887940608	-0.000385519655675271	9.35471330298599	0.600300253811775
2.45	9.25	0.00163538733124496	0.79967277791553	-0.000342223363725705	9.30669696156455	0.600654154932498
2.55	9.25	0.00290660163422141	0.799653942102031	-0.000291766744544523	9.25864794764744	0.601162640653689
2.65	9.25	0.00466787973433457	0.799631607427685	-0.000233163844005254	9.21055254646541	0.601867151893734
2.75	9.25	0.00703809811019284	0.799604908492185	-0.000165728751144776	9.16239354801141	0.602815239244077
2.85	9.25	0.0101538223246963	0.799572842520032	-8.89665840721e-05	9.11414974161186	0.604061528929879
2.95	9.25	0.0141729038021302	0.799534350163395	-2.65303450514809e-06	9.06579530925171	0.605669161520852
3.05	9.25	0.019279403624233	0.799488405206021	9.30272159948854e-05	9.0172990817066	0.607711761449693
3.15	9.25	0.025690299659072	0.799434121568106	0.000197301147229953	8.96862360784319	0.610276119863629
3.25	9.25	0.0336644252349658	0.799370876906158	0.000308580819467679	8.91972397093583	0.613465770093986
3.35	9.25	0.0435138841548486	0.799298428110797	0.00042418731527176	8.87054627371339	0.617405553661939
3.45	9.25	0.0556176749348765	0.799216964568684	0.000540037282103251	8.82102571321457	0.622247069973951
3.55	9.25	0.0704362006151395	0.799127009134306	0.000650329826979604	8.77108419080656	0.628174480246056
3.65	9.25	0.0885234245453585	0.799029046761153	0.000747313649626524	8.72062747448021	0.635409369818143
3.75	9.25	0.110530370370423	0.798922774946801	0.000821274553755518	8.669542082181	0.644212148148169
3.85	9.25	0.137189495725218	0.798806001339248	0.000860950841274589	8.61769232305767	0.654875798290087
3.95	9.25	0.169265180460575	0.798673549542949	0.000854621446009358	8.56491833860761	0.66770607218423
4.05	9.25	0.207454012436835	0.798517076802907	0.000792046028131119	8.51103648730061	0.682981604974734
4.15	9.25	0.25222504981548	0.798327165272323	0.000667177282351569	8.45584384365179	0.700890019926192
4.25	9.25	0.303611133989599	0.798098674786826	0.000481085976823346	8.39912857873216	0.72144445359584
4.35	9.25	0.360999019407091	0.797838327404949	0.000244006781757882	8.34068707116844	0.744399607762837
4.45	9.25	0.423005022101087	0.797570305580503	-2.47580312769427e-05	8.28034647112201	0.769202008840435
4.55	9.25	0.487531523024901	0.797334194810455	-0.000299734958924009	8.21798853490468	0.79501260920996
4.65	9.25	0.552045862407724	0.797173231663341	-0.000554342003536715	8.15356832338093	0.820818344963089
4.75	9.25	0.614016612876201	0.797118211427313	-0.00076630312675488	8.08712165235654	0.845606645150481
4.85	9.25	0.671351346395557	0.797176612129705	-0.000921431690884934	8.01875863205466	0.868540538558223
4.95	9.25	0.722678616548208	0.797332692812934	-0.00101475467548128	7.94864561153617	0.889071446619283
5.05	9.25	0.767406327719572	0.797556431478935	-0.00104925255557319	7.87698148591261	0.906962531087829
5.15	9.25	0.805596267702662	0.797814704599867	-0.00103328996908827	7.80397485156614	0.922238507081065
5.25	9.25	0.837750475271376	0.798079393027311	-0.000977862109582044	7.72982639747991	0.93510019010855
5.35	9.25	0.864597761417769	0.79833083760071	-0.000894374863905719	7.65471801312574	0.945839104567108
5.45	9.25	0.886929742059221	0.79855774352171	-0.000793207987002467	7.57880789255216	0.954771896823688
5.55	9.25	0.905498317676764	0.798755350125544	-0.000682996306583427	7.50222991481519	0.962199327070706
5.65	9.25	0.920964903231733	0.798923242642963	-0.000570431819004289	7.42509552046721	0.968385961292693
5.75	9.25	0.933884786494564	0.799063499651019	-0.000460379625497044	7.34749670434366	0.973553914597825
5.85	9.25	0.944711423060147	0.799179376021324	-0.00035614561798722	7.26950924084306	0.977884569224059
5.95	9.25	0.95380981590048	0.799274474633315	-0.000259789694951709	7.19119566837013	0.981523926360192
6.05	9.25	0.961472411423636	0.799352280712492	-0.000172424927864071	7.1126078367258	0.984588964569454
6.15	9.25	0.967934118117862	0.799415934427482	-9.44752967836668e-05	7.0337889814926	0.987173647247145
6.25	9.25	0.97338504969998	0.799468146458552	-2.58839930864682e-05	6.95477536799771	0.989354019879992
6.35	9.25	0.977980693221397	0.799511192336984	3.37255277001336e-05	6.87559757660502	0.991192277288559
6.45	9.25	0.981849722550444	0.799546945810132	8.49291489025815e-05	6.79628150411539	0.992739889020178
6.55	9.25	0.985099866948538	0.799576928231753	0.00012841458770109	6.7168491473652	0.994039946779415
6.65	9.25	0.987822265753937	0.799602361513517	0.000164919449828942	6.63731922269103	0.995128906301575
6.75	9.25	0.99009468876235	0.799624218414124	0.000195188592428505	6.55770766268284	0.99603787550494
6.85	9.25	0.991983928245451	0.799643267453053	0.000219945764582759	6.47802802116704	0.996793571298181
6.95	9.25	0.993547596483366	0.799660111612468	0.000239875624379943	6.39829180903833	0.997419038593347
7.05	9.25	0.994835501468357	0.79967522093267	0.000255613179668738	6.31850877724631	0.997934200587343
7.15	9.25	0.995890725118829	0.79968895953444	0.000267738456183334	6.2386871585999	0.998356290047532
7.25	9.25	0.996750491848562	0.79970160775818	0.000276774778977877	6.15883387671098	0.998700196739425
7.35	9.25	0.997446888547284	0.799713380130511	0.000283189493278847	6.07895472803458	0.998978755418914
7.45	9.25	0.998007477752226	0.799724439825214	0.000287396277924893	5.99905454131473	0.99920299110089
7.55	9.25	0.998455832133791	0.799734910215565	0.000289758445034442	5.91913731761129	0.999382332853516
7.65	9.25	0.998812008883571	0.799744884038391	0.000290592796592134	5.83920635331448	0.999524803553428
7.75	9.25	0.999092976045141	0.799754430614209	0.000290173736017187	5.75926434804029	0.999637190418057
7.85	9.25	0.999312998429178	0.79976360149881	0.000288737426591885	5.67931349896163	0.999725199371671
7.95	9.25	0.999483987890515	0.799772434878824	0.000286485855345273	5.59935558290925	0.999793595156206
8.05	9.25	0.999615820967006	0.799780958969344	0.000283590709982608	5.51939202743248	0.999846328386802
8.15	9.25	0.999716625858577	0.799789194624588	0.000280197010861775	5.4394239719124	0.999886650343431
8.25	9.25	0.999793040216142	0.799797157331852	0.000276426465392914	5.35945231975015	0.999917216086457
8.35	9.25	0.999850441034247	0.799804858725547	0.000272380530021212	5.279477782596	0.999940176413699
8.45	9.25	0.99989314796574	0.799812307729678	0.000268143177188066	5.19950091753228	0.999957259186296
8.55	9.25	0.999924601505837	0.799819511414041	0.000263783374244078	5.11952215807035	0.999969840602335
8.65	9.25	0.999947517659051	0.799826475630568	0.000259357286198364	5.03954183976547	0.999979007063621
8.75	9.25	0.999964020860735	0.799833205481472	0.000254910219309328	4.95956022119339	0.999985608344294
8.85	9.25	0.999975757047586	0.799839705658853	0.000250478323915844	4.87957750096901	0.999990302819034
8.95	9.25	0.999983988844251	0.799845980686277	0.000246090076776041	4.79959383142213	0.999993595537701
9.05	9.25	0.999989674851344	0.799852035085543	0.000241767563387836	4.71960932947862	0.999995869940538
9.15	9.25	0.999993534986209	0.799857873486762	0.000237527580577443	4.63962408523056	0.999997413994483
9.25	9.25	0.999996103748191	0.799863500695489	0.000233382578785481	4.55963816861529	0.999998441499276
9.35	9.25	0.999997773164162	0.799868921727292	0.000229341462886212	4.47965163456443	0.999999109265665
9.45	9.25	0.999998827027619	0.799874141818595	0.000225410268630247	4.39966452692849	0.999999530811048
9.55	9.25	0.999999467885666	0.799879166419707	0.000221592730851509	4.31967688143313	0.999999787154266
9.65	9.25	0.999999838061577	0.799884001175539	0.000217890758035981	4.23968872787858	0.999999935224631
9.75	9.25	1.00000003583388	0.799888651897832	0.000214304826173752	4.15970009175471	1.00000001433355
9.85	9.25	1.00000012773214	0.799893124532284	0.000210834303815093	4.07971099541077	1.00000005109285
9.95	9.25	1.00000015775917	0.799897425122792	0.000207477718615064	3.9997214588904	1.00000006310367
10.05	9.25	1.00000015421234	0.799901559775034	0.000204232974440298	3.91973150051839	1.00000006168494
10.15	9.25	1.00000013465453	0.79990553462067	0.000201097526926739	3.83974113730648	1.00000005386181
10.25	9.25	1.00000010947866	0.799909355783361	0.000198068524428862	3.75975038522932	1.00000004379146
10.35	9.25	1.00000008441898	0.799913029347351	0.000195142920088039	3.67975925940888	1.00000003376759
10.45	9.25	1.00000006228535	0.799916561329102	0.000192317560186222	3.59976777423601	1.00000002491414
10.55	9.25	1.00000004413389	0.799919957652296	0.000189589252880524	3.51977594344959	1.00000001765356
10.65	9.25	1.00000003003613	0.799923224126376	0.00018695482096763	3.43978378018818	1.00000001201445
10.75	9.25	1.00000001956754	0.799926366428476	0.00018441114172928	3.3597912970242	1.00000000782702
10.85	9.25	1.00000001210472	0.7999293900888	0.000181955176257847	3.27979850598796	1.00000000484189
10.95	9.25	1.00000000699521	0.799932300479083	0.000179583990392025	3.19980541858577	1.00000000279808
11.05	9.25	1.0000000036455	0.799935102804019	0.000177294769006111	3.11981204581534	1.0000000014582
11.15	9.25	1.00000000155844	0.799937802095326	0.000175084824997212	3.03981839818007	1.00000000062338
11.25	9.25	1.00000000034126	0.799940403208133	0.000172951604206008	2.95982448570314	1.00000000013651
11.35	9.25	0.999999999697938	0.799942910819439	0.000170892687116436	2.87983031794209	0.999999999879175
11.45	9.25	0.999999999414512	0.799945329428333	0.000168905788190301	2.79983590400368	0.999999999765805
11.55	9.25	0.999999999342533	0.799947663357734	0.000166988753387161	2.71984125255932	0.999999999737013
11.65	9.25	0.999999999383384	0.79994991675735	0.000165139556392793	2.63984637186073	0.999999999753354
11.75	9.25	0.999999999474854	0.799952093607622	0.000163356293968353	2.55985126975572	0.999999999789941
11.85	9.25	0.999999999580387	0.799954197724564	0.000161637180662967	2.47985595370393	0.999999999832155
11.95	9.25	0.999999999680927	0.799956232765125	0.000159980543253149	2.39986043079233	0.999999999872371
12.05	9.25	0.999999999768972	0.799958202233092	0.000158384814940894	2.31986470775041	0.999999999907589
12.15	9.25	0.999999999844336	0.799960109485253	0.00015684852960482	2.2398687909649	0.999999999937734
12.25	9.25	0.999999999911019	0.799961957737836	0.000155370316013208	2.15987268649399	0.999999999964408
12.35	9.25	0.999999999974571	0.799963750073024	0.000153948892229753	2.07987640008093	0.999999999989828
12.45	9.25	1.00000000003936	0.799965489445515	0.000152583059987027	1.99987993716715	1.00000000001574
12.55	9.25	1.00000000010528	0.799967178689104	0.000151271699213312	1.91988330290473	1.00000000004211
12.65	9.25	1.00000000016384	0.799968820523201	0.000150013762496368	1.83988650216836	1.00000000006554
12.75	9.25	1.00000000019388	0.799970417559306	0.000148808269638831	1.75988953956683	1.00000000007755
12.85	9.25	1.00000000015847	0.799971972307412	0.000147654302295006	1.67989241945393	1.00000000006339
12.95	9.25	1.00000000000541	0.799973487182361	0.000146550999042103	1.59989514593885	1.00000000000216
13.05	9.25	0.99999999967515	0.799974964510046	0.000145497551323805	1.51989772289581	0.99999999987006
13.15	9.25	0.999999999121147	0.799976406533433	0.000144493201115274	1.43990015397265	0.999999999648459
13.25	9.25	0.999999998347122	0.799977815418171	0.000143537241300986	1.35990244259804	0.999999999338849
13.35	9.25	0.999999997463307	0.799979193257518	0.000142629019794058	1.2799045919865	0.999999998985323
13.45	9.25	0.999999996756922	0.799980542076176	0.000141767948224966	1.19990660514103	0.999999998702769
13.55	9.25	0.9999999967601	0.799981863832637	0.000140953514761503	1.1199084848529	0.99999999870404
13.65	9.25	0.99999999828047	0.799983160419689	0.000140185298830889	1.03991023369939	0.999999999312188
13.75	9.25	1.00000000233735	0.799984433663282	0.00013946298224358	0.959911854041577	1.00000000093494
13.85	9.25	1.00000000992567	0.7999856853206	0.00013878634717356	0.879913348026393	1.00000000397027
13.95	9.25	1.00000002152152	0.799986917079748	0.000138155247059592	0.799914717599859	1.00000000860861
14.05	9.25	1.0000000362662	0.799988130565076	0.000137569533363317	0.719915964540869	1.00000001450648
14.15	9.25	1.00000005084403	0.799989327354211	0.000137028922196962	0.639917090525597	1.00000002033761
14.25	9.25	1.00000005822946	0.799990509014149	0.000136532793560702	0.559918097229683	1.00000002329178
14.35	9.25	1.00000004674048	0.799991677163171	0.000136079937304751	0.4799189864656	1.00000001869619
14.45	9.25	1.00000000018873	0.799992833560863	0.000135668297646751	0.399919760333048	1.00000000007549
14.55	9.25	0.999999900304401	0.79999398021802	0.000135294823575874	0.319920421328712	0.99999996012176
14.65	9.25	0.999999732892991	0.799995119499627	0.000134955600641674	0.239920972319481	0.999999893157197
14.75	9.25	0.999999499098345	0.799996254325902	0.000134646504718282	0.159921416237584	0.999999799639338
14.85	9.25	0.999999232332593	0.799997513722134	0.000134364666997223	0.0799217552925127	0.999999692933037
14.95	9.25	0.999999019434897	0.399998161215462	0.000134152327463757	-7.80357792552139e-05	0.999999607773959
0.05	9.35	-4.55942871068508e-06	0.399993671012036	-0.000547505021132098	10.4584882433021	0.599998176228516
0.15	9.35	-5.25921701672201e-06	0.799981349709284	-0.000547742871564451	10.41048914868	0.599997896313193
0.25	9.35	-5.92049637498568e-06	0.799969062339649	-0.000548208596295694	10.3624908179186	0.59999763180145
0.35	9.35	-5.82569582440999e-06	0.79995677715738	-0.000548869198401088	10.3144932400956	0.59999766972167
0.45	9.35	-4.20683264541578e-06	0.799944515988923	-0.000549681023220546	10.2664963774832	0.599998317266942
0.55	9.35	-2.69991036688534e-07	0.799932262791455	-0.000550588484049461	10.2185001673943	0.599999892003585
0.65	9.35	6.71699046119602e-06	0.799919990136371	-0.000551521882951444	10.1705045232246	0.600002686796184
0.75	9.35	1.73225581136096e-05	0.7999076723916	-0.000552392316616779	10.1225093387317	0.600006929023245
0.85	9.35	3.19398060903413e-05	0.799894958091099	-0.000553116609413246	10.0745144940198	0.600012775922436
0.95	9.35	4.82255805201983e-05	0.799881969536033	-0.000553536175762431	10.0265198998793	0.600019290232208
1.05	9.35	6.1900233603991e-05	0.799868787606539	-0.000553452338390443	9.97852557169107	0.600024760093442
1.15	9.35	6.73247495498349e-05	0.799855468117266	-0.000552707536090663	9.93053168439848	0.60002692989982
1.25	9.35	5.80710167747979e-05	0.799842126935652	-0.000551112950426081	9.88253860750843	0.60002322840671
1.35	9.35	2.79572936595023e-05	0.799828965045731	-0.000548440141109893	9.83454691335128	0.600011182917464
1.45	9.35	-2.73527792974462e-05	0.799816260748038	-0.000544416545660941	9.7865573428152	0.599989058888281
1.55	9.35	-0.000108278063591398	0.799804337815984	-0.000538714755364061	9.73857071223365	0.599956688774564
1.65	9.35	-0.000209029613905057	0.799793513320268	-0.000530939450145036	9.69058775037462	0.599916388154438
1.75	9.35	-0.000315513086394602	0.799784025985091	-0.000520617166118667	9.64260886507354	0.599873794765442
1.85	9.35	-0.000403995203872651	0.799775936857412	-0.000507195629504227	9.59463385463835	0.599838401918451
1.95	9.35	-0.000441360996993263	0.799768950565024	-0.000490060894099511	9.54666160109776	0.599823455601203
2.05	9.35	-0.000388496322126508	0.799762007552863	-0.000468516011890618	9.49868981951185	0.599844601471149
2.15	9.35	-0.000210115266057149	0.79975718323836	-0.000441170999978099	9.4507150165548	0.599915953893577
2.25	9.35	0.000140433517067301	0.799752954982683	-0.000406895234333046	9.40273240081414	0.600056173406827
2.35	9.35	0.000713847806019807	0.799750953901793	-0.000366484700951453	9.35473567698265	0.600285539122408
2.45	9.35	0.00158384344309704	0.799749239428494	-0.000319984031816744	9.30671661430419	0.600633537377239
2.55	9.35	0.00283857515630273	0.79974714560715	-0.000265776833698693	9.25866443403948	0.601135430062521
2.65	9.35	0.00458040053654172	0.799744164061554	-0.000202560513063417	9.21056534543644	0.601832160214617
2.75	9.35	0.00692712029783507	0.799739699082985	-0.000129352024211776	9.16240208245972	0.602770848119134
2.85	9.35	0.0100142737833098	0.799733025763394	-4.54138822604252e-05	9.11415339009384	0.604005709513324
2.95	9.35	0.0139985349809166	0.799723339470922	4.9689153765634e-05	9.06579341972592	0.605599413992367
3.05	9.35	0.0190625017156704	0.799709833024941	0.000155943243180128	9.01729099294176	0.607625000686268
3.15	9.35	0.02542130023853	0.799691787370214	0.000272671263905897	8.96860868215382	0.610168520095412
3.25	9.35	0.03333142713355	0.799668668140907	0.000398252499272609	8.91970164205157	0.61333257085342
3.35	9.35	0.0431020731893232	0.799640204127425	0.000529775789877747	8.87051611413793	0.617240829275729
3.45	9.35	0.0551086872038792	0.799606395115032	0.000662639617455498	8.82098752550474	0.622043474881552
3.55	9.35	0.0698075124055081	0.799567360807434	0.000790143208875847	8.77103812602396	0.627923004962203
3.65	9.35	0.0877479553738408	0.799522913598998	0.000903165163059454	8.72057417752843	0.635099182149536
3.75	9.35	0.109576637552312	0.799471753632716	0.000990102198750341	8.6694828563142	0.643830655020925
3.85	9.35	0.136022851034878	0.799410316616151	0.00103732731189171	8.61762929296381	0.654409140413951
3.95	9.35	0.167850824602578	0.799331640548769	0.00103047851547401	8.56485457268524	0.667140329841031
4.05	9.35	0.20576245601109	0.799225162806477	0.000956815405250955	8.51097601809635	0.682304982404436
4.15	9.35	0.250240199125525	0.79907883202135	0.000808565579979864	8.45579151055434	0.70009607965021
4.25	9.35	0.301339975488382	0.798884580950673	0.000586585163606829	8.39908962656877	0.720535990195353
4.35	9.35	0.358480084149804	0.798646223795112	0.000302978444742921	8.3406664920353	0.743392033659922
4.45	9.35	0.420311376167423	0.798385613093722	-1.89218447583868e-05	8.28034817847084	0.768124550466969
4.55	9.35	0.484764589459855	0.798141260408659	-0.00034808268792147	8.2180145740025	0.793905835783942
4.65	9.35	0.549319887545916	0.797957036554013	-0.000652056195584019	8.15361837758602	0.819727955018366
4.75	9.35	0.611438510325117	0.797865975410022	-0.000903751594086037	8.08719303604844	0.844575404130047
4.85	9.35	0.669003372194434	0.797878755089674	-0.00108617050067736	8.01884678186134	0.867601348877774
4.95	9.35	0.72060955843341	0.797982992987909	-0.00119377708061639	7.94874489921806	0.888243823373364
5.05	9.35	0.765632193593398	0.798151613632153	-0.0012308454355256	7.87708608892778	0.906252877437359
5.15	9.35	0.804107457106017	0.798353814415804	-0.00120816504783238	7.8040794599245	0.921642982842407
5.25	9.35	0.836521201610122	0.798563201795487	-0.00113955123838769	7.72992665075651	0.934608480644049
5.35	9.35	0.863594548763078	0.798761362188398	-0.0010390757199901	7.65481067178564	0.945437819505231
5.45	9.35	0.886117565683253	0.798937874471777	-0.000919320472242629	7.57889081065066	0.954447026273301
5.55	9.35	0.904844288725967	0.799088557735833	-0.000790552114578244	7.50230189610288	0.961937715490387
5.65	9.35	0.920440036899753	0.799213338953339	-0.000660549106842926	7.42515612632269	0.968176014759901
5.75	9.35	0.933464522523821	0.799314445807385	-0.000534809021705712	7.34754605902745	0.973385809009528
5.85	9.35	0.944375452396325	0.799395130511664	-0.000416927472649992	7.26954785864258	0.97775018095853
5.95	9.35	0.953541590169824	0.799458879106027	-0.000309016001786693	7.19122431234364	0.981416636067929
6.05	9.35	0.961258557693069	0.799508979263157	-0.00021208761691199	7.11262740990279	0.984503423077228
6.15	9.35	0.967763873546807	0.799548321263162	-0.000126379870892688	7.03380044699458	0.987105549418723
6.25	9.35	0.973249764932376	0.799579336440195	-5.16093351928409e-05	6.95477969293996	0.989299905972951
6.35	9.35	0.977873417601776	0.799604009101853	1.28367317518211e-05	6.87559569455224	0.991149367040711
6.45	9.35	0.981764867134026	0.799623922782336	6.77610788470168e-05	6.79627429147113	0.992705946853611
6.55	9.35	0.985032934610766	0.799640318613521	0.000114058372707584	6.71683740990873	0.994013173844307
6.65	9.35	0.987769636332716	0.799654154155228	0.000152648303195124	6.63730368930136	0.995107854533086
6.75	9.35	0.990053448140837	0.79966615719169	0.000184431624389973	6.55768898400793	0.996021379256335
6.85	9.35	0.991951732063016	0.799676872399508	0.000210262671756986	6.4780067715797	0.996780692825207
6.95	9.35	0.993522561016913	0.799686700549406	0.000230933475174929	6.39826849067452	0.997409024406765
7.05	9.35	0.994816115859541	0.799695930734742	0.000247165869853345	6.31848382526602	0.997926446343816
7.15	9.35	0.995875780451615	0.79970476645417	0.00025960899997871	6.23866094706708	0.998350312180646
7.25	9.35	0.996739023618671	0.799713346456311	0.000268840356208835	6.15880672467689	0.998695609447468
7.35	9.35	0.997438129855429	0.799721761215135	0.000275369037301901	6.07892690554594	0.998975251942172
7.45	9.35	0.998000821148786	0.799730065815292	0.000279640324321124	5.99902627516584	0.999200328459514
7.55	9.35	0.998450798490229	0.799738289922726	0.000282040941699599	5.91910879672977	0.999380319396092
7.65	9.35	0.998808222002982	0.799746445412818	0.000282904581604539	5.83917773371943	0.999523288801193
7.75	9.35	0.999090141980143	0.799754532134772	0.000282517412230154	5.75923575734629	0.999636056792057
7.85	9.35	0.99931088867145	0.799762542207192	0.000281123389559648	5.67928504042533	0.99972435546858
7.95	9.35	0.99948242574874	0.799770463168371	0.000278929263006929	5.59932733903128	0.999792970299496
8.05	9.35	0.999614670570168	0.799778280242813	0.000276109212243651	5.5193640631373	0.999845868228067
8.15	9.35	0.99971578331791	0.799785977934	0.000272809086333964	5.43939633733497	0.999886313327164
8.25	9.35	0.999792426557397	0.799793541109772	0.000269150237574074	5.35942505266147	0.999916970622959
8.35	9.35	0.99984999657652	0.799800955710826	0.000265232957773777	5.27945091050084	0.999939998630608
8.45	9.35	0.999892827877031	0.799808209183496	0.000261139533857661	5.19947445947233	0.999957131150812
8.55	9.35	0.999924372310782	0.799815290714099	0.000256936945573342	5.11949612616499	0.999969748924313
8.65	9.35	0.999947354512627	0.799822191323495	0.000252679231769988	5.03951624052058	0.999978941805051
8.75	9.35	0.999963905434167	0.79982890386515	0.000248409552793942	4.95953505660655	0.999985562173667
8.85	9.35	0.999975675900259	0.799835422959094	0.000244161977507652	4.87955276945737	0.999990270360104
8.95	9.35	0.99998393217864	0.799841744884572	0.000239963022622318	4.79956952859657	0.999993572871456
9.05	9.35	0.999989635567583	0.799847867448369	0.00023583297106069	4.71958544878569	0.999995854227033
9.15	9.35	0.99999350796928	0.79985378984046	0.000231786994767131	4.63960061848123	0.999997403187712
9.25	9.35	0.999996085334296	0.799859512484804	0.000227836105516584	4.55961510641749	0.999998434133718
9.35	9.35	0.999997760744024	0.799865036891326	0.00022398795552835	4.47962896667416	0.99999910429761
9.45	9.35	0.999998818753631	0.799870365512513	0.000220247507825834	4.39964224253252	0.999999527501452
9.55	9.35	0.999999462457154	0.799875501607108	0.000216617594231809	4.31965496937445	0.999999784982862
9.65	9.35	0.99999983456837	0.799880449112582	0.000213099377041538	4.23966717683433	0.999999933827348
9.75	9.35	1.00000003364308	0.799885212527094	0.00020969272875838	4.15967889037481	1.00000001345723
9.85	9.35	1.00000012640665	0.799889796801616	0.000206396542441039	4.07969013242432	1.00000005056266
9.95	9.35	1.00000015699944	0.799894207242135	0.000203208983453307	3.99970092318569	1.00000006279978
10.05	9.35	1.00000015381488	0.799898449421993	0.00020012769243779	3.91971128120168	1.00000006152595
10.15	9.35	1.00000013448254	0.799902529104062	0.000197149947515325	3.8397212237436	1.00000005379302
10.25	9.35	1.00000010944142	0.799906452172276	0.000194272792782603	3.75973076707352	1.00000004377657
10.35	9.35	1.00000008445731	0.799910224572121	0.000191493139095811	3.67973992661797	1.00000003378292
10.45	9.35	1.00000006236149	0.79991385225948	0.000188807842155378	3.59974871708099	1.0000000249446
10.55	9.35	1.00000004422452	0.799917341157193	0.000186213762174475	3.51975715251677	1.00000001768981
10.65	9.35	1.00000003012748	0.799920697118688	0.000183707808630258	3.43976524637627	1.00000001205099
10.75	9.35	1.00000001965207	0.799923925898144	0.000181286973040266	3.35977301153782	1.00000000786083
10.85	9.35	1.00000001217886	0.79992703312633	0.000178948352208347	3.27978046032836	1.00000000487155
10.95	9.35	1.00000000705784	0.799930024291636	0.000176689163960391	3.1997876045397	1.00000000282314
11.05	9.35	1.00000000369689	0.799932904725678	0.000174506756927714	3.1197944554427	1.00000000147876
11.15	9.35	1.00000000159961	0.799935679592758	0.000172398615810439	3.0398010238008	1.00000000063984
11.25	9.35	1.00000000037353	0.799938353882842	0.000170362363092646	2.95980731988377	1.00000000014941
11.35	9.35	0.999999999722648	0.799940932407309	0.00016839575815308	2.87981335348218	0.999999999889059
11.45	9.35	0.99999999943289	0.799943419797314	0.000166496694429472	2.79981913392251	0.999999999773156
11.55	9.35	0.999999999355611	0.799945820504005	0.000164663195187924	2.71982467008282	0.999999999742244
11.65	9.35	0.999999999392009	0.799948138800574	0.000162893408378177	2.6398299704089	0.999999999756804
11.75	9.35	0.999999999479768	0.799950378785555	0.000161185600806204	2.55983504293051	0.999999999791907
11.85	9.35	0.999999999582381	0.799952544387228	0.000159538152104943	2.47983989527776	0.999999999832952
11.95	9.35	0.999999999681044	0.799954639368826	0.000157949548407528	2.39984453469713	0.999999999872417
12.05	9.35	0.999999999768756	0.799956667334408	0.000156418376188393	2.31984896806729	0.999999999907502
12.15	9.35	0.999999999846043	0.799958631735095	0.000154943316125433	2.2398532019144	0.999999999938417
12.25	9.35	0.999999999917686	0.799960535875673	0.000153523137172229	2.1598572424269	0.999999999967074
12.35	9.35	0.999999999989772	0.799962382921318	0.000152156690820491	2.07986109546974	0.999999999995909
12.45	9.35	1.00000000006643	0.799964175904461	0.000150842905510261	1.99986476659795	1.00000000002657
12.55	9.35	1.00000000014583	0.799965917731629	0.000149580781139754	1.91986826106977	1.00000000005833
12.65	9.35	1.00000000021532	0.79996761119031	0.000148369383714622	1.83987158385908	1.00000000008613
12.75	9.35	1.00000000024641	0.799969258955779	0.000147207839973544	1.75987473966747	1.00000000009856
12.85	9.35	1.00000000019141	0.799970863597853	0.000146095332249537	1.67987773293563	1.00000000007656
12.95	9.35	0.999999999984754	0.799972427587616	0.000145031093700747	1.59988056785428	0.999999999993901
13.05	9.35	0.999999999553936	0.799973953304	0.000144014404487967	1.51988324837413	0.999999999821575
13.15	9.35	0.999999998845631	0.799975443040123	0.000143044589617377	1.4398857782148	0.999999999538252
13.25	9.35	0.999999997872342	0.799976899009157	0.000142121019493718	1.35988816087184	0.999999999148937
13.35	9.35	0.999999996781208	0.799978323349335	0.000141243114215637	1.27989039962147	0.999999998712483
13.45	9.35	0.999999995938369	0.799979718127687	0.000140410352322514	1.19989249752225	0.999999998375347
13.55	9.35	0.999999996007533	0.799981085341972	0.000139622283697289	1.1198944574136	0.999999998403013
13.65	9.35	0.999999997980066	0.79998242692049	0.000138878544282407	1.03989628191209	0.999999999192026
13.75	9.35	1.00000000308796	0.799983744720007	0.000138178867245505	0.959897973408121	1.00000000123519
13.85	9.35	1.0000000125078	0.799985040523026	0.000137523081109773	0.879899534068112	1.00000000500312
13.95	9.35	1.0000000267564	0.799986316037143	0.000136911081040586	0.799900965850709	1.00000001070256
14.05	9.35	1.00000004470923	0.79998757290151	0.000136342756464881	0.719902270547813	1.00000001788369
14.15	9.35	1.00000006226878	0.799988812707435	0.000135817859166373	0.639903449862268	1.00000002490751
14.25	9.35	1.0000000709018	0.799990037041673	0.000135335804742429	0.559904505530019	1.00000002836072
14.35	9.35	1.00000005657157	0.799991247559955	0.000134895421428436	0.479905439482753	1.00000002262863
14.45	9.35	1.00000000000142	0.799992446092838	0.00013449469759774	0.399906254023685	1.00000000000057
14.55	9.35	0.999999879646849	0.799993634773337	0.000134130634136545	0.319906951952172	0.99999995185874
14.65	9.35	0.99999967905746	0.799994816154042	0.000133799375265859	0.239907536523755	0.999999871622984
14.75	9.35	0.999999400182512	0.799995993417758	0.000133496855605791	0.159908011080195	0.999999760073005
14.85	9.35	0.999999083190164	0.799997316478838	0.000133220249084956	0.0799083781155707	0.999999633276065
14.95	9.35	0.999998831018608	0.39999792864637	0.000133011312338253	-9.13918484885012e-05	0.999999532407443
0.05	9.45	-4.54527664350738e-06	0.399993545951033	-0.000534952097744467	10.4585207212014	0.599998181889343
0.15	9.45	-5.22619247078713e-06	0.799980973862125	-0.000535205402817002	10.4105216411337	0.599997909523012
0.25	9.45	-5.84883156692674e-06	0.799968451652031	-0.000535698917908284	10.3625233388062	0.599997660467373
0.35	9.45	-5.69411253046283e-06	0.799955960167914	-0.000536397408582077	10.3145258012458	0.599997722354988
0.45	9.45	-3.99383683187797e-06	0.799943533631073	-0.000537253615372364	10.266528987989	0.599998402465267
0.55	9.45	4.45365961190579e-08	0.799931171443181	-0.000538205762789838	10.2185328327973	0.600000017814638
0.65	9.45	7.14976387901623e-06	0.799918865072833	-0.000539178030757404	10.1705372445654	0.600002859905552
0.75	9.45	1.78603502952135e-05	0.799906599542994	-0.000540087324869534	10.1225421114498	0.600007144140118
0.85	9.45	3.22751845160733e-05	0.799894209753659	-0.000540860291423098	10.0745473096909	0.600012910073806
0.95	9.45	4.86663076102298e-05	0.799881567291772	-0.000541356976521148	10.0265527409402	0.600019466523044
1.05	9.45	6.23457877940702e-05	0.799868977092128	-0.000541379135496427	9.97855840743282	0.600024938315118
1.15	9.45	6.75519232826484e-05	0.79985654470935	-0.000540750771154483	9.9305644742118	0.600027020769313
1.25	9.45	5.77946143892681e-05	0.799844448588057	-0.000539289300800718	9.88257129951939	0.600023117845756
1.35	9.45	2.68247679568415e-05	0.799832964954827	-0.000536784387387458	9.83457944224465	0.600010729907183
1.45	9.45	-2.97700333577728e-05	0.799822460017915	-0.000532985269915307	9.78658962729766	0.599988091986657
1.55	9.45	-0.000112487409148783	0.799813357813662	-0.00052758886718931	9.73860265190139	0.59995500503634
1.65	9.45	-0.00021562239971476	0.799806088443996	-0.000520228413136079	9.69061922187425	0.599913751040114
1.75	9.45	-0.000325190334494295	0.799801019170695	-0.000510467697704047	9.64263971777646	0.599869923866202
1.85	9.45	-0.000417639944579667	0.799798362531051	-0.000497806598138803	9.59466390657843	0.599832944022168
1.95	9.45	-0.000460138464941293	0.799798026807753	-0.00048168262832188	9.54669063649212	0.599815944614023
2.05	9.45	-0.000413457444654413	0.799799428258882	-0.000461334313568687	9.49871758478841	0.599834617022138
2.15	9.45	-0.000237727129503856	0.799802613402919	-0.000434983593227024	9.45074115974343	0.599904909148198
2.25	9.45	0.000108429027787997	0.799807657808201	-0.000401625487233108	9.40275648196273	0.600043371611115
2.35	9.45	0.000666477896010832	0.799820298523993	-0.000361682602639959	9.35475730301762	0.600266591158404
2.45	9.45	0.00151831575511103	0.799835405262544	-0.000314736498881132	9.3067354011366	0.600607326302044
2.55	9.45	0.00275217537886671	0.799853044684092	-0.000259568145316827	9.25867990217132	0.601100870151547
2.65	9.45	0.00446929129843412	0.799873083406659	-0.000194834731247084	9.21057692890728	0.601787716519374
2.75	9.45	0.00678620048639943	0.799895335590406	-0.000119330187520708	9.16240914289918	0.60271448019456
2.85	9.45	0.00983706853736843	0.799919516420409	-3.2069153493842e-05	9.11415522862913	0.603934827414947
2.95	9.45	0.0137769591032262	0.799945265739393	6.76183458672494e-05	9.06578929188246	0.60551078364129
3.05	9.45	0.0187864939349538	0.799972202522005	0.00017992737163035	9.01728013168628	0.607514597573982
3.15	9.45	0.0250783363855345	0.7999999874921	0.000304341685464661	8.96859033374857	0.610031334554214
3.25	9.45	0.0329059158085408	0.80002837969264	0.000439315089580468	8.91967511968737	0.613162366323416
3.35	9.45	0.0425746465880237	0.800057259889777	0.000581869832733375	8.87048087486919	0.617029858635209
3.45	9.45	0.054455433099203	0.800086566867178	0.000727126963398508	8.82094327609824	0.621782173239681
3.55	9.45	0.0689992630191307	0.800116058457253	0.000867817513311135	8.77098496200934	0.627599705207652
3.65	9.45	0.086749870479773	0.80014478268784	0.000993883090478713	8.7205127556204	0.634699948191909
3.75	9.45	0.108348503410344	0.800170163648495	0.00109236250044768	8.6694145915925	0.643339401364138
3.85	9.45	0.134520748132501	0.800186742862178	0.00114786312324668	8.61755655681359	0.653808299253
3.95	9.45	0.166031013104814	0.800184957500788	0.00114398081904028	8.56478084491345	0.666412405241926
4.05	9.45	0.203588287007679	0.80015089134046	0.00106595577922132	8.51090592038898	0.681435314803072
4.15	9.45	0.247692251791724	0.800068430247627	0.000904498393987821	8.45573063001665	0.69907690071669
4.25	9.45	0.298428137146208	0.799924957565687	0.000660033092082339	8.39904404868315	0.719371254858483
4.35	9.45	0.355254080205694	0.799719771883532	0.000345809244174514	8.34064202592388	0.742101632082278
4.45	9.45	0.416864469997795	0.79947110789374	-1.19899597870799e-05	8.28034937910976	0.766745787999118
4.55	9.45	0.481225828982921	0.799215762035896	-0.000378205477590962	8.21804380501503	0.792490331593168
4.65	9.45	0.545834595095549	0.798998453662522	-0.000715920003332667	8.15367522626872	0.81833383803822
4.75	9.45	0.60814286097642	0.798855493528626	-0.00099431908707577	8.08727431079478	0.843257144390568
4.85	9.45	0.666002401362568	0.798802352249543	-0.00119422478408556	8.01894710583359	0.866400960545027
4.95	9.45	0.717965830967719	0.798831779230678	-0.00130969942234372	7.9488576857571	0.887186332387088
5.05	9.45	0.763366497763254	0.798921284703777	-0.00134609300890522	7.87720457857072	0.905346599105301
5.15	9.45	0.802207793548323	0.799043712654514	-0.00131616053048098	7.80419755216639	0.920883117419329
5.25	9.45	0.834954724222939	0.799175354187432	-0.00123596845764619	7.73003940558138	0.933981889689176
5.35	9.45	0.862318402035984	0.799299657800387	-0.00112167646390632	7.65491449069269	0.944927360814394
5.45	9.45	0.885086763510489	0.799407408109207	-0.000987545436780565	7.57898338238045	0.954034705404196
5.55	9.45	0.904016478011804	0.799495118175991	-0.000845036375537778	7.50238200850461	0.961606591204722
5.65	9.45	0.919777814074045	0.799563015876347	-0.000702671185850273	7.4252234273588	0.967911125629618
5.75	9.45	0.932936146009883	0.799613335787405	-0.000566325864659947	7.34760082079865	0.973174458403953
5.85	9.45	0.943954654256123	0.79964912663098	-0.000439708285123505	7.26959077239977	0.977581861702449
5.95	9.45	0.953206968224304	0.799673530069645	-0.000324866067240374	7.19125632445574	0.981282787289722
6.05	9.45	0.960992834690852	0.799689404281544	-0.000222644222583291	7.11264959834212	0.984397133876341
6.15	9.45	0.967553173017811	0.799699167744084	-0.000133061089586354	7.03381393298951	0.987021269207124
6.25	9.45	0.973082969309858	0.79970476897909	-5.55987357192847e-05	6.95478558088598	0.989233187723943
6.35	9.45	0.977741628008886	0.799707720154322	1.05827778571906e-05	6.87559503347157	0.991096651203555
6.45	9.45	0.981660961693034	0.799709157405307	6.64932377415452e-05	6.79626805226499	0.992664384677213
6.55	9.45	0.984951212957514	0.799709907522719	0.000113208041870183	6.71682647379995	0.993980485183006
6.65	9.45	0.987705535707353	0.799710550930086	0.000151799516020452	6.63728884395111	0.995082214282941
6.75	9.45	0.990003317248146	0.799711476727985	0.000183293819384353	6.5576709247057	0.996001326899258
6.85	9.45	0.99191265087829	0.799712928680916	0.00020864579970071	6.47798610563007	0.996765060351316
6.95	9.45	0.993492196901974	0.799715042525	0.000228726136040699	6.39824574365602	0.997396878760789
7.05	9.45	0.99479260834265	0.799717875602408	0.000244316676534085	6.31845944824603	0.99791704333706
7.15	9.45	0.995857648684205	0.79972143000515	0.00025611107036219	6.23863532415371	0.998343059473682
7.25	9.45	0.996725091844574	0.799725670376163	0.000264718672983551	6.15878018050151	0.99869003673783
7.35	9.45	0.997427467258155	0.79973053739199	0.000270670339711058	6.07889971241974	0.998970986903262
7.45	9.45	0.997992693234335	0.799735957802359	0.000274425174413236	5.99899865975891	0.999197077293734
7.55	9.45	0.998444627769022	0.799741851756805	0.00027637761812025	5.91908094619259	0.999377851107609
7.65	9.45	0.998803556198858	0.79974813801776	0.000276864482208173	5.8391498012156	0.999521422479543
7.75	9.45	0.999086628351566	0.799754737546387	0.000276171682168911	5.75920786699721	0.999634651340626
7.85	9.45	0.999308253306832	0.799761575853205	0.000274540530705833	5.67925729168817	0.999723301322733
7.95	9.45	0.999480456914129	0.799768584425272	0.000272173517008421	5.59929981054406	0.999792182765652
8.05	9.45	0.999613205358398	0.799775701476707	0.000269239544785878	5.51933681607173	0.999845282143359
8.15	9.45	0.999714696984659	0.799782872215238	0.000265878630180319	5.43936941830107	0.999885878793863
8.25	9.45	0.999791624039588	0.7997900487728	0.00026220607913027	5.35939849620838	0.999916649615835
8.35	9.45	0.999849405778118	0.799797189913658	0.000258316174392309	5.27942474125742	0.999939762311247
8.45	9.45	0.999892394380857	0.79980426060342	0.000254285408404103	5.19944869396897	0.999956957752343
8.55	9.45	0.999924055235856	0.799811231501177	0.000250175300626095	5.11947077437526	0.999969622094342
8.65	9.45	0.999947123287109	0.799818078417941	0.000246034838804551	5.0394913071584	0.999978849314844
8.75	9.45	0.999963737296094	0.79982478177214	0.000241902582600148	4.9595105422114	0.999985494918437
8.85	9.45	0.999975553973354	0.799831326061695	0.000237808466294709	4.8795286712967	0.999990221589342
8.95	9.45	0.99998384399972	0.799837699365539	0.000233775335399683	4.79954584141155	0.999993537599888
9.05	9.45	0.999989571966257	0.79984389288123	0.000229820249244892	4.7195621654035	0.999995828786503
9.15	9.45	0.999993462220662	0.799849900502161	0.000225955579090195	4.63957773031424	0.999997384888265
9.25	9.45	0.999996052521872	0.799855718434856	0.000222189928720461	4.55959260386717	0.999998421008749
9.35	9.45	0.999997737283195	0.799861344855475	0.00021852890176715	4.47960683945512	0.999999094913278
9.45	9.45	0.999998802037251	0.799866779603486	0.0002149757375167	4.39962047993012	0.9999995208149
9.55	9.45	0.999999450593136	0.799872023910086	0.000211531834516568	4.31963356044741	0.999999780237254
9.65	9.45	0.999999826186299	0.799877080158521	0.000208197179020165	4.23964611057194	0.999999930474519
9.75	9.45	1.00000002775224	0.799881951673615	0.000204970693279304	4.15965815581719	1.0000000111009
9.85	9.45	1.00000012229219	0.799886642537781	0.000201850516431092	4.07966971875259	1.00000004891688
9.95	9.45	1.00000015414655	0.799891157430934	0.000198834229544363	3.9996808197879	1.00000006165862
10.05	9.45	1.00000015185371	0.799895501491976	0.000195919034088692	3.91969147771929	1.00000006074149
10.15	9.45	1.00000013314809	0.799899680199521	0.000193101892271521	3.83970171010261	1.00000005325924
10.25	9.45	1.00000010854443	0.79990369926997	0.000190379636109393	3.7597115335035	1.00000004341777
10.35	9.45	1.00000008386319	0.799907564570942	0.000187749051008865	3.6797209636617	1.00000003354528
10.45	9.45	1.00000006197503	0.799911282048429	0.000185206938881969	3.59973001559688	1.00000002479001
10.55	9.45	1.00000004397875	0.799914857666009	0.000182750164707231	3.51973870367591	1.0000000175915
10.65	9.45	1.0000000299757	0.799918297354769	0.000180375690036672	3.43974704165543	1.00000001199028
10.75	9.45	1.000000019562	0.799921606972523	0.000178080596094394	3.35975504270962	1.0000000078248
10.85	9.45	1.00000001212844	0.799924792271222	0.000175862098809149	3.27976271944944	1.00000000485138
10.95	9.45	1.0000000070322	0.799927858871365	0.000173717557532053	3.19977008393766	1.00000000281288
11.05	9.45	1.00000000368618	0.79993081224247	0.000171644479002262	3.1197771477023	1.00000000147447
11.15	9.45	1.00000000159741	0.799933657688795	0.000169640517668856	3.03978392174983	1.00000000063896
11.25	9.45	1.00000000037573	0.799936400339319	0.00016770347334459	2.95979041657897	1.00000000015029
11.35	9.45	0.999999999726685	0.799939045141513	0.000165831287006418	2.87979664219541	0.999999999890674
11.45	9.45	0.999999999437168	0.799941596858093	0.000164022035194817	2.79980260812723	0.999999999774867
11.55	9.45	0.999999999359154	0.799944060066363	0.000162273923616004	2.71980832344122	0.999999999743661
11.65	9.45	0.999999999394246	0.799946439159501	0.000160585280216823	2.63981379675954	0.999999999757698
11.75	9.45	0.999999999480448	0.799948738349573	0.000158954548019708	2.55981903627664	0.999999999792179
11.85	9.45	0.999999999581598	0.799950961671782	0.000157380277960541	2.47982404977625	0.999999999832639
11.95	9.45	0.999999999679362	0.799953112989724	0.000155861121863041	2.39982884464816	0.999999999871745
12.05	9.45	0.999999999767383	0.799955196001328	0.000154395825618321	2.31983342790458	0.999999999906953
12.15	9.45	0.999999999846999	0.799957214245396	0.000152983222684737	2.23983780619612	0.9999999999388
12.25	9.45	0.999999999923837	0.799959171108444	0.000151622227920064	2.15984198582719	0.999999999969535
12.35	9.45	1.00000000000456	0.799961069831773	0.000150311831661286	2.07984597277078	1.00000000000182
12.45	9.45	1.00000000009311	0.799962913518642	0.000149051094134717	1.99984977268266	1.00000000003724
12.55	9.45	1.00000000018593	0.799964705141513	0.000147839140026258	1.91985339091493	1.00000000007437
12.65	9.45	1.00000000026628	0.799966447549262	0.000146675153160112	1.83985683252913	1.00000000010651
12.75	9.45	1.00000000029842	0.799968143474385	0.00014555837134744	1.75986010230872	1.00000000011937
12.85	9.45	1.00000000022398	0.799969795540161	0.00014448808137317	1.67986320477105	1.00000000008959
12.95	9.45	0.999999999964191	0.799971406267749	0.000143463614480272	1.5998661441787	0.999999999985676
13.05	9.45	0.999999999433695	0.799972978083161	0.000142484342727693	1.51986892454988	0.999999999773478
13.15	9.45	0.99999999857249	0.799974513323907	0.000141549677075916	1.43987154966748	0.999999999428996
13.25	9.45	0.999999997401807	0.799976014245143	0.000140659068108241	1.35987402308609	0.999999998960723
13.35	9.45	0.999999996105383	0.799977483024761	0.000139812010505814	1.27987634813625	0.999999998442153
13.45	9.45	0.999999995127547	0.799978921767003	0.000139008051911141	1.19987852792528	0.999999998051019
13.55	9.45	0.999999995262322	0.799980332503987	0.000138246805862591	1.11988056533449	0.999999998104929
13.65	9.45	0.999999997682965	0.799981717194828	0.000137527966563979	1.039882463014	0.999999999073186
13.75	9.45	1.00000000383193	0.799983077722656	0.000136851320082273	0.959884223378265	1.00000000153277
13.85	9.45	1.00000001506542	0.799984415891006	0.000136216742638042	0.879885848608531	1.00000000602617
13.95	9.45	1.00000003194026	0.799985733422925	0.000135624172311675	0.799887340671818	1.0000000127761
14.05	9.45	1.00000005306844	0.799987031968508	0.000135073537549847	0.71988870136918	1.00000002122738
14.15	9.45	1.00000007357834	0.799988313129034	0.000134564626773893	0.639889932426515	1.00000002943134
14.25	9.45	1.00000008344459	0.799989578507367	0.000134096892145157	0.55989103563647	1.00000003337783
14.35	9.45	1.00000006630082	0.799990829792968	0.000133669201327122	0.479892013046059	1.00000002652033
14.45	9.45	0.999999999815862	0.799992068883377	0.000133279588062075	0.399892867157551	0.999999999926345
14.55	9.45	0.999999859207536	0.799993298029371	0.000132925106577342	0.319893601067719	0.999999943683014
14.65	9.45	0.999999625796791	0.799994519966009	0.000132601961398311	0.23989421841482	0.999999850318717
14.75	9.45	0.999999302332771	0.799995738132588	0.000132306147529386	0.159894722944175	0.999999720933108
14.85	9.45	0.999998935667815	0.799997123080968	0.000132034882806097	0.0798951174300849	0.999999574267126
14.95	9.45	0.999998644660184	0.399997699333266	0.000131829426996552	-0.000104631771373101	0.999999457864074
0.05	9.55	-4.53603452143989e-06	0.399993411711568	-0.000522132790338929	10.4585524382355	0.599998185586191
0.15	9.55	-5.19332060826835e-06	0.799980568210298	-0.000522411542234376	10.4105533739809	0.599997922671757
0.25	9.55	-5.76526292343783e-06	0.799967787712517	-0.000522953064098635	10.3625551024149	0.599997693894831
0.35	9.55	-5.52787175092069e-06	0.799955062964325	-0.000523721911316968	10.3145576084177	0.5999977888513
0.45	9.55	-3.71079248729539e-06	0.799942441040995	-0.00052467048474106	10.2665608486237	0.599998515683005
0.55	9.55	4.69944489422874e-07	0.799929939777419	-0.000525735979845745	10.2185647529672	0.600000187977796
0.65	9.55	7.70688962066964e-06	0.799917574278511	-0.000526842279000805	10.1705692257775	0.600003082755848
0.75	9.55	1.84644708751755e-05	0.799905372141872	-0.000527911657593548	10.1225741508647	0.60000738578835
0.85	9.55	3.29725445332624e-05	0.79989312662502	-0.000528888404953118	10.0745793995354	0.600013189017813
0.95	9.55	4.9300610568196e-05	0.799880866599216	-0.0005296598882733	10.0265848657103	0.600019720244227
1.05	9.55	6.2883300857215e-05	0.79986886280361	-0.00053003741622505	9.97859054077593	0.600025153320343
1.15	9.55	6.7815462516106e-05	0.799857297926033	-0.000529844478245956	9.93059657830417	0.600027126185006
1.25	9.55	5.74639932594412e-05	0.799846431589609	-0.000528915175051177	9.88260332561149	0.600022985597304
1.35	9.55	2.54587545895813e-05	0.79983663257241	-0.000527067242101237	9.83461132952614	0.600010183501836
1.45	9.55	-3.27256820088598e-05	0.799828370586567	-0.0005240834595212	9.78662130067782	0.599986909727196
1.55	9.55	-0.000117700872402351	0.799822184546	-0.000519697892068782	9.7386340190529	0.599952919651039
1.65	9.55	-0.000223883502854957	0.79981862936918	-0.000513584228905453	9.69065016971691	0.599910446598858
1.75	9.55	-0.000337422475863485	0.799818201161577	-0.000505349074252494	9.64267010882771	0.599865031009655
1.85	9.55	-0.000434874930316377	0.799821236729099	-0.000494530177668646	9.59469357571225	0.599826050027873
1.95	9.55	-0.000483270461936708	0.799827775619888	-0.000480567771879079	9.54671938620063	0.599806691815225
2.05	9.55	-0.000442385411693415	0.799837382293168	-0.000462620910691751	9.49874516529335	0.599823045835323
2.15	9.55	-0.000270816927985399	0.799849116862979	-0.000439114432817378	9.45076720724139	0.599891673228806
2.25	9.55	6.1349856275259e-05	0.799868186547328	-0.000409146950113513	9.40278060028942	0.60002453994251
2.35	9.55	0.000606194079071582	0.799894892619785	-0.000372456179237709	9.35477909911745	0.600242477631629
2.45	9.55	0.00143993515306474	0.7999275941543	-0.000328300973461515	9.30675442185728	0.600575974061226
2.55	9.55	0.00265084854917444	0.799966487023796	-0.000275711852650267	9.25869564031646	0.60106033941967
2.65	9.55	0.00433981084626983	0.800011837437597	-0.000213361196412787	9.21058879622138	0.601735924338508
2.75	9.55	0.00662235297977472	0.800063893261848	-0.000139911497673156	9.16241646782765	0.60264894119191
2.85	9.55	0.00963117335205316	0.800122884062084	-5.41869629207748e-05	9.11415726459759	0.603852469340821
2.95	9.55	0.0135194523413079	0.800189024947227	4.46975304538956e-05	9.06578523197314	0.605407780936523
3.05	9.55	0.0184654543673818	0.800262529466041	0.000157162599444083	9.01726913222256	0.607386181746953
3.15	9.55	0.0246789071065605	0.800343625028487	0.000282913162347684	8.96857155154995	0.609871562842624
3.25	9.55	0.0324096060833271	0.800432552775347	0.000420596927943568	8.91964776875221	0.612963842433331
3.35	9.55	0.0419585252460429	0.800529517716215	0.000567369459201709	8.87044430893032	0.616783410098417
3.45	9.55	0.0536912689949784	0.800634529908282	0.000718380131887476	8.82089710360077	0.621476507597991
3.55	9.55	0.0680527490269317	0.800747046204425	0.000866229343672579	8.77092919864216	0.627221099610773
3.65	9.55	0.0855802047935413	0.800865299690504	0.00100051095094483	8.72044801504946	0.634232081917417
3.75	9.55	0.106908808210105	0.800985228707403	0.00110764868880364	8.66934230538634	0.642763523284042
3.85	9.55	0.132760063710646	0.801099060626565	0.0011713469984906	8.61747919752583	0.653104025484258
3.95	9.55	0.163898823322616	0.801193955319409	0.00117405182609769	8.56470210114291	0.665559529329046
4.05	9.55	0.201042484911395	0.801251683021715	0.00109974448577356	8.51083074318415	0.680416993964558
4.15	9.55	0.24471077159951	0.801250837178422	0.000938023690565988	8.45566504884897	0.697884308639804
4.25	9.55	0.295022808801482	0.801172833900768	0.000688698446974435	8.39899466589525	0.718009123520593
4.35	9.55	0.351482755150172	0.80101102312034	0.000365239817571439	8.34061516802004	0.740593102060069
4.45	9.55	0.412835397042477	0.800778835067847	-4.94522068751871e-06	8.28035001823979	0.765134158816991
4.55	9.55	0.477088919640521	0.800510702650388	-0.000384635861910433	8.21807451997185	0.790835567856208
4.65	9.55	0.541759069888423	0.800252288475224	-0.000734522201295674	8.15373555104579	0.816703627955369
4.75	9.55	0.60428783897944	0.800044022273752	-0.00102173071607883	8.08736073054541	0.841715135591776
4.85	9.55	0.662491181899695	0.799907543201904	-0.00122588740358468	8.01905371853946	0.864996472759878
4.95	9.55	0.714872379824956	0.799842315866123	-0.00134090652834181	7.94897728989822	0.885948951929982
5.05	9.55	0.760715929421188	0.799831929884828	-0.00137286934835012	7.87732982628541	0.904286371768475
5.15	9.55	0.799986652122402	0.799854097821362	-0.00133577082815531	7.80432186715704	0.919994660848961
5.25	9.55	0.833124863820026	0.799888680987359	-0.00124703900821466	7.73015752643633	0.933249945528011
5.35	9.55	0.860829687858197	0.799921552996014	-0.00112403387702193	7.65502265360966	0.944331875143279
5.45	9.55	0.883886365882027	0.799944996976262	-0.000981911087364788	7.57907924246227	0.953554546352811
5.55	9.55	0.90305453185384	0.799956306517031	-0.000832691278574009	7.50246441592051	0.961221812741536
5.65	9.55	0.919010202497541	0.799955952370046	-0.000685161690602908	7.4252921523031	0.967604080999016
5.75	9.55	0.932325386740807	0.799946026076866	-0.000545240325903801	7.34765628715077	0.972930154696323
5.85	9.55	0.943469712115004	0.799929172464623	-0.000416527919995317	7.26963383018312	0.977387884846001
5.95	9.55	0.952822560457081	0.799907968240916	-0.000300879261849136	7.19128807083358	0.981129024182832
6.05	9.55	0.960688568850563	0.799884621916774	-0.000198908764998126	7.11267124538632	0.984275427540225
6.15	9.55	0.967312696521575	0.799860873208545	-0.000110399181202232	7.0338267152594	0.98692507860863
6.25	9.55	0.972893210699515	0.799838001107621	-3.46122678627382e-05	6.95479069442612	0.989157284279806
6.35	9.55	0.977592155072494	0.799816882154304	2.94860125156465e-05	6.87559359832833	0.991036862028998
6.45	9.55	0.981543454471518	0.799798065182583	8.30688324338854e-05	6.79626109188898	0.992617381788607
6.55	9.55	0.984859038292289	0.799781845084866	0.000127343883893861	6.71681490612834	0.993943615316916
6.65	9.55	0.98763340679529	0.799768327840193	0.000163486741382062	6.63727348026342	0.995053362718116
6.75	9.55	0.989947022287268	0.799757484341546	0.000192601066942593	6.55765247341794	0.995978808914907
6.85	9.55	0.991868836980516	0.799749193179306	0.000215697251883019	6.47796517902471	0.996747534792206
6.95	9.55	0.993458197875154	0.799743273657188	0.000233683360996122	6.39822286616793	0.997383279150062
7.05	9.55	0.994766307203266	0.799739510655579	0.000247364016820138	6.31843506537823	0.997906522881306
7.15	9.55	0.99583736767997	0.799737672921575	0.000257444187696524	6.23860981141998	0.998334947071988
7.25	9.55	0.99670950431833	0.799737526179843	0.000264535808490897	6.15875385201943	0.998683801727332
7.35	9.55	0.997415526909709	0.799738842231289	0.00026916584943234	6.0788728289339	0.998966210763884
7.45	9.55	0.997983577290863	0.799741404987481	0.000271784930076737	5.99897143597955	0.999193430916345
7.55	9.55	0.998437691313293	0.799745014198266	0.000272775906659906	5.9190535574053	0.999375076525317
7.65	9.55	0.99879829547597	0.799749487470081	0.000272462086764049	5.83912238916266	0.999519318190388
7.75	9.55	0.99908265131801	0.799754661043078	0.000271114876193983	5.75918054505948	0.999633060527204
7.85	9.55	0.999305256031084	0.799760389690369	0.000268960762095321	5.67923014941291	0.999722102412434
7.95	9.55	0.999478204708806	0.799766546018937	0.000266187600292584	5.59927291757248	0.999791281883522
8.05	9.55	0.999611517738056	0.7997730193851	0.000262950214695652	5.51931022552365	0.999844607095222
8.15	9.55	0.9997134357138	0.799779714583927	0.000259375340282418	5.43934316967395	0.99988537428552
8.25	9.55	0.999790683672314	0.799786550429988	0.000255565954765884	5.3593726178462	0.999916273468926
8.35	9.55	0.999848706201614	0.799793458313573	0.000251605049986991	5.27939925244115	0.999939482480646
8.45	9.55	0.999891874965052	0.799800380790441	0.00024755889637858	5.19942360667689	0.999956749986021
8.55	9.55	0.999923670265444	0.799807270243474	0.00024347985331364	5.11944609475676	0.999969468106177
8.65	9.55	0.999946838412777	0.799814087639388	0.000239408775429101	5.03946703676078	0.999978735365111
8.75	9.55	0.999963526791783	0.799820801392502	0.000235377062433387	4.95948667899486	0.999985410716713
8.85	9.55	0.999975398627552	0.799827386339888	0.000231408395921187	4.87950521046873	0.999990159451021
8.95	9.55	0.999983729502641	0.799833822826198	0.000227520203135683	4.79952277610827	0.999993491801056
9.05	9.55	0.999989487682634	0.799840095893425	0.000223724883747663	4.71953948724191	0.999995795073053
9.15	9.55	0.999993400260562	0.799846194568176	0.000220030832270743	4.63955542983628	0.999997360104225
9.25	9.55	0.999996007040472	0.7998521112384	0.000216443285020118	4.5595706708936	0.999998402816189
9.35	9.55	0.999997703955402	0.799857841110628	0.000212965017383442	4.47958526336471	0.999999081582161
9.45	9.55	0.999998777665076	0.799863381739343	0.000209596914144507	4.39959924987728	0.99999951106603
9.55	9.55	0.999999432813277	0.79986873262018	0.000206338432647461	4.31961266552952	0.999999773125311
9.65	9.55	0.999999813252997	0.799873894839509	0.00020318797612409	4.2396255399558	0.999999925301199
9.75	9.55	1.00000001837639	0.799878870773545	0.00020014319219886	4.1596378988325	1.00000000735056
9.85	9.55	1.00000011552231	0.799883663830666	0.000197201209367896	4.07964976495899	1.00000004620893
9.95	9.55	1.00000014928086	0.799888278231785	0.000194358822451113	3.99966115902114	1.00000005971234
10.05	9.55	1.00000014837507	0.799892718823601	0.000191612636289537	3.91967210012092	1.00000005935003
10.15	9.55	1.00000013067603	0.799896990920677	0.000188959175620238	3.83968260613692	1.00000005227041
10.25	9.55	1.00000010679957	0.799901100172549	0.000186394967533098	3.75969269396464	1.00000004271983
10.35	9.55	1.00000008264095	0.799905052452561	0.000183916602231187	3.67970237967347	1.00000003305638
10.45	9.55	1.00000006112611	0.799908853765502	0.000181520776264886	3.59971167860702	1.00000002445044
10.55	9.55	1.0000000433947	0.799912510171517	0.000179204322306189	3.51972060544649	1.00000001735788
10.65	9.55	1.00000002957808	0.799916027724097	0.00017696422821203	3.43972917425056	1.00000001183123
10.75	9.55	1.00000001929449	0.79991941242006	0.000174797647983501	3.35973739848133	1.0000000077178
10.85	9.55	1.00000001195085	0.799922670159838	0.000172701906489316	3.27974529102257	1.00000000478034
10.95	9.55	1.00000000691608	0.799925806716607	0.000170674499652511	3.19975286419427	1.00000000276643
11.05	9.55	1.00000000361156	0.799928827712738	0.000168713091208498	3.11976012976596	1.00000000144462
11.15	9.55	1.00000000155041	0.799931738602618	0.000166815507130831	3.0397670989702	1.00000000062016
11.25	9.55	1.00000000034678	0.79993454466061	0.000164979728433224	2.95977378251683	1.00000000013871
11.35	9.55	0.999999999709231	0.799937250973393	0.000163203882946694	2.87978019060826	0.999999999883692
11.45	9.55	0.999999999426747	0.799939862435868	0.000161486236553344	2.79978633295566	0.999999999770699
11.55	9.55	0.999999999352734	0.799942383749946	0.000159825184186204	2.71979221879599	0.999999999741094
11.65	9.55	0.999999999389794	0.799944819425694	0.000158219240844735	2.63979785690945	0.999999999755918
11.75	9.55	0.999999999476683	0.799947173784297	0.000156667032907899	2.55980325563724	0.999999999790673
11.85	9.55	0.999999999577896	0.799949450962517	0.000155167289684185	2.47980842289928	0.999999999831158
11.95	9.55	0.999999999675786	0.799951654918177	0.000153718835508328	2.39981336621172	0.999999999870314
12.05	9.55	0.999999999764792	0.799953789436509	0.000152320582242001	2.31981809270406	0.999999999905917
12.15	9.55	0.999999999847164	0.79995585813705	0.000150971522343875	2.2398226091358	0.999999999938866
12.25	9.55	0.999999999929443	0.799957864480892	0.000149670722396422	2.15982692191244	0.999999999971777
12.35	9.55	1.00000000001892	0.799959811778222	0.000148417317053238	2.07983103710085	1.00000000000757
12.45	9.55	1.00000000011937	0.799961703195896	0.000147210503395168	1.99983496044407	1.00000000004775
12.55	9.55	1.00000000022556	0.799963541765152	0.00014604953554128	1.9198386973754	1.00000000009022
12.65	9.55	1.0000000003167	0.799965330389196	0.000144933719458748	1.839842253032	1.00000000012668
12.75	9.55	1.0000000003499	0.799967071850875	0.000143862407949513	1.75984563226791	1.00000000013996
12.85	9.55	1.00000000025618	0.799968768820241	0.000142834995868202	1.6798488396665	1.00000000010247
12.95	9.55	0.999999999943724	0.799970423862056	0.000141850915794289	1.59985187955224	0.99999999997749
13.05	9.55	0.999999999314464	0.799972039443145	0.000140909634671536	1.51985475600149	0.999999999725785
13.15	9.55	0.999999998301805	0.799973617939407	0.000140010652089266	1.43985747285167	0.999999999320722
13.25	9.55	0.99999999693566	0.799975161642178	0.000139153501254095	1.35986003370826	0.999999998774264
13.35	9.55	0.999999995436037	0.799976672763453	0.000138337753619374	1.27986244194857	0.999999998174415
13.45	9.55	0.999999994324707	0.799978153439354	0.00013756302787622	1.19986470072164	0.999999997729883
13.55	9.55	0.999999994524697	0.799979605731261	0.000136829002976833	1.11986681294421	0.999999997809879
13.65	9.55	0.999999997389262	0.799981031624232	0.000136135432928715	1.03986878129404	0.999999998955705
13.75	9.55	1.00000000456903	0.799982433023103	0.000135482158054613	0.959870608204299	1.00000000182761
13.85	9.55	1.00000001759774	0.799983811748037	0.000134869103451474	0.879872295866201	1.0000000070391
13.95	9.55	1.0000000370715	0.799985169533343	0.00013429625114434	0.799873846250794	1.0000000148286
14.05	9.55	1.00000006134123	0.799986508036069	0.000133763569499116	0.719875261164339	1.00000002453649
14.15	9.55	1.00000008476919	0.799987828863642	0.000133270884415026	0.639876542352079	1.00000003390768
14.25	9.55	1.0000000958539	0.799989133631271	0.00013281768545	0.559877691659668	1.00000003834156
14.35	9.55	1.00000007592518	0.799990424058324	0.000132402880617587	0.479878711245466	1.00000003037007
14.45	9.55	0.99999999963212	0.799991702105232	0.000132024550120737	0.399879603806212	0.999999999852848
14.55	9.55	0.999999838992911	0.799992970135949	0.000131679802847306	0.31988037273071	0.999999935597164
14.65	9.55	0.999999573127805	0.799994231062728	0.000131364905139401	0.239881022033828	0.999999829251122
14.75	9.55	0.999999205580059	0.799995488575115	0.000131075913902001	0.159881555858325	0.999999682232024
14.85	9.55	0.999998789812246	0.799996933604191	0.000130810091959896	0.0798819772542416	0.999999515924899
14.95	9.55	0.999998460418676	0.399997473354418	0.000130608189356858	-0.000117751537268188	0.99999938416747
0.05	9.65	-4.53305672197919e-06	0.399993264169407	-0.000509023363881224	10.4585833778228	0.599998186777311
0.15	9.65	-5.16394790494578e-06	0.79998012082016	-0.00050933535938984	10.4105843311781	0.599997934420838
0.25	9.65	-5.67767861180254e-06	0.79996705012101	-0.000509941041823015	10.3625860938094	0.599997728928555
0.35	9.65	-5.34264279606413e-06	0.79995405458827	-0.000510807425487696	10.314588648521	0.599997862942882
0.45	9.65	-3.38232172259883e-06	0.799941191344135	-0.000511890845299189	10.2665919491697	0.599998647071311
0.55	9.65	9.86752566796479e-07	0.799928493173922	-0.000513133853680732	10.2185959220141	0.600000394701027
0.65	9.65	8.43982338770051e-06	0.799915995115576	-0.000514466213414766	10.1706004668444	0.600003375929355
0.75	9.65	1.93724884417498e-05	0.79990373815547	-0.000515813599907498	10.1226054625108	0.600007748995377
0.85	9.65	3.36676827054683e-05	0.799891708101644	-0.000517145083876708	10.0746107785786	0.600013467073082
0.95	9.65	4.99992326021212e-05	0.799879696960298	-0.000518385722948981	10.0266163031019	0.600019999693041
1.05	9.65	6.35283868716796e-05	0.799868155374696	-0.000519363439614264	9.97862201547749	0.600025411354749
1.15	9.65	6.81780630232678e-05	0.799857334991243	-0.000519920253168799	9.93062805931445	0.600027271225209
1.25	9.65	5.71744931634593e-05	0.799847571380966	-0.000519924886851945	9.88263477266529	0.600022869797265
1.35	9.65	2.40181864171488e-05	0.799839324795875	-0.000519235422899143	9.83464269228348	0.600009607274567
1.45	9.65	-3.59438067873014e-05	0.799833171297955	-0.000517680052276633	9.78665251684016	0.599985622477285
1.55	9.65	-0.00012345063634412	0.799829769306675	-0.000515041997819945	9.73866501165771	0.599950619745462
1.65	9.65	-0.000233046050529528	0.799829804205899	-0.000511043586543743	9.69068084368944	0.599906781579788
1.75	9.65	-0.000351002489653294	0.799833910694415	-0.000505330598133296	9.64270034693424	0.599859599004139
1.85	9.65	-0.000453978834428842	0.799842574222642	-0.000497457749761153	9.59472323390924	0.599818408466228
1.95	9.65	-0.000509025563439354	0.799856015355085	-0.000486870854728177	9.54674828696366	0.599796389774624
2.05	9.65	-0.000475760151330397	0.79987404949554	-0.000472876140460075	9.4987730838481	0.599809695939468
2.15	9.65	-0.000312478931489472	0.799895811397621	-0.000454565916699763	9.45079384488946	0.599875008427404
2.25	9.65	9.33485734568022e-06	0.799926923036886	-0.000430317058290395	9.40280558253745	0.600003733942938
2.35	9.65	0.00053934946390086	0.799968579363526	-0.00039937016621044	9.35480201675939	0.60021573978556
2.45	9.65	0.00135359344991775	0.800019480575083	-0.000361520749739029	9.30677483601522	0.600541437379967
2.55	9.65	0.00254019002418373	0.800080335497436	-0.000315538831798861	9.25871304701215	0.601016076009673
2.65	9.65	0.00419929662476018	0.800151946940611	-0.000260041658715538	9.21060260728141	0.601679718649904
2.75	9.65	0.00644523239795296	0.800235144954855	-0.000193651542564244	9.1624260073633	0.602578092959181
2.85	9.65	0.00940906334661189	0.800330812530852	-0.000115091894006195	9.11416177378272	0.603763625338645
2.95	9.65	0.0132418998650526	0.800439876951848	-2.33118077492033e-05	9.0657838808099	0.605296759946021
3.05	9.65	0.0181194205120821	0.800563289977098	8.23319328538642e-05	9.01726104098893	0.607247768204833
3.15	9.65	0.0242481405700204	0.8007019974918	0.0002018172194647	8.96855582659816	0.609699256228008
3.25	9.65	0.0318738951941967	0.800856877539134	0.000334109738781013	8.91962355854111	0.612749558077679
3.35	9.65	0.0412928441298496	0.801028606466924	0.000476720676510297	8.87041088705856	0.61651713765194
3.45	9.65	0.0528648802564546	0.801217388431072	0.000625180415384902	8.82085398583456	0.621145952102582
3.55	9.65	0.0670284106071952	0.801422454735433	0.000772475825699689	8.77087629956489	0.626811364242878
3.65	9.65	0.084313772110626	0.801641221444279	0.000908562387474939	8.72038584542033	0.63372550884425
3.75	9.65	0.105349737221034	0.801868025124177	0.0010201576834299	8.66927220139551	0.642139894888414
3.85	9.65	0.130853588483067	0.802092509005065	0.00109113664457953	8.61740355557295	0.652341435393227
3.95	9.65	0.161590808495878	0.802298094147542	0.00110392949782615	8.56462456569466	0.664636323398351
4.05	9.65	0.19828790714654	0.802461559772361	0.00104226063067003	8.51075626448943	0.679315162858616
4.15	9.65	0.241486078646381	0.802555318077028	0.000895210346182311	8.45559970469262	0.696594431458552
4.25	9.65	0.29134066517747	0.802553771276107	0.00066185355080973	8.39894515142006	0.716536266070988
4.35	9.65	0.347405042886157	0.802443236096289	0.000354837024136883	8.34058792820881	0.738962017154463
4.45	9.65	0.40847810332854	0.802231403292818	8.26373196731251e-07	8.280350136977	0.763391241331416
4.55	9.65	0.472613123271128	0.801949776182764	-0.000363476191732551	8.21810464288856	0.789045249308451
4.65	9.65	0.537347270235355	0.801644935829762	-0.000699031152416133	8.15379520480194	0.814938908094142
4.75	9.65	0.600112417430296	0.80136198345024	-0.000973086727847631	8.08744631319551	0.840044966972118
4.85	9.65	0.658686463768808	0.801129724440976	-0.00116538843589068	8.01915918466463	0.863474585507523
4.95	9.65	0.711519619378497	0.800955541429027	-0.0012700587219032	7.94909528189548	0.884607847751399
5.05	9.65	0.757843413031991	0.800830270810892	-0.00129346531120907	7.87745287318817	0.903137365212796
5.15	9.65	0.797580565701485	0.800737462708254	-0.00124988597530635	7.80444333379948	0.919032226280594
5.25	9.65	0.831144251004393	0.800661250570977	-0.00115693648983405	7.73027216664441	0.932457700401757
5.35	9.65	0.859220263144547	0.800590370103028	-0.00103201446852754	7.65512678416141	0.943688105257819
5.45	9.65	0.882590690848461	0.800518815529619	-0.000890156502559837	7.57917064482148	0.953036276339384
5.55	9.65	0.902018254292256	0.800444703566732	-0.000743137223021136	7.50254209001368	0.960807301716903
5.65	9.65	0.918185156475694	0.800368674107864	-0.000599417213184669	7.4253560217342	0.967274062590278
5.75	9.65	0.931670609294354	0.800292531313128	-0.000464553751281815	7.34770691829662	0.972668243717742
5.85	9.65	0.942951272419827	0.800218336451042	-0.000341790467527319	7.26967219563706	0.977180508967931
5.95	9.65	0.952412821823668	0.800147911331099	-0.00023265443931728	7.19131536612196	0.980965128729467
6.05	9.65	0.960365257433165	0.80008263086463	-0.000137476387901492	7.11268875595755	0.984146102973266
6.15	9.65	0.967057975444428	0.800023387595151	-5.58052834376368e-05	7.03383572557013	0.986823190177771
6.25	9.65	0.972692849688211	0.799970642735615	1.32811168470299e-05	6.95479242974129	0.989077139875284
6.35	9.65	0.977434825164265	0.799924510504395	7.09548699391283e-05	6.8755891906103	0.990973930065706
6.45	9.65	0.981420147158436	0.799884846668013	0.000118486888508409	6.79625156265968	0.992568058863375
6.55	9.65	0.98476259552065	0.799851327630892	0.000157148717014911	6.71680116080467	0.99390503820826
6.65	9.65	0.987558144353512	0.79982351523353	0.000188152218211276	6.63725630990268	0.995023257741405
6.75	9.65	0.989888429489975	0.799800906935723	0.000212615604914182	6.55763256097294	0.99595537179599
6.85	9.65	0.99182333764001	0.799782973048729	0.000231547204476634	6.47794310809875	0.996729335056004
6.95	9.65	0.993422960075151	0.799769183314037	0.000245840755959146	6.39819913091657	0.99736918403006
7.05	9.65	0.994739091788463	0.799759025106556	0.000256277894539422	6.31841008067565	0.997895636715385
7.15	9.65	0.995816407438912	0.799752015251708	0.000263534849299221	6.23858392273794	0.998326562975565
7.25	9.65	0.996693407527801	0.799747707086496	0.00026819136554454	6.15872734469403	0.99867736301112
7.35	9.65	0.99740320025628	0.79974569405034	0.000270740555791287	6.07884593664816	0.998961280102512
7.45	9.65	0.997974164244057	0.799745610798345	0.000271598861404399	5.99894434839042	0.999189665697623
7.55	9.65	0.998430522851266	0.799747132591722	0.000271115631216317	5.91902642690811	0.999372209140506
7.65	9.65	0.998792850708263	0.799749973533363	0.000269582039993259	5.83909533682547	0.999517140283305
7.75	9.65	0.999078526051958	0.799753884072165	0.000267239210367615	5.75915366578238	0.999631410420783
7.85	9.65	0.999302137721173	0.799758648088785	0.00026428549190759	5.67920351637898	0.999720855088469
7.95	9.65	0.99947585253712	0.799764079790805	0.000260882906604161	5.59924658606131	0.999790341014848
8.05	9.65	0.999609746818127	0.799770020579584	0.000257162802219494	5.51928423615827	0.999843898727251
8.15	9.65	0.999712104604456	0.799776336002067	0.000253230772214257	5.43931755116878	0.999884841841783
8.25	9.65	0.999789684543738	0.799782912862552	0.00024917090911243	5.35934738931924	0.999915873817495
8.35	9.65	0.999847957121119	0.79978965654056	0.000245049459636058	5.27937442534829	0.999939182848447
8.45	9.65	0.999891313871597	0.799796488539846	0.000240917948669476	5.19939918642047	0.999956525548639
8.55	9.65	0.999923250284445	0.799803344277739	0.000236815834693652	5.11942208201515	0.999969300113778
8.65	9.65	0.999946524230084	0.799810171112497	0.000232772755414165	5.03944342858023	0.999978609692034
8.75	9.65	0.99996329186071	0.799816926599153	0.00022881041651371	4.95946346967999	0.999985316744284
8.85	9.65	0.999975223027778	0.799823576959094	0.000224944171442988	4.87948239230337	0.999990089211111
8.95	9.65	0.999983598306489	0.799830095745798	0.000221184335392285	4.79950033993422	0.999993439322595
9.05	9.65	0.999989389714077	0.799836462688034	0.000217537271228146	4.7195174229194	0.999995755885631
9.15	9.65	0.999993327156526	0.799842662691571	0.000214006281458543	4.63953372660644	0.999997330862611
9.25	9.65	0.999995952543516	0.799848684981145	0.000210592335592895	4.55954931766039	0.999998381017406
9.35	9.65	0.999997663382545	0.799854522365556	0.000207294658954439	4.4795642489111	0.999999065353018
9.45	9.65	0.999998747510023	0.799860170610033	0.000204111205310532	4.39957856302805	0.999999499004009
9.55	9.65	0.999999410449191	0.79986562790187	0.000201039032922844	4.31959229527109	0.999999764179677
9.65	9.65	0.999999796710709	0.799870894396591	0.000198074600643217	4.23960547552186	0.999999918684284
9.75	9.65	1.00000000617903	0.799875971833575	0.000195213998295867	4.15961812976253	1.00000000247161
9.85	9.65	1.00000010656195	0.79988086321137	0.000192453123585181	4.07963028113565	1.00000004262478
9.95	9.65	1.00000014272649	0.799885572514363	0.000189787815636235	3.99964195069123	1.0000000570906
10.05	9.65	1.00000014360379	0.799890104483355	0.000187213953701416	3.91965315790402	1.00000005744152
10.15	9.65	1.00000012722149	0.799894464423897	0.000184727528265291	3.83966392102465	1.0000000508886
10.25	9.65	1.00000010431332	0.799898658046793	0.000182324690295059	3.75967425731317	1.00000004172533
10.35	9.65	1.00000008086328	0.799902691336164	0.000180001783482103	3.67968418319121	1.00000003234531
10.45	9.65	1.00000005986412	0.799906570441065	0.000177755363476398	3.59969371433911	1.00000002394565
10.55	9.65	1.00000004250569	0.799910301587023	0.000175582207109267	3.51970286575719	1.00000001700228
10.65	9.65	1.00000002895703	0.799913891004674	0.000173479314312337	3.43971165180455	1.00000001158281
10.75	9.65	1.00000001886451	0.799917344872736	0.000171443904608732	3.35972008622458	1.0000000075458
10.85	9.65	1.00000001165602	0.799920669273195	0.000169473409847112	3.27972818216329	1.00000000466241
10.95	9.65	1.00000000671602	0.799923870156677	0.000167565464330557	3.19973595218431	1.00000000268641
11.05	9.65	1.00000000347734	0.799926953316415	0.000165717893367694	3.11974340828291	1.00000000139094
11.15	9.65	1.00000000146143	0.799929924369312	0.000163928700883697	3.03975056190041	1.00000000058457
11.25	9.65	1.00000000028852	0.799932788742921	0.000162196056733467	2.95975742393936	1.00000000011541
11.35	9.65	0.999999999671487	0.799935551667233	0.000160518283970905	2.87976400477986	0.999999999868595
11.45	9.65	0.999999999402407	0.79993821817043	0.000158893846512699	2.79977031429688	0.999999999760963
11.55	9.65	0.999999999336857	0.799940793077783	0.000157321337255092	2.71977636187822	0.999999999734743
11.65	9.65	0.999999999378983	0.799943281013114	0.00015579946691117	2.63978215644306	0.999999999751593
11.75	9.65	0.999999999468691	0.79994568640219	0.000154327053485448	2.5597877064606	0.999999999787476
11.85	9.65	0.999999999571419	0.799948013477656	0.000152903012592175	2.47979301996873	0.999999999828568
11.95	9.65	0.999999999670411	0.799950266285155	0.000151526348542123	2.39979810459238	0.999999999868164
12.05	9.65	0.999999999761046	0.799952448690201	0.000150196146170478	2.31980296756141	0.999999999904418
12.15	9.65	0.99999999984658	0.799954564385695	0.000148911563418203	2.23980761572797	0.999999999938632
12.25	9.65	0.999999999934533	0.799956616899741	0.00014767182456353	2.15981205558316	0.999999999973813
12.35	9.65	1.00000000003287	0.799958609603726	0.000146476214069955	2.07981629327307	1.00000000001315
12.45	9.65	1.00000000014522	0.799960545720469	0.000145324070890507	1.99982033461406	1.00000000005809
12.55	9.65	1.00000000026472	0.799962428332379	0.000144214783143114	1.91982418510745	1.00000000010589
12.65	9.65	1.00000000036659	0.799964260389581	0.000143147783075287	1.83982784995359	1.00000000014664
12.75	9.65	1.00000000040082	0.799966044718021	0.000142122542232419	1.7598313340654	1.00000000016033
12.85	9.65	1.00000000028801	0.799967784027494	0.000141138566903617	1.67983464208129	1.0000000001152
12.95	9.65	0.99999999992336	0.799969480919568	0.000140195394063467	1.59983777837735	0.999999999969344
13.05	9.65	0.999999999196278	0.79997113789533	0.000139292588251217	1.51984074707843	0.999999999678511
13.15	9.65	0.999999998033659	0.799972757362778	0.00013842974014582	1.43984355206751	0.999999999213464
13.25	9.65	0.999999996474041	0.799974341643392	0.000137606467755213	1.35984619699258	0.999999998589616
13.35	9.65	0.99999999477337	0.79997589297747	0.000136822421246289	1.27984868526991	0.999999997909348
13.45	9.65	0.999999993530087	0.799977413527483	0.000136077292089002	1.19985102008309	0.999999997412035
13.55	9.65	0.999999993794878	0.799978905378777	0.000135370826175087	1.11985320437766	0.999999997517951
13.65	9.65	0.999999997099043	0.799980370537302	0.000134702838644343	1.03985524085295	0.999999998839617
13.75	9.65	1.00000000529903	0.79998181092481	0.000134073225232971	0.959857131955368	1.00000000211961
13.85	9.65	1.000000020104	0.799983228373536	0.000133481960907743	0.879858879881145	1.0000000080416
13.95	9.65	1.00000004214857	0.799984624624724	0.000132929072495011	0.799860486600918	1.00000001685943
14.05	9.65	1.00000006952511	0.799986001338286	0.000132414569027083	0.719861953922118	1.00000002781004
14.15	9.65	1.00000009583796	0.79998736012386	0.000131938314571678	0.639863283605551	1.00000003833518
14.25	9.65	1.00000010812601	0.799988702605158	0.00013149983678428	0.559864477546105	1.0000000432504
14.35	9.65	1.00000008544176	0.799990030527523	0.000131098084814462	0.479865538009418	1.0000000341767
14.45	9.65	0.999999999450264	0.799991345910095	0.000130731186292615	0.399866467882013	0.999999999780106
14.55	9.65	0.999999819009136	0.799992651225312	0.000130396305952656	0.319867270839211	0.999999927603654
14.65	9.65	0.999999521066548	0.799993949557231	0.000130089773336057	0.239867951266243	0.999999808426619
14.75	9.65	0.999999109953881	0.799995244839258	0.000129807708645221	0.159868513697041	0.999999643981552
14.85	9.65	0.999998645667978	0.799996748117053	0.000129547420685713	0.0798689614527976	0.999999458267191
14.95	9.65	0.999998278350356	0.399997250782984	0.000129349137581004	-0.000130747288368029	0.999999311340142
0.05	9.75	-4.53781294501393e-06	0.39999310040454	-0.000495593753610145	10.4586135217303	0.599998184874822
0.15	9.75	-5.14183768380869e-06	0.799979623464116	-0.000495944307310346	10.4106144948896	0.599997943264926
0.25	9.75	-5.59514900135492e-06	0.799966224982721	-0.000496625511932927	10.3626162959848	0.5999977619404
0.35	9.75	-5.15748489006577e-06	0.79995291484898	-0.000497609335285627	10.3146189059676	0.599997937006044
0.45	9.75	-3.04553010031589e-06	0.799939757669341	-0.000498859761819811	10.2666222762646	0.59999878178796
0.55	9.75	1.52314315309038e-06	0.799926798706823	-0.00050033066652389	10.2186263299492	0.600000609257261
0.65	9.75	9.20215496562367e-06	0.799914090836741	-0.000501967810385949	10.1706309629509	0.600003680861986
0.75	9.75	2.03136890987061e-05	0.799901698475415	-0.000503716264695682	10.1226360501781	0.600008125475639
0.85	9.75	3.45731388533859e-05	0.799889690427414	-0.000505539515032549	10.0746414592221	0.600013829255541
0.95	9.75	5.07924984689529e-05	0.79987784240197	-0.000507405479411656	10.0266470749563	0.600020316999388
1.05	9.75	6.42585516012186e-05	0.799866588671818	-0.000509203475660401	9.97865286791619	0.60002570342064
1.15	9.75	6.86319580478381e-05	0.799856303316307	-0.000510802536036301	9.93065897246071	0.600027452783219
1.25	9.75	5.69720758063201e-05	0.799847394006301	-0.000512119976347141	9.88266571986909	0.600022788830323
1.35	9.75	2.26473968587145e-05	0.799840408657113	-0.000513066035143871	9.83467363967052	0.600009058958743
1.45	9.75	-3.91232838093885e-05	0.799836026235858	-0.000513527831303305	9.78668342169455	0.599984350686476
1.55	9.75	-0.000129206383482971	0.799835024019212	-0.000513352640085144	9.73869581990844	0.599948317446607
1.65	9.75	-0.000242272138746608	0.799838224842859	-0.000512327172595769	9.69071148632551	0.599903091144501
1.75	9.75	-0.000364729719352732	0.799846425573859	-0.000510154850034168	9.64273073521943	0.599854108112259
1.85	9.75	-0.000473421910993532	0.799860309571967	-0.000506435284579327	9.59475325348913	0.599810631235603
1.95	9.75	-0.000535712845520735	0.799880338678546	-0.000500658521273374	9.54677779179478	0.599785714861792
2.05	9.75	-0.000511717113693509	0.79990660971415	-0.000492244861994663	9.49880189335458	0.599795313154523
2.15	9.75	-0.000359544238151461	0.799938857100928	-0.000480600517478564	9.45082174471512	0.599856182304739
2.25	9.75	-4.31697164567148e-05	0.799978881776141	-0.00046434147775923	9.4028322395898	0.599982732113417
2.35	9.75	0.000470837141914344	0.800035502117254	-0.000442469485518009	9.35482704170656	0.600188334856766
2.45	9.75	0.00126519110579986	0.800104074272499	-0.000414462532909095	9.30679784443796	0.60050607644232
2.55	9.75	0.00242779548915961	0.800186165447224	-0.000379078926576356	9.25873357004672	0.600971118195664
2.65	9.75	0.0040576023976412	0.800283206321423	-0.000335024205772793	9.21062008953377	0.601623040959056
2.75	9.75	0.00626748187079935	0.800396738058214	-0.000280967622692823	9.16243980682316	0.60250699274832
2.85	9.75	0.00918677849792189	0.800528413410628	-0.000215596310138377	9.11417116322381	0.603674711399169
2.95	9.75	0.0129644927306182	0.800679970403966	-0.000137734802880841	9.06578805505843	0.605185797092247
3.05	9.75	0.0177736854229795	0.800853192421639	-4.65238358278933e-05	9.01725913402584	0.607109474169192
3.15	9.75	0.0238176264156233	0.801049841292489	5.83331546596135e-05	8.96854694297509	0.609527050566249
3.25	9.75	0.0313381603328939	0.801271535787944	0.000176242114332713	8.91960682462747	0.612535264133158
3.35	9.75	0.0406266154431945	0.801519530364785	0.000305300171372914	8.8703855286388	0.616250646177278
3.45	9.75	0.052037181553957	0.801794324879803	0.000441794568042945	8.8208194389537	0.620814872621583
3.55	9.75	0.0660018081357664	0.802095008921961	0.000579659787358437	8.77083236033499	0.626400723254307
3.65	9.75	0.0830440237452406	0.802418230412634	0.000709992937561733	8.72033286024386	0.633217609498096
3.75	9.75	0.103786338918944	0.802756716541789	0.000820816257022006	8.66921128963245	0.641514535567578
3.85	9.75	0.128941969964729	0.803097437862252	0.000897383193677281	8.61733683984186	0.651576787985892
3.95	9.75	0.159277149809535	0.80341988327566	0.000923404532345659	8.5645553598692	0.663710859923814
4.05	9.75	0.19552750677009	0.803695525866818	0.000883522747148874	8.51068913955928	0.678211002708036
4.15	9.75	0.238255529054964	0.803890158596447	0.000767045023627225	8.45554033021653	0.695302211621985
4.25	9.75	0.287652412280158	0.803970633286186	0.000572277020359354	8.3988998185683	0.715060964912063
4.35	9.75	0.343320326534837	0.803915655133786	0.000309957534909771	8.34056272690298	0.737328130613935
4.45	9.75	0.404112032781443	0.803726644734813	3.85163375291719e-06	8.28034989318297	0.761644813112577
4.55	9.75	0.468126088253581	0.803431804179529	-0.000312777227894868	8.2181318809303	0.787250435301432
4.65	9.75	0.53292171868352	0.803078524654617	-0.000604240186681622	8.15384948572297	0.813168687473408
4.75	9.75	0.595921498158803	0.802716785511976	-0.000840477178838951	8.08752421902257	0.838368599263521
4.85	9.75	0.654865876427342	0.802383043493608	-0.00100293301949326	8.01925497637027	0.861946350570937
4.95	9.75	0.708152141569136	0.802093246381656	-0.00108638691981634	7.94920199186891	0.883260856627654
5.05	9.75	0.754958571205046	0.801846142050891	-0.00109698212114578	7.87756346286164	0.901983428482018
5.15	9.75	0.795165274645821	0.801631684325791	-0.001048150822925	7.80455160547882	0.918066109858328
5.25	9.75	0.829157760410223	0.801438685652296	-0.000956309470133013	7.73037328654647	0.931663104164089
5.35	9.75	0.857608089388581	0.801258981941816	-0.000837525481960457	7.65521743482699	0.943043235755432
5.45	9.75	0.881294949299638	0.801088371089506	-0.000705534489072694	7.57924891403143	0.952517979719855
5.55	9.75	0.900984035512872	0.800925777100797	-0.000570938463417017	7.50260721955626	0.960393614205149
5.65	9.75	0.917363724242117	0.800771922897272	-0.000441202983315224	7.42540811377021	0.966945489696847
5.75	9.75	0.931020477090459	0.800628201177709	-0.000321081715415459	7.34774665983078	0.972408190836184
5.85	9.75	0.942438063011162	0.800495951703887	-0.000213197287570247	7.26970062974512	0.976975225204465
5.95	9.75	0.952008539745373	0.800376105673565	-0.000118617447193547	7.19133371739947	0.980803415898149
6.05	9.75	0.960047355947619	0.800269080451125	-3.73494501775697e-05	7.11269830616659	0.984018942379048
6.15	9.75	0.966808422146436	0.800174813920868	3.12714486296602e-05	7.03383773068188	0.986723368858575
6.25	9.75	0.972497284487173	0.80009285993784	8.82953748571645e-05	6.95478806867255	0.988998913794869
6.35	9.75	0.977281842523355	0.80002249817927	0.000134957047417872	6.87557953692305	0.990912737009342
6.45	9.75	0.981300703315562	0.799962834850555	0.000172541866713649	6.79623757213293	0.992520281326225
6.55	9.75	0.984669527852697	0.799912884982078	0.000202301375806205	6.71678366947672	0.993867811141079
6.65	9.75	0.987485785738272	0.799871634772846	0.000225403683781403	6.63723603865048	0.994994314295309
6.75	9.75	0.98983230063262	0.799838086013792	0.000242907761659376	6.55761012386627	0.995932920253048
6.85	9.75	0.991779902259165	0.799811285871491	0.000255753458427635	6.4779190226514	0.996711960903666
6.95	9.75	0.993389430285872	0.799790345393966	0.000264761444609542	6.39817382900027	0.997355772114349
7.05	9.75	0.994713273384109	0.799774449683197	0.000270639083221197	6.31838391931755	0.997885309353644
7.15	9.75	0.995796576835676	0.799762862116845	0.000273989536727328	6.23855719433692	0.99831863073427
7.25	9.75	0.99667821384058	0.799754924456768	0.000275322348424811	6.15870028640286	0.998671285536232
7.35	9.75	0.997391587345422	0.799750054219059	0.000275064382669125	6.07881873880806	0.998956634938169
7.45	9.75	0.99796530865798	0.799747740311607	0.000273570447030082	5.99891716199354	0.999186123463192
7.55	9.75	0.998423784442771	0.799747537663587	0.000271133213596307	5.9189993701179	0.999369513777108
7.65	9.75	0.998787733370482	0.799749061360322	0.000267992247102407	5.8390685006162	0.999515093348193
7.75	9.75	0.999074646543295	0.799751980641573	0.000264342069559782	5.75912711877512	0.999629858617318
7.85	9.75	0.999299200959674	0.799756013007382	0.000260339265840942	5.67917730895712	0.99971968038387
7.95	9.75	0.999473632068606	0.799760918592786	0.000256108677490644	5.59922075384915	0.999789452827442
8.05	9.75	0.999608069418907	0.799766494911759	0.000251748755258537	5.519258802942	0.999843227767563
8.15	9.75	0.999710838183466	0.799772572027144	0.000247336151423892	5.43929253133386	0.999884335273386
8.25	9.75	0.999788728672106	0.799779008171553	0.000242929634215383	5.35932278987121	0.999915491468842
8.35	9.75	0.999847235648268	0.799785685821792	0.000238573405021227	5.27935024757731	0.999938894259307
8.45	9.75	0.99989076919276	0.799792508213353	0.000234299893286963	5.19937542726288	0.999956307677104
8.55	9.75	0.999922838910079	0.799799396271521	0.00023013209821215	5.11939873515891	0.999969135564032
8.65	9.75	0.999946213377136	0.799806285928809	0.000226085539236773	5.0394204853552	0.999978485350855
8.75	9.75	0.999963056842057	0.799813125795038	0.00022216987070564	4.95944091976839	0.999985222736823
8.85	9.75	0.999975045261936	0.799819875144955	0.000218390210086644	4.879460224301	0.999990018104775
8.95	9.75	0.999983463806754	0.799826502188705	0.000214748222465935	4.79947854178847	0.999993385522702
9.05	9.75	0.999989287946199	0.799832982591797	0.000211242999672444	4.71949598226634	0.99999571517848
9.15	9.75	0.999993250178123	0.799839298213384	0.000207871766408049	4.63951263102585	0.999997300071249
9.25	9.75	0.999995894357698	0.799845436034221	0.000204630442256915	4.55952855486451	0.999998357743079
9.35	9.75	0.999997619453583	0.799851387248661	0.000201514084005057	4.47954380688035	0.999999047781433
9.45	9.75	0.99999871440099	0.79985714649749	0.000198517229274535	4.39955843010485	0.999999485760396
9.55	9.75	0.999999385551036	0.799862711221625	0.000195634159621592	4.31957246022075	0.999999754220414
9.65	9.75	0.999999778039636	0.799868081118758	0.000192859098116666	4.23958592756805	0.999999911215854
9.75	9.75	0.999999992224757	0.799873257688034	0.00019018635440264	4.1595988586034	0.999999996889903
9.85	9.75	1.00000009617383	0.799878243849184	0.000187610427798096	4.07961127694548	1.00000003846953
9.95	9.75	1.00000013502775	0.799883043625093	0.000185126077399128	3.99962320411158	1.0000000540111
10.05	9.75	1.00000013792674	0.799887661878095	0.000182728366653105	3.91963466002738	1.00000005517069
10.15	9.75	1.00000012305833	0.799892104091709	0.000180412688062826	3.83964566337307	1.00000004922333
10.25	9.75	1.00000010127872	0.799896376190834	0.000178174773260696	3.75965623181383	1.00000004051149
10.35	9.75	1.00000007866568	0.799900484394475	0.000176010691994307	3.67966638215022	1.00000003146627
10.45	9.75	1.00000005828375	0.799904435095845	0.000173916843412754	3.59967613041469	1.0000000233135
10.55	9.75	1.00000004137764	0.799908234765561	0.000171889941844055	3.51968549193308	1.00000001655105
10.65	9.75	1.00000002815819	0.799911889874271	0.000169926999142807	3.43969448136409	1.00000001126328
10.75	9.75	1.00000001830354	0.799915406831482	0.000168025304857316	3.35970311272595	1.00000000732142
10.85	9.75	1.00000001126559	0.799918791937999	0.000166182405541565	3.27971139941607	1.00000000450623
10.95	9.75	1.00000000644683	0.799922051349715	0.000164396083731013	3.1997193542276	1.00000000257873
11.05	9.75	1.00000000329359	0.799925191050685	0.000162664337447451	3.11972698936505	1.00000000131744
11.15	9.75	1.00000000133731	0.799928216833961	0.00016098536039551	3.0397343164602	1.00000000053492
11.25	9.75	1.00000000020555	0.79993113428877	0.00015935752324085	2.95974134658896	1.00000000008222
11.35	9.75	0.999999999616548	0.79993394879277	0.000157779356130476	2.87974809028913	0.999999999846619
11.45	9.75	0.999999999366222	0.799936665508501	0.000156249532477791	2.79975455757913	0.999999999746489
11.55	9.75	0.999999999312907	0.79993928938309	0.000154766854104037	2.71976075797734	0.999999999725163
11.65	9.75	0.999999999362735	0.799941825150586	0.000153330237681417	2.63976670052186	0.999999999745094
11.75	9.75	0.999999999457083	0.79994427733626	0.000151938702457347	2.55977239379029	0.999999999782833
11.85	9.75	0.999999999562572	0.799946650262489	0.000150591359242979	2.47977784591945	0.999999999825029
11.95	9.75	0.999999999663507	0.799948948055699	0.00014928740045174	2.39978306462464	0.999999999865403
12.05	9.75	0.999999999756321	0.799951174654106	0.000148026091331944	2.31978805721842	0.999999999902529
12.15	9.75	0.999999999845364	0.799953333816027	0.000146806762046186	2.23979283062872	0.999999999938145
12.25	9.75	0.999999999939182	0.799955429128436	0.000145628800711104	2.1597973914162	0.999999999975673
12.35	9.75	1.00000000004644	0.799957464015754	0.000144491647100166	2.07980174579086	1.00000000001858
12.45	9.75	1.00000000017068	0.799959441748569	0.000143394786975271	1.99980589962796	1.00000000006827
12.55	9.75	1.00000000030342	0.799961365452437	0.000142337746897871	1.9198098584832	1.00000000012137
12.65	9.75	1.00000000041593	0.799963238116541	0.000141320089344123	1.83981362760732	1.00000000016637
12.75	9.75	1.0000000004512	0.799965062602286	0.000140341408130178	1.75981721196006	1.00000000018048
12.85	9.75	1.00000000031944	0.799966841651801	0.000139401324116911	1.67982061622356	1.00000000012778
12.95	9.75	0.99999999990311	0.79996857789634	0.000138499481438342	1.59982384481492	0.999999999961244
13.05	9.75	0.999999999079173	0.799970273864412	0.000137635544703898	1.51982690189761	0.999999999631669
13.15	9.75	0.999999997768129	0.799971931989529	0.000136809197850786	1.43982979139094	0.999999999107252
13.25	9.75	0.999999996017082	0.799973554617035	0.00013602014559904	1.35983251697681	0.999999998406833
13.35	9.75	0.999999994117572	0.799975144009523	0.000135268118516826	1.27983508210251	0.999999997647029
13.45	9.75	0.999999992743917	0.799976702350067	0.00013455288232806	1.19983748997882	0.999999997097567
13.55	9.75	0.999999993073075	0.799978231742516	0.000133874251131446	1.11983974357329	0.99999999722923
13.65	9.75	0.999999996812393	0.799979734208501	0.000133232102319031	1.03984184560068	0.999999998724957
13.75	9.75	1.00000000602173	0.799981211681744	0.000132626387969711	0.959843798515011	1.00000000240869
13.85	9.75	1.00000002258347	0.799982666001866	0.000132057133722739	0.879845604512508	1.00000000903339
13.95	9.75	1.00000004717	0.799984098912631	0.000131524411868174	0.799847265558876	1.000000018868
14.05	9.75	1.0000000776177	0.799985512072611	0.000131028272689953	0.719848783458615	1.00000003104708
14.15	9.75	1.00000010678142	0.799986907089636	0.00013056861895711	0.639850159984249	1.00000004271257
14.25	9.75	1.00000012025733	0.799988285591988	0.000130145016973916	0.559851397076066	1.00000004810293
14.35	9.75	1.00000009484778	0.799989649346987	0.000129756457686768	0.479852497102839	1.00000003793911
14.45	9.75	0.99999999927036	0.799991000428212	0.000129401116974442	0.399853463136103	0.999999999708144
14.55	9.75	0.999999799262071	0.799992341411806	0.000129076216470068	0.319854299132063	0.999999919704828
14.65	9.75	0.999999469628287	0.799993675548136	0.000128778150163652	0.239855009839941	0.999999787851315
14.75	9.75	0.999999015482291	0.799995007007959	0.000128503102820499	0.159855600178433	0.999999606192917
14.85	9.75	0.999998503277324	0.799996566680868	0.000128248430129061	0.0798560737352109	0.999999401310929
14.95	9.75	0.999998098508698	0.399997031686945	0.000128053826761388	-0.000143615321561568	0.999999239403479
0.05	9.85	-4.55108652765845e-06	0.399992918623312	-0.000481809933015671	10.4586428497686	0.599998179565389
0.15	9.85	-5.12999131469646e-06	0.799979071301704	-0.000482201644656342	10.4106438451664	0.599997948003474
0.25	9.85	-5.52587940358308e-06	0.799965304141263	-0.000482964625961413	10.3626456895245	0.599997789648239
0.35	9.85	-4.99034699569634e-06	0.799951631610444	-0.000484078001865825	10.3146483623125	0.599998003861202
0.45	9.85	-2.73484800679096e-06	0.799938122494381	-0.00048551653820846	10.2666518130971	0.599998906060797
0.55	9.85	2.02044775822459e-06	0.799924829783124	-0.00048725011107059	10.2186559626336	0.600000808179103
0.65	9.85	9.91307250595581e-06	0.799911817581172	-0.000489247042053089	10.1706607042311	0.600003965229002
0.75	9.85	2.12305666868542e-05	0.79989916708706	-0.000491478764803227	10.1226659101626	0.600008492226675
0.85	9.85	3.56232409472426e-05	0.799886965816298	-0.000493921777059941	10.0746714456019	0.600014249296379
0.95	9.85	5.16229992062726e-05	0.799875157115575	-0.000496551751378726	10.0266771947064	0.600020649199682
1.05	9.85	6.50518614088615e-05	0.799863939925017	-0.000499331457923365	9.97868312339963	0.600026020744563
1.15	9.85	6.91572909463706e-05	0.799853898849998	-0.000502216164389385	9.9306893593132	0.600027662916379
1.25	9.85	5.68656120372531e-05	0.799845488291221	-0.0005051700202335	9.88269623028905	0.600022746244815
1.35	9.85	2.14279912698121e-05	0.799839330945743	-0.00050816400424305	9.83470426203262	0.600008571196508
1.45	9.85	-4.20563634365954e-05	0.79983619609355	-0.000511159169057332	9.78671413947109	0.599983177454625
1.55	9.85	-0.000134568190599862	0.79983696806628	-0.000514084857477162	9.73872660957	0.59994617272376
1.65	9.85	-0.000250884400258232	0.799842595724741	-0.000516814553774772	9.69074231392564	0.599899646239897
1.75	9.85	-0.000377521537710445	0.799854025290776	-0.000519140541395295	9.64276155153981	0.599848991384916
1.85	9.85	-0.000491455015875705	0.799872118355157	-0.000520749466353126	9.59478398787583	0.59980341799365
1.95	9.85	-0.000560251847783092	0.799897545145258	-0.000521203094336948	9.54680834544673	0.599775899260887
2.05	9.85	-0.000544345118442179	0.799930637317071	-0.000519933649781034	9.498832134002	0.599782261952623
2.15	9.85	-0.000402186498574516	0.799971418295601	-0.00051630221132716	9.45085150405412	0.59983912540057
2.25	9.85	-9.75415932413597e-05	0.800021801719934	-0.000510157974824767	9.40286130284235	0.599960983362703
2.35	9.85	0.000402827609382516	0.800090871316123	-0.000500450054592238	9.35485513070044	0.600161131043753
2.45	9.85	0.00118045282865715	0.80017461829547	-0.000485522985887782	9.30682461441074	0.600472181131463
2.55	9.85	0.0023222218164433	0.800275176885346	-0.000464489437916077	9.2587586110566	0.600928888726577
2.65	9.85	0.00392602335023854	0.800394636048594	-0.000436316151568144	9.21064291989066	0.601570409340095
2.75	9.85	0.00610348748647861	0.800535255070423	-0.000399788884286882	9.16245986531375	0.602441394994591
2.85	9.85	0.0089824281804189	0.800699454197049	-0.000353605506220407	9.11418780475599	0.603592971272168
2.95	9.85	0.0127099210073442	0.800889784451576	-0.000296502713380499	9.06580055281089	0.605083968402938
3.05	9.85	0.0174566096984418	0.801108873261502	-0.000227417297233296	9.01726669097966	0.606982643879377
3.15	9.85	0.0234227558418154	0.801359323979555	-0.000145698531499764	8.96854871645641	0.609369102336726
3.25	9.85	0.030846508369726	0.801643536605291	-5.13887141092165e-05	8.91960196863174	0.61233860334789
3.35	9.85	0.0400147369628499	0.801963399939608	5.44170211681024e-05	8.87037325977312	0.61600589478514
3.45	9.85	0.0512763956668153	0.802319781392568	0.000169134715240541	8.82079913231479	0.620510558266726
3.55	9.85	0.0650575423384198	0.802711715041715	0.000288210723995383	8.77080368071891	0.626023016935368
3.65	9.85	0.0818755386732646	0.80313517845783	0.000404676724215836	8.72029593043865	0.632750215469306
3.75	9.85	0.102347276326733	0.803581394316346	0.000508896381269552	8.66916688931676	0.640938910530693
3.85	9.85	0.127182394870697	0.804034766398188	0.000588752057069509	8.61728661380356	0.650872957948279
3.95	9.85	0.157147952205467	0.804470952100804	0.000630592687092117	8.56450199202342	0.662859180882187
4.05	9.85	0.192987993683731	0.804856209381177	0.000621233406804566	8.51063642258188	0.677195197473492
4.15	9.85	0.235284443407615	0.805149792218743	0.000551043398833714	8.4554930401451	0.694113777363046
4.25	9.85	0.284261124936887	0.805311070878362	0.000417604527141006	8.3988633099124	0.713704449974755
4.35	9.85	0.339564636557584	0.805311187821385	0.000228704455256621	8.34054222122283	0.735825854623033
4.45	9.85	0.400096953663495	0.805145299554717	3.01692045937122e-06	8.2803495513703	0.760038781465398
4.55	9.85	0.463998301694952	0.804838244716056	-0.000232671039489748	8.21815389081249	0.785599320677981
4.65	9.85	0.528848638613098	0.804438094337395	-0.000449283261663372	8.15389347577834	0.811539455445239
4.75	9.85	0.592062661796867	0.803999550240295	-0.000622213427478576	8.08758724028219	0.836825064718747
4.85	9.85	0.651346952726736	0.803566601038813	-0.000736327292866244	8.01933208072346	0.860538781090694
4.95	9.85	0.705050358584393	0.803163711943834	-0.000787564710786715	7.94928719568814	0.882020143433757
5.05	9.85	0.752302051312775	0.802797555099373	-0.000781302876736221	7.87765076632894	0.90092082052511
5.15	9.85	0.792942601336105	0.802464520955843	-0.000728911853710769	7.80463578936917	0.917177040534442
5.25	9.85	0.827331679638554	0.802158115288697	-0.000644112415896423	7.73045035953303	0.930932671855422
5.35	9.85	0.856128392465773	0.80187325087007	-0.000540172777631449	7.65528474996755	0.942451356986309
5.45	9.85	0.880108087505741	0.801607469198904	-0.000428268531697967	7.57930505295657	0.952043235002296
5.55	9.85	0.90003909051022	0.801360417316561	-0.000316853320278846	7.50265175644271	0.960015636204088
5.65	9.85	0.91661542987096	0.801132808065411	-0.000211705317183323	7.42544134690007	0.966646171948384
5.75	9.85	0.930430261922685	0.800925533493296	-0.00011632632524407	7.34776936413473	0.972172104769074
5.85	9.85	0.94197395051472	0.80073913485691	-3.24608378370427e-05	7.26971385469239	0.976789580205888
5.95	9.85	0.951644491766011	0.800573591909304	3.94009035314546e-05	7.19133863558517	0.980657796706405
6.05	9.85	0.959762416132644	0.800428320559892	9.9598707684945e-05	7.11269610787699	0.983904966453058
6.15	9.85	0.966585851467601	0.800302275805599	0.000148974617628988	7.03382955574527	0.98663434058704
6.25	9.85	0.972323778199576	0.800194089329089	0.000188635464170647	6.95477496638752	0.98892951127983
6.35	9.85	0.977146860008117	0.800102202257085	0.000219790209985991	6.87556244595466	0.990858744003247
6.45	9.85	0.981195912839849	0.800024975487583	0.000243644653032366	6.79621731389908	0.99247836513594
6.55	9.85	0.984588355250267	0.799960772930045	0.000261337804578133	6.71676095016379	0.993835342100107
6.65	9.85	0.987423051660266	0.799908019491771	0.000273907252146084	6.63721145637499	0.994969220664106
6.75	9.85	0.989783930857985	0.799865238208353	0.000282273884993515	6.55758417857995	0.995913572343194
6.85	9.85	0.991742697159313	0.799831071385697	0.000287239006453331	6.47789212719248	0.996697078863725
6.95	9.85	0.993360881687459	0.799804290132169	0.000289488950900061	6.39814632027158	0.997344352674983
7.05	9.85	0.994691419200929	0.799783795842508	0.000289603890601387	6.3183560689751	0.997876567680371
7.15	9.85	0.995779885720562	0.799768616360632	0.000288068648804784	6.23852921864555	0.998311954288225
7.25	9.85	0.996665493680107	0.799757898825499	0.000285284129407456	6.15867235509611	0.998666197472043
7.35	9.85	0.997381912695755	0.799750900627619	0.000281578516218069	6.07879098290475	0.998952765078302
7.45	9.85	0.9979579632384	0.799746979467304	0.000277217759448046	5.9988896805944	0.99918318529536
7.55	9.85	0.998418215609082	0.799745583185464	0.000272415104275112	5.91897223624614	0.999367286243633
7.65	9.85	0.998783516125563	0.799746239807239	0.000267339567990673	5.83904176618708	0.999513406450225
7.75	9.85	0.999071455142212	0.79974854807705	0.0002621233644247	5.7591008187877	0.999628582056885
7.85	9.85	0.999296786561176	0.799752168649725	0.00025686832803922	5.67915146500203	0.99971871462447
7.95	9.85	0.99947180519667	0.79975681602354	0.000251651418450081	5.59919537702162	0.999788722078668
8.05	9.85	0.999606686245376	0.79976225124782	0.000246529398160775	5.51923389624301	0.99984267449815
8.15	9.85	0.999709789839898	0.799768275400479	0.000241542778624988	5.4392680916341	0.999883915935959
8.25	9.85	0.999787932956501	0.799774723807183	0.00023671912682149	5.35929880950446	0.9999151731826
8.35	9.85	0.999846630618811	0.799781460958489	0.000232075817420949	5.27932671562173	0.999938652247524
8.45	9.85	0.999890308242514	0.799788376071841	0.000227622308432486	5.19935233056125	0.999956123297006
8.55	9.85	0.999922486998687	0.799795379241092	0.000223362009463181	5.11937605912185	0.999968994799475
8.65	9.85	0.99994594416192	0.799802398114518	0.000219293803929075	5.03939821458528	0.999978377664768
8.75	9.85	0.99996285050449	0.799809375043658	0.000215413278940115	4.95941903853738	0.999985140201796
8.85	9.85	0.999974886868627	0.799816264647217	0.00021171370956149	4.87943871690769	0.999989954747451
8.95	9.85	0.999983342078873	0.799823031738558	0.000208186837894862	4.79945739282017	0.999993336831549
9.05	9.85	0.999989194339089	0.799829649568948	0.000204823481978752	4.71947517678345	0.999995677735636
9.15	9.85	0.999993178195062	0.799836098343623	0.000201614004409293	4.63949215468555	0.999997271278025
9.25	9.85	0.999995839039385	0.799842363972031	0.000198548666175613	4.55950839399711	0.999998335615754
9.35	9.85	0.999997576998758	0.799848437018431	0.000195617887525417	4.47952394852907	0.999999030799503
9.45	9.85	0.999998681884447	0.79985431182287	0.000192812434125737	4.39953886203806	0.999999472753779
9.55	9.85	0.999999360713676	0.799859985766925	0.000190123543848152	4.31955317092393	0.99999974428547
9.65	9.85	0.999999759131643	0.799865458661712	0.000187543007126539	4.23956690622117	0.999999903652657
9.75	9.85	0.999999977887902	0.799870732239294	0.000185063211327896	4.1595800950483	0.999999991155161
9.85	9.85	1.0000000853526	0.79987580973111	0.000182677157872452	4.07959276164687	1.00000003414104
9.95	9.85	1.00000012690175	0.799880695519521	0.000180378459237379	3.99960492811436	1.0000000507607
10.05	9.85	1.0000001318589	0.799885394850999	0.000178161321284318	3.91961661491238	1.00000005274356
10.15	9.85	1.00000011855492	0.799889913600792	0.000176020515677341	3.83962784121275	1.00000004742197
10.25	9.85	1.00000009795818	0.799894258080938	0.000173951345676478	3.75963862512909	1.00000003918327
10.35	9.85	1.00000007623429	0.799898434884381	0.000171949608207944	3.67964898386898	1.00000003049372
10.45	9.85	1.00000005651648	0.799902450759435	0.00017001155414183	3.59965893383291	1.00000002260659
10.55	9.85	1.00000004010299	0.799906312509456	0.000168133848395829	3.51966849067831	1.0000000160412
10.65	9.85	1.00000002724629	0.799910026913487	0.000166313530886185	3.43967766936195	1.00000001089852
10.75	9.85	1.0000000176567	0.799913600664455	0.000164547979191147	3.35968648416931	1.00000000706268
10.85	9.85	1.00000001081083	0.799917040321711	0.000162834873307002	3.27969494873712	1.00000000432433
10.95	9.85	1.00000000613011	0.79992035227554	0.000161172162927188	3.19970307607253	1.00000000245204
11.05	9.85	1.00000000307515	0.799923542721432	0.000159558037237277	3.11971087857123	1.00000000123006
11.15	9.85	1.00000000118818	0.799926617642334	0.000157990897423292	3.0397183680358	1.00000000047527
11.25	9.85	1.00000000010479	0.799929582797335	0.000156469331734759	2.95972555569469	1.00000000004191
11.35	9.85	0.999999999549098	0.799932443715579	0.000154992093015936	2.879732452222	0.999999999819639
11.45	9.85	0.999999999321352	0.799935205694319	0.000153558078632589	2.79973906775802	0.999999999728541
11.55	9.85	0.999999999283007	0.799937873800218	0.000152166312551864	2.71974541193022	0.999999999713203
11.65	9.85	0.999999999342468	0.799940452873165	0.000150815929468643	2.63975149387444	0.999999999736987
11.75	9.85	0.999999999442806	0.799942947532045	0.000149506160802365	2.55975732225606	0.999999999777122
11.85	9.85	0.999999999551986	0.799945362181879	0.000148236322334491	2.47976290529083	0.999999999820794
11.95	9.85	0.99999999965549	0.79994770102203	0.000147005803438986	2.3997682507652	0.999999999862196
12.05	9.85	0.999999999750895	0.799949968055058	0.000145814057608826	2.31977336605601	0.999999999900358
12.15	9.85	0.999999999843696	0.799952167096012	0.000144660594259654	2.23977825814938	0.999999999937479
12.25	9.85	0.999999999943508	0.799954301781931	0.000143544971522442	2.15978293365883	0.999999999977403
12.35	9.85	1.00000000005972	0.799956375581408	0.000142466789967015	2.0797873988425	1.00000000002389
12.45	9.85	1.0000000001958	0.799958391804096	0.000141425687022834	1.9997916596196	1.00000000007832
12.55	9.85	1.00000000034168	0.799960353610135	0.000140421331930979	1.91979572158617	1.00000000013667
12.65	9.85	1.00000000046474	0.799962264019415	0.00013945342113983	1.83979959003008	1.0000000001859
12.75	9.85	1.00000000050102	0.799964125920726	0.00013852167399029	1.75980326994552	1.00000000020041
12.85	9.85	1.0000000003505	0.799965942080774	0.000137625828761186	1.67980676604674	1.0000000001402
12.95	9.85	0.999999999882985	0.799967715153004	0.000136765639243162	1.59981008278102	0.999999999953194
13.05	9.85	0.999999998963187	0.799969447686214	0.000135940872268076	1.5198132243403	0.999999999585275
13.15	9.85	0.99999999750529	0.799971142132578	0.000135151306897438	1.43981619467082	0.999999999002116
13.25	9.85	0.999999995564911	0.799972800854767	0.00013439673618367	1.35981899747963	0.999999998225964
13.35	9.85	0.999999993468826	0.799974426131463	0.000133676972498373	1.2798216362369	0.99999999738753
13.45	9.85	0.999999991966414	0.799976020160404	0.000132991857009808	1.19982411417309	0.999999996786566
13.55	9.85	0.999999992359489	0.799977585058298	0.000132341273049361	1.11982643427094	0.999999996943796
13.65	9.85	0.999999996529391	0.799979122857111	0.000131725161096164	1.0398285992543	0.999999998611756
13.75	9.85	1.00000000673693	0.799980635497462	0.000131143530298228	0.959830611579164	1.00000000269477
13.85	9.85	1.00000002503546	0.799982124821571	0.000130596457539852	0.879832473436636	1.00000001001419
13.95	9.85	1.00000005213438	0.799983592571188	0.00013008406106026	0.799834186782914	1.00000002085375
14.05	9.85	1.00000008561674	0.799985040399269	0.000129606432783689	0.719835753415417	1.0000000342467
14.15	9.85	1.00000011759651	0.799986469907754	0.000129163514553594	0.639837175114497	1.0000000470386
14.25	9.85	1.00000013224446	0.799987882725481	0.000128754911727532	0.559838453861954	1.00000005289779
14.35	9.85	1.00000010414061	0.799989280637699	0.000128379657544267	0.4798395921255	1.00000004165624
14.45	9.85	0.999999999092467	0.799990665768086	0.000128035976826907	0.399840593156829	0.999999999636987
14.55	9.85	0.999999779757283	0.799992040791642	0.000127721149014443	0.319841461187305	0.999999911902913
14.65	9.85	0.999999418827506	0.79999340911946	0.000127431633649193	0.239842201323643	0.999999767531002
14.75	9.85	0.999998922191891	0.79999477515304	0.000127163681205743	0.159842818862783	0.999999568876756
14.85	9.85	0.999998362680382	0.79999638934963	0.000126914695053763	0.0798433176541098	0.999999345072153
14.95	9.85	0.999997920944351	0.399996816129059	0.000126723825554495	-0.000156352089957892	0.99999916837774
0.05	9.95	-4.57254100000976e-06	0.399992718139678	-0.000467636035073652	10.4586713396215	0.5999981709836
0.15	9.95	-5.12969030487391e-06	0.799978462606145	-0.000468068549947808	10.4106723597639	0.599997948123878
0.25	9.95	-5.47487381229748e-06	0.79996428443573	-0.000468914048537151	10.3626742524016	0.599997810050475
0.35	9.95	-4.85284102136124e-06	0.799950199566757	-0.000470160610434202	10.3146769960105	0.599998058863591
0.45	9.95	-2.4726520333296e-06	0.79993627777565	-0.000471796074498904	10.2666805390197	0.599999010939187
0.55	9.95	2.43829912906527e-06	0.799922576052832	-0.000473809006285338	10.2186848009192	0.600000975319652
0.65	9.95	1.04963955811446e-05	0.799909165729996	-0.000476193340221974	10.1706896738631	0.600004198558232
0.75	9.95	2.19566287361359e-05	0.799896139198203	-0.000478951193143658	10.1226950293454	0.600008782651494
0.85	9.95	3.64508527935567e-05	0.79988360614658	-0.000482079518747476	10.0747007321254	0.600014580341117
0.95	9.95	5.27134851371969e-05	0.799871398652903	-0.000485571426396036	10.0267066641016	0.600021085394055
1.05	9.95	6.59686242798614e-05	0.799860006596001	-0.000489467142256925	9.97871279117637	0.600026387449712
1.15	9.95	6.9730561625312e-05	0.799849881739601	-0.000493813984234305	9.93071924206804	0.60002789222465
1.25	9.95	5.6822885281606e-05	0.799841541836543	-0.00049863872484911	9.88272634346135	0.600022729154113
1.35	9.95	2.03631439367834e-05	0.79983567108068	-0.000503989093053133	9.83473462111668	0.600008145257575
1.45	9.95	-4.4663698834556e-05	0.799833112957156	-0.000509915145935862	9.78674475997265	0.599982134520466
1.55	9.95	-0.000139329741781323	0.799834838737095	-0.000516444160023862	9.73875750545789	0.599944268103287
1.65	9.95	-0.000258482729637432	0.799841898230298	-0.000523555212531127	9.69077349460353	0.599896606908145
1.75	9.95	-0.000388694126813951	0.799855355715277	-0.00053115308379448	9.64279301731362	0.599844522349274
1.85	9.95	-0.000506982197015221	0.799876212099907	-0.000539039947464424	9.59481572386322	0.599797207121194
1.95	9.95	-0.000580943494786568	0.799905301633467	-0.000546883673064899	9.546840313722	0.599767622602085
2.05	9.95	-0.0005710864135848	0.799943128194089	-0.000554212144954374	9.49886426367138	0.599771565434566
2.15	9.95	-0.000436806660324757	0.799989695548243	-0.000560622989490453	9.45088368529382	0.59982527733587
2.25	9.95	-0.000148762628203558	0.800050782966722	-0.000566395052278381	9.402893455496	0.599940494948719
2.35	9.95	0.000341627505181527	0.800128615498146	-0.000570529466605582	9.35488711277594	0.600136651002073
2.45	9.95	0.00110724424343481	0.800223611235222	-0.000571274824385487	9.30685615398771	0.600442897697374
2.55	9.95	0.00223318209941196	0.800338203989481	-0.000567941230873689	9.25878939601706	0.600893272839765
2.65	9.95	0.00381656059928735	0.800475112091261	-0.000559693003220233	9.21067258546267	0.601526624239715
2.75	9.95	0.00596814970908545	0.800637239296723	-0.000545449663697726	9.16248797765544	0.602387259883634
2.85	9.95	0.00881458439953589	0.800827689937031	-0.00052396723154402	9.11421385094727	0.603525833759814
2.95	9.95	0.0125013750082759	0.801049753670303	-0.000493942699119589	9.06582393783635	0.60500055000331
3.05	9.95	0.0171971591954011	0.801306841443742	-0.0004541351356874	9.01728674267316	0.60687886367816
3.15	9.95	0.0230996885605577	0.801602353815758	-0.000403520696991968	8.9685647007955	0.609239875424223
3.25	9.95	0.0304440331235149	0.801939447931777	-0.000341498543636498	8.91961311907701	0.612177613249406
3.35	9.95	0.0395133666327118	0.802320649481712	-0.000268159370208071	8.87037882539585	0.615805346653085
3.45	9.95	0.0506523337706601	0.802747231223875	-0.000184617903863449	8.82079844998425	0.620260933508264
3.55	9.95	0.0642821853661077	0.803218255339299	-9.33908184811498e-05	8.77079627603941	0.625712874146443
3.65	9.95	0.0809153046655427	0.803729170571145	1.23372677057939e-06	8.72028164940902	0.632366121866217
3.75	9.95	0.1011641143295	0.804269907570042	9.2943248086139e-05	8.66914605636465	0.6404656457318
3.85	9.95	0.125735508262083	0.804822600296956	0.000173442380949324	8.61726020032288	0.650294203304833
3.95	9.95	0.155397419608771	0.805359469542873	0.00023302496909881	8.56447176208779	0.662158967843508
4.05	9.95	0.190900941126885	0.805842063062975	0.000261902566668285	8.51060500136225	0.676360376450754
4.15	9.95	0.232843949923863	0.806223715539366	0.000252346885189227	8.45546383392286	0.693137579969545
4.25	9.95	0.281476862440602	0.806457031172811	0.000201315213317918	8.39884021040685	0.712590744976241
4.35	9.95	0.336482402358321	0.806506331312351	0.00011270239403313	8.34052907066494	0.734592960943328
4.45	9.95	0.396802589263758	0.806361137320959	-1.96897441790028e-06	8.28034943569244	0.758721035705503
4.55	9.95	0.460611682121407	0.806043260975207	-0.0001252955757916	8.2181684392906	0.784244672848563
4.65	9.95	0.525506782321896	0.805601365972854	-0.000237973439506425	8.15392240907414	0.810202712928758
4.75	9.95	0.588896474302143	0.805094374294151	-0.000323548360534847	8.08762835692852	0.835558589720857
4.85	9.95	0.648459915859461	0.804573041889018	-0.000371998202342568	8.01938170517208	0.859383966343785
4.95	9.95	0.702506405932774	0.804069527503386	-0.0003809177145611	7.94934092263713	0.88100256237311
5.05	9.95	0.750124799402598	0.80359769293301	-0.000354378881198851	7.8777042424653	0.900049919761039
5.15	9.95	0.791123037534174	0.803159778683057	-0.000300484781210742	7.80468531493827	0.91644921501367
5.25	9.95	0.825839344931491	0.80275354137101	-0.000228785497730583	7.73049321283981	0.930335737972596
5.35	9.95	0.854921973826349	0.802376646172252	-0.000148311517889829	7.65531925339467	0.94196878953054
5.45	9.95	0.8791433691692	0.802028147109114	-6.64564863257049e-05	7.57933046133715	0.95165734766768
5.55	9.95	0.89927392335687	0.801708258812879	1.14099358361109e-05	7.50266805767897	0.959709569342748
5.65	9.95	0.916012272053705	0.801417591099854	8.18503510180509e-05	7.42544904391216	0.966404908821482
5.75	9.95	0.92995707971406	0.801156493531104	0.00014302794997663	7.34776927900868	0.971982831885624
5.85	9.95	0.941604165751753	0.800924707283616	0.000194303952629472	7.26970697258451	0.976641666300701
5.95	9.95	0.951356458895823	0.800721289094822	0.000235860359570127	7.19132599101851	0.980542583558329
6.05	9.95	0.959538724719344	0.800544702670238	0.000268390069019016	7.11267870843597	0.983815489887738
6.15	9.95	0.966412615012863	0.800392982479441	0.000292863592451714	7.03380833541186	0.986565046005145
6.25	9.95	0.972189985308158	0.800263907400195	0.000310365149971882	6.95475076068488	0.988875994123263
6.35	9.95	0.977043815841758	0.800155151817523	0.00032198476476571	6.87553598218405	0.990817526336703
6.45	9.95	0.981116774076892	0.80006440233634	0.000328752333467394	6.79618921121869	0.992446709630757
6.55	9.95	0.984527750560064	0.799989439803747	0.000331601462158553	6.71673172564684	0.993811100224026
6.65	9.95	0.987376775714537	0.799928191601785	0.000331353414520064	6.6371815343375	0.994950710285815
6.75	9.95	0.989748699461679	0.799878760755071	0.000328713997518706	6.55755390135674	0.995899479784672
6.85	9.95	0.99171595218936	0.799839438129543	0.000324278286322656	6.47786176619024	0.996686380875744
6.95	9.95	0.993340636156225	0.7998087029811	0.000318539698182508	6.39811608658665	0.99733625446249
7.05	9.95	0.994676134429672	0.799785215930576	0.000311901108856219	6.31832612317702	0.997870453771869
7.15	9.95	0.995768374114099	0.799767807363517	0.000304686545616573	6.23849967953521	0.99830734964564
7.25	9.95	0.996656841873368	0.799755463373453	0.000297152569711119	6.15864330738012	0.998662736749347
7.35	9.95	0.997375420895141	0.799747310693811	0.000289498850056087	6.07876248380877	0.998950168358057
7.45	9.95	0.997953097430602	0.799742601570932	0.000281877683768792	5.99886176548497	0.999181238972241
7.55	9.95	0.998414569989306	0.799740699179774	0.000274402379093302	5.91894492335388	0.999365827995722
7.65	9.95	0.998780783637302	0.799741063940741	0.000267154513875382	5.83901506053336	0.999512313454921
7.75	9.95	0.999069404449474	0.799743240930738	0.000260190137375256	5.75907471541671	0.99962776177979
7.85	9.95	0.999295244114384	0.799746848471161	0.0002535450114036	5.67912595161506	0.999718097645754
7.95	9.95	0.999470641323994	0.799751567903177	0.000247238997386251	5.59917043610238	0.999788256529598
8.05	9.95	0.999605804416797	0.799757134514249	0.000241279696398698	5.51920950675352	0.999842321766719
8.15	9.95	0.999709118423504	0.79976332955238	0.000235665443818841	5.43924423035141	0.999883647369402
8.25	9.95	0.999787418924485	0.799769973247478	0.000230387751779566	5.35927545205914	0.999914967569794
8.35	9.95	0.999846234771397	0.799776918751797	0.000225433282794995	5.27930383729093	0.999938493908559
8.45	9.95	0.999890001607147	0.799784046908728	0.000220785428271021	5.19932990686117	0.999956000642859
8.55	9.95	0.999922248133536	0.799791261760789	0.000216425556141136	5.11935406623802	0.999968899253415
8.65	9.95	0.999945757150463	0.799798486710638	0.000212333983074913	5.03937662967262	0.999978302860185
8.75	9.95	0.999962703474288	0.799805661255518	0.000208490719197009	4.95939783991718	0.999985081389715
8.85	9.95	0.999974770904553	0.799812738220286	0.000204876026040823	4.87941788418387	0.999989908361821
8.95	9.95	0.999983250430664	0.799819681422384	0.000201470822714809	4.79943690693339	0.999993300172266
9.05	9.95	0.999989121846586	0.799826463707766	0.000198256969569357	4.71945502001828	0.999995648738635
9.15	9.95	0.999993120873031	0.799833065304576	0.000195217454325044	4.63947231064307	0.999997248349212
9.25	9.95	0.999995793778252	0.799839472447068	0.000192336501528829	4.55948884754282	0.999998317511301
9.35	9.95	0.999997541348842	0.79984567622867	0.000189599622534648	4.47950468572422	0.999999016539537
9.45	9.95	0.999998653899841	0.799851671648749	0.000186993620530622	4.39951987006043	0.999999461559936
9.55	9.95	0.99999933883847	0.799857456822283	0.000184506562213581	4.31953443798302	0.999999735535388
9.65	9.95	0.999999742116065	0.799863032326337	0.000182127725772732	4.23954842147143	0.999999896846426
9.75	9.95	0.999999964725556	0.799868400661369	0.000179847532637196	4.15956184850319	0.999999985890223
9.85	9.95	1.00000007523265	0.799873565808195	0.0001776574693156	4.07957474409558	1.00000003009306
9.95	9.95	1.00000011917177	0.799878532865052	0.000175550003711998	3.99958713104269	1.00000004766871
10.05	9.95	1.00000012599541	0.799883307751435	0.000173518499775615	3.91959903042858	1.00000005039816
10.15	9.95	1.00000011413969	0.799887896967291	0.000171557133029044	3.83961046197884	1.00000004565588
10.25	9.95	1.00000009465884	0.799892307398505	0.000169660808884424	3.75962144429786	1.00000003786354
10.35	9.95	1.00000007378836	0.799896546160634	0.000167825085168698	3.67963199502672	1.00000002951534
10.45	9.95	1.0000000547181	0.799900620474436	0.000166046099634448	3.59964213094768	1.00000002188724
10.55	9.95	1.00000003879196	0.799904537567652	0.000164320502950385	3.51965186805359	1.00000001551678
10.65	9.95	1.00000002629894	0.799908304598464	0.000162645397418252	3.43966122159518	1.00000001051957
10.75	9.95	1.00000001697835	0.799911928596832	0.000161018281368651	3.35967020611517	1.00000000679134
10.85	9.95	1.00000001032967	0.799915416420446	0.000159436999069028	3.27967883547501	1.00000000413187
10.95	9.95	1.00000000579215	0.799918774722626	0.000157899695915904	3.19968712287792	1.00000000231686
11.05	9.95	1.00000000284018	0.799922009929938	0.000156404778575018	3.11969508089059	1.00000000113607
11.15	9.95	1.00000000102654	0.799925128227713	0.00015495087968795	3.03970272146461	1.00000000041061
11.25	9.95	0.999999999994752	0.799928135551711	0.000153536826756014	2.95971005595822	0.999999999997901
11.35	9.95	0.999999999474932	0.799931037584928	0.000152161614852816	2.8797170951587	0.999999999789973
11.45	9.95	0.999999999271716	0.799933839758259	0.000150824382750799	2.799723849305	0.999999999708686
11.55	9.95	0.999999999249796	0.799936547254125	0.000149524392128671	2.71973032811073	0.999999999699918
11.65	9.95	0.999999999319952	0.799939165012533	0.000148261009492132	2.63973654078706	0.999999999727981
11.75	9.95	0.999999999427039	0.79994169773875	0.000147033690594998	2.55974249606533	0.999999999770816
11.85	9.95	0.999999999540441	0.799944149912224	0.000145841966939577	2.47974820221921	0.999999999816177
11.95	9.95	0.999999999646878	0.799946525796304	0.000144685434230416	2.39975366708615	0.999999999858751
12.05	9.95	0.99999999974511	0.799948829448523	0.000143563742455565	2.31975889808803	0.999999999898044
12.15	9.95	0.999999999841804	0.799951064731087	0.000142476587424533	2.2397639022509	0.999999999936722
12.25	9.95	0.999999999947659	0.79995323532145	0.000141423703533346	2.1597686862238	0.999999999979063
12.35	9.95	1.00000000007281	0.799955344722833	0.000140404857547085	2.07977325629666	1.00000000002912
12.45	9.95	1.00000000022064	0.799957396274561	0.000139419843198275	1.99977761841727	1.00000000008826
12.55	9.95	1.00000000037954	0.799959393162209	0.000138468476439585	1.91978177820749	1.00000000015182
12.65	9.95	1.00000000051304	0.799961338427535	0.00013755059113201	1.83978574097877	1.00000000020521
12.75	9.95	1.00000000055029	0.799963234978193	0.000136666035103815	1.75978951174703	1.00000000022012
12.85	9.95	1.00000000038118	0.799965085597268	0.000135814666575878	1.67979309524675	1.00000000015247
12.95	9.95	0.999999999862997	0.799966892952605	0.000134996351127555	1.59979649594431	0.999999999945199
13.05	9.95	0.999999998848353	0.799968659605795	0.000134210959636283	1.51979971804981	0.999999999539341
13.15	9.95	0.999999997245216	0.799970388020591	0.000133458367819599	1.4398027655268	0.999999998898086
13.25	9.95	0.99999999511765	0.799972080570229	0.00013273845836951	1.35980564209856	0.99999999804706
13.35	9.95	0.999999992827307	0.799973739543028	0.00013205112652028	1.27980835124994	0.999999997130923
13.45	9.95	0.999999991197789	0.799975367145304	0.000131396289786953	1.19981089622347	0.999999996479116
13.55	9.95	0.999999991654312	0.799976965500831	0.000130773901462354	1.11981328001008	0.999999996661725
13.65	9.95	0.999999996250113	0.799978536646433	0.000130183965711736	1.0398155053364	0.999999998500045
13.75	9.95	1.00000000744443	0.799980082524428	0.000129626549205691	0.959817574654625	1.00000000297777
13.85	9.95	1.00000002745932	0.799981604974762	0.000129101780430494	0.879819490145613	1.00000001098373
13.95	9.95	1.00000005704039	0.799983105732565	0.000128609823827626	0.79982125375143	1.00000002281616
14.05	9.95	1.00000009352008	0.799984586440833	0.000128150813183931	0.719822867258236	1.00000003740803
14.15	9.95	1.00000012828032	0.799986048691461	0.000127724729602893	0.639824332450291	1.00000005131213
14.25	9.95	1.00000014408419	0.799987494109812	0.000127331217731103	0.559825651346993	1.00000005763368
14.35	9.95	1.00000011331775	0.799988924494948	0.000126969353463545	0.479826826510749	1.0000000453271
14.45	9.95	0.999999998916644	0.799990342016269	0.000126637411094888	0.399827861368495	0.999999999566658
14.55	9.95	0.999999760500034	0.799991749442727	0.00012633272863851	0.319828760420947	0.999999904200014
14.65	9.95	0.999999368677898	0.799993150340493	0.000126051832153255	0.239829529125711	0.999999747471159
14.75	9.95	0.999998830107813	0.799994549335116	0.000125791038826986	0.159830173151342	0.999999532043125
14.85	9.95	0.999998223915016	0.799996216169959	0.000125547800414563	0.0798306966041008	0.999999289566006
14.95	9.95	0.999997745705126	0.399996604166827	0.000125360712775328	-0.0001689542040728	0.99999909828205
0.05	10.05	-4.60055138479846e-06	0.399992499472721	-0.00045303645029223	10.4586989667954	0.599998159779446
0.15	10.05	-5.14023810045681e-06	0.799977799034698	-0.000453506130409242	10.4107000140742	0.59999794390476
0.25	10.05	-5.44347160268007e-06	0.799963168044438	-0.000454428585828964	10.3627019598793	0.599997822611359
0.35	10.05	-4.74918029530593e-06	0.799948620026728	-0.000455802176581117	10.3147047822782	0.599998100327882
0.45	10.05	-2.26549222539989e-06	0.799934221497648	-0.000457629261924276	10.2667084294085	0.59999909380311
0.55	10.05	2.77229113251715e-06	0.799920027470854	-0.000459917741301067	10.2187128206837	0.600001108916453
0.65	10.05	1.09656993890204e-05	0.799906107856379	-0.000462686191679927	10.17071784871	0.600004386279756
0.75	10.05	2.25737833018469e-05	0.799892556333517	-0.000465967846095137	10.1227233860268	0.600009029513321
0.85	10.05	3.7308300726116e-05	0.799879437145388	-0.000469775895001496	10.0747292974314	0.60001492332029
0.95	10.05	5.36951185611511e-05	0.799866655027063	-0.000474176865841576	10.0267354662087	0.600021478047424
1.05	10.05	6.68224208066298e-05	0.799854747747066	-0.000479283748115474	9.97874186292551	0.600026728968323
1.15	10.05	7.02619870064015e-05	0.799844141297771	-0.000485187860950379	9.93074862063407	0.600028104794803
1.25	10.05	5.67723390445965e-05	0.799835379415102	-0.00049201025090336	9.88275607009343	0.600022708935618
1.35	10.05	1.93779470065086e-05	0.799829181865622	-0.00049989662700537	9.83476474243832	0.600007751178803
1.45	10.05	-4.70130473791702e-05	0.799826438556804	-0.000508998928562408	9.78677532836319	0.599981194781048
1.55	10.05	-0.000143521475288722	0.799828176307393	-0.000519453404565107	9.73878857801257	0.599942591409884
1.65	10.05	-0.00026501351943199	0.799835509263224	-0.000531357264616192	9.69080513062808	0.599893994592227
1.75	10.05	-0.000398050326174312	0.799849578034207	-0.000544745383344531	9.64282527430043	0.59984077986953
1.85	10.05	-0.000519621379495035	0.799871481372801	-0.000559567706332584	9.59484865171782	0.599792151448202
1.95	10.05	-0.000597344681715711	0.799902183919166	-0.000575666868940459	9.54687394698595	0.599761062127314
2.05	10.05	-0.000592136112711505	0.799942340391092	-0.000592787514408903	9.49889861505866	0.599763145554915
2.15	10.05	-0.000464963845426704	0.799992567169637	-0.000610952467933031	9.45091876014624	0.599814014461829
2.25	10.05	-0.00018604426333524	0.800058809348338	-0.000629907214596619	9.40292926443684	0.599925582294666
2.35	10.05	0.000297155327060326	0.80014186852746	-0.000648847559642234	9.35492361076303	0.600118862130824
2.45	10.05	0.00105470832287484	0.800243520852632	-0.000667108093423852	9.30689321893207	0.60042188332915
2.55	10.05	0.00217034945861455	0.800366650431145	-0.00068407038580008	9.2588268664142	0.600868139783446
2.65	10.05	0.0037404914816281	0.800514503176727	-0.000698975129636765	9.21071025488949	0.601496196592651
2.75	10.05	0.00587523855687179	0.800690531892529	-0.000710863032160878	9.16252558065556	0.602350095422749
2.85	10.05	0.00870037453709368	0.800898420812623	-0.000718589482550228	9.1142510512703	0.603480149814837
2.95	10.05	0.0123602920651032	0.801142086176979	-0.000720863735941563	9.06586032090039	0.604944116826041
3.05	10.05	0.0170221992966182	0.80142561008409	-0.000716302893318802	9.0173218129578	0.606808879718647
3.15	10.05	0.0228820668617373	0.801753086765246	-0.000703507254291689	8.96859788561814	0.609152826744695
3.25	10.05	0.03017279708967	0.802128346953307	-0.000681167337084501	8.91964378117331	0.612069118835868
3.35	10.05	0.0391749901952777	0.802554503877467	-0.000648212057466887	8.87040628756406	0.615669996078111
3.45	10.05	0.0502303319007559	0.803033238593443	-0.000604003671494806	8.82082203557314	0.620092132760302
3.55	10.05	0.0637568284772133	0.803563718902594	-0.000548576281409567	8.77081536889784	0.625502731390885
3.65	10.05	0.0802635755091946	0.804141043134577	-0.00048289775614923	8.72029577542477	0.632105430203678
3.75	10.05	0.100360141066113	0.804754159055427	-0.000409106824275939	8.66915498495322	0.640144056426445
3.85	10.05	0.124751817962626	0.805383403064573	-0.000330638390593124	8.61726405712529	0.649900727185051
3.95	10.05	0.154207446470009	0.805998228086146	-0.000252111176144284	8.56447113315474	0.661682978588004
4.05	10.05	0.18948319510571	0.806556367007603	-0.000178840674123912	8.51060099553379	0.675793278042284
4.15	10.05	0.231187938108503	0.807006371402183	-0.000115903751060752	8.45545805898913	0.692475175243401
4.25	10.05	0.279590086320279	0.807295425212364	-6.68602943577198e-05	8.39883461991763	0.711836034528112
4.35	10.05	0.334396561472963	0.807382460530136	-3.25076230850714e-05	8.3405256642342	0.733758624589185
4.45	10.05	0.394576045990379	0.807252631660902	-1.02530287271275e-05	8.28034985125166	0.757830418396152
4.55	10.05	0.458325369582263	0.806925492692061	5.39767881446162e-06	8.21817354440427	0.783330147832905
4.65	10.05	0.523252934230254	0.806450296885733	2.12258423065858e-05	8.15393203825203	0.809301173692101
4.75	10.05	0.586763139496531	0.805889370441042	4.31880987763156e-05	8.08764131014812	0.834705255798613
4.85	10.05	0.646516741058363	0.80529884100912	7.47381821285543e-05	8.01939601974114	0.858606696423345
4.95	10.05	0.70079649892253	0.804716955160706	0.000116226389432531	7.94935431476102	0.880318599569012
5.05	10.05	0.748664150987928	0.804163265308664	0.000165393362309682	7.87771455925957	0.899465660395171
5.15	10.05	0.789905609925133	0.803644637831771	0.000218487234907833	7.80469086638968	0.915962243970053
5.25	10.05	0.824844536470281	0.80316216850255	0.000271436560010384	7.73049293022894	0.929937814588112
5.35	10.05	0.854121729816725	0.802715644821089	0.000320709458749728	7.65531269218202	0.94164869192669
5.45	10.05	0.878507553691405	0.802305233421541	0.000363752294608452	7.57931770298736	0.951403021476562
5.55	10.05	0.898773707141647	0.801931496239733	0.000399077888863554	7.50264956768814	0.959509482856659
5.65	10.05	0.915621892736091	0.801594855298986	0.000426136651038843	7.42542552809489	0.966248757094436
5.75	10.05	0.929654493857793	0.801295131039426	0.000445092899039164	7.34774156132446	0.971861797543117
5.85	10.05	0.941371048311742	0.801031345016887	0.000456589199994433	7.26967590297873	0.976548419324697
5.95	10.05	0.951177873298678	0.800801753584752	0.00046154242080729	7.19129238273529	0.980471149319471
6.05	10.05	0.95940266367069	0.800604013913561	0.000460987266885829	7.11264330001313	0.983761065468276
6.15	10.05	0.966309522730637	0.800435394686864	0.000455967081640121	7.03377177136872	0.986523809092255
6.25	10.05	0.97211231520282	0.800292976159629	0.000447464428777412	6.95471358530138	0.988844926081128
6.35	10.05	0.976985645075525	0.800173813385107	0.000436361977083244	6.87549864179146	0.99079425803021
6.45	10.05	0.981073479274437	0.800075055654779	0.000423424828419704	6.79615206155488	0.992429391709775
6.55	10.05	0.984495740808677	0.799994025464016	0.000409297057437201	6.71669504183521	0.993798296323471
6.65	10.05	0.987353275773035	0.799928264506904	0.000394507022600139	6.63714552185064	0.994941310309214
6.75	10.05	0.989731575373683	0.799875554952267	0.000379477584755766	6.55751870692368	0.995892630149473
6.85	10.05	0.991703571929607	0.799833923370325	0.000364538620343179	6.47782748803097	0.996681428771843
6.95	10.05	0.993331758826505	0.799801633230515	0.000349940145087899	6.39808278364816	0.997332703530602
7.05	10.05	0.99466982251703	0.799777170416109	0.000335865022876118	6.31829382323545	0.997867929006812
7.15	10.05	0.995763924269483	0.799759224932034	0.000322440685674197	6.23846838614903	0.998305569707793
7.25	10.05	0.996653730501831	0.799746670982022	0.000309749587537894	6.15861300575037	0.998661492200732
7.35	10.05	0.99737326155392	0.799738546845747	0.000297838305471891	6.07873314564106	0.998949304621568
7.45	10.05	0.99795160761487	0.799734035453612	0.00028672531424703	5.99883335296483	0.999180643045948
7.55	10.05	0.998413545361706	0.799732446185752	0.000276407526811543	5.91891739235129	0.999365418144682
7.65	10.05	0.998780078143008	0.799733198172654	0.000266865723443044	5.83898836314782	0.999512031257203
7.75	10.05	0.999068915069446	0.799735805209241	0.000258069004361423	5.75904880196588	0.999627566027778
7.85	10.05	0.999294899259535	0.799739862289737	0.000249978398545921	5.67910077215945	0.999717959703814
7.95	10.05	0.999470392074081	0.799745033704678	0.000242549753599812	5.59914594158717	0.999788156829632
8.05	10.05	0.999605617969525	0.799751042603686	0.000235736019431761	5.51918564983797	0.99984224718781
8.15	10.05	0.999708973249545	0.79975766190768	0.000229489025707994	5.43922096598575	0.999883589299818
8.25	10.05	0.999787301228919	0.799764706444565	0.000223760839625818	5.35925273786008	0.999914920491568
8.35	10.05	0.999846135946601	0.799772026182186	0.000218504778946643	5.27928163375821	0.99993845437864
8.45	10.05	0.999889916430174	0.799779500435683	0.000213676143600576	5.19930817747095	0.999955966572069
8.55	10.05	0.999922173515737	0.799787032932332	0.000209232719921937	5.11933277744237	0.999968869406295
8.65	10.05	0.999945691290941	0.799794547626359	0.000205135102905557	5.03935575082922	0.999978276516376
8.75	10.05	0.999962645303762	0.799801985164296	0.000201346874323608	4.9593773431689	0.999985058121505
8.85	10.05	0.999974719733958	0.799809299911694	0.000197834668667769	4.87939774430395	0.999989887893583
8.95	10.05	0.999983205740669	0.799816457461361	0.000194568153193309	4.7994171011488	0.999993282296267
9.05	10.05	0.999989083171234	0.799823432552205	0.000191519943899282	4.71943552782108	0.999995633268494
9.15	10.05	0.999993087743849	0.799830207336813	0.0001886654752273	4.63945311359751	0.999997235097539
9.25	10.05	0.999995765705165	0.799836769943797	0.000185982838072055	4.55946992909387	0.999998306282066
9.35	10.05	0.999997517821727	0.799843113288124	0.000183452597732798	4.47948603101176	0.999999007128691
9.45	10.05	0.999998634400063	0.79984923408969	0.000181057601108306	4.39950146574216	0.999999453760025
9.55	10.05	0.999999322853704	0.799855132065819	0.000178782780318548	4.31951627206809	0.999999729141481
9.65	10.05	0.999999729154512	0.799860809268957	0.000176614958286433	4.23953048316601	0.999999891661805
9.75	10.05	0.999999954327545	0.799866269544987	0.000174542660454427	4.15954412806855	0.999999981731018
9.85	10.05	1.00000006697884	0.799871518091894	0.000172555935419922	4.07955723271889	1.00000002679153
9.95	10.05	1.00000011268791	0.799876561101315	0.000170646186552771	3.99956982072023	1.00000004507516
10.05	10.05	1.00000012095415	0.799881405468998	0.000168806015797481	3.91958191386095	1.00000004838166
10.15	10.05	1.00000011025984	0.799886058561812	0.000167029080194027	3.83959353247753	1.00000004410394
10.25	10.05	1.00000009170295	0.799890528031742	0.000165309961285553	3.75960469570234	1.00000003668118
10.35	10.05	1.00000007155904	0.79989482166833	0.000163644047180567	3.67961542163134	1.00000002862362
10.45	10.05	1.00000005305367	0.799898947282847	0.000162027426747521	3.5996257274374	1.00000002122147
10.55	10.05	1.00000003756183	0.799902912618446	0.000160456795336491	3.51963562944786	1.00000001502473
10.65	10.05	1.00000002539905	0.79990672528154	0.00015892937114794	3.439645143199	1.00000001015962
10.75	10.05	1.00000001632683	0.799910392690587	0.000157442821568345	3.35965428347667	1.00000000653073
10.85	10.05	1.00000000986294	0.799913922038833	0.000155995198434959	3.27966306434877	1.00000000394518
10.95	10.05	1.00000000546139	0.799917320268536	0.000154584881479397	3.19967149919337	1.00000000218456
11.05	10.05	1.00000000260838	0.799920594054259	0.00015321052910781	3.11967960072487	1.00000000104335
11.15	10.05	1.00000000086592	0.799923749793453	0.000151871035678144	3.03968738101934	1.00000000034637
11.25	10.05	0.999999999884734	0.799926793602813	0.000150565494593819	2.95969485153973	0.999999999953893
11.35	10.05	0.999999999400377	0.799929731319119	0.000149293166496489	2.87970202316115	0.999999999760151
11.45	10.05	0.9999999992216	0.799932568503497	0.000148053451945396	2.79970890619615	0.99999999968864
11.55	10.05	0.99999999921616	0.799935310448344	0.000146845868057744	2.71971551041989	0.999999999686464
11.65	10.05	0.99999999929712	0.799937962186153	0.000145670028579916	2.63972184509491	0.999999999718848
11.75	10.05	0.999999999411072	0.79994052849966	0.000144525626908125	2.55972791899547	0.999999999764429
11.85	10.05	0.999999999528796	0.799943013932948	0.000143412421751792	2.47973374043102	0.999999999811519
11.95	10.05	0.999999999638239	0.799945422803079	0.000142330225016542	2.39973931726889	0.999999999855295
12.05	10.05	0.999999999739337	0.799947759211963	0.000141278891637197	2.31974465695594	0.999999999895735
12.15	10.05	0.99999999983993	0.799950027058306	0.000140258311043551	2.23974976653913	0.999999999935972
12.25	10.05	0.999999999951791	0.799952230049418	0.000139268400035888	2.15975465268513	0.999999999980716
12.35	10.05	1.00000000008579	0.799954371712744	0.000138309096775343	2.07975932169873	1.00000000003432
12.45	10.05	1.00000000024526	0.799956455407183	0.000137380355723038	1.99976377954042	1.0000000000981
12.55	10.05	1.00000000041703	0.799958484333975	0.000136482143228272	1.91976803184306	1.00000000016681
12.65	10.05	1.00000000056083	0.799960461547341	0.000135614433665558	1.83977208392777	1.00000000022433
12.75	10.05	1.00000000059902	0.799962389964803	0.000134777205922783	1.75977594081919	1.00000000023961
12.85	10.05	1.00000000041149	0.799964272377245	0.000133970440297513	1.67977960725993	1.0000000001646
12.95	10.05	0.999999999843162	0.799966111458724	0.000133194115927957	1.59978308772418	0.999999999937265
13.05	10.05	0.999999998734708	0.799967909775878	0.000132448209153845	1.51978638642974	0.999999999493883
13.15	10.05	0.999999996987978	0.799969669796645	0.000131732693531369	1.43978950734769	0.999999998795191
13.25	10.05	0.999999994675417	0.799971393897861	0.000131047542294083	1.35979245420858	0.999999997870167
13.35	10.05	0.999999992193182	0.799973084370867	0.000130392734293086	1.27979523050355	0.999999996877273
13.45	10.05	0.999999990438239	0.799974743424285	0.000129768263955581	1.19979783947956	0.999999996175296
13.55	10.05	0.999999990957726	0.799976373183037	0.000129174154955977	1.11980028412869	0.99999999638309
13.65	10.05	0.999999995974631	0.799977975683195	0.000128610475444365	1.03980256717395	0.999999998389852
13.75	10.05	1.00000000814405	0.799979552863528	0.000128077349817457	0.959804691057998	1.00000000325762
13.85	10.05	1.00000002985441	0.799981106556725	0.000127574958261614	0.87980665794624	1.00000001194176
13.95	10.05	1.00000006188675	0.799982638486649	0.000127103511475015	0.79980846976199	1.0000000247547
14.05	10.05	1.00000010132568	0.799984150281933	0.000126663185097911	0.719810128275959	1.00000004053027
14.15	10.05	1.00000013883009	0.79998564352026	0.000126253999513091	0.639811635272384	1.00000005553204
14.25	10.05	1.00000015577346	0.799987119819426	0.000125875638723056	0.559812992804328	1.00000006230938
14.35	10.05	1.00000012237685	0.799988580988186	0.000125527221468495	0.479814203524621	1.00000004895074
14.45	10.05	0.999999998742942	0.79999002923725	0.000125207071902514	0.399815271030486	0.999999999497177
14.55	10.05	0.999999741495289	0.79999146742458	0.000124912587224627	0.319816200086107	0.999999896598116
14.65	10.05	0.999999319192366	0.799992899265729	0.000124640360821622	0.23981699649329	0.999999727676946
14.75	10.05	0.999998739253723	0.799994329603546	0.000124386777467693	0.159817666285483	0.999999495701489
14.85	10.05	0.99999808701686	0.79999604718107	0.000124149337905062	0.0798182138209229	0.999999234806744
14.95	10.05	0.999997572835993	0.399996395852483	0.000123966073968038	-0.000181418432673431	0.999999029134397
0.05	10.15	-4.63264987372993e-06	0.399992264651478	-0.000437978254981267	10.4587257047013	0.59999814694005
0.15	10.15	-5.15906541504443e-06	0.799977086391792	-0.000438477695414751	10.4107267811857	0.599997936373834
0.25	10.15	-5.42853041525434e-06	0.799961963554824	-0.000439463861228274	10.3627287845072	0.599997828587834
0.35	10.15	-4.6735235572318e-06	0.799946902292408	-0.000440946083541998	10.3147316929723	0.599998130590577
0.45	10.15	-2.09913904553957e-06	0.79993196072072	-0.000442942017139704	10.2667354553229	0.599999160344382
0.55	10.15	3.05456740863818e-06	0.799917186415838	-0.000445478603859985	10.2187399920259	0.600001221826963
0.65	10.15	1.13719002893246e-05	0.7999026426294	-0.000448594537970453	10.1707451974891	0.600004548760116
0.75	10.15	2.30997296848334e-05	0.799888431736995	-0.000452343195268928	10.122750947207	0.600009239891874
0.85	10.15	3.81809599696832e-05	0.799874464808375	-0.000456799522980108	10.0747571075152	0.600015272383988
0.95	10.15	5.44510911441651e-05	0.79986095493773	-0.000462109755629938	10.0267635682446	0.600021780436458
1.05	10.15	6.74559062455914e-05	0.799848197300908	-0.000468418792898466	9.97877030867274	0.600026982362498
1.15	10.15	7.06235699314105e-05	0.799836682406077	-0.000475875458378915	9.9307774682254	0.600028249427973
1.25	10.15	5.66110798693204e-05	0.799826962830066	-0.000484708176709559	9.88278538781549	0.600022644431948
1.35	10.15	1.83873685129979e-05	0.799819770703155	-0.000495169828391735	9.83479461037914	0.600007354947405
1.45	10.15	-4.9163534573964e-05	0.799816011190643	-0.000507521240434934	9.78680583882501	0.599980334586171
1.55	10.15	-0.000147155641291133	0.799816729500698	-0.000522014216674202	9.73881983480078	0.599941137743484
1.65	10.15	-0.000270418250323993	0.799823062064318	-0.00053887165622264	9.69083724711197	0.59989183269987
1.75	10.15	-0.000405453644249903	0.799836176847003	-0.000558269805538006	9.64285837031847	0.5998378185423
1.85	10.15	-0.00052918312177841	0.799857207260959	-0.000580330588489956	9.59488284963655	0.599788326751289
1.95	10.15	-0.000609151514075437	0.799887157118044	-0.000605134445849832	9.54690936715031	0.59975633939437
2.05	10.15	-0.000606310367979551	0.799926580812904	-0.000632759306734016	9.49893537101034	0.599757475852808
2.15	10.15	-0.000483683035196202	0.799977416419637	-0.000663264444339741	9.45095697778696	0.599806526785922
2.25	10.15	-0.000205260681623585	0.800042703057712	-0.000695898619808235	9.40296903591393	0.599917895727351
2.35	10.15	0.000275568733597359	0.800126104892794	-0.000730484477498999	9.35496499084018	0.600110227493439
2.45	10.15	0.00102996081437354	0.800228752986172	-0.000767427052380259	9.30693626418488	0.600411984325749
2.55	10.15	0.00214184955947683	0.800353772066894	-0.000806257074398785	9.2588716041801	0.600856739823791
2.65	10.15	0.00370744537518686	0.800504681163165	-0.000846328422703253	9.21075667258769	0.601482978150075
2.75	10.15	0.00583650711818368	0.800685278339267	-0.000886836982443668	9.16257361629295	0.602334602847273
2.85	10.15	0.00865436995747659	0.800899654405244	-0.000926782802275814	9.11430058280549	0.603461747982991
2.95	10.15	0.0123048604195485	0.801152184600622	-0.000964936039302131	9.06591115525832	0.604921944167819
3.05	10.15	0.016954484635431	0.801447454689611	-0.000999809625591122	9.01737367543763	0.606781793854172
3.15	10.15	0.0227983624286095	0.801790091998805	-0.00102963858720842	8.96865041046193	0.609119344971444
3.25	10.15	0.0300683930635249	0.802184461408513	-0.00105236885252695	8.9196965043622	0.61202735722541
3.35	10.15	0.0390440329110238	0.802634165562777	-0.00106566170530521	8.87045864333281	0.615617613164409
3.45	10.15	0.0500657187481108	0.803141263205161	-0.00106692377782224	8.82087335857059	0.620026287499244
3.55	10.15	0.0635501768405329	0.803705097206932	-0.00105337688084497	8.77086490424091	0.625420070736213
3.65	10.15	0.0800053243870204	0.804320623859995	-0.00102218659055188	8.72034269888476	0.632002129754808
3.75	10.15	0.100039870413973	0.804976199944038	-0.00097067157080807	8.66919843485028	0.640015948165589
3.85	10.15	0.124358899089997	0.805650988804136	-0.000896613067319743	8.61730317778283	0.649743559635999
3.95	10.15	0.15373215261501	0.806312583717327	-0.000798669156976433	8.56450512666549	0.661492861046004
4.05	10.15	0.18891837246382	0.806916141159493	-0.000676863398548308	8.51062917427977	0.675567348985528
4.15	10.15	0.230531212286291	0.807407021748027	-0.000533060041238787	8.45547988707946	0.692212484914516
4.25	10.15	0.278846308468224	0.80772889375024	-0.000371272554135577	8.3988497301935	0.71153852338729
4.35	10.15	0.333579804951939	0.807837346168243	-0.000197620396492769	8.34053384229951	0.733431921980776
4.45	10.15	0.39371013928542	0.807715005429813	-1.98064140946607e-05	8.280350990801	0.757484055714168
4.55	10.15	0.457442055327739	0.807380325691943	0.000153845814182476	8.2181675947681	0.782976822131096
4.65	10.15	0.5223875446731	0.806883224654568	0.000315549552197666	8.1539189745789	0.80895501786924
4.75	10.15	0.585948911322639	0.806288338283635	0.000459057134271607	8.08762114820159	0.834379564529056
4.85	10.15	0.645779714742515	0.805655205564983	0.000580237946201243	8.01936887218701	0.858311885897006
4.95	10.15	0.700152659495804	0.805025853484613	0.000677168158650744	7.94932046055912	0.880061063798322
5.05	10.15	0.748119283836911	0.804423339600887	0.00074984860433162	7.87767449052534	0.899247713534764
5.15	10.15	0.789457178126232	0.803857361047793	0.000799733927968292	7.80464529093489	0.915782871250493
5.25	10.15	0.824484413455211	0.803331024271736	0.000829227425481587	7.73044273024253	0.929793765382084
5.35	10.15	0.853838823459486	0.802845341957437	0.000841234085030041	7.6552588555125	0.941535529383794
5.45	10.15	0.878289826892124	0.802401050933554	0.000838811198396338	7.57926124759678	0.95131593075685
5.55	10.15	0.898609496484532	0.801998791288093	0.000824922417557516	7.50259147516148	0.959443798593813
5.65	10.15	0.915500638108327	0.801638728221899	0.000802283556455326	7.42536669441712	0.966200255243331
5.75	10.15	0.929567053130793	0.801320222685896	0.000773281119564202	7.34768276657951	0.971826821252317
5.85	10.15	0.941309754163597	0.801041735498379	0.000739943394549	7.26961779764135	0.976523901665439
5.95	10.15	0.951136447393069	0.800800932785224	0.000703946222249369	7.1912354865838	0.980454578957228
6.05	10.15	0.959376063149056	0.800594898834342	0.000666639307786337	7.11258800956392	0.983750425259622
6.15	10.15	0.966293763785298	0.800420374472398	0.000629082872446866	7.03371837235076	0.986517505514119
6.25	10.15	0.97210429848745	0.800273971080663	0.000592087858983856	6.954662267537	0.98884171939498
6.35	10.15	0.976982995394664	0.800152338548858	0.000556255530182474	6.87544951465705	0.990793198157866
6.45	10.15	0.981074404798399	0.8000522836325	0.000522014153292548	6.7961051688545	0.99242976191936
6.55	10.15	0.984498913042649	0.79997084447748	0.000489651680972963	6.71665037541185	0.99379956521706
6.65	10.15	0.987357729388853	0.799905330483952	0.000459344088856322	6.63710303360366	0.994943091755541
6.75	10.15	0.989736625997103	0.799853336843167	0.000431179462186239	6.55747831912837	0.995894650398841
6.85	10.15	0.991708749589726	0.799812741781406	0.000405178150834041	6.47778910199832	0.99668349983589
6.95	10.15	0.99333675473584	0.799781692810305	0.000381309414964071	6.39804628684458	0.997334701894336
7.05	10.15	0.994674446994447	0.799758586619986	0.000359505012524088	6.31825909502403	0.997869778797779
7.15	10.15	0.995768073846395	0.799742045863486	0.000339670167938968	6.23843530232897	0.998307229538558
7.25	10.15	0.996657362508673	0.799730895007541	0.00032169232925757	6.15858144206997	0.998662945003469
7.35	10.15	0.997376374737494	0.799724136639228	0.000305448077850587	6.07870298044915	0.998950549894998
7.45	10.15	0.997954227571749	0.799720929062787	0.000290808509811029	5.99880446914973	0.9991816910287
7.55	10.15	0.998415713781265	0.799720565643509	0.000277643363868934	5.91888967869866	0.999366285512506
7.65	10.15	0.998781845034125	0.799722456103889	0.000265824129144699	5.838961715231	0.99951273801365
7.75	10.15	0.9990703332984	0.799726109817241	0.00025522632890382	5.75902312266533	0.99962813331936
7.85	10.15	0.999296020855716	0.799731121044278	0.000245731143686083	5.67907597189222	0.999718408342286
7.95	10.15	0.999471265867657	0.799737156000081	0.000237226508777291	5.599121938314	0.999788506347063
8.05	10.15	0.999606288214367	0.799743941607987	0.000229607797167052	5.51916236890332	0.999842515285747
8.15	10.15	0.999709478958096	0.799751255783122	0.000222778178345879	5.43919833983607	0.999883791583239
8.25	10.15	0.999787676005963	0.799758919086445	0.000216648727126338	5.35923070567672	0.999915070402385
8.35	10.15	0.999846408157976	0.799766787593668	0.000211138342178638	5.27926014103446	0.99993856326319
8.45	10.15	0.99989010958234	0.799774746832649	0.00020617352283683	5.19928717555615	0.999956043832936
8.55	10.15	0.999922306754125	0.799782706653172	0.000201688043261326	5.11931222307139	0.99996892270165
8.65	10.15	0.999945779950537	0.799790596904784	0.000197622555303357	5.03933560565116	0.999978311980215
8.75	10.15	0.999962701465457	0.7997983638108	0.000193924145359001	4.95935757328565	0.999985080586183
8.85	10.15	0.999974752755785	0.799805966938472	0.000190545865151277	4.87937831982617	0.999989901102314
8.95	10.15	0.999983222744863	0.799813376676972	0.000187446252027981	4.79939799577494	0.999993289097945
9.05	10.15	0.999989089476882	0.799820572145552	0.000184588851234163	4.71941671844293	0.999995635790753
9.15	10.15	0.999993087241249	0.799827539464711	0.000181941749453888	4.63943457993448	0.9999972348965
9.25	10.15	0.999995761172424	0.799834270332018	0.000179477126453907	4.55945165335686	0.99999830446897
9.35	10.15	0.999997511186987	0.799840760852847	0.000177170829966691	4.47946799759686	0.999999004474795
9.45	10.15	0.999998626954515	0.799847010583398	0.000175001977149447	4.39948366095344	0.999999450781806
9.55	10.15	0.999999315421378	0.79985302175014	0.000172952584516344	4.31949868386838	0.999999726168551
9.65	10.15	0.999999722225074	0.799858798615273	0.000171007227509762	4.23951310095425	0.99999988889003
9.75	10.15	0.999999948158186	0.799864346962866	0.000169152729697745	4.15952694248191	0.999999979263274
9.85	10.15	1.00000006167085	0.799869673684349	0.000167377881033569	4.07954023545789	1.00000002466834
9.95	10.15	1.000000108243	0.799874786445812	0.000165673184277006	3.99955300439495	1.0000000432972
10.05	10.15	1.00000011731478	0.799879693422316	0.000164030627995012	3.91956527185633	1.00000004692591
10.15	10.15	1.0000001073373	0.799884403087286	0.000162443484558126	3.83957705883597	1.00000004293492
10.25	10.15	1.00000008939621	0.799888924046739	0.000160906131388861	3.7595883850218	1.00000003575849
10.35	10.15	1.00000006976676	0.799893264910312	0.000159413893431153	3.6795992689772	1.00000002790671
10.45	10.15	1.00000005168133	0.799897434192032	0.000157962905041718	3.59960972826664	1.00000002067253
10.55	10.15	1.00000003652549	0.799901440235456	0.000156549989423046	3.51961977954387	1.0000000146102
10.65	10.15	1.00000002462678	0.799905291158373	0.000155172553810746	3.43962943861601	1.00000000985071
10.75	10.15	1.00000001575877	0.799908994813358	0.000153828498578839	3.35963872049231	1.00000000630351
10.85	10.15	1.00000000945039	0.799912558761014	0.000152516138913212	3.27964763942387	1.00000000378016
10.95	10.15	1.00000000516559	0.799915990253324	0.000151234137395207	3.19965620893799	1.00000000206624
11.05	10.15	1.00000000239901	0.799919296225021	0.000149981446188802	3.1196644418697	1.0000000009596
11.15	10.15	1.00000000071964	0.799922483291231	0.00014875725769509	3.03967235039172	1.00000000028786
11.25	10.15	0.999999999783855	0.799925557749914	0.000147560962508098	2.95967994604365	0.999999999913542
11.35	10.15	0.999999999331651	0.799928525588088	0.00014639211371457	2.87968723976063	0.99999999973266
11.45	10.15	0.999999999175218	0.799931392490691	0.000145250396722357	2.79969424190153	0.999999999670087
11.55	10.15	0.999999999184939	0.799934163851522	0.000144135603776214	2.71970096227655	0.999999999673976
11.65	10.15	0.999999999275874	0.799936844785498	0.000143047612585063	2.63970741017412	0.999999999710349
11.75	10.15	0.999999999396171	0.799939440141811	0.000141986368438591	2.55971359438691	0.999999999758469
11.85	10.15	0.999999999517888	0.799941954517559	0.000140951869270558	2.47971952323688	0.999999999807155
11.95	10.15	0.999999999630122	0.799944392271561	0.000139944153359108	2.3997252045991	0.999999999852049
12.05	10.15	0.999999999733939	0.799946757538137	0.00013896328908999	2.31973064592447	0.999999999893576
12.15	10.15	0.999999999838308	0.799949054240615	0.000138009366644464	2.23973585426118	0.999999999935323
12.25	10.15	0.999999999956057	0.79995128610451	0.000137082491139842	2.15974083627493	0.999999999982423
12.35	10.15	1.00000000009878	0.799953456670227	0.000136182777051021	2.07974559826801	1.00000000003951
12.45	10.15	1.00000000026971	0.799955569305328	0.000135310343578031	1.99975014619733	1.00000000010788
12.55	10.15	1.00000000045418	0.799957627216285	0.000134465310768873	1.91975448569152	1.00000000018167
12.65	10.15	1.00000000060813	0.799959633459813	0.000133647796166492	1.83975862206717	1.00000000024325
12.75	10.15	1.00000000064722	0.799961590953803	0.000132857911853057	1.75976256034441	1.00000000025889
12.85	10.15	1.00000000044142	0.799963502487954	0.00013209576188168	1.67976630526169	1.00000000017657
12.95	10.15	0.999999999823492	0.799965370734012	0.000131361440252407	1.59976986128959	0.999999999929397
13.05	10.15	0.999999998622286	0.799967198255586	0.000130655029792467	1.51977323264295	0.999999999448915
13.15	10.15	0.999999996733643	0.799968987517212	0.000129976602617879	1.43977642329061	0.999999998693457
13.25	10.15	0.999999994238327	0.799970740892113	0.000129326223060412	1.35977943696125	0.999999997695331
13.35	10.15	0.999999991566609	0.799972460667878	0.000128703953928488	1.27978227714392	0.999999996626644
13.45	10.15	0.999999989687956	0.799974149049032	0.000128109866770244	1.19978494708231	0.999999995875182
13.55	10.15	0.999999990269904	0.799975808155606	0.000127544055740332	1.11978744976259	0.999999996107962
13.65	10.15	0.999999995703012	0.799977440017243	0.000127006652975319	1.03978978789775	0.999999998281205
13.75	10.15	1.00000000883562	0.79997904656381	0.000126497840491327	0.959791963915122	1.00000000353425
13.85	10.15	1.00000003222014	0.799980629615735	0.000126017850043304	0.87979397995949	1.00000001288805
13.95	10.15	1.00000006667226	0.799982190880904	0.000125566938381416	0.7997958379308	1.0000000266689
14.05	10.15	1.0000001090316	0.799983731969182	0.00012514532279725	0.719797539580127	1.00000004361264
14.15	10.15	1.00000014924323	0.799985254439826	0.000124753062760876	0.639799086687765	1.00000005969729
14.25	10.15	1.00000016730939	0.799986759899	0.000124389881524127	0.559800481336514	1.00000006692376
14.35	10.15	1.00000013131567	0.799988250161002	0.000124054940700316	0.479801726265342	1.00000005252627
14.45	10.15	0.99999999857141	0.799989727473437	0.000123746614526508	0.399802825236767	0.999999999428564
14.55	10.15	0.999999722747712	0.799991194778323	0.00012346235983947	0.319803783272506	0.999999889099085
14.65	10.15	0.999999270383022	0.799992655934871	0.000123198838021666	0.239804606511806	0.999999708153209
14.75	10.15	0.999998649651818	0.799994115996435	0.000122952502165467	0.159805301346199	0.999999459860727
14.85	10.15	0.999997952019307	0.799995882414775	0.00012272090249708	0.0798058723809459	0.999999180807723
14.95	10.15	0.999997402379077	0.399996191232992	0.000122541497968828	-0.000193741703279242	0.999998960951631
0.05	10.25	-4.66625980385747e-06	0.399992017708138	-0.000422434579969058	10.4587515248949	0.599998133496078
0.15	10.25	-5.18365663235172e-06	0.79997633681703	-0.000422952361693421	10.4107526320881	0.599997926537347
0.25	10.25	-5.42786829711041e-06	0.799960691191752	-0.000423980284805594	10.3627546962236	0.599997828852681
0.35	10.25	-4.62387775803246e-06	0.799945074065616	-0.00042553827013663	10.3147576965158	0.599998150448897
0.45	10.25	-1.96882417883279e-06	0.79992952848017	-0.000427658792001951	10.2667615832495	0.599999212470329
0.55	10.25	3.30683100652928e-06	0.799914085882926	-0.000430387562163197	10.2187662790994	0.600001322732403
0.65	10.25	1.17994479151934e-05	0.799898792649961	-0.000433784623763038	10.1707716813384	0.600004719779166
0.75	10.25	2.37420203699614e-05	0.799883720285847	-0.000437929922813423	10.1227776689233	0.600009496808148
0.85	10.25	3.87411378175176e-05	0.799868896983727	-0.000442975079300659	10.0747841156484	0.600015496455127
0.95	10.25	5.48167516485731e-05	0.799854428661633	-0.00044910225866838	10.0267909222733	0.600021926700659
1.05	10.25	6.7824514849621e-05	0.79984044270757	-0.000456490415276153	9.97879807659148	0.60002712980594
1.15	10.25	7.07748044545361e-05	0.799827582017754	-0.000465391693672749	9.93080572926311	0.600028309921782
1.25	10.25	5.62799959517817e-05	0.799816364622946	-0.000476127631217448	9.8828142381578	0.600022511998381
1.35	10.25	1.73216311863154e-05	0.799807500447465	-0.000489053022628496	9.8348241644369	0.600006928652475
1.45	10.25	-5.11785602169034e-05	0.799801871736638	-0.000504537828173971	9.78683622980973	0.599979528575913
1.55	10.25	-0.000150264082013207	0.799800498916334	-0.000522951158205585	9.73885121447024	0.599939894367195
1.65	10.25	-0.000274658265917984	0.799804490491964	-0.000544643804880327	9.69086978446968	0.599890136693633
1.75	10.25	-0.00041073609251495	0.799814981685461	-0.000569936011526328	9.64289224947308	0.599835705562994
1.85	10.25	-0.000535314049256808	0.799833065946309	-0.000599123022289893	9.59491826772842	0.599785874380297
1.95	10.25	-0.000615935772278801	0.799859702824752	-0.00063250953608323	9.54694653454214	0.599753625691088
2.05	10.25	-0.000613533190289307	0.799895570342262	-0.000670422217982841	9.49897451640008	0.599754586723884
2.15	10.25	-0.000488222995827207	0.799941655512086	-0.000712736526293155	9.4509983271358	0.599804710801669
2.25	10.25	-0.000202662466430332	0.80000009700357	-0.000759024659680495	9.40301276176972	0.599918935013428
2.35	10.25	0.000279965451733518	0.800078899233384	-0.000809780588517579	9.35501128593493	0.600111986180693
2.45	10.25	0.00103684721255204	0.800176306486467	-0.00086571115276006	9.30698537434781	0.600414738885021
2.55	10.25	0.00215270016610149	0.800295703285133	-0.000926758261955738	9.25892375635487	0.600861080066441
2.65	10.25	0.00372385127798029	0.800440687571176	-0.000992540606967745	9.21081206626434	0.601489540511192
2.75	10.25	0.00586009899563205	0.800615197888427	-0.00106248581715664	9.16263241612848	0.602344039598253
2.85	10.25	0.00868684084481862	0.800823516702407	-0.00113579196251542	9.11436290782286	0.603474736337927
2.95	10.25	0.0123480094517081	0.801070257040103	-0.00121133647472978	9.06597706406216	0.604939203780683
3.05	10.25	0.0170102749008095	0.801360285558799	-0.00128756721852941	9.01744314718463	0.606804109960324
3.15	10.25	0.0228690014272313	0.801698548015543	-0.00136237846276463	8.96872332115233	0.609147600570893
3.25	10.25	0.0301564478073671	0.802089753441206	-0.0014329698374156	8.91977259786351	0.612062579122947
3.35	10.25	0.0391525905438896	0.80253785269388	-0.00149569175128928	8.87053749657889	0.615661036217556
3.45	10.25	0.0501985972467312	0.803045222001484	-0.0015458921017869	8.82095434072998	0.620079438898692
3.55	10.25	0.0637121754971856	0.803611440748607	-0.00157779784077195	8.77094713051311	0.625484870198874
3.65	10.25	0.0802024753557724	0.804231555291885	-0.00158449334074857	8.72042498125966	0.632080990142309
3.75	10.25	0.100279606010454	0.804893790755279	-0.00155809488869196	8.66927923503295	0.640111842404182
3.85	10.25	0.12464998530879	0.805576886388597	-0.00149025782654753	8.61738057186958	0.649859994123516
3.95	10.25	0.154084172470036	0.806247679122494	-0.00137316413281652	8.56457679698388	0.661633668988014
4.05	10.25	0.189340515816356	0.806860264717553	-0.00120107630140275	8.51069244994556	0.675736206326542
4.15	10.25	0.231030219378265	0.807358768622315	-0.000972352087157895	8.45553185821167	0.692412087751306
4.25	10.25	0.279423711450458	0.807685685237613	-0.000691480534472572	8.39888745593266	0.711769484580183
4.35	10.25	0.334229127449321	0.807795774487387	-0.000370338402618567	8.3405546535371	0.733691650979728
4.45	10.25	0.394415243627333	0.807671391575453	-2.77623287103324e-05	8.28035285295395	0.757766097450933
4.55	10.25	0.458177907322077	0.807331309827095	0.000313015101058909	8.21814945396983	0.783271162928831
4.65	10.25	0.523123875797863	0.806826203019309	0.000628549046023543	8.15388098629433	0.809249550319145
4.75	10.25	0.586655800607274	0.806221673737169	0.000899558467602624	8.08756470570584	0.834662320242909
4.85	10.25	0.646432978046766	0.805578261730846	0.00111392072377353	8.019296415868	0.858573191218706
4.95	10.25	0.700737070376471	0.80493893054244	0.00126746514271406	7.9492351260638	0.880294828150589
5.05	10.25	0.748628931943121	0.804327545467842	0.00136280917455169	7.87757970051727	0.899451572777248
5.15	10.25	0.789893644422979	0.80375442158993	0.00140714331189216	7.80454439106755	0.915957457769192
5.25	10.25	0.824854042791192	0.803223048775912	0.0014099050176378	7.73033872935403	0.929941617116477
5.35	10.25	0.854150169660637	0.80273458193352	0.00138092958252285	7.65515428306846	0.941660067864255
5.45	10.25	0.878551804341033	0.802289692354894	0.0013292671356491	7.5791581093582	0.951420721736413
5.55	10.25	0.898830309510385	0.801888804216412	0.00126259507017477	7.50249127563068	0.959532123804154
5.65	10.25	0.915687320175184	0.801531778132076	0.00118705292723618	7.42527049608205	0.966274928070074
5.75	10.25	0.929725391406583	0.801217634513595	0.00110732632153476	7.34759126358138	0.971890156562633
5.85	10.25	0.941444412047603	0.800944496125509	0.00102684856365128	7.26953138984118	0.976577764819041
5.95	10.25	0.95125116033672	0.800709717867435	0.000948036510391323	7.19115434664202	0.980500464134688
6.05	10.25	0.959473838354781	0.800510112603717	0.000872515317490119	7.11251214006064	0.983789535341912
6.15	10.25	0.966377052419361	0.800342194432723	0.00080131210229773	7.03364765252576	0.986550820967745
6.25	10.25	0.972175131269004	0.800202392394103	0.000735013201960468	6.95459649049893	0.988870052507602
6.35	10.25	0.977043083474499	0.800087215097498	0.000673887095220265	6.87538841640813	0.9908172333898
6.45	10.25	0.98112521215339	0.799993364249118	0.000617978050550148	6.79604845055765	0.992450084861356
6.55	10.25	0.984541707377041	0.799917803815459	0.000567176203219373	6.71659772021251	0.993816682950816
6.65	10.25	0.987393617719769	0.79985779458532	0.000521269306742989	6.63705411913195	0.994957447087908
6.75	10.25	0.989766579784997	0.799810903791566	0.000479980547632745	6.55743282661107	0.995906631913999
6.85	10.25	0.991733622971295	0.799774997985462	0.000442995907913682	6.47774672273166	0.996693449188518
6.95	10.25	0.993357298329219	0.799748225517417	0.000409983755326973	6.39800672662721	0.997342919331688
7.05	10.25	0.994691318918154	0.799728993253496	0.000380608684885062	6.31822207702499	0.997876527567262
7.15	10.25	0.995781848999405	0.799715940734686	0.000354541123136261	6.23840056876519	0.998312739599762
7.25	10.25	0.99666854075156	0.799707913896817	0.000331463817519668	6.15854875498804	0.998667416300624
7.35	10.25	0.997385388345723	0.799703939676554	0.000311076043192687	6.07867212184228	0.998954155338289
7.45	10.25	0.997961448161157	0.799703202275592	0.00029309614379924	5.99877524059067	0.999184579264463
7.55	10.25	0.998421458801572	0.799705021480053	0.000277262863450657	5.9188619006291	0.999368583520629
7.65	10.25	0.99878638386624	0.799708833187761	0.0002633358095676	5.83893522601656	0.999514553546496
7.75	10.25	0.999073892959798	0.799714172141256	0.000251095298227664	5.75899777750008	0.999629557183919
7.85	10.25	0.999298791304424	0.799720656771676	0.000240341769784727	5.67905164161684	0.99971951652177
7.95	10.25	0.999473404892456	0.79972797600666	0.000230894913148181	5.59909850819623	0.999789361956982
8.05	10.25	0.99960792590189	0.799735877869647	0.000222592601960702	5.51913973741684	0.999843170360756
8.15	10.25	0.999710721733684	0.799744159689678	0.000215289718643025	5.43917641746459	0.999884288693474
8.25	10.25	0.999788610252446	0.799752659742487	0.000208856922125582	5.35920941376228	0.999915444100978
8.35	10.25	0.999847103423787	0.799761250151686	0.000203179400267421	5.27923941068311	0.999938841369515
8.45	10.25	0.99989062139683	0.799769830890283	0.000198155636611648	5.19926694660977	0.999956248558732
8.55	10.25	0.999922679073274	0.799778324736668	0.000193696212648215	5.11929244315052	0.999969071629309
8.65	10.25	0.999946047260219	0.799786673052296	0.000189722660474964	5.03931622927144	0.999978418904088
8.75	10.25	0.99996289057209	0.799794832263271	0.000186166375842626	4.95933856104793	0.999985156228836
8.85	10.25	0.999974884295551	0.799802770940909	0.000182967598054704	4.87935963767914	0.99998995371822
8.95	10.25	0.999983312442979	0.799810467389273	0.000180074460390032	4.79937961434777	0.999993324977192
9.05	10.25	0.999989149187746	0.799817907659872	0.000177442112390364	4.71939861244471	0.999995659675098
9.15	10.25	0.999993125798853	0.799825083924201	0.000175031913976391	4.63941672761653	0.999997250319541
9.25	10.25	0.999995785078519	0.799831993144768	0.000172810700052706	4.55943403603381	0.999998314031407
9.35	10.25	0.999997525162136	0.799838635994111	0.000170750113152171	4.47945059922206	0.999999010064855
9.45	10.25	0.999998634374653	0.799845015979083	0.000168826001082535	4.39946646774419	0.999999453749861
9.55	10.25	0.99999931865986	0.799851138733997	0.00016701787616139	4.3194816839767	0.999999727463944
9.65	10.25	0.999999722917652	0.799857011453007	0.000165308431954268	4.23949628417875	0.999999889167061
9.75	10.25	0.999999947405832	0.799862642436148	0.00016368311358466	4.15951030001675	0.999999978962333
9.85	10.25	1.00000006019308	0.799868040728333	0.000162129737331192	4.07952375967491	1.00000002407723
9.95	10.25	1.00000010649222	0.799873215834301	0.000160638155370885	3.99953668865522	1.00000004259689
10.05	10.25	1.00000011556038	0.799878177494979	0.000159199961552539	3.91954911034796	1.00000004622415
10.15	10.25	1.00000010572652	0.799882935513856	0.000157808234206576	3.83956104643488	1.00000004229061
10.25	10.25	1.00000008799735	0.799887499623822	0.000156457312269065	3.75957251717273	1.00000003519894
10.35	10.25	1.00000006859938	0.799891879386533	0.00015514260107497	3.67958354159239	1.00000002743975
10.45	10.25	1.00000005073675	0.799896084118063	0.000153860404583184	3.59959413763987	1.0000000202947
10.55	10.25	1.00000003578035	0.799900122835527	0.000152607780866233	3.51960432227781	1.00000001431214
10.65	10.25	1.00000002405168	0.799904004220513	0.000151382418137456	3.43961411156109	1.00000000962067
10.75	10.25	1.00000001532348	0.799907736595791	0.000150182528748308	3.35962352069549	1.00000000612939
10.85	10.25	1.00000000912682	0.799911327912539	0.000149006758817287	3.27963256408588	1.00000000365073
10.95	10.25	1.00000000492913	0.799914785745688	0.00014785411145104	3.19964125537785	1.00000000197165
11.05	10.25	1.00000000222904	0.799918117295665	0.000146723881756993	3.11964960749536	1.00000000089162
11.15	10.25	1.00000000059944	0.79992132939488	0.000145615601948675	3.03965763267604	1.00000000023978
11.25	10.25	0.99999999970018	0.799924428517806	0.000144528995219958	2.95966534250472	0.999999999880072
11.35	10.25	0.999999999274256	0.799927420793654	0.000143463937061658	2.87967274794593	0.999999999709702
11.45	10.25	0.999999999136298	0.79993031202084	0.000142420422932677	2.79967985937513	0.999999999654519
11.55	10.25	0.99999999915864	0.799933107682621	0.00014139854141313	2.71968668660905	0.999999999663456
11.65	10.25	0.999999999257889	0.799935812963376	0.000140398451943627	2.63969323893471	0.999999999703156
11.75	10.25	0.999999999383446	0.799938432765197	0.000139420366485662	2.55969952513732	0.999999999753378
11.85	10.25	0.999999999508448	0.799940971724396	0.000138464534535882	2.47970555352675	0.999999999803379
11.95	10.25	0.999999999623008	0.799943434227784	0.000137531230872495	2.39971133196269	0.999999999849203
12.05	10.25	0.999999999729227	0.799945824428494	0.000136620745716403	2.31971686787834	0.999999999891691
12.15	10.25	0.999999999837141	0.799948146261263	0.00013573337681009	2.23972216830263	0.999999999934856
12.25	10.25	0.999999999960584	0.799950403457024	0.000134869423136126	2.15972723988122	0.999999999984234
12.35	10.25	1.00000000011183	0.799952599556866	0.000134029179907557	2.07973208889603	1.00000000004473
12.45	10.25	1.00000000029405	0.799954737925308	0.000133212934607488	1.9997367212837	1.00000000011762
12.55	10.25	1.00000000049102	0.799956821762904	0.000132420963738415	1.91974114265311	1.00000000019641
12.65	10.25	1.00000000065496	0.799958854118312	0.000131653530132376	1.83974535830189	1.00000000026198
12.75	10.25	1.00000000069488	0.799960837899836	0.000130910880672779	1.75974937323225	1.00000000027795
12.85	10.25	1.000000000471	0.799962775886563	0.000130193244339207	1.67975319216603	1.0000000001884
12.95	10.25	0.999999999803998	0.799964670739074	0.000129500830796011	1.59975681955864	0.999999999921599
13.05	10.25	0.999999998511119	0.799966525009626	0.000128833829859572	1.5197602596113	0.999999999404448
13.15	10.25	0.999999996482276	0.799968341151504	0.00012819241250352	1.43976351628071	0.99999999859291
13.25	10.25	0.999999993806484	0.799970121526952	0.000127576734233415	1.35976659328454	0.999999997522593
13.35	10.25	0.999999990947741	0.799971868412868	0.000126986941776892	1.2797694941014	0.999999996379096
13.45	10.25	0.999999988947116	0.799973584003174	0.000126423183627132	1.19977222196393	0.999999995578847
13.55	10.25	0.999999989591009	0.799975270406883	0.000125885624160304	1.11977477984537	0.999999995836404
13.65	10.25	0.999999995435321	0.799976929641462	0.000125374459152277	1.03977717044232	0.999999998174128
13.75	10.25	1.00000000951897	0.799978563622485	0.000124889927874475	0.95977939616099	1.00000000380759
13.85	10.25	1.00000003455594	0.799980174153073	0.000124432313206198	0.879781459120433	1.00000001382238
13.95	10.25	1.00000007139579	0.799981762920432	0.000124001917512719	0.79978336119262	1.00000002855832
14.05	10.25	1.00000011663604	0.79998333151123	0.000123598999302941	0.719785104104847	1.00000004665442
14.15	10.25	1.0000001595173	0.799984881462115	0.00012322365674844	0.639786689629569	1.00000006380692
14.25	10.25	1.0000001786893	0.799986414363535	0.000122875652058004	0.55978811987541	1.00000007147572
14.35	10.25	1.00000014013214	0.799987932031216	0.000122554189568643	0.479789397663203	1.00000005605286
14.45	10.25	0.999999998402092	0.799989436745251	0.000122257693660469	0.399790526915754	0.999999999360837
14.55	10.25	0.999999704261665	0.799990931526761	0.000121983681107012	0.31979151290634	0.999999881704666
14.65	10.25	0.99999922226119	0.799992420372888	0.000121728881791826	0.239792362104824	0.999999688904476
14.75	10.25	0.99999856132283	0.799993908540685	0.000121489817717644	0.159793081253953	0.999999424529132
14.85	10.25	0.999997818953521	0.799995721895519	0.000121264088987995	0.0797936752010162	0.999999127581409
14.95	10.25	0.999997234373666	0.399995990350077	0.00012108857347819	-0.000205921102319508	0.999998893749466
0.05	10.35	-4.69948529254822e-06	0.399991764838106	-0.000406388763403484	10.4587763975627	0.599998120205883
0.15	10.35	-5.21193271674374e-06	0.799975569096856	-0.000406909849534405	10.4107775361635	0.599997915226913
0.25	10.35	-5.4396728357289e-06	0.799959383429518	-0.000407949629804598	10.3627796628275	0.599997824130866
0.35	10.35	-4.60098758176551e-06	0.799943184117617	-0.000409537531802204	10.3147827582781	0.599998159604967
0.45	10.35	-1.88630659905409e-06	0.799926995660872	-0.000411719731138893	10.2667867751823	0.59999924547736
0.55	10.35	3.47839785512489e-06	0.799910830605726	-0.00041456119182948	10.21879163952	0.600001391359142
0.65	10.35	1.2080572259817e-05	0.799894716437461	-0.000418149475773494	10.1707972529275	0.600004832228904
0.75	10.35	2.40935515974104e-05	0.799878703444655	-0.000422604890454267	10.1228035005051	0.600009637420639
0.85	10.35	3.89722352907127e-05	0.799862861346065	-0.000428107366085297	10.0748102667749	0.600015588894116
0.95	10.35	5.51515958832985e-05	0.799847057375234	-0.000434866495014048	10.0268174633643	0.600022060638353
1.05	10.35	6.80078834786629e-05	0.799831608739557	-0.000443137780917373	9.97882509088083	0.600027203153391
1.15	10.35	7.0680004239603e-05	0.799817018801043	-0.00045326858226265	9.93083331874741	0.600028272001696
1.25	10.35	5.57387489583383e-05	0.799803783816138	-0.000465666056762595	9.88284252616126	0.600022295499583
1.35	10.35	1.61898922541507e-05	0.799792567601761	-0.00048077688036362	9.83485329830865	0.600006475956902
1.45	10.35	-5.29609819687981e-05	0.799784194805864	-0.000499072769323835	9.78686638219078	0.599978815607212
1.55	10.35	-0.000152620764896078	0.799779616325659	-0.000521034091644807	9.73888258354864	0.599938951694042
1.65	10.35	-0.00027732786933891	0.79977985721313	-0.000547131932859804	9.69090259330006	0.599889068852264
1.75	10.35	-0.000413237252400997	0.799785948284982	-0.000577815935822854	9.64292674481482	0.59983470509904
1.85	10.35	-0.000536920387371764	0.79979884231128	-0.000613518356051471	9.594954719648	0.599785231845051
1.95	10.35	-0.000615567984290329	0.799819312119788	-0.000654678669960619	9.5469852380382	0.599753772806284
2.05	10.35	-0.000609206186614428	0.79984783839672	-0.000701740155430672	9.49901578968507	0.599756317525354
2.15	10.35	-0.000475956820849447	0.799884492294411	-0.000754924664671146	9.45104247925133	0.59980961727166
2.25	10.35	-0.000183957651913176	0.799933900306458	-0.000814233967069504	9.40306010749091	0.599926416939235
2.35	10.35	0.000308338225698899	0.800001263287311	-0.000880455832722485	9.35506218357646	0.60012333529028
2.45	10.35	0.00107586675165569	0.800086208503285	-0.000954607157750417	9.30704022226597	0.600430346700662
2.55	10.35	0.00220489906763763	0.800191673969264	-0.00103694478725044	9.25898297571343	0.600881959627055
2.65	10.35	0.00379281689015627	0.800321036936058	-0.00112742633241713	9.21087607409124	0.601517126756063
2.75	10.35	0.00595016417145986	0.800478066347462	-0.00122579912612766	9.16270161364336	0.602380065668584
2.85	10.35	0.00880308287116267	0.800666945820749	-0.0013315243080748	9.11443766811305	0.603521233148465
2.95	10.35	0.012496403384135	0.800892247865579	-0.00144363624166097	9.06605771320553	0.604998561353654
3.05	10.35	0.0171979334359071	0.801158848282572	-0.00156056176188329	9.01752993662272	0.606879173374363
3.15	10.35	0.023104489636621	0.801471751988864	-0.00167989630663968	8.96881638935192	0.609241795854648
3.25	10.35	0.030450178744841	0.80183578201141	-0.0017981313351952	8.91987191878754	0.612180071497936
3.35	10.35	0.0395173039468457	0.802255062818777	-0.00191033566622934	8.87064281214896	0.615806921578738
3.45	10.35	0.0506499018875649	0.802732205400291	-0.00200981180240529	8.82106507474871	0.620259960755026
3.55	10.35	0.0642690899990633	0.803267081327223	-0.00208778144931698	8.77106228298064	0.625707635999625
3.65	10.35	0.0808878215808507	0.803855077561289	-0.0021332074267909	8.72054300552067	0.63235512863234
3.75	10.35	0.10111998446879	0.804484798192914	-0.00213293225684353	8.66939790686829	0.640447993787516
3.85	10.35	0.125674899978381	0.805135400477895	-0.00207239177529029	8.61749687059979	0.650269959991352
3.95	10.35	0.155323720821451	0.805774211093272	-0.00193719893448859	8.56468683402747	0.66212948832858
4.05	10.35	0.190821042850198	0.806355977067306	-0.00171579955781119	8.5107914974751	0.676328417140079
4.15	10.35	0.232767668494735	0.806825789500148	-0.00140306712847624	8.45561454180375	0.693107067397894
4.25	10.35	0.281415322118133	0.807127584679576	-0.0010040891447374	8.39894816620935	0.712566128847253
4.35	10.35	0.336445617705264	0.807218069954474	-0.000536703127519092	8.34058818621679	0.734578247082106
4.45	10.35	0.396797028370857	0.807081779061463	-3.10916316972813e-05	8.28035519936198	0.758718811348343
4.55	10.35	0.460638894274778	0.806739290306416	0.000474481002445938	8.21811856073146	0.784255557709911
4.65	10.35	0.525563832257686	0.806242038477609	0.000940949515711323	8.1538172450902	0.810225532903074
4.75	10.35	0.588977963034964	0.805655030752031	0.00133619873815068	8.08747098382291	0.835591185213986
4.85	10.35	0.648560451005398	0.805037105192557	0.00164040799229153	8.01917759684164	0.859424180402159
4.95	10.35	0.702622264279166	0.804429019539163	0.00184745617270694	7.94909731312254	0.881048905711666
5.05	10.35	0.750254233154861	0.803852492076396	0.00196280470093172	7.87742933553707	0.900101693261944
5.15	10.35	0.791265535392738	0.803316048816918	0.00199950860106636	7.8043875154536	0.916506214157095
5.25	10.35	0.825994555282945	0.802821806958955	0.00197407584884172	7.73018050559154	0.930397822113178
5.35	10.35	0.855088871147273	0.802369908688927	0.0019032408370162	7.65499878350212	0.942035548458909
5.45	10.35	0.879319900434179	0.801960296253817	0.00180197565343606	7.57900831039527	0.951727960173671
5.55	10.35	0.899457087555194	0.80159288736155	0.00168258353536794	7.50234917633356	0.959782835022078
5.65	10.35	0.916198458819971	0.80126721380946	0.0015545380043457	7.42513729181895	0.966479383527988
5.75	10.35	0.930142489845071	0.800982109140544	0.0014247407833126	7.34746752798796	0.972056995938028
5.85	10.35	0.941785190497792	0.800735620270456	0.00129795788887793	7.26941723948618	0.976714076199117
5.95	10.35	0.951529957038828	0.800525109934146	0.00117728664894891	7.19104957789731	0.980611982815531
6.05	10.35	0.959702183668287	0.800347459025025	0.00106457844466821	7.11241633665906	0.983880873467315
6.15	10.35	0.966564209728986	0.800199290553624	0.000960788223120828	7.03356026673322	0.986625683891595
6.25	10.35	0.97232856049221	0.800077168169608	0.000866247410885446	6.9545169024556	0.988931424196884
6.35	10.35	0.977168818234761	0.799977749310468	0.000780868767649514	6.87531597631767	0.990867527293904
6.45	10.35	0.981228157918275	0.799897890345698	0.000704295720779764	6.79598250785395	0.99249126316731
6.55	10.35	0.984625873583605	0.799834709814384	0.000636008714794925	6.71653764307392	0.993850349433442
6.65	10.35	0.98746229745619	0.79978561893671	0.000575399410362808	6.63699930696842	0.994984918982476
6.75	10.35	0.989822488974701	0.799748328579152	0.000521821408402917	6.55738271751096	0.99592899558988
6.85	10.35	0.991779008755315	0.799720840487998	0.000474624132579798	6.47770079734374	0.996711603502126
6.95	10.35	0.993394024166627	0.799701428858088	0.000433174791914715	6.39796450955978	0.997357609666651
7.05	10.35	0.994720932084993	0.799688616653902	0.000396872003763796	6.31818313654912	0.997888372833997
7.15	10.35	0.995805634714217	0.799681149734538	0.000365153645970001	6.2383645153904	0.998322253885687
7.25	10.35	0.996687566052956	0.799677970787394	0.000337500764212409	6.15851523931871	0.998675026421182
7.35	10.35	0.997400538029386	0.799678194314877	0.000313438823042446	6.07864083200613	0.998960215211754
7.45	10.35	0.997973454484929	0.799681083386344	0.000292537205295888	5.99874589944547	0.999189381793972
7.55	10.35	0.998430926232027	0.799686028510101	0.000274407591223131	5.91883426289221	0.999372370492811
7.65	10.35	0.998793809824726	0.799692528746627	0.000258701655213953	5.83890907541659	0.99951752392989
7.75	10.35	0.999079685297106	0.799700175038725	0.000245108382134579	5.75897292401767	0.999631874118842
7.85	10.35	0.999303283067022	0.799708635647457	0.000233351208586917	5.67902791885804	0.999721313226809
7.95	10.35	0.999476866821701	0.799717643535571	0.000223185127354675	5.59907577092499	0.99979074672868
8.05	10.35	0.999610577018393	0.799726985518028	0.000214393846068393	5.51911785926093	0.999844230807357
8.15	10.35	0.999712738292798	0.799736492993213	0.00020678705807501	5.43915528880088	0.999885095317119
8.25	10.35	0.999790133307096	0.799746034072295	0.000200197860713835	5.3591889397811	0.999916053322838
8.35	10.35	0.999848245192987	0.799755506934034	0.000194480340817872	5.27921950962744	0.999939298077195
8.45	10.35	0.999891470608758	0.799764834244352	0.000189507336217346	5.19924754818205	0.999956588243503
8.55	10.35	0.999923305428293	0.799773958494917	0.000185168375054711	5.11927348707828	0.999969322171317
8.65	10.35	0.999946505140092	0.799782838129331	0.000181367790032345	5.03929766402172	0.999978602056037
8.75	10.35	0.999963222105567	0.799791444340008	0.000178023001523558	4.95932034267992	0.999985288842227
8.85	10.35	0.999975121876734	0.799799758432604	0.000175062961480207	4.87934172882444	0.999990048750694
8.95	10.35	0.999983480786812	0.799807769668087	0.00017242674919661	4.79936198330753	0.999993392314725
9.05	10.35	0.999989266996256	0.799815473504503	0.000170062309024819	4.7193812323933	0.999995706798502
9.15	10.35	0.999993207102189	0.799822870171252	0.000167925320226769	4.63939957590183	0.999997282840876
9.25	10.35	0.99999584030616	0.799829963518733	0.000165978188780597	4.55941709356464	0.999998336122464
9.35	10.35	0.999997561991902	0.799836760094771	0.000164189151464722	4.47943384993373	0.999999024796761
9.45	10.35	0.999998658400123	0.799843268407248	0.000162531482502781	4.3994498981341	0.999999463360049
9.55	10.35	0.999999333910624	0.799849498338497	0.00016098279375207	4.319465282702	0.99999973356425
9.65	10.35	0.999999732261262	0.7998554606834	0.000159524419505858	4.23948004170915	0.999999892904505
9.75	10.35	0.999999952855513	0.799861166787519	0.00015814087761961	4.15949420833597	0.999999981142205
9.85	10.35	1.00000006314102	0.799866628266119	0.000156819399310223	4.07950781202481	1.00000002525641
9.95	10.35	1.00000010788466	0.799871856788264	0.000155549520180442	3.99952087931734	1.00000004315387
10.05	10.35	1.00000011602761	0.799876863912943	0.000154322725789281	3.91953343445767	1.00000004641104
10.15	10.35	1.00000010567827	0.799881660967077	0.000153132145567843	3.83954549982382	1.00000004227131
10.25	10.35	1.000000087692	0.799886258956569	0.000151972289334934	3.75955709623581	1.0000000350768
10.35	10.35	1.00000006819341	0.799890668503722	0.000150838821321764	3.67956824317588	1.00000002727736
10.45	10.35	1.00000005031963	0.799894899805484	0.000149728366899251	3.59957895894767	1.00000002012785
10.55	10.35	1.00000003539874	0.799898962607894	0.000148638347960398	3.51958926079333	1.00000001415949
10.65	10.35	1.00000002372584	0.799902866193282	0.000147566843020606	3.43959916498233	1.00000000949034
10.75	10.35	1.00000001505826	0.799906619377279	0.000146512468836164	3.35960868688146	1.0000000060233
10.85	10.35	1.00000000891869	0.799910230513223	0.000145474280470267	3.27961784101262	1.00000000356748
10.95	10.35	1.00000000477066	0.799913707502222	0.000144451687289948	3.1996266411025	1.00000000190826
11.05	10.35	1.00000000211151	0.799917057807251	0.000143444382540571	3.11963510012713	1.00000000084461
11.15	10.35	1.00000000051435	0.799920288470237	0.000142452284560609	3.0396432303528	1.00000000020574
11.25	10.35	0.999999999639928	0.799923406131006	0.000141475487833184	2.95965104337449	0.999999999855971
11.35	10.35	0.999999999232437	0.799926417047511	0.000140514222475321	2.87965855015225	0.999999999692975
11.45	10.35	0.999999999107712	0.799929327116632	0.000139568820799743	2.79966576104588	0.999999999643085
11.55	10.35	0.999999999139188	0.799932141895176	0.000138639689877732	2.71967268584787	0.999999999655675
11.65	10.35	0.999999999244445	0.799934866620641	0.00013772728913765	2.63967933381478	0.999999999697778
11.75	10.35	0.999999999373741	0.799937506231599	0.000136832112195547	2.55968571369689	0.999999999749496
11.85	10.35	0.999999999501027	0.799940065387354	0.000135954672279578	2.47969183376628	0.999999999800411
11.95	10.35	0.999999999617253	0.799942548486872	0.000135095490552397	2.39969770184306	0.999999999846901
12.05	10.35	0.999999999725429	0.79994495968681	0.00013425508698544	2.31970332532012	0.999999999890171
12.15	10.35	0.999999999836572	0.7999473029186	0.000133433973181898	2.23970871118611	0.999999999934629
12.25	10.35	0.999999999965464	0.799949581904611	0.000132632646913961	2.15971386604692	0.999999999986185
12.35	10.35	1.00000000012502	0.799951800173318	0.000131851587974523	2.07971879614584	1.00000000005001
12.45	10.35	1.0000000003183	0.799953961073631	0.00013109125497683	1.99972350738228	1.00000000012732
12.55	10.35	1.00000000052756	0.799956067788348	0.000130352083004603	1.91972800532958	1.00000000021102
12.65	10.35	1.00000000070132	0.799958123346943	0.000129634481674581	1.83973229525177	1.00000000028053
12.75	10.35	1.00000000074201	0.79996013063767	0.000128938833633658	1.75973638211962	1.0000000002968
12.85	10.35	1.0000000005002	0.799962092419221	0.000128265493344135	1.67974027062582	1.00000000020008
12.95	10.35	0.999999999784687	0.799964011331845	0.000127614786375363	1.59974396519899	0.999999999913875
13.05	10.35	0.999999998401233	0.799965889907858	0.000126987009512345	1.51974747001605	0.999999999360493
13.15	10.35	0.999999996233936	0.799967730581245	0.000126382432349071	1.43975078901166	0.999999998493574
13.25	10.35	0.999999993379988	0.799969535695764	0.000125801301190901	1.35975392588338	0.999999997351995
13.35	10.35	0.999999990336717	0.799971307510576	0.000125243846172205	1.27975688409095	0.999999996134687
13.45	10.35	0.99999998821589	0.799973048202392	0.000124710292163833	1.19975966684835	0.999999995286356
13.55	10.35	0.999999988921194	0.799974759863033	0.000124200873107314	1.11976227710887	0.999999995568478
13.65	10.35	0.999999995171615	0.799976444491997	0.000123715847751396	1.03976471754633	0.999999998068646
13.75	10.35	1.00000001019393	0.799978103985166	0.000123255511897471	0.959766990540179	1.00000000407757
13.85	10.35	1.0000000368613	0.799979740123314	0.000122820198853015	0.879769098178625	1.00000001474452
13.95	10.35	1.00000007605629	0.799981354568251	0.000122410255895326	0.799771042301134	1.00000003042252
14.05	10.35	1.0000001241373	0.799982948879055	0.000122025982082392	0.719772824607128	1.00000004965492
14.15	10.35	1.00000016964999	0.799984524565606	0.000121667513687998	0.63977444685738	1.00000006786
14.25	10.35	1.00000018991064	0.7999860831986	0.000121334651387109	0.559775911182467	1.00000007596425
14.35	10.35	1.00000014882431	0.799987626591099	0.000121026641924902	0.47977722048083	1.00000005952972
14.45	10.35	0.99999999823503	0.799989157051316	0.000120741959712438	0.399778378830558	0.999999999294012
14.55	10.35	0.999999686041211	0.799990677674549	0.000120478181593401	0.319779391750495	0.999999874416485
14.65	10.35	0.999999174837405	0.799992192590161	0.000120232106304396	0.239780266034254	0.999999669934962
14.75	10.35	0.999998474286027	0.799993707252099	0.000120000325209089	0.159781008768876	0.999999389714411
14.85	10.35	0.999997687848447	0.799995565640442	0.000119780488575676	0.0797816250386457	0.999999075139379
14.95	10.35	0.999997068856223	0.399995793240253	0.00011960888565927	-0.000217953874949019	0.999998827542489
0.05	10.45	-4.73120845198464e-06	0.399991514080374	-0.000389838414833105	10.4588002922615	0.599998107516619
0.15	10.45	-5.24318068049544e-06	0.799974807896722	-0.000390345039540528	10.4108014619683	0.599997902727728
0.25	10.45	-5.46501261626539e-06	0.799958083151621	-0.000391360933697579	10.36280365087	0.599997813994953
0.35	10.45	-4.61117931368052e-06	0.799941296218989	-0.000392923828498863	10.3148068417379	0.599998155528275
0.45	10.45	-1.86980297712479e-06	0.799924449789662	-0.000395092235503178	10.266810990425	0.599999252078809
0.55	10.45	3.53286295335802e-06	0.79990753173084	-0.000397949558835604	10.2188160274288	0.600001413145181
0.65	10.45	1.21800126367753e-05	0.799890540249483	-0.000401610358234871	10.1708218605518	0.600004872005055
0.75	10.45	2.42370877568052e-05	0.799873490808053	-0.000406228164101787	10.1228283831985	0.600009694835103
0.85	10.45	3.91500183518892e-05	0.799856408470219	-0.000411999601817447	10.0748354907425	0.600015660007341
0.95	10.45	5.51837463849107e-05	0.799839194143977	-0.000419156480259142	10.0268431090487	0.600022073498554
1.05	10.45	6.79560513982219e-05	0.79982196594958	-0.000428034211360933	9.97885125641564	0.600027182420559
1.15	10.45	7.03495165373561e-05	0.799805284346499	-0.000439073465775814	9.9308601249378	0.600028139806615
1.25	10.45	5.4991361715788e-05	0.799789560590204	-0.000452752881998553	9.88287012104548	0.600021996544686
1.35	10.45	1.49918593348012e-05	0.799775371226703	-0.000469596228868634	9.83488185917244	0.600005996743734
1.45	10.45	-5.4496087074202e-05	0.79976344024144	-0.000490163582988071	9.78689611731774	0.59997820156517
1.55	10.45	-0.000154169067806562	0.799754600710836	-0.000515032256232102	9.73891373309299	0.599938332372877
1.65	10.45	-0.00027828473349141	0.799749738302985	-0.000544775663638749	9.69093542905966	0.599888686106603
1.75	10.45	-0.000412654489174055	0.79974971866689	-0.000579946272412834	9.64296156918383	0.59983493820433
1.85	10.45	-0.000533470447698795	0.799755301989427	-0.000621068285299743	9.59499186448261	0.59978661182092
1.95	10.45	-0.000607568213739614	0.799767046976249	-0.000668649566416413	9.54702506465097	0.599756972714504
2.05	10.45	-0.000594735525362644	0.799785227359907	-0.000723243614041876	9.49905869193101	0.599762105789855
2.15	10.45	-0.000452633988734791	0.799809957393679	-0.000785595646680368	9.45108889026776	0.599818946404506
2.25	10.45	-0.000144068212284537	0.799842879936331	-0.000856279884028879	9.40311045878482	0.599942372715086
2.35	10.45	0.000361511189118055	0.799894290642451	-0.000936273867448167	9.35511696327983	0.600144604475647
2.45	10.45	0.00114603589372601	0.799960392444754	-0.00102667441273275	9.30710001030097	0.60045841435749
2.55	10.45	0.00229713811321018	0.800044041405179	-0.00112796444303779	9.25904837357518	0.600918855245284
2.65	10.45	0.00391310220521228	0.800148268416507	-0.00124050014059223	9.21094770045664	0.601565240882085
2.75	10.45	0.00610553379906668	0.800276515649396	-0.00136440992238607	9.1627800964685	0.602442213519627
2.85	10.45	0.00900192317330491	0.800432644061787	-0.00149946083595289	9.11452362941568	0.603600769269322
2.95	10.45	0.0127488032921084	0.800620917980991	-0.00164488179901825	9.06615174459251	0.605099521316843
3.05	10.45	0.017516124876633	0.800845937769194	-0.0017991233436022	9.01763256263787	0.607006449950653
3.15	10.45	0.0235033977018759	0.801112488334427	-0.00195954219753441	8.96892801473426	0.60940135908075
3.25	10.45	0.0309480966426704	0.801425256304342	-0.00212200335242019	8.91999275487754	0.612379238657068
3.35	10.45	0.0401366883630134	0.801788347919279	-0.00228040276868464	8.87077277715121	0.616054675345205
3.45	10.45	0.0514182434199169	0.802204514983396	-0.00242613863487158	8.8212036628823	0.620567297367967
3.55	10.45	0.0652197348940588	0.802673975475243	-0.0025476062476307	8.77120839967399	0.626087893957624
3.65	10.45	0.0820604863619273	0.803192720449932	-0.00262986890987778	8.72069477120061	0.632824194544771
3.75	10.45	0.1025605008498	0.803750275897224	-0.00265476548173159	8.66955244248755	0.64102420033992
3.85	10.45	0.127433467712415	0.80432711488355	-0.00260183266998685	8.61765009571898	0.650973387084966
3.95	10.45	0.157450714759422	0.8048923799313	-0.00245047922240127	8.56483333332661	0.662980285903769
4.05	10.45	0.193359427913767	0.805403280189132	-0.00218371899916521	8.51092453978954	0.677343771165507
4.15	10.45	0.235741680655418	0.80580817535451	-0.0017932869978243	8.45572635441427	0.694296672262167
4.25	10.45	0.284816642699966	0.80605513672542	-0.00128507086273982	8.39903055298024	0.713926657079986
4.35	10.45	0.340220737469764	0.806105612040588	-0.000682785124612228	8.34063350470154	0.736088294987906
4.45	10.45	0.400841736133671	0.805948690485324	-2.74631182181604e-05	8.28035757200321	0.760336694453468
4.55	10.45	0.464805589640955	0.805608082020825	0.000628531681205761	8.21807503219835	0.785922235856382
4.65	10.45	0.52968292237145	0.805135787834561	0.00123174713864395	8.15372851114493	0.81187316894858
4.75	10.45	0.592887440719261	0.804594485945717	0.00173849387198931	8.08734140365845	0.837154976287705
4.85	10.45	0.652132854781981	0.804038515518151	0.00212224334346945	8.01901445575497	0.860853141912792
4.95	10.45	0.705779733918041	0.803503273890873	0.0023754571513626	7.94890958737832	0.882311893567216
5.05	10.45	0.752969033213688	0.803005420790988	0.00250649534541103	7.87722635692993	0.901187613285475
5.15	10.45	0.793549945350878	0.802549351713829	0.00253396346475148	7.80417787985341	0.917419978140351
5.25	10.45	0.827886572033196	0.802134120627647	0.00248091968062858	7.72997139539581	0.931154628813278
5.35	10.45	0.85663892416412	0.801757757513774	0.00237041827508245	7.65479570019805	0.942655569665648
5.45	10.45	0.880581101833921	0.801418855068694	0.00222281527032856	7.57881511248964	0.952232440733568
5.55	10.45	0.900479339905282	0.801116565446126	0.00205459346666209	7.50216829394525	0.960191735962113
5.65	10.45	0.917025627002864	0.80085008932098	0.00187821955973046	7.42497001158941	0.966810250801146
5.75	10.45	0.930811579893347	0.800618241553065	0.00170256831366441	7.34731427904642	0.972324631957339
5.85	10.45	0.942326642532115	0.800419264465197	0.00153357600425982	7.26927784442808	0.976930657012846
5.95	10.45	0.951968441523772	0.800250852890315	0.00137491961653869	7.19092345571909	0.980787376609509
6.05	10.45	0.960057540883839	0.800110297800797	0.00122862050381615	7.1123026577642	0.984023016353535
6.15	10.45	0.966852348522899	0.799994667659298	0.00109553597430615	7.0334580662576	0.98674093940916
6.25	10.45	0.972562239579631	0.799900977502999	0.000975737468478875	6.95442516006332	0.989024895831852
6.35	10.45	0.977358291211124	0.799826322870918	0.000868789863578772	6.8752336703512	0.990943316484449
6.45	10.45	0.981381690497932	0.7997679732786	0.000773951295292172	6.79590865055467	0.992552676199173
6.55	10.45	0.984750151909772	0.799723429130691	0.000690312267904322	6.71647130220599	0.993900060763909
6.65	10.45	0.987562748128429	0.799690449537751	0.000616889990119608	6.63693961789858	0.995025099251372
6.75	10.45	0.989903529518079	0.799667058950122	0.00055269052893561	6.55732888873457	0.995961411807232
6.85	10.45	0.991844244106559	0.799651539523227	0.000496748295335455	6.4776521116177	0.996737697642624
6.95	10.45	0.993446401546182	0.799642414662625	0.000448149837544545	6.39792032217902	0.997378560618473
7.05	10.45	0.994762863825316	0.79963842775314	0.00040604694954291	6.31814287184531	0.997905145530126
7.15	10.45	0.995839096345999	0.799638518857002	0.000369662634242606	6.23832766220045	0.9983356385384
7.25	10.45	0.996714175184693	0.799641801219272	0.000338292392277134	6.15848134593445	0.998685670073877
7.35	10.45	0.997421618211583	0.799647538725395	0.00031130254359061	6.0786095009491	0.998968647284633
7.45	10.45	0.997990087239965	0.799655124968701	0.000288126748865103	5.99871678229316	0.999196034895986
7.55	10.45	0.998443993675854	0.79966406425587	0.000268261519958286	5.91880705529959	0.999377597470342
7.65	10.45	0.99880402974337	0.799673954663245	0.000251261245628802	5.83888351242002	0.999521611897348
7.75	10.45	0.999087640120177	0.799684473122016	0.000236733077008467	5.7589487756688	0.999635056048071
7.85	10.45	0.999309443864984	0.799695362429453	0.000224331892626341	5.67900498620891	0.999723777545994
7.95	10.45	0.999481613216014	0.799706420039957	0.000213755478017126	5.59905388236744	0.999792645286406
8.05	10.45	0.999614213713504	0.799717488468615	0.000204739997093755	5.51909686721235	0.999845685485401
8.15	10.45	0.999715508801265	0.799728447134557	0.000197055794737651	5.4391350667204	0.999886203520506
8.25	10.45	0.99979223133312	0.799739205475007	0.00019050354491884	5.35916937949679	0.999916892533248
8.35	10.45	0.999849824056972	0.799749697169493	0.000184910742338993	5.27920051895213	0.999939929622789
8.45	10.45	0.999892651030411	0.79975987532592	0.000180128526018921	5.19922904879514	0.999957060412165
8.55	10.45	0.999924181933783	0.799769708493013	0.000176028817468049	5.11925541265048	0.999969672773513
8.65	10.45	0.999947151316653	0.799779177378101	0.000172501752702826	5.03927995856057	0.999978860526661
8.75	10.45	0.999963694892355	0.799788272161782	0.000169453386430189	4.95930295907495	0.999985477956942
8.85	10.45	0.999975465051978	0.799796990315195	0.000166803646210386	4.87932462757189	0.999990186020791
8.95	10.45	0.999983727787035	0.799805334836781	0.0001644845151769	4.79934513139602	0.999993491114814
9.05	10.45	0.999989443182762	0.799813312837573	0.000162438422674072	4.71936460233326	0.999995777273105
9.15	10.45	0.999993331572334	0.799820934413724	0.000160616823109604	4.6393831448827	0.999997332628934
9.25	10.45	0.999995927331754	0.799828211754524	0.000158978944984098	4.55940084272541	0.999998370932701
9.35	10.45	0.999997622153957	0.799835158442345	0.000157490692792145	4.47941776373361	0.999999048861583
9.45	10.45	0.99999869947789	0.799841788907926	0.000156123686253011	4.3994339638112	0.999999479791156
9.55	10.45	0.999999361573107	0.799848118010678	0.000154854422048876	4.31944948980939	0.999999744629243
9.65	10.45	0.999999750601063	0.799854160719397	0.00015366354489603	4.23946438171849	0.999999900240425
9.75	10.45	0.999999964797748	0.799859931872496	0.0001525352155851	4.15947867429998	0.999999985919099
9.85	10.45	1.00000007075399	0.799865446001728	0.000151456564785736	4.07949239829092	1.00000002830159
9.95	10.45	1.00000011261386	0.799870717205489	0.00015041722256488	3.99950558128561	1.00000004504554
10.05	10.45	1.00000011887044	0.79987575906118	0.000149408914276519	3.91951824837683	1.00000004754818
10.15	10.45	1.00000010731331	0.799880584567976	0.000148425114721674	3.83953042262023	1.00000004292532
10.25	10.45	1.00000008857357	0.799885206112929	0.000147460753020057	3.75954212537047	1.00000003542943
10.35	10.45	1.00000006862022	0.799889635455171	0.000146511961532612	3.67955337652551	1.00000002744809
10.45	10.45	1.00000005048387	0.799893883723651	0.000145575863126569	3.59956419470625	1.00000002019355
10.55	10.45	1.00000003542087	0.799897961425086	0.000144650391270634	3.51957459739097	1.00000001416835
10.65	10.45	1.00000002367895	0.79990187845944	0.000143734138636038	3.43958460101884	1.00000000947158
10.75	10.45	1.00000001498475	0.799905644140754	0.000142826229958292	3.35959422107229	1.0000000059939
10.85	10.45	1.00000000884163	0.799909267221638	0.000141926215686776	3.27960347214521	1.00000000353665
10.95	10.45	1.00000000470133	0.799912755920258	0.000141033983431775	3.19961236800132	1.00000000188053
11.05	10.45	1.00000000205431	0.799916117948599	0.000140149684356653	3.11962092162596	1.00000000082172
11.15	10.45	1.00000000046988	0.799919360541483	0.000139273672390728	3.03962914527309	1.00000000018795
11.25	10.45	0.9999999996069	0.799922490485493	0.000138406454167652	2.95963705050869	0.99999999984276
11.35	10.45	0.999999999208786	0.799925514147546	0.00013754864803914	2.87964464825123	0.999999999683514
11.45	10.45	0.999999999091205	0.799928437502669	0.000136700950674686	2.79965194880977	0.999999999636482
11.55	10.45	0.999999999127748	0.79993126616085	0.000135864110056204	2.7196589619196	0.999999999651099
11.65	10.45	0.999999999236305	0.799934005392613	0.000135038903736624	2.63966569677588	0.999999999694522
11.75	10.45	0.999999999367552	0.79993666015344	0.000134226121617903	2.5596721620651	0.999999999747021
11.85	10.45	0.999999999495943	0.799939235106764	0.000133426552296833	2.47967836599451	0.999999999798377
11.95	10.45	0.999999999613056	0.799941734645684	0.000132640972550899	2.39968431631957	0.999999999845222
12.05	10.45	0.999999999722667	0.799944162913235	0.000131870139242966	2.31969002036949	0.999999999889067
12.15	10.45	0.999999999836677	0.799946523821358	0.000131114783345233	2.23969548507091	0.999999999934671
12.25	10.45	0.999999999970737	0.799948821068582	0.000130375605540793	2.15970071696991	0.999999999988295
12.35	10.45	1.00000000013837	0.799951058156455	0.000129653273146042	2.07970572225248	1.00000000005535
12.45	10.45	1.00000000034247	0.799953238404865	0.000128948418024826	1.99971050676357	1.00000000013699
12.55	10.45	1.0000000005638	0.799955364966333	0.000128261635135014	1.91971507602502	1.00000000022552
12.65	10.45	1.0000000007472	0.799957440839437	0.00012759348161309	1.83971943525255	1.00000000029888
12.75	10.45	1.00000000078859	0.799959468881508	0.000126944476114834	1.75972358937188	1.00000000031544
12.85	10.45	1.00000000052903	0.799961451820687	0.00012631509848157	1.67972754303394	1.00000000021161
12.95	10.45	0.999999999765565	0.799963392267433	0.00012570578976616	1.59973130062905	0.999999999906226
13.05	10.45	0.999999998292653	0.799965292725328	0.000125116953096943	1.51973486629908	0.999999999317061
13.15	10.45	0.999999995988676	0.799967155600875	0.000124548955899081	1.43973824394683	0.99999999839547
13.25	10.45	0.999999992958931	0.799968983211685	0.000124002134379749	1.35974143724072	0.999999997183572
13.35	10.45	0.99999998973367	0.799970777792072	0.000123476801108016	1.27974444961332	0.999999995893468
13.45	10.45	0.999999987494433	0.799972541494881	0.000122973256298339	1.19974728425231	0.999999994997773
13.55	10.45	0.999999988260602	0.799974276388531	0.000122491802426138	1.11974994408413	0.999999995304241
13.65	10.45	0.999999994911949	0.799975984448777	0.000122032760150756	1.0397524317536	0.99999999796478
13.75	10.45	1.00000001086038	0.7999776675464	0.000121596480783239	0.959754749607762	1.00000000434415
13.85	10.45	1.00000003913572	0.799979327434814	0.000121183347036898	0.879756899698978	1.00000001565429
13.95	10.45	1.00000008065275	0.799980965745775	0.00012079375012483	0.799758883829767	1.0000000322611
14.05	10.45	1.00000013153377	0.799982584006419	0.000120428028753287	0.719760703667657	1.00000005261351
14.15	10.45	1.00000017963918	0.799984183695748	0.000120086356483569	0.639762360957966	1.00000007185567
14.25	10.45	1.00000020097107	0.799985766360726	0.000119768571771647	0.55976385784941	1.00000008038843
14.35	10.45	1.00000015739037	0.799987333807728	0.000119473963264073	0.479765197313825	1.00000006295615
14.45	10.45	0.99999999807026	0.79998888836877	0.000119201055125099	0.3997663835796	0.999999999228104
14.55	10.45	0.999999668090121	0.799990433208451	0.000118947484235327	0.319767422405141	0.999999867236048
14.65	10.45	0.999999128121424	0.799991972582683	0.000118710118379208	0.239768320900921	0.999999651248569
14.75	10.45	0.999998388559236	0.799993512135534	0.000118485618588683	0.159769086491311	0.999999355423694
14.85	10.45	0.999997558730824	0.799995413659484	0.000118271685474831	0.079769724492542	0.999999023492329
14.95	10.45	0.999996905860409	0.399995599934887	0.000118104012780325	-0.000229837424525536	0.999998762344164
0.05	10.55	-4.7609056139368e-06	0.399991274725094	-0.00037279845073227	10.4588231788907	0.599998095637754
0.15	10.55	-5.27633911147064e-06	0.799974081118039	-0.000373270859536744	10.4108243782705	0.599997889464355
0.25	10.55	-5.50165322150212e-06	0.799956837529204	-0.000374222914417125	10.3628266268348	0.599997799338711
0.35	10.55	-4.65008421880949e-06	0.799939478053961	-0.000375699202899948	10.3148299098596	0.599998139966312
0.45	10.55	-1.91143493761753e-06	0.799921981179546	-0.000377768074689421	10.2668341870593	0.599999235426025
0.55	10.55	3.4821152426782e-06	0.799904306762179	-0.000380527086571314	10.2188393944485	0.600001392846097
0.65	10.55	1.21041128177449e-05	0.799886419719231	-0.000384110966379922	10.170845447432	0.600004841645127
0.75	10.55	2.4114747705636e-05	0.799868295573359	-0.000388698181927382	10.1228522495441	0.600009645899082
0.85	10.55	3.89869049665048e-05	0.799849916687313	-0.000394499520394182	10.0748597088909	0.600015594761987
0.95	10.55	5.52218875471242e-05	0.799830977237489	-0.000401766278350696	10.0268677648677	0.600022088755019
1.05	10.55	6.77234585079488e-05	0.799811839136035	-0.000410906216730545	9.97887645819063	0.600027089383403
1.15	10.55	6.9743538118759e-05	0.799792803384032	-0.000422436370990825	9.93088601091416	0.600027897415247
1.25	10.55	5.40069022437819e-05	0.799774201442149	-0.000436886041513851	9.88289685938122	0.600021602760897
1.35	10.55	1.37339064409954e-05	0.799756501156813	-0.000454840505316401	9.83490965130441	0.600005493562576
1.45	10.55	-5.5735720999437e-05	0.79974029423701	-0.000476930221641392	9.78692520057184	0.5999777057116
1.55	10.55	-0.000154821588871639	0.799726255447326	-0.000503807611404244	9.73894438195848	0.599938071364451
1.65	10.55	-0.00027741330168877	0.799715083379203	-0.000536123354329719	9.69096795514614	0.599889034679325
1.75	10.55	-0.000408872517403765	0.799707426836535	-0.000574507388200791	9.64299632012039	0.599836450993039
1.85	10.55	-0.000524887999280089	0.799703801388518	-0.000619557261551466	9.59502922223862	0.599790044800288
1.95	10.55	-0.000591817055477641	0.799704493066825	-0.000671837504276192	9.54706544439231	0.599763273177809
2.05	10.55	-0.000569184467411634	0.79970946517756	-0.000731936858496355	9.49910254541807	0.599772326213035
2.15	10.55	-0.000414805289608528	0.799718596189679	-0.000800808098261295	9.45113672319683	0.599834077884156
2.25	10.55	-9.120492207323e-05	0.799733283145044	-0.000880316818925145	9.40316285212753	0.599963518031171
2.35	10.55	0.000433798479173556	0.799763158731729	-0.000971555774985996	9.35517456444287	0.600173519391669
2.45	10.55	0.00124315038902964	0.799804022495603	-0.00107490805509309	9.3071635182535	0.600497260155612
2.55	10.55	0.00242539090067858	0.799858311712554	-0.00119136762950273	9.25911853966864	0.600970156360271
2.65	10.55	0.00408010829906907	0.799928549238843	-0.00132172891707387	9.21102532338478	0.601632043319628
2.75	10.55	0.00632058801738078	0.800017605911668	-0.00146648272514071	9.1628660102162	0.602528235206952
2.85	10.55	0.00927636676452452	0.800128747233765	-0.00162569590782462	9.11461868420788	0.60371054670581
2.95	10.55	0.0130964863282806	0.800265644614599	-0.00179880846235482	9.06625677760153	0.605238594531312
3.05	10.55	0.017954008670728	0.800432335765795	-0.00198433761161491	9.01774835348198	0.607181603468291
3.15	10.55	0.0240523192694481	0.800633108217137	-0.00217947943992314	8.96905521985864	0.609620927707779
3.25	10.55	0.0316337050016186	0.800872264122478	-0.00237959862469472	8.92013181392485	0.612653482000647
3.35	10.55	0.0409905367764477	0.80115370158293	-0.0025776086907003	8.87092378369126	0.616396214710579
3.45	10.55	0.0524789645118169	0.801480221234424	-0.00276327658944842	8.82136619219992	0.620991585804727
3.55	10.55	0.0665341155724667	0.801852444769474	-0.00292254612703943	8.77138128906624	0.626613646228987
3.65	10.55	0.0836840720874942	0.802267236313961	-0.00303707499451587	8.72087585546292	0.633473628834998
3.75	10.55	0.104557077733107	0.802715595215687	-0.00308432086242918	8.66973826166769	0.641822831093243
3.85	10.55	0.12987241958777	0.803180218077103	-0.00303866458570038	8.61783561638877	0.651948967835108
3.95	10.55	0.160400953262515	0.803633394112657	-0.00287413422534948	8.56501175894322	0.664160381305006
4.05	10.55	0.196878644942948	0.804036590165517	-0.00256912166614447	8.5110873242095	0.678751457977179
4.15	10.55	0.239860569503291	0.804343676715076	-0.00211285485389382	8.45586355749464	0.695944227801317
4.25	10.55	0.289519959612926	0.804509413913289	-0.00151224132500405	8.39913165654084	0.71580798384517
4.35	10.55	0.345430471355707	0.804502539091221	-0.000796431093532572	8.34068870531822	0.738172188542283
4.45	10.55	0.406410571611576	0.804318734335322	-1.60518816049945e-05	8.28035937669121	0.76256422864463
4.55	10.55	0.470528195537131	0.803985800799897	0.000764430067008904	8.21801976642558	0.788211278214852
4.65	10.55	0.535326204156071	0.803555832611152	0.00147955435546696	8.15361724171252	0.814130481662428
4.75	10.55	0.598231134073117	0.803087358289005	0.0020762816074731	8.08717990719135	0.839292453629247
4.85	10.55	0.65700562888446	0.80262755269525	0.00252295404135955	8.01881221001492	0.862802251553784
4.95	10.55	0.71007859489455	0.802203586485413	0.00281130159971271	7.94867813546275	0.88403143795782
5.05	10.55	0.75665906156022	0.801824493771245	0.00295242269617448	7.87697757220216	0.902663624624088
5.15	10.55	0.796650023496599	0.801488516345796	0.00296971520487291	7.80392257490662	0.91866000939864
5.25	10.55	0.830449859684276	0.801190204671219	0.00289173650871841	7.72971848283512	0.93217994387371
5.35	10.55	0.858734955334104	0.800924550950109	0.0027467714455294	7.65455188713528	0.943493982133641
5.45	10.55	0.882282741531419	0.800688284466035	0.00255959281253136	7.57858498428331	0.952913096612567
5.55	10.55	0.90185493649016	0.800479587042262	0.00235009003176866	7.50195461686956	0.960741974596064
5.65	10.55	0.918135256900812	0.800297342834935	0.00213315447013292	7.42477411672352	0.967254102760325
5.75	10.55	0.931705963269195	0.80014050840954	0.00191924629896592	7.34713643947561	0.972682385307678
5.85	10.55	0.943047541308671	0.800007770119138	0.00171522870264798	7.26911760133345	0.977219016523468
5.95	10.55	0.952549729701865	0.799897448850343	0.0015252219767305	7.19077987848737	0.981019891880746
6.05	10.55	0.960526469594521	0.799807554585362	0.00135135595250969	7.11217453986025	0.984210587837809
6.15	10.55	0.96723076090954	0.799735904917023	0.0011943784297642	7.03334406608751	0.986892304363816
6.25	10.55	0.972867632136648	0.799680252208075	0.00105412003732533	6.95432389814147	0.989147052854659
6.35	10.55	0.977604694888792	0.799638391432581	0.00092983493806754	6.87514379345367	0.991041877955517
6.45	10.55	0.981580381414465	0.79960823900245	0.000820442328954119	6.79582887182844	0.992632152565786
6.55	10.55	0.984910215635368	0.799587882925839	0.00072469258784959	6.71640042427628	0.993964086254147
6.65	10.55	0.987691524318719	0.799575609071408	0.000641278179196582	6.6368765442704	0.995076609727488
6.75	10.55	0.990006961478579	0.799569909497543	0.000568905133388612	6.55727262735349	0.996002784591432
6.85	10.55	0.991927153951532	0.799569478398944	0.000506336996581503	6.47760177334781	0.996770861580613
6.95	10.55	0.993512707530168	0.799573200201284	0.000452419935122157	6.39787511613078	0.997405083012067
7.05	10.55	0.994815752808159	0.799580133212829	0.000406095195698782	6.31810209888489	0.997926301123264
7.15	10.55	0.995881161384338	0.799589491246357	0.000366403275758222	6.23829070754307	0.998352464553735
7.25	10.55	0.996747525905687	0.79960062483063	0.000332482819365436	6.15844767142051	0.998699010362275
7.35	10.55	0.997447969825612	0.799613003038124	0.000303566299275275	6.07857863739067	0.998979187930245
7.45	10.55	0.998010832681136	0.79962619653256	0.000278973874846523	5.99868832213161	0.999204333072454
7.55	10.55	0.998460262324851	0.799639862151278	0.000258106348624611	5.91878064571552	0.99938410492994
7.65	10.55	0.998816735406247	0.799653729145423	0.000240437822012407	5.83885884896876	0.999526694162499
7.75	10.55	0.999097520346248	0.799667587079856	0.000225508430150205	5.75892559647001	0.999639008138499
7.85	10.55	0.999317092238964	0.799681275320112	0.000212917386776009	5.67898306668958	0.999726836895586
7.95	10.55	0.999487505918252	0.799694673993199	0.000202316469971223	5.5990330305395	0.999795002367301
8.05	10.55	0.999618731380334	0.799707696286628	0.000193404013234235	5.51907691945482	0.999847492552134
8.15	10.55	0.999718954515601	0.799720281944617	0.000185919424219756	5.43911588403061	0.99988758180624
8.25	10.55	0.99979484541835	0.799732391820066	0.000179638225764334	5.35915084417224	0.99991793816734
8.35	10.55	0.999851796224037	0.799744003348158	0.000174367598197807	5.27918253166447	0.999940718489615
8.45	10.55	0.999894130330391	0.799755106816009	0.000169942392583847	5.1992115260185	0.999957652132156
8.55	10.55	0.999925284890313	0.799765702314026	0.000166221579770319	5.11923828440843	0.999970113956125
8.65	10.55	0.999947968549447	0.799775797265534	0.000163085099055613	5.03926316645814	0.999979187419779
8.75	10.55	0.999964296491615	0.799785404442942	0.000160431070048537	4.95928645458462	0.999985718596646
8.85	10.55	0.999975904921008	0.799794540389804	0.000158173333254381	4.87930837054509	0.999990361968403
8.95	10.55	0.99998404713504	0.799803224178732	0.000156239286411421	4.79932908877427	0.999993618854016
9.05	10.55	0.999989673320226	0.799811476444436	0.000154567986199554	4.71934874703527	0.99999586932809
9.15	10.55	0.999993496136389	0.799819318640809	0.000153108487187472	4.63936745484639	0.999997398454555
9.25	10.55	0.999996044047853	0.799826772478514	0.000151818392300123	4.55938530008562	0.999998417619141
9.35	10.55	0.99999770422226	0.799833859506718	0.000150662591332889	4.47940235411853	0.999999081688904
9.45	10.55	0.999998756657576	0.799840600809196	0.00014961216607139	4.39941867574224	0.999999502663031
9.55	10.55	0.999999401024977	0.799847016789879	0.000148643442862862	4.31943431419092	0.999999760409991
9.65	10.55	0.99999977753794	0.79985312702821	0.000147737174966569	4.23944931140549	0.999999911015176
9.75	10.55	0.99999998298301	0.799858950187889	0.00014687783915359	4.15946370373292	0.999999993193204
9.85	10.55	1.00000008288095	0.799864503966371	0.00014605303228979	4.07947752318858	1.00000003315238
9.95	10.55	1.00000012059231	0.799869805074867	0.000145252955234198	3.99949079838758	1.00000004823692
10.05	10.55	1.00000012404137	0.79987486924079	0.000144469972985856	3.91950355522859	1.00000004961655
10.15	10.55	1.00000011060846	0.799879711226603	0.000143698240716104	3.83951581739448	1.00000004424338
10.25	10.55	1.00000009063312	0.799884344860068	0.000142933386980586	3.75952760671931	1.00000003625325
10.35	10.55	1.00000006987865	0.799888783072396	0.000142172246303373	3.6795389434588	1.00000002795146
10.45	10.55	1.00000005123214	0.799893037941323	0.00014141263398443	3.59954984649198	1.00000002049286
10.55	10.55	1.00000003585098	0.799897120737153	0.000140653157340606	3.5195603334743	1.00000001434039
10.65	10.55	1.00000002391548	0.799901041970109	0.000139893057850479	3.43957042095669	1.00000000956619
10.75	10.55	1.00000001510703	0.799904811437877	0.000139132079769911	3.35958012448103	1.00000000604281
10.85	10.55	1.00000000889906	0.7999084382724	0.000138370361140367	3.27958945865913	1.00000000355963
10.95	10.55	1.00000000472386	0.799911930985479	0.000137608343721064	3.19959843724019	1.00000000188954
11.05	10.55	1.00000000205949	0.799915297512618	0.000136846699002554	3.11960707317	1.0000000008238
11.15	10.55	1.00000000046753	0.799918545254894	0.000136086267569972	3.03961537864408	1.00000000018701
11.25	10.55	0.999999999602156	0.799921681118672	0.000135328009857129	2.95962336515611	0.999999999840862
11.35	10.55	0.999999999204025	0.799924711553077	0.00013457296620542	2.87963104354248	0.99999999968161
11.45	10.55	0.999999999087254	0.799927642585189	0.000133822224912425	2.79963842402365	0.999999999634902
11.55	10.55	0.999999999124617	0.799930479852904	0.000133076896682216	2.71964551624255	0.999999999649847
11.65	10.55	0.99999999923365	0.799933228635674	0.000132338094598066	2.63965232930021	0.99999999969346
11.75	10.55	0.999999999364978	0.799935893882976	0.000131606918472066	2.55965887178897	0.999999999745991
11.85	10.55	0.999999999493244	0.799938480240791	0.000130884442906572	2.47966515182317	0.999999999797298
11.95	10.55	0.999999999610437	0.799940992076013	0.00013017170836915	2.39967117706761	0.999999999844175
12.05	10.55	0.999999999720946	0.799943433499052	0.000129469714714469	2.31967695476378	0.999999999888379
12.15	10.55	0.999999999837448	0.799945808384629	0.000128779416653642	2.23968249175415	0.999999999934979
12.25	10.55	0.999999999976394	0.799948120390931	0.000128101720819977	2.15968779450451	0.999999999990557
12.35	10.55	1.00000000015185	0.799950372977238	0.000127437484037627	2.07969286912467	1.00000000006074
12.45	10.55	1.00000000036655	0.7999525694202	0.000126787512463575	1.99969772138769	1.00000000014662
12.55	10.55	1.00000000059973	0.799954712828867	0.000126152561340521	1.91970235674791	1.00000000023989
12.65	10.55	1.00000000079258	0.799956806158731	0.00012553333516279	1.83970678035796	1.00000000031703
12.75	10.55	1.00000000083462	0.799958852224893	0.000124930488034274	1.75971099708488	1.00000000033385
12.85	10.55	1.00000000055747	0.799960853714494	0.000124344624270192	1.6797150115254	1.00000000022299
12.95	10.55	0.999999999746632	0.799962813198527	0.000123776299300129	1.59971882801996	0.999999999898653
13.05	10.55	0.9999999981854	0.799964733142863	0.000123226021302128	1.51972245066483	0.99999999927416
13.15	10.55	0.999999995746547	0.799966615918222	0.000122694254147894	1.43972588332121	0.999999998298619
13.25	10.55	0.999999992543401	0.799968463808359	0.000122181422480407	1.35972912961944	0.99999999701736
13.35	10.55	0.999999989138724	0.79997027901557	0.000121687919823955	1.27973219295674	0.999999995655489
13.45	10.55	0.999999986782892	0.79997206366218	0.000121214120241486	1.19973507648702	0.999999994713157
13.55	10.55	0.999999987609365	0.799973819787017	0.00012076039327587	1.11973778310309	0.999999995043746
13.65	10.55	0.999999994656373	0.799975549336331	0.000120327120073915	1.03974031541461	0.999999997862549
13.75	10.55	1.00000001151816	0.79997725415046	0.000119914706057545	0.959742675730732	1.00000000460726
13.85	10.55	1.00000004137873	0.799978935950498	0.000119523582028853	0.879744866063106	1.00000001655149
13.95	10.55	1.00000008518426	0.799980596333552	0.000119154181898131	0.799746888172952	1.0000000340737
14.05	10.55	1.000000138824	0.799982236790541	0.000118806882849116	0.719748743691991	1.0000000555296
14.15	10.55	1.00000018948288	0.799983858765563	0.000118481894692217	0.639750434346406	1.00000007579315
14.25	10.55	1.00000021186841	0.799985463777961	0.000118179092788123	0.559751962299315	1.00000008474736
14.35	10.55	1.00000016582863	0.799987053623472	0.000117897806989569	0.479753330591796	1.00000006633145
14.45	10.55	0.999999997907814	0.799988630653681	0.000117636610762197	0.399754543597586	0.999999999163126
14.55	10.55	0.999999650411864	0.799990198097686	0.000117393200829483	0.319755607308668	0.999999860164746
14.65	10.55	0.999999082122227	0.799991760332342	0.000117164514053381	0.239756529145463	0.999999632848891
14.75	10.55	0.999998304158841	0.799993323185112	0.000116947281299402	0.159757316862694	0.999999321663537
14.85	10.55	0.999997431625205	0.79999526595551	0.000116739253598174	0.0797579760034744	0.999998972650082
14.95	10.55	0.999996745417108	0.399995410460275	0.000116575522920043	-0.000241569311754265	0.999998698166843
0.05	10.65	-4.7884341827779e-06	0.39999105705974	-0.000355303184437715	10.4588450287971	0.599998084626327
0.15	10.65	-5.31071758590745e-06	0.799973419635981	-0.00035571997466006	10.4108462551777	0.599997875712966
0.25	10.65	-5.54741920433552e-06	0.799955698599003	-0.000356564822527201	10.3628485583192	0.599997781032318
0.35	10.65	-4.71194545810828e-06	0.799937803894583	-0.00035788753122021	10.3148519263673	0.599998115221817
0.45	10.65	-1.99730792559184e-06	0.799919687847796	-0.000359763115960761	10.2668563234018	0.59999920107683
0.55	10.65	3.35695423156268e-06	0.799901279079385	-0.000362296945162694	10.2188616916519	0.600001342781693
0.65	10.65	1.19172386490186e-05	0.799882503979384	-0.000365633218259532	10.1708679551077	0.60000476689546
0.75	10.65	2.38670660757205e-05	0.799863292576013	-0.000369965401683583	10.1228750285996	0.60000954682643
0.85	10.65	3.87963098734231e-05	0.799843520775837	-0.000375505606035953	10.0748828327865	0.600015518523949
0.95	10.65	5.50235051867132e-05	0.799822865192928	-0.000382553651744092	10.02689132365	0.600022009402075
1.05	10.65	6.72286194638219e-05	0.799801679792922	-0.000391567599151554	9.97890056826303	0.600026891447786
1.15	10.65	6.88631421761006e-05	0.799780101039986	-0.000403081392219228	9.93091082053676	0.60002754525687
1.25	10.65	5.27891596888566e-05	0.799758347230119	-0.000417671225145002	9.88292255013806	0.600021115663876
1.35	10.65	1.23848533816467e-05	0.799736750829517	-0.000435968860798527	9.83493644141558	0.600004953941353
1.45	10.65	-5.6771368908022e-05	0.799715740619539	-0.000458651111551708	9.78695334770349	0.599977291452437
1.55	10.65	-0.000154758957623085	0.799695797453089	-0.000486416507759324	9.73897418465524	0.599938096416951
1.65	10.65	-0.000275022490352539	0.799677390542606	-0.000519960098054711	9.69099975285624	0.599889991003859
1.75	10.65	-0.000402377231483905	0.799660899091356	-0.000559954935302827	9.64303049217428	0.599839049107406
1.85	10.65	-0.000511868941781695	0.799646525944468	-0.000607047061532119	9.59506618623785	0.599795252423287
1.95	10.65	-0.00056915660073937	0.799634197682357	-0.000661864870198769	9.54710565424682	0.599772337359704
2.05	10.65	-0.00053336932482965	0.799623435765357	-0.000725076886475149	9.49914649193343	0.599786652270068
2.15	10.65	-0.000363866758153621	0.799613974403604	-0.000798043630089346	9.45118496157762	0.599854453296739
2.25	10.65	-2.8394752189007e-05	0.79960994502869	-0.000883000862214576	9.40321609129704	0.599988642099125
2.35	10.65	0.00052148036340012	0.799613547013935	-0.000981130316844021	9.35523358461155	0.60020859214536
2.45	10.65	0.00136217642618974	0.799623971474745	-0.00109297280506477	9.30722910709643	0.600544870570476
2.55	10.65	0.00258296048679351	0.799642760197778	-0.00121968855714875	9.25919156978566	0.601033184194717
2.65	10.65	0.00428525690252052	0.79967174238677	-0.00136231869525069	9.21110674028833	0.601714102761008
2.75	10.65	0.00658454796262482	0.799713001290128	-0.00152164433647326	9.16295681686177	0.60263381918505
2.85	10.65	0.00961297617354202	0.799768974348062	-0.00169801212885391	9.11471992031827	0.603845190469417
2.95	10.65	0.0135227612333032	0.799842498411481	-0.00189108289780446	9.0663694872093	0.605409104493321
3.05	10.65	0.0184909011501532	0.799936801238238	-0.00209948442392648	9.01787353425849	0.607396360460061
3.15	10.65	0.0247256771115618	0.800055430301357	-0.00232034643711155	8.96919374695851	0.609890270844625
3.25	10.65	0.0324754397943829	0.800202084152424	-0.00254870077718728	8.92028432972962	0.612990175917753
3.35	10.65	0.0420399754363766	0.800380285383281	-0.00277674684655643	8.87109054378167	0.616815990174551
3.45	10.65	0.0537842858601073	0.800592806354711	-0.00299302092548298	8.82154685817432	0.621513714344043
3.55	10.65	0.0681536335187303	0.800840735078637	-0.00318158067632717	8.77157466212828	0.627261453407492
3.65	10.65	0.0856868907095716	0.801122070657605	-0.00332143606102866	8.7210795535893	0.634274756283829
3.75	10.65	0.107022293061694	0.801429813360149	-0.00338662590637871	8.66994836101041	0.642808917224678
3.85	10.65	0.132885612481356	0.801749742544955	-0.00334752002158508	8.6180463075888	0.653154244992543
3.95	10.65	0.164046369282706	0.802058538131906	-0.00317401162444172	8.5652151115739	0.665618547713082
4.05	10.65	0.201225573452469	0.802323572745935	-0.0028410485333157	8.51127329984495	0.680490229380987
4.15	10.65	0.244943633103343	0.802506230955984	-0.0023361896017623	8.45602044129227	0.697977453241337
4.25	10.65	0.295315871630823	0.802570155130138	-0.00166751105810785	8.39924704892369	0.718126348652329
4.35	10.65	0.351838016962731	0.802493433450127	-0.000868729583050909	8.34075108643022	0.740735206785093
4.45	10.65	0.413243941649045	0.802279815893574	1.95974858820477e-06	8.28036002120551	0.765297576659618
4.55	10.65	0.477532524987243	0.801961646548202	0.000870966354978304	8.21795452681545	0.791013009994897
4.65	10.65	0.54221587784294	0.801590353022973	0.00166417605896526	8.1534876021959	0.816886351137176
4.75	10.65	0.604739536040757	0.801218543173494	0.00232217619708687	8.08699288328714	0.841895814416303
4.85	10.65	0.662928128304805	0.800883932233011	0.00281015718690079	8.01857909481055	0.865171251321922
4.95	10.65	0.715294554121371	0.800603161213031	0.00311983854219878	7.94841253273637	0.886117821648548
5.05	10.65	0.76113013212803	0.800375670482679	0.00326465303098826	7.87669334918941	0.904452052851212
5.15	10.65	0.800402093886723	0.800192045628245	0.00327163118738942	7.80363224932507	0.920160837554689
5.25	10.65	0.833549267865787	0.800041286213792	0.00317333076172436	7.72943227284962	0.933419707146315
5.35	10.65	0.861267025860904	0.799914683626465	0.00300176098409301	7.65427738895959	0.944506810344362
5.45	10.65	0.884336302762117	0.799806742170509	0.00278479917873983	7.57832729983311	0.953734521104847
5.55	10.65	0.903513075439854	0.79971453706677	0.00254470749535222	7.50171672918291	0.961405230175942
5.65	10.65	0.919470933065583	0.799636660297124	0.00229805168900397	7.42455735239146	0.967788373226233
5.75	10.65	0.932780774199922	0.799572342276877	0.0020563739065338	7.34694091693732	0.973112309679969
5.85	10.65	0.943912230755873	0.799520911711108	0.00182715569287159	7.26894261493163	0.977564892302349
5.95	10.65	0.953245483801993	0.799481548571382	0.00161479542663887	7.19062420244465	0.981298193520797
6.05	10.65	0.96108643988996	0.799453226919948	0.00142146555812129	7.11203665536315	0.984434575955984
6.15	10.65	0.967681526520446	0.799434755153563	0.00124780362086583	7.03322232306895	0.987072610608179
6.25	10.65	0.97323047936841	0.799424851454855	0.00109343864596109	6.95421662552683	0.989292191747364
6.35	10.65	0.97789668248582	0.799422219966358	0.000957375691844158	6.87504937070971	0.991158672994328
6.45	10.65	0.981815202635155	0.799425612366411	0.000838267227681221	6.79574577252117	0.992726081054062
6.55	10.65	0.985098885077364	0.799433870680741	0.000734598720901386	6.71632724000104	0.994039554030945
6.65	10.65	0.987842920915646	0.799445952680966	0.000644811452297998	6.6368119952146	0.995137168366258
6.75	10.65	0.990128256670115	0.799460943349593	0.000567380647757561	6.55721556403793	0.996051302668046
6.85	10.65	0.992024149538715	0.799478056236136	0.000500862526295445	6.47755117277142	0.996809659815486
6.95	10.65	0.993590102994202	0.799496628074887	0.000443920182560122	6.39783007456121	0.997436041197681
7.05	10.65	0.994877357647969	0.799516109321994	0.000395335377452372	6.31806182282536	0.997950943059188
7.15	10.65	0.995930064540306	0.799536052561775	0.000354011192691308	6.2382545038981	0.998372025816122
7.25	10.65	0.996786231572237	0.799556100131844	0.000318968970026118	6.15841493752758	0.998714492628895
7.35	10.65	0.997478506812954	0.799575971853106	0.000289341861279241	6.07854885133747	0.998991402725182
7.45	10.65	0.998034842846189	0.799595453410219	0.00026436654753366	5.99866103360978	0.999213937138476
7.55	10.65	0.998479072342545	0.799614385690021	0.000243374151744587	5.91875546754721	0.999391628937018
7.65	10.65	0.998831415202756	0.799632655224285	0.000225781001709383	5.83883544936674	0.999532566081103
7.75	10.65	0.999108930792586	0.799650185777219	0.000211079651009641	5.75890369204245	0.999643572317034
7.85	10.65	0.999325924151122	0.799666931052256	0.000198830396527545	5.67896241616989	0.999730369660449
7.95	10.65	0.99949431198609	0.799682868452949	0.000188653419811752	5.59901342920262	0.999797724794436
8.05	10.65	0.999623952320567	0.799697993810437	0.000180221606867997	5.51905819417171	0.999849580928227
8.15	10.65	0.999722940490396	0.799712316980305	0.000173254053745146	5.43909788890765	0.999889176196158
8.25	10.65	0.999797873562659	0.799725858208926	0.000167510238038152	5.35913345672135	0.999919149425064
8.35	10.65	0.999854084968515	0.799738645170909	0.000162784818757954	5.2791656494512	0.999941633987406
8.45	10.65	0.999895851082662	0.799750710585405	0.000158903019282498	5.1991950637377	0.999958340433065
8.55	10.65	0.999926571537971	0.799762090324992	0.000155716544199106	5.11922217134063	0.999970628615188
8.65	10.65	0.999948925167858	0.799772821939352	0.000153099980413822	5.03924734426346	0.999979570067143
8.75	10.65	0.999965003574137	0.799782943523797	0.000150947635017458	4.9592708753948	0.999986001429655
8.85	10.65	0.999976424395504	0.799792492871317	0.000149170764356615	4.879292995318	0.999990569758202
8.95	10.65	0.999984426386082	0.799801506854599	0.000147695152588448	4.79931388587872	0.999993770554433
9.05	10.65	0.999989948399345	0.799810020992199	0.000146459001066437	4.71933369103751	0.999995979359738
9.15	10.65	0.999993694311803	0.799818069160177	0.000145411093496951	4.63935252547243	0.999997477724721
9.25	10.65	0.999996185819126	0.799825683416578	0.000144509204887271	4.55937048133672	0.99999847432765
9.35	10.65	0.99999780490354	0.799832893912141	0.000143718725724706	4.47938763351945	0.999999121961416
9.45	10.65	0.999998827614734	0.799839728865551	0.000143011475371022	4.39940404370454	0.999999531045894
9.55	10.65	0.999999450636591	0.799846214585519	0.000142364681553454	4.31941976347538	0.999999780254636
9.65	10.65	0.999999811937172	0.799852375526186	0.000141760105167013	4.23943483666986	0.999999924774869
9.75	10.65	1.00000000662668	0.799858234364886	0.000141183292011618	4.15944930115291	1.00000000265067
9.85	10.65	1.00000009898321	0.799863812094046	0.000140622934741362	4.07946319014143	1.00000003959328
9.95	10.65	1.00000013145277	0.799869128121123	0.000140070330685234	3.99947653318903	1.00000005258111
10.05	10.65	1.00000013129177	0.799874200371885	0.000139518922403195	3.91948935691515	1.00000005251671
10.15	10.65	1.00000011539662	0.799879045393778	0.000138963909748982	3.83950168554423	1.00000004615865
10.25	10.65	1.00000009375907	0.799883678457069	0.00013840192327732	3.75951354130507	1.00000003750363
10.35	10.65	1.00000007189467	0.799888113652262	0.000137830750311379	3.67952494472871	1.00000002875787
10.45	10.65	1.00000005251563	0.799892363982688	0.000137249105941648	3.59953591487293	1.00000002100625
10.55	10.65	1.00000003665701	0.799896441451896	0.000136656442370423	3.51954646949456	1.00000001466281
10.65	10.65	1.00000002441448	0.79990035714537	0.000136052790723621	3.43955662518446	1.00000000976579
10.75	10.65	1.00000001541144	0.799904121306679	0.000135438630394411	3.35956639747626	1.00000000616458
10.85	10.65	1.00000000908207	0.799907743408084	0.000134814781609471	3.27957580093621	1.00000000363283
10.95	10.65	1.00000000483242	0.799911232215795	0.000134182317509708	3.19958484923973	1.00000000193297
11.05	10.65	1.00000000212321	0.799914595850175	0.000133542492594314	3.11959355523785	1.00000000084928
11.15	10.65	1.00000000050475	0.799917841841049	0.00013289668486482	3.03960193101645	1.0000000002019
11.25	10.65	0.999999999623982	0.799920977178594	0.0001322463493173	2.9596099879494	0.999999999849593
11.35	10.65	0.999999999216988	0.799924008359945	0.000131592980954977	2.87961773674716	0.999999999686795
11.45	10.65	0.999999999095051	0.799926941431914	0.000130938085529544	2.7996251875011	0.99999999963802
11.55	10.65	0.999999999129229	0.799929782030073	0.0001302831568432	2.7196323497244	0.999999999651692
11.65	10.65	0.999999999236074	0.799932535414489	0.000129629659244779	2.6396392323896	0.99999999969443
11.75	10.65	0.999999999365726	0.79993520650234	0.000128979014525938	2.55964584396325	0.99999999974629
11.85	10.65	0.999999999492719	0.799937799897708	0.000128332592324249	2.47965219243768	0.999999999797087
11.95	10.65	0.999999999609238	0.799940319918728	0.000127691703372486	2.39965828536026	0.999999999843695
12.05	10.65	0.99999999972015	0.79994277062233	0.000127057595068584	2.31966412986024	0.99999999988806
12.15	10.65	0.9999999998388	0.799945155826794	0.000126431448857415	2.23966973267333	0.99999999993552
12.25	10.65	0.99999999998237	0.799947479132264	0.000125814379039021	2.15967510016429	0.999999999992948
12.35	10.65	1.00000000016542	0.799949743939464	0.000125207432634414	2.07968023834776	1.00000000006617
12.45	10.65	1.0000000003905	0.799951953466822	0.000124611590003897	1.99968515290744	1.0000000001562
12.55	10.65	1.00000000063531	0.799954110766171	0.000124027765986736	1.91968984921416	1.00000000025412
12.65	10.65	1.00000000083744	0.799956218737265	0.000123456811267071	1.83969433234273	1.00000000033498
12.75	10.65	1.00000000088007	0.799958280141335	0.000122899513910602	1.75969860708806	1.00000000035203
12.85	10.65	1.00000000058552	0.79996029761382	0.000122356600962457	1.67970267798024	1.00000000023421
12.95	10.65	0.999999999727889	0.799962273676404	0.000121828740325864	1.5997065492985	0.999999999891156
13.05	10.65	0.999999998079491	0.799964210748188	0.000121316543238867	1.51971022508309	0.999999999231796
13.15	10.65	0.999999995507593	0.799966111155714	0.000120820567965166	1.43971370914403	0.999999998203037
13.25	10.65	0.999999992133476	0.799967977141174	0.000120341325536441	1.35971700506482	0.99999999685339
13.35	10.65	0.999999988551992	0.799969810867672	0.000119879288402805	1.27972011619934	0.999999995420797
13.45	10.65	0.999999986081404	0.799971614420413	0.000119434902507036	1.19972304566043	0.999999994432562
13.55	10.65	0.999999986967607	0.799973389802487	0.00011900860254442	1.11972579630063	0.999999994787043
13.65	10.65	0.999999994404931	0.79997513892495	0.000118600828309445	1.03972837068848	0.999999997761972
13.75	10.65	1.00000001216715	0.799976863592441	0.00011821203761142	0.959730771089924	1.00000000486686
13.85	10.65	1.0000000435899	0.799978565488876	0.000117842707685109	0.879732999471135	1.00000001743596
13.95	10.65	1.00000008964994	0.799980246172207	0.000117493313601356	0.799735057547843	1.00000003585998
14.05	10.65	1.00000014600659	0.799981907092972	0.000117164269619209	0.719736946912182	1.00000005840264
14.15	10.65	1.00000019917927	0.79998354965645	0.00011685582053041	0.639738669267631	1.00000007967171
14.25	10.65	1.00000022260065	0.799985175350574	0.000116567877507906	0.559740226788071	1.00000008904026
14.35	10.65	1.00000017413755	0.799986785956612	0.000116299810744148	0.479741622579746	1.00000006965502
14.45	10.65	0.999999997747722	0.799988383841583	0.000116050242373056	0.399742861156847	0.999999999099089
14.55	10.65	0.999999633009624	0.79998997229438	0.000115816928594385	0.319743948738971	0.99999985320385
14.65	10.65	0.999999036848032	0.799991555807272	0.000115596875230796	0.239744893049586	0.999999614739213
14.75	10.65	0.99999822109981	0.79999314038448	0.00011538688299943	0.159745702166776	0.999999288439924
14.85	10.65	0.999997306553986	0.799995122524484	0.000115184753316391	0.0797463818554668	0.999998922621594
14.95	10.65	0.999996587554457	0.399995224837733	0.000115024970754836	-0.00025314725350664	0.999998635021783
0.05	10.75	-4.81366183581435e-06	0.399990872126771	-0.000337408066298822	10.4588658159978	0.599998074535266
0.15	10.75	-5.34557513974602e-06	0.799972856584733	-0.000337746475176934	10.4108670653776	0.599997861769944
0.25	10.75	-5.59986303286058e-06	0.799954722205293	-0.000338438015755882	10.362869415317	0.599997760054787
0.35	10.75	-4.7898368801252e-06	0.799936353440031	-0.00033953583613937	10.3148728570908	0.599998084065248
0.45	10.75	-2.10943193317548e-06	0.799917675412616	-0.000341118572458283	10.266877359439	0.599999156227227
0.55	10.75	3.197593571852e-06	0.79989858501483	-0.00034329308462255	10.2188828710434	0.600001279037429
0.65	10.75	1.16847232415492e-05	0.799878969887606	-0.000346198382199761	10.1708893246323	0.600004673889297
0.75	10.75	2.35326169220315e-05	0.799858726947109	-0.000350018889504296	10.1228966469657	0.600009413046769
0.85	10.75	3.86045884610845e-05	0.799837524473744	-0.000355003862049208	10.0749047715978	0.600015441835384
0.95	10.75	5.46365855382797e-05	0.799815220075896	-0.000361488132677033	10.0269136738604	0.600021854634215
1.05	10.75	6.65003962290974e-05	0.799791959951337	-0.00036992083867586	9.97892344928113	0.600026600158492
1.15	10.75	6.77403325990782e-05	0.799767771838715	-0.000380846621832638	9.93093438377678	0.60002709613304
1.25	10.75	5.13476119596001e-05	0.799742747843495	-0.000394867114197658	9.8829469825696	0.600020539044784
1.35	10.75	1.08947009969108e-05	0.799717067396651	-0.000412636426013425	9.83496196887988	0.600004357880399
1.45	10.75	-5.77551809054348e-05	0.799690975171208	-0.000434849978823375	9.78698023750533	0.599976897927638
1.55	10.75	-0.000154291497125319	0.799664735488934	-0.000462221277528733	9.73900274680355	0.59993828340115
1.65	10.75	-0.000271665498535076	0.79963856671434	-0.000495454479424866	9.69103033980754	0.599891333800586
1.75	10.75	-0.000394115667563174	0.79961255932414	-0.000535224906774096	9.64306349758086	0.599842353732975
1.85	10.75	-0.000496060336709402	0.799586584556057	-0.000582188801201331	9.59510204392481	0.599801575865316
1.95	10.75	-0.000542527173889171	0.799560183490954	-0.000637062134459836	9.54714483894145	0.599782989130444
2.05	10.75	-0.000492384795233116	0.799532225739029	-0.000700820521363525	9.49918952461107	0.599803046081907
2.15	10.75	-0.000308698681643507	0.79950381662	-0.000774988922854975	9.45123246611168	0.599876520527343
2.25	10.75	4.71510612577015e-05	0.799475904611029	-0.000861252954528697	9.40326881113961	0.600018860424503
2.35	10.75	0.000623337218904192	0.799451249741494	-0.000961274084175596	9.3552923419314	0.600249334887562
2.45	10.75	0.00149789311631092	0.799428250815718	-0.00107634494398648	9.30729479502023	0.600599157246524
2.55	10.75	0.00276147672362009	0.79940768202283	-0.00120740586829628	9.25926515525778	0.601104590689448
2.65	10.75	0.00451721743727011	0.79939053035072	-0.00135558305001949	9.21118926959426	0.601806886974908
2.75	10.75	0.00688282987112259	0.799377988432723	-0.00152187784315252	9.16304941002472	0.602753131948449
2.85	10.75	0.00999331803144136	0.799371548860916	-0.0017068766857864	9.11482375244624	0.603997327212576
2.95	10.75	0.0140045141608522	0.799373064495087	-0.00191044994407525	9.06648575431533	0.605601805664341
3.05	10.75	0.0190979481792224	0.799384779248505	-0.00213136956698993	9.01800339828103	0.607639179271689
3.15	10.75	0.0254875607656795	0.7994093190118	-0.00236680089484874	8.96933825216813	0.610195024306272
3.25	10.75	0.0334287161364701	0.799449610786607	-0.00261164327839156	8.92044428060536	0.613371486454588
3.35	10.75	0.0432297673359167	0.799508674094473	-0.00285771763636315	8.87126633304244	0.617291906934367
3.45	10.75	0.0552659173980086	0.79958920038601	-0.00309284311945985	8.82173823389783	0.622106366959203
3.55	10.75	0.0699940605426786	0.799692809801845	-0.00329992676729382	8.77178042664512	0.627997624217071
3.65	10.75	0.0879653650128657	0.79981887241342	-0.00345632446101717	8.72129719707551	0.635186146005146
3.75	10.75	0.109829290757339	0.799962851616263	-0.00353391913018719	8.67017365334529	0.643931716302936
3.85	10.75	0.136318566724058	0.800114349880906	-0.00350056138299392	8.61827290679106	0.654527426689623
3.95	10.75	0.168200372720374	0.800255489897592	-0.00332360376171898	8.56543429617365	0.66728014908815
4.05	10.75	0.206177414167909	0.800360907144563	-0.00297600110141998	8.51147398640149	0.682470965667163
4.15	10.75	0.250729014920645	0.80040108483662	-0.0024445801516112	8.45618968007678	0.700291605968258
4.25	10.75	0.301903050255833	0.800350177770398	-0.001738567688456	8.39937115432546	0.720761220102333
4.35	10.75	0.359105884783034	0.800197003648022	-0.000894908024055846	8.34081740610621	0.743642353913214
4.45	10.75	0.420976149389934	0.799954153170327	2.33785168558016e-05	8.28035907781571	0.768390459755974
4.55	10.75	0.485437166752177	0.799658419399342	0.000937361819206159	8.21788197837757	0.794174866700871
4.65	10.75	0.549970315746106	0.799359601349158	0.00176833490687102	8.15334535428016	0.819988126298442
4.75	10.75	0.612046617278387	0.799102844600448	0.00245394927223688	8.08678890223103	0.844818646911355
4.85	10.75	0.66956319583674	0.79891470212444	0.00295838760537474	8.01832595771195	0.867825278334696
4.95	10.75	0.721128132351315	0.798799757074607	0.00327399561998803	7.94812522771101	0.888451252940526
5.05	10.75	0.766124308596161	0.798746656873702	0.00341589004943898	7.87638702894629	0.906449723438465
5.15	10.75	0.804589437000033	0.798737470840104	0.00341325717068411	7.80332049071617	0.921835774800013
5.25	10.75	0.837006118940159	0.798755072537171	0.0033008360043475	7.72912607414678	0.934802447576064
5.35	10.75	0.864089828738734	0.798786698397517	0.00311257069048893	7.65398485162042	0.945635931495494
5.45	10.75	0.886624724390524	0.798824440412878	0.00287790184547203	7.57805379370308	0.954649889756209
5.55	10.75	0.905360022004028	0.798864203946727	0.00262025844788478	7.50146531911123	0.962144008801611
5.65	10.75	0.920957869877421	0.798904315496111	0.00235700988575968	7.42432931246226	0.968383147950968
5.75	10.75	0.933976459444849	0.798944368211889	0.00210019896699512	7.34673622422266	0.97359058377794
5.85	10.75	0.944873325925726	0.798984461806852	0.0018575721228266	7.26876037000112	0.97794933037029
5.95	10.75	0.954018007290282	0.799024786128929	0.00163361978640375	7.19046296065992	0.981607202916113
6.05	10.75	0.961707458651191	0.799065438942533	0.00143048710701751	7.11189467325166	0.984682983460476
6.15	10.75	0.968180776416129	0.799106378364904	0.00124870747395914	7.03309773291318	0.987272310566451
6.25	10.75	0.973631783598673	0.799147440196251	0.00108776102086317	6.95410755348108	0.989452713439469
6.35	10.75	0.978219134226163	0.799188378475721	0.000946482302027757	6.87495401263387	0.991287653690465
6.45	10.75	0.982074124211304	0.799228907705476	0.000823347633791086	6.79566243932681	0.992829649684522
6.55	10.75	0.985306594069671	0.799268737538455	0.000716671131305726	6.71625438170807	0.994122637627868
6.65	10.75	0.988009337388362	0.799307597433457	0.000624733911263558	6.63674821059343	0.995203734955345
6.75	10.75	0.990261383154034	0.799345251951309	0.000545865717450103	6.55715960082159	0.996104553261614
6.85	10.75	0.992130450579777	0.799381508548331	0.000478493470854863	6.47750192196523	0.996852180231911
6.95	10.75	0.993674805980954	0.799416219906439	0.000421167335410954	6.39778656129511	0.997469922392381
7.05	10.75	0.994944692063528	0.799449282592072	0.000372571860319148	6.31802319540886	0.997977876825411
7.15	10.75	0.995983452997278	0.799480633454193	0.000331527499859375	6.23822002217994	0.998393381198911
7.25	10.75	0.996828442974161	0.799510244797306	0.000296986167787012	6.15838396127015	0.998731377189665
7.35	10.75	0.997511779639035	0.799538119050117	0.000268023311239137	6.07852082904599	0.999004711855614
7.45	10.75	0.998060984750787	0.799564283406965	0.00024382816422276	5.99863549207136	0.999224393900315
7.55	10.75	0.998499540879631	0.799588784741388	0.000223693267039006	5.91873200221128	0.999399816351852
7.65	10.75	0.99884738342986	0.799611684964996	0.000207003944317394	5.83881371561633	0.999538953371944
7.75	10.75	0.999121340701082	0.799633056919285	0.00019322816523964	5.75888339735412	0.999648536280433
7.85	10.75	0.999335530249334	0.799652980830643	0.000181907030150327	5.67894331312725	0.999734212099734
7.95	10.75	0.999501716883617	0.799671541321504	0.000172646007864367	5.59899530931019	0.999800686753447
8.05	10.75	0.999629635791599	0.799688824947441	0.000165106970679631	5.51904088240613	0.99985185431664
8.15	10.75	0.999727283204788	0.799704918216618	0.000159001025890029	5.43908123893962	0.999890913281915
8.25	10.75	0.999801176446786	0.799719906040259	0.000154082111916535	5.35911734674203	0.999920470578714
8.35	10.75	0.99985658497873	0.799733870560455	0.000150141311809051	5.27914997853923	0.999942633991492
8.45	10.75	0.999897734031506	0.799746890301485	0.000147001827437239	5.19917974870688	0.999959093612602
8.55	10.75	0.999927982498835	0.799759039593314	0.000144514555510554	5.11920714401303	0.999971192999534
8.65	10.75	0.999949976891261	0.799770388219424	0.000142554206822534	5.03923254911723	0.999979990756504
8.75	10.75	0.999965783273439	0.799781001245163	0.000141015912399355	4.95925626754117	0.999986313309375
8.85	10.75	0.999976999198075	0.799790938988505	0.000139812264148878	4.87927853876632	0.99999079967923
8.95	10.75	0.999984847694962	0.799800257099154	0.000138870741310379	4.7992995520528	0.999993939077985
9.05	10.75	0.999990255368176	0.799809006717548	0.000138131478390092	4.71931945751062	0.99999610214727
9.15	10.75	0.999993916600616	0.799817234689771	0.000137545334502412	4.63933837489207	0.999997566640246
9.25	10.75	0.999996345769228	0.799824983818773	0.000137072227802946	4.55935640051349	0.999998538307691
9.35	10.75	0.99999791924521	0.79983229313626	0.000136679702528326	4.47937361265759	0.999999167698084
9.45	10.75	0.999998908800955	0.79983919818313	0.000136341699645997	4.39939007575427	0.999999563520382
9.55	10.75	0.999999507878945	0.799845731289096	0.000136037505092999	4.31940584358979	0.999999803151578
9.65	10.75	0.999999852005784	0.799851921844925	0.000135750852754209	4.23942096175126	0.999999940802313
9.75	10.75	1.00000003446429	0.799857796562608	0.000135469161396527	4.15943546947538	1.00000001378572
9.85	10.75	1.00000011817363	0.799863379720348	0.000135182887994834	4.07944940103825	1.00000004726945
9.95	10.75	1.00000014457606	0.799868693390801	0.000134884981078424	3.99946278679503	1.00000005783043
10.05	10.75	1.00000014019167	0.799873757651675	0.000134570420326618	3.91947565395558	1.00000005607667
10.15	10.75	1.00000012138061	0.799878590778828	0.000134235830131645	3.83948802716261	1.00000004855224
10.25	10.75	1.00000009774699	0.799883209422113	0.000133879156365805	3.75949992892395	1.00000003909879
10.35	10.75	1.00000007452828	0.79988762876511	0.000133499397053675	3.67951137993782	1.00000002981131
10.45	10.75	1.00000005423881	0.799891862669443	0.000133096378806425	3.5995223993402	1.00000002169552
10.55	10.75	1.00000003777403	0.7998959238051	0.000132670572078062	3.5195330048961	1.00000001510961
10.65	10.75	1.00000002513192	0.799899823767768	0.000132222939160556	3.43954321315023	1.00000001005277
10.75	10.75	1.00000001586818	0.799903573184393	0.00013175480973882	3.3595530395486	1.00000000634727
10.85	10.75	1.00000000937053	0.799907181808083	0.000131267779558539	3.27956249853899	1.00000000374821
10.95	10.75	1.00000000501341	0.799910658603444	0.000130763628453059	3.19957160365598	1.00000000200536
11.05	10.75	1.00000000223629	0.799914011823173	0.000130244254408285	3.11958036759448	1.00000000089452
11.15	10.75	1.00000000057533	0.79991724907699	0.000129711621060878	3.03958880227443	1.00000000023013
11.25	10.75	0.99999999966816	0.799920377393574	0.00012916771621595	2.95959691889851	0.999999999867264
11.35	10.75	0.999999999244802	0.799923403276216	0.000128614519483121	2.87960472800412	0.999999999697921
11.45	10.75	0.99999999911263	0.799926332752955	0.000128053977390253	2.79961223951059	0.999999999645052
11.55	10.75	0.999999999140233	0.799929171421626	0.000127487984594435	2.71961946276208	0.999999999656093
11.65	10.75	0.999999999242645	0.799931924490492	0.000126918370090157	2.63962640656677	0.999999999697058
11.75	10.75	0.999999999369151	0.799934596814741	0.000126346887403265	2.55963307923265	0.99999999974766
11.85	10.75	0.999999999493915	0.799937192929431	0.000125775208054591	2.47963948860014	0.999999999797566
11.95	10.75	0.999999999609146	0.799939717079179	0.00012520491759454	2.39964564207189	0.999999999843659
12.05	10.75	0.999999999720057	0.799942173244834	0.000124637513673536	2.31965154663993	0.999999999888023
12.15	10.75	0.999999999840579	0.799944565167614	0.000124074405712884	2.23965720891044	0.999999999936232
12.25	10.75	0.999999999988557	0.799946896370831	0.000123516915775106	2.15966263512636	0.999999999995423
12.35	10.75	1.00000000017901	0.799949170179532	0.000122966280296102	2.0796678311881	1.0000000000716
12.45	10.75	1.00000000041426	0.799951389738309	0.000122423652422697	1.99967280267265	1.0000000001657
12.55	10.75	1.0000000006705	0.799953558027506	0.000121890104650052	1.9196775548514	1.0000000002682
12.65	10.75	1.00000000088175	0.799955677878135	0.000121366631583239	1.83968209270685	1.0000000003527
12.75	10.75	1.00000000092491	0.799957751985682	0.000120854152713427	1.75968642094843	1.00000000036996
12.85	10.75	1.00000000061316	0.799959782923036	0.000120353515156196	1.67969054402746	1.00000000024526
12.95	10.75	0.999999999709329	0.799961773152619	0.000119865496551429	1.5996944661508	0.999999999883732
13.05	10.75	0.999999997974942	0.799963725037643	0.000119390808416844	1.51969819129251	0.999999999189977
13.15	10.75	0.999999995271856	0.799965640852126	0.000118930100679003	1.43970172320213	0.999999998108743
13.25	10.75	0.99999999172923	0.799967522788988	0.000118483968084465	1.35970506540778	0.999999996691692
13.35	10.75	0.999999987973582	0.799969372965079	0.000118052959399812	1.2797082212122	0.999999995189433
13.45	10.75	0.999999985390096	0.799971193421925	0.000117637589980216	1.19971119368011	0.999999994156038
13.55	10.75	0.999999986335441	0.799972986120858	0.000117238357294836	1.11971398561734	0.999999994534176
13.65	10.75	0.999999994157664	0.799974752932173	0.000116855757559073	1.03971659954559	0.999999997663066
13.75	10.75	1.00000001280722	0.799976495619673	0.000116490298842379	0.959719037682415	1.00000000512289
13.85	10.75	1.00000004576883	0.799978215825346	0.000116142502858853	0.879721301943972	1.00000001830753
13.95	10.75	1.00000009404902	0.799979915063645	0.000115812884008237	0.799723393996466	1.00000003761961
14.05	10.75	1.00000015308031	0.799981594740687	0.000115501891956125	0.719725315388808	1.00000006123212
14.15	10.75	1.00000020872665	0.799983256219157	0.000115209804990481	0.639727067798349	1.00000008349066
14.25	10.75	1.00000023316594	0.799984900951933	0.000114936568799388	0.559728653406215	1.00000009326638
14.35	10.75	1.00000018231573	0.799986530702103	0.000114681592851731	0.479730075379833	1.00000007292629
14.45	10.75	0.999999997590009	0.799988147848125	0.000114443547152198	0.399731338369025	0.999999999036004
14.55	10.75	0.999999615886295	0.799989755734093	0.000114220246846983	0.319732448815082	0.999999846354518
14.65	10.75	0.999998992306299	0.799991358962283	0.000114008766437869	0.239733414737641	0.999999596922519
14.75	10.75	0.999998139395709	0.79999296370713	0.000113805976374331	0.159734244531154	0.999999255758284
14.85	10.75	0.999997183537432	0.799994983355663	0.000113609728323706	0.0797349441773116	0.999998873414973
14.95	10.75	0.99999643229789	0.39999504308371	0.000113453894445713	-0.000264569121322511	0.999998572919156
0.05	10.85	-4.83561022070551e-06	0.399990731350691	-0.000319190809897542	10.4588855184936	0.599998065755912
0.15	10.85	-5.37931925441179e-06	0.799972426449997	-0.000319427293372737	10.4108867854689	0.599997848272298
0.25	10.85	-5.65629450777151e-06	0.799953967175726	-0.000319917790081976	10.3628891715886	0.599997737482197
0.35	10.85	-4.87881651808192e-06	0.799935211536633	-0.00032071597625817	10.3148926713972	0.599998048473393
0.45	10.85	-2.23502160912429e-06	0.799916055545798	-0.000321900781367882	10.2668972584335	0.599999105991356
0.55	10.85	3.04657013251272e-06	0.799896361620872	-0.000323576390425217	10.2189028877714	0.600001218628053
0.65	10.85	1.15392751820712e-05	0.799875975016163	-0.000325868728842857	10.1709095001	0.600004615710073
0.75	10.85	2.33976012082908e-05	0.79985473112848	-0.000328942272533308	10.1229170323896	0.600009359040483
0.85	10.85	3.81543934753415e-05	0.799832386428592	-0.000333071625972073	10.0749254352123	0.60001526175739
0.95	10.85	5.40359404895373e-05	0.7998084680561	-0.000338607608953548	10.0269347046739	0.600021614376196
1.05	10.85	6.55927297299005e-05	0.799783190338372	-0.000345976299535131	9.97894496160159	0.600026237091892
1.15	10.85	6.64296242389721e-05	0.799756456214024	-0.000355714803884473	9.93095652506751	0.600026571849696
1.25	10.85	4.97042426781492e-05	0.799728217418527	-0.000368418373982346	9.88296993668854	0.600019881697071
1.35	10.85	9.21933048969625e-06	0.799698486183588	-0.000384733500684596	9.8349859590238	0.600003687732196
1.45	10.85	-5.88454189892026e-05	0.79966731017668	-0.000405345271243613	9.78700552857216	0.599976461832404
1.55	10.85	-0.000153758426679665	0.799634726267475	-0.00043095366820646	9.73902964638673	0.599938496629328
1.65	10.85	-0.000267950912210609	0.799600696308178	-0.000462245422713188	9.69105919751284	0.599892819635116
1.75	10.85	-0.000385091918389531	0.799565028032702	-0.000499874252109359	9.64309470317833	0.599845963232644
1.85	10.85	-0.000479119458527077	0.799527281743633	-0.000544479620300154	9.59513602668419	0.599808352216589
1.95	10.85	-0.000514944945056116	0.799486653163176	-0.000596812984038486	9.54718207495133	0.599794022021978
2.05	10.85	-0.000451699185129454	0.799441846465705	-0.000658005093027528	9.4992305636926	0.599819320325948
2.15	10.85	-0.000248997479089827	0.799392013949957	-0.000729275100937096	9.45127794201622	0.599900401008364
2.25	10.85	0.000131819862270135	0.799337718700573	-0.000812690131152063	9.40331944581186	0.600052727944908
2.35	10.85	0.000733301189733021	0.799284651515491	-0.000910199959458365	9.35534898635391	0.600293320475893
2.45	10.85	0.00164220822303432	0.799227170668437	-0.00102270465042099	9.30735839839119	0.600656883289214
2.55	10.85	0.00295043863706511	0.799165552435829	-0.00115136462261936	9.25933672615452	0.601180175454826
2.65	10.85	0.00476244775344706	0.799099928140677	-0.00129747550717984	9.21126990106374	0.601904979101379
2.75	10.85	0.0071980981995201	0.799030583727072	-0.00146218995996421	9.16314028112714	0.602879239279808
2.85	10.85	0.010395367318547	0.798958014225625	-0.00164625224013801	9.11492611105357	0.604158146927419
2.95	10.85	0.014513936882236	0.798883001692575	-0.00184969739836533	9.06660088254674	0.605805574752894
3.05	10.85	0.0197402082799982	0.798806698721815	-0.00207145826597657	9.0181325559461	0.607896083311999
3.15	10.85	0.0262942251637549	0.798730695517695	-0.0023088391580715	8.96948258994783	0.610517690065502
3.25	10.85	0.0344389225297059	0.798657042156081	-0.00255683048708699	8.9206047122039	0.613775569011882
3.35	10.85	0.0444918987583703	0.798588177711741	-0.00280726182006062	8.87144335395304	0.617796759503348
3.45	10.85	0.0568393506224803	0.798526688632135	-0.00304783716010052	8.82193167463862	0.622735740248992
3.55	10.85	0.0719506695781142	0.798474788574262	-0.00326118268493941	8.77198913235498	0.628780267831246
3.65	10.85	0.0903901549139449	0.798433403447796	-0.0034241793018701	8.72151863647281	0.636156061965578
3.75	10.85	0.112819092903761	0.798400807634938	-0.00350804978718339	8.67040348254171	0.645127637161505
3.85	10.85	0.139977201645741	0.798370969786188	-0.00347987657418429	8.6185045512935	0.655990880658296
3.95	10.85	0.17262831063353	0.798332204209795	-0.00330630609947523	8.5656586675637	0.669051324253412
4.05	10.85	0.211454250514656	0.798267332802897	-0.00295990304838629	8.51167950775078	0.684581700205862
4.15	10.85	0.256888805838627	0.798156940277119	-0.00242768200925882	8.45636282613125	0.702755522335451
4.25	10.85	0.308906318844493	0.797986601733654	-0.00171975957222391	8.39949766841507	0.723562527537797
4.35	10.85	0.366817248363593	0.797756443339894	-0.000874509472532057	8.34088418580128	0.746726899345437
4.45	10.85	0.429159969639505	0.797487934254376	4.3544471822227e-05	8.28035642952094	0.771663987855802
4.55	10.85	0.493780729318012	0.797221751099553	0.00095446312898452	8.21780564207005	0.797512291727205
4.65	10.85	0.558132883148271	0.797005063261479	0.00177937951391709	8.15319760057826	0.823253153259308
4.75	10.85	0.619718783424349	0.796874440532017	0.00245658557382298	8.08657825598841	0.84788751336974
4.85	10.85	0.676514796646076	0.796844338354169	0.00295133929358909	8.01806562323809	0.870605918658431
4.95	10.85	0.727229813523885	0.796906648285321	0.00325707124204604	7.9478307767867	0.890891925409554
5.05	10.85	0.771341872530387	0.797038860635428	0.00338971731690351	7.87607408383984	0.908536749012155
5.15	10.85	0.808960847514511	0.797214340693316	0.00337894212235262	7.80300295799652	0.923584339005804
5.25	10.85	0.840613482969214	0.797409743888249	0.00325968044372202	7.72881514813667	0.936245393187686
5.35	10.85	0.867035022484279	0.797608208486347	0.00306589164333013	7.6536887184425	0.946814008993712
5.45	10.85	0.88901222614724	0.797799399223677	0.00282693958216807	7.57777782333492	0.955604890458896
5.55	10.85	0.907286865629774	0.797978057297425	0.00256614095028388	7.50121251724557	0.96291474625191
5.65	10.85	0.922509002114763	0.79814226689874	0.00230074549167595	7.42410085593575	0.969003600845905
5.75	10.85	0.935223545986399	0.798292022093413	0.00204267960852168	7.3465319714437	0.97408941839456
5.85	10.85	0.945875440311658	0.798428243816917	0.00179957885900175	7.26857929396251	0.978350176124663
5.95	10.85	0.95482315830967	0.798552190623934	0.00157582797409369	7.19030348918836	0.981929263323868
6.05	10.85	0.962354347903465	0.798665147923595	0.00137347112589747	7.11175494145454	0.984941739161386
6.15	10.85	0.968700476207602	0.798768289393051	0.00119294565596783	7.03297576158089	0.987480190483041
6.25	10.85	0.974049205037798	0.798862633502479	0.00103364133878278	6.9540013693037	0.989619682015119
6.35	10.85	0.978554252356538	0.79894904640487	0.00089430903749203	6.87486172488266	0.991421700942615
6.45	10.85	0.982342973283743	0.79902826339117	0.000773348944595874	6.79558228517143	0.992937189313497
6.55	10.85	0.985522064099719	0.799100914595491	0.000669007253663886	6.71618474966296	0.994208825639888
6.65	10.85	0.988181806913145	0.799167548502839	0.00057950566062737	6.63668764919375	0.995272722765258
6.75	10.85	0.99039922048642	0.799228651017128	0.00050312295878249	6.55710681767902	0.996159688194568
6.85	10.85	0.992240410984217	0.799284659876339	0.000438243280323646	6.47745577684916	0.996896164393687
6.95	10.85	0.993762347033263	0.799335975038833	0.00038338164446106	6.39774605576465	0.997504938813305
7.05	10.85	0.99501422482585	0.799382965899486	0.000337194443030379	6.31798746070785	0.99800568993034
7.15	10.85	0.996038542790181	0.799425976158137	0.000298480225883404	6.23818830652749	0.998415417116072
7.25	10.85	0.996871970454678	0.799465327026138	0.000266174492783213	6.15835561727317	0.998748788181871
7.35	10.85	0.997546070493449	0.799501319303333	0.000239341014142498	6.07849530167891	0.99901842819738
7.45	10.85	0.998087914458149	0.799534234719401	0.00021716136637882	5.99861230747698	0.99923516578326
7.55	10.85	0.998520619579019	0.799564336822547	0.000198923785418667	5.91871075744824	0.999408247831608
7.65	10.85	0.998863824832694	0.799591871612517	0.000184012040154714	5.8387940693949	0.999545529933078
7.75	10.85	0.999134118150743	0.799617068052175	0.000171894754150319	5.75886506174798	0.999653647260297
7.85	10.85	0.999345422383864	0.799640138545046	0.000162115419575371	5.67892604621673	0.999738168953546
7.95	10.85	0.999509344856633	0.799661279433566	0.000154283225730299	5.59897890869381	0.999803737942653
8.05	10.85	0.999635493616987	0.799680671547923	0.000148064745616115	5.51902517950809	0.999854197446795
8.15	10.85	0.999731762485928	0.799698480819417	0.000143176473601228	5.43906609403832	0.999892704994371
8.25	10.85	0.999804586510973	0.799714858959639	0.000139378178087535	5.35910264464539	0.999921834604389
8.35	10.85	0.999859169247174	0.799729944199376	0.000136467015509393	5.27913562483622	0.999943667698869
8.45	10.85	0.99989968330341	0.799743862075775	0.000134272344142124	5.19916566652925	0.999959873321364
8.55	10.85	0.999929445705976	0.799756726253653	0.000132651173618221	5.11919327124654	0.999971778282391
8.65	10.85	0.99995106978069	0.79976863936614	0.000131484186588978	5.03921883600747	0.999980427912276
8.75	10.85	0.999966595395445	0.799779693859182	0.0001306722720924	4.95924267464413	0.999986638158178
8.85	10.85	0.999977599510582	0.799789972826719	0.000130133513888794	4.87926503519961	0.999991039804233
8.95	10.85	0.999985289041199	0.799799550824086	0.000129800581757528	4.7992861140078	0.99999411561648
9.05	10.85	0.999990578039491	0.799808494649631	0.000129618478272977	4.71930606699081	0.999996231215797
9.15	10.85	0.999994151158999	0.799816864086979	0.000129542597957405	4.63932501864652	0.999997660463599
9.25	10.85	0.999996515273066	0.799824712601903	0.000129537060496921	4.55934306913851	0.999998606109226
9.35	10.85	0.999998040995984	0.799832087990387	0.000129573283157945	4.4793602998427	0.999999216398394
9.45	10.85	0.999998995707081	0.799839032976038	0.000129628761953653	4.39937677765171	0.999999598282832
9.55	10.85	0.999999569515103	0.79984558575618	0.000129686033983471	4.31939255828961	0.999999827806041
9.65	10.85	0.999999895431268	0.79985178049793	0.000129731796853657	4.239407688846	0.999999958172507
9.75	10.85	1.00000006485164	0.799857647785891	0.000129756163787348	4.15942220970104	1.00000002594066
9.85	10.85	1.00000013928876	0.799863215024114	0.000129752035545484	4.07943615597955	1.00000005571551
9.95	10.85	1.00000015914277	0.799868506795299	0.000129714572826139	3.99944955864497	1.00000006365711
10.05	10.85	1.0000001501666	0.799873545180692	0.000129640754501221	3.91946244532055	1.00000006006664
10.15	10.85	1.00000012815951	0.799878350044033	0.000129529009211818	3.83947484090565	1.00000005126381
10.25	10.85	1.00000010231828	0.799882939282944	0.000129378909393134	3.75948676803982	1.00000004092731
10.35	10.85	1.00000007758667	0.799887329051193	0.000129190918148444	3.67949824745443	1.00000003103467
10.45	10.85	1.00000005626878	0.79989153395491	0.000128966180924321	3.59950929824194	1.00000002250751
10.55	10.85	1.00000003911073	0.799895567225621	0.000128706354809503	3.51951993806506	1.00000001564429
10.65	10.85	1.00000002600528	0.799899440872879	0.000128413469496408	3.43953018332221	1.00000001040211
10.75	10.85	1.00000001643457	0.799903165818887	0.000128089814695234	3.35954004928108	1.00000000657383
10.85	10.85	1.00000000973536	0.799906752017198	0.000127737849658026	3.27954955018882	1.00000000389414
10.95	10.85	1.00000000524704	0.799910208557606	0.000127360130958807	3.19955869936486	1.00000000209882
11.05	10.85	1.00000000238527	0.799913543758702	0.000126959255528187	3.11956750928067	1.00000000095411
11.15	10.85	1.00000000067013	0.799916765249809	0.00012653781611506	3.03957599162939	1.00000000026805
11.25	10.85	0.999999999728486	0.79991988004351	0.000126098367052922	2.95958415738737	0.999999999891394
11.35	10.85	0.999999999283246	0.799922894599889	0.000125643398375697	2.87959201686912	0.999999999713299
11.45	10.85	0.999999999137119	0.799925814883558	0.000125175316763347	2.79959957977674	0.999999999654848
11.55	10.85	0.999999999155668	0.799928646414321	0.000124696431966973	2.71960685524448	0.999999999662267
11.65	10.85	0.999999999252022	0.799931394312203	0.000124208947686743	2.6396138518791	0.999999999700809
11.75	10.85	0.999999999374333	0.799934063337561	0.000123714955937171	2.55962057779643	0.999999999749733
11.85	10.85	0.999999999496203	0.799936657926803	0.000123216434249558	2.4796270406545	0.999999999798481
11.95	10.85	0.999999999609729	0.7999391822242	0.000122715245028076	2.3996332476836	0.999999999843891
12.05	10.85	0.99999999972037	0.799941640110391	0.00012221313659194	2.31963920571344	0.999999999888148
12.15	10.85	0.999999999842578	0.799944035227696	0.000121711745528097	2.23964492119785	0.999999999937031
12.25	10.85	0.999999999994811	0.799946371002879	0.000121212599902733	2.1596504002372	0.999999999997925
12.35	10.85	1.00000000019251	0.799948650667467	0.000120717123127263	2.07965564859881	1.000000000077
12.45	10.85	1.00000000043777	0.799950877276078	0.000120226638168094	1.9996606717358	1.00000000017511
12.55	10.85	1.00000000070526	0.799953053722974	0.000119742371867265	1.91966547480448	1.0000000002821
12.65	10.85	1.00000000092547	0.799955182757174	0.000119265459238162	1.83967006268076	1.00000000037019
12.75	10.85	1.00000000096912	0.7999572669964	0.000118796947560689	1.75967443997564	1.00000000038765
12.85	10.85	1.00000000064036	0.799959308940055	0.00011833780035932	1.67967861104981	1.00000000025614
12.95	10.85	0.999999999690948	0.799961310981356	0.000117888901338198	1.59968258002695	0.999999999876379
13.05	10.85	0.999999997871766	0.799963275418573	0.000117451058747507	1.51968635080504	0.999999999148706
13.15	10.85	0.999999995039375	0.799965204464907	0.000117025010695547	1.43968992706412	0.99999999801575
13.25	10.85	0.999999991330733	0.799967100256414	0.000116611432307983	1.35969331226873	0.999999996532293
13.35	10.85	0.999999987403591	0.799968964856747	0.000116210945516379	1.27969650966299	0.999999994961436
13.45	10.85	0.999999984709082	0.799970800257357	0.000115824132050492	1.19969952225668	0.999999993883633
13.55	10.85	0.999999985712971	0.799972608371945	0.00011545154933627	1.11970235280278	0.999999994285188
13.65	10.85	0.99999999391461	0.799974391024632	0.00011509374733672	1.03970500377061	0.999999997565844
13.75	10.85	1.00000001343825	0.799976149933402	0.000114751281914486	0.959707477324423	1.0000000053753
13.85	10.85	1.00000004791515	0.79997788669377	0.000114424716957286	0.879709775326037	1.00000001916606
13.95	10.85	1.00000009838075	0.799979602772487	0.000114114604080815	0.799711899388286	1.0000000393523
14.05	10.85	1.00000016004399	0.799981299527391	0.000113821426434857	0.719713851013412	1.00000006401759
14.15	10.85	1.0000002181235	0.799982978274958	0.000113545494078057	0.639715631849365	1.0000000872494
14.25	10.85	1.00000024356261	0.799984640429529	0.000113286785725587	0.559717244081137	1.00000009742504
14.35	10.85	1.00000019036188	0.799986287732474	0.000113044748875527	0.479718690933474	1.00000007614475
14.45	10.85	0.999999997434696	0.799987922569833	0.000112818100428193	0.399719977187093	0.999999998973878
14.55	10.85	0.999999599044488	0.799989548336461	0.00011260471378716	0.319721109499119	0.999999839617795
14.65	10.85	0.999998948503746	0.79999116973936	0.000112401731694668	0.239722096178514	0.999999579401499
14.75	10.85	0.999998059058727	0.799992793116762	0.000112206094078311	0.159722945929131	0.999999223623491
14.85	10.85	0.999997062593717	0.799994848431834	0.000112015702616181	0.0797236649443902	0.999998825037487
14.95	10.85	0.999996279670179	0.399994865209918	0.000111863812644419	-0.000275832939606573	0.999998511868072
0.05	10.95	-4.85172046750446e-06	0.399990645907857	-0.000300751370142017	10.4589041196271	0.599998059311813
0.15	10.95	-5.40784759214369e-06	0.799972162990234	-0.000300862904223191	10.4109053973712	0.599997836860963
0.25	10.95	-5.71044946587896e-06	0.799953492391419	-0.000301105684608243	10.3629078061633	0.599997715820214
0.35	10.95	-4.97237984556239e-06	0.799934467064284	-0.000301529811087919	10.3149113437397	0.599998011048062
0.45	10.95	-2.37539297292096e-06	0.799914955125099	-0.000302210351680117	10.2669159883329	0.599999049842811
0.55	10.95	2.87450941834104e-06	0.799894786377872	-0.000303247291201987	10.2189217011479	0.600001149803767
0.65	10.95	1.13810464282182e-05	0.799873761507697	-0.000304753793211863	10.1709284300405	0.600004552418571
0.75	10.95	2.32345054191572e-05	0.799851677158676	-0.000306877490293659	10.1229361215155	0.600009293802168
0.85	10.95	3.77885409652783e-05	0.799828287439947	-0.000309858408053707	10.0749447420726	0.600015115416386
0.95	10.95	5.33934503391892e-05	0.799802972033691	-0.000314045832653617	10.0269543091022	0.600021357380136
1.05	10.95	6.45548613449594e-05	0.79977588724155	-0.000319870345271868	9.97896496911956	0.600025821944538
1.15	10.95	6.495188654187e-05	0.799746820332068	-0.000327824476529154	9.93097707231293	0.600025980754617
1.25	10.95	4.78839363556547e-05	0.799715590101937	-0.000338461550663894	9.88299119511122	0.600019153574542
1.35	10.95	7.37566719420161e-06	0.799682044935657	-0.000352389081995436	9.83500813805821	0.600002950266878
1.45	10.95	-6.00740579372776e-05	0.799646036000409	-0.000370252134301478	9.78702887790708	0.599975970376825
1.55	10.95	-0.000153306594752637	0.799607371084339	-0.000392709330972713	9.73905445682326	0.599938677362099
1.65	10.95	-0.000264224564509773	0.799565750755222	-0.000420406763340862	9.69108580023343	0.599894310174196
1.75	10.95	-0.000375905270931414	0.799520685936004	-0.000453957495027248	9.64312346797875	0.599849637891627
1.85	10.95	-0.000461726678334056	0.799471385094147	-0.000493943854614778	9.59516736150079	0.599815309328666
1.95	10.95	-0.000486208056531176	0.799416615366076	-0.000541006084062281	9.54721643280867	0.599805516777387
2.05	10.95	-0.000408083938405993	0.799354697331217	-0.000596160742294692	9.49926846234401	0.599836766424638
2.15	10.95	-0.000185697362663552	0.799283274697172	-0.000660825333919176	9.45131996550061	0.599925721054934
2.25	10.95	0.000210232812857625	0.79920753138692	-0.000737425419132677	9.40336634343412	0.600084093125143
2.35	10.95	0.000840025550316873	0.79912488191197	-0.000827407399550659	9.35540162023593	0.600336010220127
2.45	10.95	0.00178507579818519	0.799032682546155	-0.000931293792449153	9.30741765485622	0.600714030319274
2.55	10.95	0.00313843758993852	0.798930013868727	-0.00105059347315052	9.25940359169868	0.601255375035975
2.65	10.95	0.00500658270102891	0.798816074444724	-0.00118675691138901	9.21134546191714	0.602002633080412
2.75	10.95	0.00751187410486803	0.79869013749844	-0.00134100263280852	9.16322571575392	0.603004749641947
2.85	10.95	0.0107954138535464	0.798551613130198	-0.00151414687562023	9.11502267272785	0.604318165541419
2.95	10.95	0.0150208125761599	0.798400148330451	-0.00170634084587762	9.06670986666174	0.606008325030464
3.05	10.95	0.0203794090058109	0.79823575312081	-0.0019166931954372	9.01825524550816	0.608151763602324
3.15	10.95	0.0270974264166949	0.798058937975692	-0.00214275478355013	8.96962017055858	0.610838970566678
3.25	10.95	0.0354454678918355	0.797870839855579	-0.00237984565788841	8.92075814559033	0.614178187156734
3.35	10.95	0.045750496728453	0.797673295339749	-0.00262022270210286	8.87161319746838	0.618300198691381
3.45	10.95	0.058409837117213	0.79746878934775	-0.0028521311147762	8.82211783430624	0.623363934846885
3.55	10.95	0.0739055008586274	0.797260173967108	-0.00305886878998386	8.7721905410998	0.629562200343451
3.65	10.95	0.0928149787975049	0.797050036071474	-0.00321813412401446	8.72173286055799	0.637125991519002
3.75	10.95	0.115811289907249	0.796839643896615	-0.00330212317308951	8.67062628232632	0.6463245159629
3.85	10.95	0.143640758176656	0.796627601371376	-0.00327904287172264	8.61872946126665	0.657456303270663
3.95	10.95	0.177063033331003	0.796408757194283	-0.00311677511649383	8.56587671489373	0.670825213332401
4.05	10.95	0.216737697108049	0.796174487864316	-0.00278911634896832	8.51187924652878	0.686695078843219
4.15	10.95	0.263051187313403	0.795915778050582	-0.00228407000028167	8.45653089450982	0.705220474925361
4.25	10.95	0.315902567614128	0.795629716232309	-0.00161210988555805	8.39962002609826	0.726361027045651
4.35	10.95	0.37450561019094	0.795327492524799	-0.000810866517546669	8.3409480111233	0.749802244076376
4.45	10.95	0.437299574306517	0.795038830769151	5.73175623990916e-05	8.28035235855541	0.774919829722607
4.55	10.95	0.502056980099299	0.794807419387285	0.000916048878041589	8.21772974025473	0.80082279203972
4.65	10.95	0.566207790148704	0.794676964529663	0.00169075033972171	8.15305237942708	0.826483116059482
4.75	10.95	0.627289768920281	0.794674951502801	0.00232376935637169	8.08637232170442	0.850915907568112
4.85	10.95	0.683360467400915	0.794803668859557	0.00278327960020362	8.01781206815529	0.873344186960366
4.95	10.95	0.733229009338711	0.795042594541207	0.00306403183282042	7.94754488916691	0.893291603735485
5.05	10.95	0.776466297222417	0.795358497796376	0.00318176888495621	7.87577109356168	0.910586518888967
5.15	10.95	0.813251577333115	0.79571647173591	0.00316489079288891	7.80269634429266	0.925300630933246
5.25	10.95	0.844153371538326	0.796087296394598	0.00304653541310141	7.72851570318552	0.937661348615331
5.35	10.95	0.869925129749838	0.79645024500848	0.00285877903860162	7.65340428700442	0.947970051899935
5.45	10.95	0.891355422829953	0.796792691816592	0.00262929647389621	7.57751350747829	0.956542169131981
5.55	10.95	0.909178344358063	0.797108278480725	0.00238003545003649	7.50097112536999	0.963671337743225
5.65	10.95	0.924031960483738	0.797394863378035	0.00212721644299928	7.42388342759861	0.969612784193495
5.75	10.95	0.936448141471097	0.797652829388494	0.00188203821798897	7.34633827499268	0.974579256588439
5.85	10.95	0.946859518112418	0.797883892219333	0.00165165029472374	7.26840824764999	0.978743807244967
5.95	10.95	0.95561376073335	0.798090347771467	0.00144013185801093	7.19015349166678	0.98224550429334
6.05	10.95	0.962989430919619	0.798274638460695	0.00124934955505719	7.11162411679098	0.985195772367847
6.15	10.95	0.96921054203536	0.79843912649935	0.00107965026423707	7.03286213224005	0.987684216814144
6.25	10.95	0.97445872930596	0.798585990708374	0.000930390322652678	6.95390297250683	0.989783491722384
6.35	10.95	0.978882875677432	0.798717191765114	0.000800323125736035	6.87477668656592	0.991553150270973
6.45	10.95	0.982606470517555	0.798834472362521	0.000687873111271721	6.79550886337232	0.993042588207022
6.55	10.95	0.985733121453375	0.798939373185883	0.000591323052002779	6.71612135657773	0.99429324858135
6.65	10.95	0.988350640461062	0.799033254503805	0.000508937542959358	6.63663285883319	0.995340256184425
6.75	10.95	0.990534067149359	0.799117318315256	0.000439040836060815	6.55705936415735	0.996213626859743
6.85	10.95	0.992347918336727	0.799192628811658	0.000380062793985544	6.47741454687688	0.996939167334691
6.95	10.95	0.993847883380693	0.799260130369295	0.00033056309291698	6.39771007782238	0.997539153352277
7.05	10.95	0.995082126569052	0.799320662986794	0.000289240953979354	6.31795589258206	0.998032850627621
7.15	10.95	0.996092312415184	0.799374975383504	0.000254935537742618	6.23816042231993	0.998436924966074
7.25	10.95	0.996914435540601	0.799423736075405	0.000226620564251436	6.15833079459602	0.998765774216241
7.35	10.95	0.997579511827121	0.799467542753795	0.00020339558986167	6.07847300947037	0.999031804730849
7.45	10.95	0.998114169560237	0.799506930262088	0.000184475571900253	5.99859209468292	0.999245667824095
7.55	10.95	0.998541166571811	0.799542377424777	0.000169179791205577	5.91869224268885	0.999416466628725
7.65	10.95	0.998879850522141	0.799574312939655	0.000156920815113943	5.8387769316518	0.999551940208857
7.75	10.95	0.999146573379803	0.799603120506794	0.000147193918178614	5.75884903205481	0.999658629351921
7.85	10.95	0.999355067083297	0.799629143334063	0.000139567198993825	5.67891090030374	0.999742026833319
7.95	10.95	0.999516784729239	0.799652688131187	0.000133672512550245	5.59896446051923	0.999806713891696
8.05	10.95	0.999641210008484	0.799674028680863	0.000129197259820503	5.5190112756004	0.999856484003394
8.15	10.95	0.999736136695031	0.799693409056139	0.000125877027780465	5.43905260857102	0.999894454678013
8.25	10.95	0.999807919553687	0.799711046537376	0.000123489042935202	5.35908947516739	0.999923167821475
8.35	10.95	0.999861697901421	0.799727134269514	0.000121846385001541	5.27912268858448	0.999944679160568
8.45	10.95	0.999901593108963	0.799741843690718	0.000120792898995968	5.19915289725569	0.999960637243585
8.55	10.95	0.999930881472852	0.799755326755336	0.000120198741190754	5.11918061649671	0.999972352589141
8.65	10.95	0.999952144060501	0.799767717969301	0.000119956495385495	5.03920625479432	0.9999808576242
8.75	10.95	0.99996739528967	0.799779136251545	0.00011997779844508	4.95923013546617	0.999986958115868
8.85	10.95	0.999978192123773	0.799789686632991	0.000120190418018745	4.87925251435788	0.999991276849509
8.95	10.95	0.999985725832799	0.799799461802576	0.000120535730087895	4.79927359418171	0.99999429033312
9.05	10.95	0.999990898283066	0.799808543509146	0.00012096654822967	4.71929353603699	0.999996359313227
9.15	10.95	0.999994384680471	0.79981700382809	0.000121445261462367	4.63931246858969	0.999997753872188
9.25	10.95	0.999996684608712	0.799824906300482	0.000121942241725152	4.55933049532684	0.999998673843485
9.35	10.95	0.999998163085324	0.799832306953736	0.000122434486256606	4.47934770024381	0.99999926523413
9.45	10.95	0.999999083214538	0.799839255212059	0.000122904463950107	4.3993641522685	0.999999633285815
9.55	10.95	0.999999631856723	0.799845794705418	0.000123339138295439	4.31937990867782	0.999999852742689
9.65	10.95	0.999999939568204	0.799851963985633	0.000123729142726575	4.23939501771797	0.999999975827282
9.75	10.95	1.00000009590015	0.799857797157968	0.000124068087019401	4.15940952060207	1.00000003836006
9.85	10.95	1.00000016098656	0.799863324436484	0.00012435197621393	4.07942345302543	1.00000006439462
9.95	10.95	1.00000017420357	0.799868572631073	0.000124578725484404	3.99943684631067	1.00000006968143
10.05	10.95	1.00000016054811	0.799873565573433	0.000124747757063637	3.9194497282716	1.00000006421924
10.15	10.95	1.00000013526473	0.799878324488994	0.000124859666582117	3.83946212386505	1.00000005410589
10.25	10.95	1.00000010714587	0.799882868321233	0.000124915948290858	3.75947405568428	1.00000004285835
10.35	10.95	1.00000008084249	0.799887214013994	0.000124918769945394	3.67948554433483	1.000000032337
10.45	10.95	1.00000005844813	0.799891376757317	0.000124870789381493	3.59949660872358	1.00000002337925
10.55	10.95	1.00000004055856	0.799895370201177	0.000124775006047729	3.51950726628412	1.00000001622342
10.65	10.95	1.00000002695995	0.799899206641595	0.000124634641679164	3.43951753315523	1.00000001078398
10.75	10.95	1.0000000170595	0.799902897182548	0.000124453045203145	3.35952742432499	1.0000000068238
10.85	10.95	1.00000001014162	0.79990645187706	0.000124233617691092	3.27953695374933	1.00000000405665
10.95	10.95	1.00000000550952	0.799909879850203	0.000123979753852404	3.19954613445155	1.00000000220381
11.05	10.95	1.00000000255398	0.799913189406441	0.000123694797111723	3.11955497860717	1.00000000102159
11.15	10.95	1.00000000077815	0.799916388123483	0.000123382005710986	3.03956349761759	1.00000000031126
11.25	10.95	0.999999999797493	0.799919482934382	0.00012304452784523	2.95957170217463	0.999999999918997
11.35	10.95	0.999999999327256	0.799922480199516	0.000122685384034234	2.87957960231771	0.999999999730903
11.45	10.95	0.999999999165079	0.799925385769759	0.00012230745534252	2.79958720748482	0.999999999666031
11.55	10.95	0.9999999991732	0.799928205042012	0.00012191347622903	2.71959452655817	0.99999999966928
11.65	10.95	0.999999999262619	0.799930943008081	0.000121506030995605	2.63960156790522	0.999999999705048
11.75	10.95	0.999999999380194	0.799933604297775	0.000121087553208138	2.55960833941555	0.999999999752077
11.85	10.95	0.999999999498848	0.799936193216956	0.000120660327206896	2.47961484853408	0.999999999799539
11.95	10.95	0.999999999610481	0.799938713781102	0.000120226491319323	2.39962110229099	0.999999999844193
12.05	10.95	0.999999999720745	0.799941169745128	0.000119788042343649	2.31962710732866	0.999999999888298
12.15	10.95	0.999999999844561	0.799943564629667	0.000119346840840389	2.23963286992594	0.999999999937824
12.25	10.95	1.00000000000097	0.799945901744475	0.000118904617005843	2.15963839602017	1.00000000000039
12.35	10.95	1.00000000020581	0.799948184209248	0.000118462976890467	2.07964369122707	1.00000000008232
12.45	10.95	1.00000000046093	0.799950414972139	0.000118023408630763	1.99964876085907	1.00000000018437
12.55	10.95	1.00000000073951	0.799952596826519	0.000117587288632867	1.91965360994216	1.0000000002958
12.65	10.95	1.00000000096855	0.799954732426068	0.000117155887448797	1.83965824323186	1.00000000038742
12.75	10.95	1.00000000101266	0.799956824298709	0.000116730375329699	1.75966266522814	1.00000000040507
12.85	10.95	1.00000000066711	0.799958874859489	0.000116311827459276	1.67966688018963	1.00000000026684
12.95	10.95	0.999999999672739	0.799960886422584	0.000115901229028343	1.59967089214646	0.999999999869095
13.05	10.95	0.999999997769973	0.799962861212368	0.00011549948057737	1.51967470491102	0.999999999107989
13.15	10.95	0.999999994810184	0.799964801373112	0.000115107404188771	1.43967832208524	0.999999997924074
13.25	10.95	0.999999990938046	0.799966708976622	0.000114725751364509	1.35968174706223	0.999999996375218
13.35	10.95	0.999999986842109	0.799968586026571	0.000114355213413937	1.27968498302032	0.999999994736844
13.45	10.95	0.999999984038469	0.799970434458172	0.000113996434910141	1.19968803290788	0.999999993615388
13.55	10.95	0.99999998510029	0.799972256131802	0.000113650029910745	1.11969089941923	0.999999994040116
13.65	10.95	0.999999993675799	0.799974052820218	0.000113316599057739	1.03969358496604	0.99999999747032
13.75	10.95	1.00000001406016	0.799975826190839	0.000112996743156866	0.959696091654656	1.00000000562406
13.85	10.95	1.00000005002853	0.799977577788329	0.000112691065636335	0.879698421288421	1.00000002001141
13.95	10.95	1.00000010264448	0.799979309027761	0.00011240015292871	0.799700575423204	1.00000004105779
14.05	10.95	1.00000016689658	0.799981021215035	0.000112124519487112	0.719702555511328	1.00000006675863
14.15	10.95	1.00000022736843	0.799982715617003	0.00011186450519918	0.639704363168259	1.00000009094737
14.25	10.95	1.00000025378915	0.799984393606179	0.000111620120110975	0.559706000579636	1.00000010151566
14.35	10.95	1.00000019827484	0.799986056898862	0.000111390848323296	0.479707471023792	1.00000007930994
14.45	10.95	0.999999997281801	0.799987707884993	0.000111175452493327	0.399708779407705	0.99999999891272
14.55	10.95	0.999999582486537	0.799989350005917	0.000110971863429249	0.319709932598558	0.999999832994615
14.65	10.95	0.999998905446364	0.799990988068236	0.000110777291530011	0.239710939187839	0.999999562178546
14.75	10.95	0.999997980099703	0.799992628567716	0.000110588745807993	0.159711808181869	0.999999192039881
14.85	10.95	0.999996943738957	0.799994717729582	0.000110404177613931	0.0797125459807896	0.999998777495583
14.95	10.95	0.999996129691485	0.399994691223477	0.000110256221638285	-0.000286936883532014	0.999998451876594
0.05	11.05	-4.85758343553954e-06	0.399990625787542	-0.000282210244410079	10.4589216093938	0.599998056966626
0.15	11.05	-5.4245562253421e-06	0.799972096433445	-0.000282176348079114	10.41092288974	0.59999783017751
0.25	11.05	-5.75256455587129e-06	0.799953351522439	-0.000282130219801319	10.3629253049863	0.599997698974178
0.35	11.05	-5.0605322673197e-06	0.799934203105655	-0.000282113726233533	10.3149288557084	0.599997975787093
0.45	11.05	-2.53282609783052e-06	0.799914495294767	-0.000282192255404107	10.2669335244729	0.599998986869561
0.55	11.05	2.64531628134549e-06	0.799894029366934	-0.000282458710273146	10.2189392783717	0.600001058126512
0.65	11.05	1.11608839741659e-05	0.799872542447672	-0.000283014538731148	10.1709460716896	0.60000446435359
0.75	11.05	2.30446019155511e-05	0.799849809327513	-0.000283985719914786	10.1229538591172	0.600009217840766
0.85	11.05	3.75448708057669e-05	0.799825536843119	-0.000285554778611693	10.074962620018	0.600015017948322
0.95	11.05	5.28100507398666e-05	0.79979910413985	-0.000288045723481754	10.026972392377	0.600021124020296
1.05	11.05	6.3498616447681e-05	0.799770525771764	-0.000291877688997692	9.97898334855883	0.600025399446579
1.15	11.05	6.33980950055198e-05	0.799739485010855	-0.000297477336390229	9.93099586657426	0.600025359238002
1.25	11.05	4.59423624317614e-05	0.799705671620584	-0.000305330177071868	9.8830105542398	0.600018376944973
1.35	11.05	5.35944651590476e-06	0.799668779167954	-0.00031597547038716	9.83502824679289	0.600002143778606
1.45	11.05	-6.15526754057755e-05	0.799628473473048	-0.000329987208510609	9.78704995792309	0.599975378929838
1.55	11.05	-0.000153228451539472	0.799584343193521	-0.000347951028066711	9.73907676756738	0.599938708619384
1.65	11.05	-0.000261054104846168	0.799535834021153	-0.000370441683191643	9.69110963831856	0.599895578358062
1.75	11.05	-0.000367488921796753	0.799482165470559	-0.00039800458986178	9.64314916531032	0.599853004431281
1.85	11.05	-0.000445249620289391	0.79942221032381	-0.000431139008563814	9.59519528258933	0.599821900151884
1.95	11.05	-0.000458515040091557	0.79935432933432	-0.000470310774898937	9.54724697553002	0.599816593983963
2.05	11.05	-0.000367109210283267	0.799276810095816	-0.000516415680947678	9.49930208441511	0.599853156315887
2.15	11.05	-0.000130038087643929	0.799187069171256	-0.000571436300371811	9.45135723213974	0.599947984764942
2.25	11.05	0.000283394896819433	0.799089865195753	-0.000637015241959366	9.4034079501698	0.600113357958728
2.35	11.05	0.000939664895141074	0.798980006823863	-0.000713893854572177	9.35544833175535	0.600375865958056
2.45	11.05	0.00191872920695216	0.798855389984296	-0.000803245732397548	9.3074702875558	0.600767491682781
2.55	11.05	0.00331437585155855	0.798714336149308	-0.000906558490155484	9.2594630620695	0.601325750340623
2.65	11.05	0.00523489770936414	0.798555212702944	-0.00102521693022117	9.21141278814683	0.602093959083746
2.75	11.05	0.00780507185297528	0.798376334896854	-0.00116038863541612	9.1633020082503	0.60312202874119
2.85	11.05	0.0111689991219318	0.798176060762634	-0.00131288976568135	9.11510911728383	0.604467599648773
2.95	11.05	0.0154940246465405	0.797952935229554	-0.00148295443682084	9.06680769484244	0.606197609858616
3.05	11.05	0.020976162746357	0.797705864817503	-0.00166989111276194	9.01836568496617	0.608390465098543
3.15	11.05	0.0278474865000303	0.797434322753472	-0.00187160953698514	8.96974436653053	0.611138994600012
3.25	11.05	0.0363858628158153	0.797138574136724	-0.00208400189463869	8.92089704302684	0.614554345126326
3.35	11.05	0.046927131525854	0.796819888825558	-0.0023001773490313	8.87176737176844	0.618770852610342
3.45	11.05	0.059879162621862	0.796480677019135	-0.00250958995221482	8.82228725875311	0.623951665048745
3.55	11.05	0.0757359105012603	0.796124443905696	-0.00269717965080917	8.77237428297578	0.630294364200504
3.65	11.05	0.0950872966025603	0.795755435713504	-0.00284277751313223	8.72192870884765	0.638034918641024
3.75	11.05	0.118617273986018	0.795377888744352	-0.00292120688392268	8.67083033217861	0.647446909594407
3.85	11.05	0.147078042818695	0.794994975609625	-0.00290369472808183	8.61893571778812	0.658831217127478
3.95	11.05	0.181224622494802	0.794607939659654	-0.00276126078012964	8.56607683085336	0.672489848997921
4.05	11.05	0.22169453855101	0.794216444996395	-0.00247044763997539	8.51206256327812	0.688677815420404
4.15	11.05	0.268828258476089	0.793821408971842	-0.0020208618007537	8.45668498176087	0.707531303390436
4.25	11.05	0.322452755298579	0.793430699651796	-0.00142256331141935	8.39973186422802	0.728981102119432
4.35	11.05	0.381690519004655	0.793065570091298	-0.000710054581485033	8.34100578477422	0.752676207601862
4.45	11.05	0.444888966450583	0.792762867966975	6.02692781662823e-05	8.28034754729594	0.777955586580233
4.55	11.05	0.509754508492832	0.792568325055706	0.000819992829504396	8.21765892459683	0.803901803397133
4.65	11.05	0.573699240744258	0.792521714417469	0.00150296701808946	8.15291812636046	0.829479696297703
4.75	11.05	0.634297617418274	0.792641647980941	0.00205861106749513	8.08618279064408	0.853719046967309
4.85	11.05	0.689684866261672	0.792919051412695	0.00245950192726339	8.01757947215833	0.875873946504669
4.95	11.05	0.738763457870599	0.793322102161285	0.00270173192434505	7.94728336315171	0.89550538314824
5.05	11.05	0.781189290824228	0.793807970834829	0.00279978505668375	7.87549462983156	0.912475716329691
5.15	11.05	0.817204206092576	0.794334418833878	0.00277912538359459	7.8024172640851	0.92688168243703
5.25	11.05	0.847413849503136	0.794867041470366	0.00266923987262757	7.7282438256302	0.938965539801255
5.35	11.05	0.872587404135513	0.795381698705703	0.00249857777239088	7.65314671227085	0.949034961654205
5.45	11.05	0.893514470990998	0.795863730688301	0.00229164940867303	7.57727481797267	0.957405788396399
5.55	11.05	0.910921756819862	0.796305790192396	0.00206788186065912	7.50075380410222	0.964368702727945
5.65	11.05	0.925436172457749	0.796705519249243	0.00184162819107474	7.42368834194806	0.9701744689831
5.75	11.05	0.937577580140036	0.797063634078424	0.00162279135179077	7.34616513364458	0.975031032056014
5.85	11.05	0.947767317957367	0.79738255232574	0.0014176815485123	7.2682559867642	0.979106927182947
5.95	11.05	0.956343162598744	0.797665496825365	0.00122988022618909	7.19002057790025	0.982537265039498
6.05	11.05	0.963575355327232	0.797915952302551	0.00106099891864955	7.11150877201477	0.985430142130893
6.15	11.05	0.969681079812755	0.798137358795945	0.000911293876864799	7.03276249223603	0.987872431925102
6.25	11.05	0.974836443200447	0.798332953378293	0.000780137091357669	6.95381719368799	0.989934577280179
6.35	11.05	0.979185887380104	0.798505699891814	0.000666362397345051	6.87470301370092	0.991674354952042
6.45	11.05	0.982849345804793	0.798658268347677	0.000568510930975272	6.79544566913527	0.993139738321917
6.55	11.05	0.985927580922402	0.79879304076774	0.000484999453274127	6.71606716140366	0.994371032368961
6.65	11.05	0.988506126250437	0.798912129952824	0.000414231657921771	6.6365863374552	0.995402450500175
6.75	11.05	0.990658193670331	0.799017403589713	0.000354668507283511	6.55701934347495	0.996263277468133
6.85	11.05	0.992446830825424	0.799110509600934	0.000304869833788252	6.47737999846343	0.99697873233017
6.95	11.05	0.993926543647614	0.799192900640495	0.000263516252842607	6.39768010737348	0.997570617459046
7.05	11.05	0.995144541349119	0.799265856755029	0.000229417920842735	6.31792972787091	0.998057816539648
7.15	11.05	0.996141716414438	0.79933050583688	0.000201514769362689	6.23813740069822	0.998456686565775
7.25	11.05	0.99695343862808	0.799387841817652	0.000178871444423978	6.15831035070627	0.998781375451232
7.35	11.05	0.99761021774496	0.799438740711489	0.000160669165913351	6.07845466357655	0.999044087097984
7.45	11.05	0.998138271914889	0.799483974692892	0.000146196000369536	5.99857544184896	0.999255308765955
7.55	11.05	0.998560026626677	0.799524224419433	0.000134836532696323	5.91867694291487	0.999424010650671
7.65	11.05	0.998894560352528	0.79956008981197	0.000126061568795803	5.83876270099997	0.999557824141011
7.75	11.05	0.999158007209452	0.799592099492386	0.000119418258794642	5.75883563474602	0.999663202883781
7.85	11.05	0.999363923046099	0.799620719060312	0.000114520865135872	5.6788981417364	0.99974556921844
7.95	11.05	0.999523618850998	0.799646358369629	0.000111042289799356	5.59895218114406	0.999809447540399
8.05	11.05	0.999646463851905	0.799669377943458	0.000108706402502056	5.51899934557705	0.999858585540762
8.15	11.05	0.999740159833889	0.799690094646281	0.000107281165549188	5.43904092313004	0.999896063933555
8.25	11.05	0.999810987822308	0.799708786713338	0.000106572522840998	5.3590779506025	0.999924395128923
8.35	11.05	0.999864028190249	0.799725698220794	0.000106419004018989	5.27911125880385	0.9999456112761
8.45	11.05	0.999903355336156	0.799741043066179	0.000106686986786577	5.1991415108257	0.999961342134462
8.55	11.05	0.999932208248159	0.799755008517286	0.000107266557229465	5.11916923411745	0.999972883299263
8.65	11.05	0.99995313846527	0.7997677583777	0.000108067908289685	5.03919484715177	0.999981255386108
8.75	11.05	0.999968137121443	0.799779435809879	0.000109018218817027	4.95921868141157	0.999987254848577
8.85	11.05	0.999978742891992	0.799790165850533	0.00011005895936964	4.87924099937035	0.999991497156797
8.95	11.05	0.999986132741243	0.799800057648778	0.000111143574546008	4.79926200907499	0.999994453096497
9.05	11.05	0.999991197392531	0.799809206453416	0.000112235496371959	4.71928187587615	0.999996478957012
9.15	11.05	0.999994603410402	0.799817695373641	0.000113306447523122	4.63930073178748	0.999997841364161
9.25	11.05	0.999996843707672	0.799825596934582	0.000114334996944537	4.55931868289343	0.999998737483069
9.35	11.05	0.999998278176279	0.799832974448108	0.000115305335069217	4.47933581516704	0.999999311270512
9.45	11.05	0.999999166001215	0.799839883216997	0.000116206238762512	4.39935219900469	0.999999666400486
9.55	11.05	0.999999691060936	0.799846371589975	0.00011703020014384	4.31936789273593	0.999999876424374
9.65	11.05	0.999999981654625	0.799852481883222	0.00011777269610226	4.23938294532247	0.99999999266185
9.75	11.05	1.0000001256339	0.799858251183484	0.000118431578416447	4.15939739842165	1.00000005025356
9.85	11.05	1.00000018185999	0.799863712045993	0.000119006566736558	4.07941128795668	1.00000007274399
9.95	11.05	1.00000018876117	0.799868893099796	0.000119498829071504	3.99942464530762	1.00000007550447
10.05	11.05	1.00000017063254	0.799873819571791	0.000119910636424404	3.919437498213	1.00000006825301
10.15	11.05	1.00000014220205	0.799878513739665	0.000120245080042428	3.83944987145294	1.00000005688082
10.25	11.05	1.00000011188419	0.799882995322938	0.000120505841326051	3.75946178736803	1.00000004475368
10.35	11.05	1.00000008405518	0.799887281820221	0.000120697005853225	3.67947326625605	1.00000003362207
10.45	11.05	1.0000000606101	0.799891388799969	0.000120822914274555	3.59948432667789	1.00000002424404
10.55	11.05	1.00000004200237	0.799895330151142	0.000120888043753704	3.51949498569636	1.00000001680095
10.65	11.05	1.00000002791674	0.799899118299274	0.000120896914817197	3.43950525906555	1.0000000111667
10.75	11.05	1.00000001768868	0.799902764392784	0.000120854019044826	3.35951516138337	1.00000000707547
10.85	11.05	1.00000001055225	0.7999062784639	0.000120763763884576	3.27952470621676	1.0000000042209
10.95	11.05	1.00000000577559	0.799909669567538	0.000120630431413361	3.19953390620622	1.00000000231024
11.05	11.05	1.00000000272525	0.799912945901545	0.00012045814842625	3.11954277315456	1.0000000010901
11.15	11.05	1.00000000088776	0.79991611491077	0.000120250865648399	3.03955131810328	1.0000000003551
11.25	11.05	0.999999999867302	0.799919183377346	0.000120012344204084	2.95955955139908	0.999999999946921
11.35	11.05	0.999999999371502	0.799922157499121	0.000119746147911036	2.8795674827524	0.999999999748601
11.45	11.05	0.999999999192907	0.799925042957888	0.000119455640075895	2.79957512128912	0.999999999677163
11.55	11.05	0.999999999190394	0.799927844978865	0.000119143983784463	2.7195824755966	0.999999999676157
11.65	11.05	0.999999999272788	0.799930568382551	0.000118814144982959	2.63958955376475	0.999999999709115
11.75	11.05	0.999999999385616	0.799933217630174	0.000118468897433077	2.55959636342269	0.999999999754246
11.85	11.05	0.999999999501092	0.799935796863359	0.000118110829231734	2.4796029117716	0.999999999800437
11.95	11.05	0.99999999961089	0.799938309938981	0.000117742350350978	2.39960920561409	0.999999999844356
12.05	11.05	0.999999999720832	0.799940760459774	0.000117365700834581	2.31961525138052	0.999999999888333
12.15	11.05	0.99999999984629	0.799943151801185	0.000116982959402408	2.23962105515261	0.999999999938516
12.25	11.05	1.00000000000687	0.799945487135087	0.000116596052201587	2.15962662268469	1.00000000000275
12.35	11.05	1.00000000021879	0.799947769450703	0.000116206761497873	2.07963195942289	1.00000000008752
12.45	11.05	1.00000000048368	0.799950001573154	0.00011581673416664	1.99963707052269	1.00000000019347
12.55	11.05	1.00000000077321	0.799952186180073	0.000115427489752302	1.91964196086513	1.00000000030928
12.65	11.05	1.00000000101095	0.79995432581653	0.000115040428073066	1.839646635072	1.00000000040438
12.75	11.05	1.00000000105551	0.799956422908754	0.00011465683627288	1.75965109752026	1.0000000004222
12.85	11.05	1.00000000069339	0.799958479776722	0.00011427789533541	1.67965535235557	1.00000000027735
12.95	11.05	0.999999999654694	0.799960498645943	0.00011390468636277	1.59965940350458	0.999999999861878
13.05	11.05	0.999999997669573	0.799962481658208	0.000113538196889204	1.51966325468515	0.999999999067829
13.15	11.05	0.999999994584315	0.799964430880993	0.000113179327980453	1.43966690941291	0.999999997833726
13.25	11.05	0.999999990551227	0.799966348314707	0.000112828902819072	1.3596703710021	0.999999996220491
13.35	11.05	0.99999998628922	0.799968235896558	0.000112487677712748	1.27967364255857	0.999999994515688
13.45	11.05	0.999999983378355	0.799970095499592	0.000112156355997602	1.19967672696316	0.999999993351342
13.55	11.05	0.999999984497486	0.799971928925473	0.00011183560458437	1.11967962684605	0.999999993798995
13.65	11.05	0.999999993441262	0.799973737890653	0.000111526071297739	1.03968234455634	0.999999997376505
13.75	11.05	1.00000001467283	0.799975524007473	0.000111228398654384	0.959684882138124	1.00000000586913
13.85	11.05	1.00000005210866	0.799977288765647	0.00011094322668705	0.879687241332474	1.00000002084347
13.95	11.05	1.00000010683961	0.799979033524826	0.000110671173949946	0.79968942363493	1.00000004273584
14.05	11.05	1.00000017363715	0.799980759535548	0.000110412783775758	0.719691430444879	1.00000006945486
14.15	11.05	1.00000023646019	0.799982468011863	0.000110168423717479	0.639693263342425	1.00000009458407
14.25	11.05	1.0000002638442	0.79998416028138	0.000109938133266754	0.559694924510811	1.00000010553768
14.35	11.05	1.00000020605359	0.799985838032182	0.000109721431523742	0.479696417278377	1.00000008242143
14.45	11.05	0.999999997131338	0.799987503654643	0.000109517125599274	0.399697746673855	0.999999998852535
14.55	11.05	0.999999566214504	0.799989160632508	0.000109323202700526	0.319698919768796	0.999999826485801
14.65	11.05	0.999998863139426	0.79999081386704	0.000109136940157674	0.239699945430484	0.99999954525577
14.75	11.05	0.999997902528147	0.79999247000544	0.00010895541554017	0.159700832960817	0.999999161011259
14.85	11.05	0.999996826987259	0.79999459121958	0.000108776629438731	0.0797015889616995	0.999998730794904
14.95	11.05	0.999995982379416	0.399994521127078	0.00010863259265101	-0.000297879276666133	0.999998392951766
0.05	11.15	-4.84817702159656e-06	0.399990678965939	-0.00026370486889319	10.4589379855961	0.599998060729191
0.15	11.15	-5.42045843307849e-06	0.799972249908794	-0.000263509099198551	10.41093925926	0.599997831816627
0.25	11.15	-5.76435212977438e-06	0.79995358369135	-0.000263141363023473	10.3629416625097	0.599997694259148
0.35	11.15	-5.10826416702205e-06	0.799934476888905	-0.000262632016086005	10.3149451981231	0.599997956694333
0.45	11.15	-2.65239510310884e-06	0.799914756409547	-0.000262029945143418	10.2669498521977	0.599998939041959
0.55	11.15	2.40700337899631e-06	0.799894210816953	-0.000261405185859801	10.2189555971052	0.600000962801352
0.65	11.15	1.0916108019058e-05	0.799872478570656	-0.000260850285428053	10.1709623928914	0.600004366443208
0.75	11.15	2.2834554515903e-05	0.799849345180304	-0.00026048042675331	10.1229702011805	0.600009133821806
0.85	11.15	3.74371183251866e-05	0.799824409140076	-0.000260425401909549	10.0749790103604	0.60001497484733
0.95	11.15	5.22708756588926e-05	0.799797242673505	-0.000260942135937351	10.0269888766644	0.600020908350264
1.05	11.15	6.242764254304e-05	0.799767587741089	-0.000262389862082466	9.97899999678548	0.600024971057017
1.15	11.15	6.18002965038923e-05	0.799735051649095	-0.000265125783957094	9.93101277196485	0.600024720118602
1.25	11.15	4.39161152063755e-05	0.799699219310235	-0.000269551454887578	9.88302783671993	0.600017566446083
1.35	11.15	3.17184553626751e-06	0.799659651991508	-0.000276112165701088	9.83504605611806	0.600001268738214
1.45	11.15	-6.33724708751054e-05	0.799615854215764	-0.000285281213720393	9.78706847561798	0.59997465101165
1.55	11.15	-0.000153794352906043	0.799567223432501	-0.000297539651515116	9.73909620755525	0.599938482258838
1.65	11.15	-0.000259034598749849	0.799512983566021	-0.000313356521538567	9.6911302463762	0.5998963861605
1.75	11.15	-0.000361017256348381	0.799452100092522	-0.000333175502286777	9.64317121770929	0.599855593097461
1.85	11.15	-0.00043178371419753	0.799383140733638	-0.000357419468375832	9.59521908370914	0.599827286514321
1.95	11.15	-0.000434849815147525	0.799303933350518	-0.00038654312843358	9.54727285373852	0.599826060073941
2.05	11.15	-0.000332312596438792	0.799213067419343	-0.000421237861713737	9.49933041795186	0.599867074961424
2.15	11.15	-8.58086771308777e-05	0.799109192201969	-0.000463280407337598	9.45138853280898	0.599965676529148
2.25	11.15	0.000347106525953806	0.798991700022451	-0.000513522536003451	9.40344280060694	0.600138842610382
2.35	11.15	0.00102759698250059	0.79885799846545	-0.000572545428748582	9.35548734207065	0.600411038793
2.45	11.15	0.00203618433658237	0.798705144007376	-0.000642102115606915	9.30751416855257	0.600814473734633
2.55	11.15	0.00346820241286284	0.798530775956672	-0.00072347442777865	9.25951262000844	0.601387280965145
2.65	11.15	0.00543379280001441	0.798332453207643	-0.0008177996758863	9.21146891822369	0.602173517120006
2.75	11.15	0.00805988768886735	0.798107601576616	-0.000926086776529859	9.16336568787177	0.603223955075547
2.85	11.15	0.0114932010398969	0.79785363592421	-0.00104909087697865	9.11518139352724	0.604597280415959
2.95	11.15	0.0159043260288605	0.797568127790793	-0.00118710572782184	9.06688966028942	0.606361730411544
3.05	11.15	0.0214933518972947	0.7972490157289	-0.00133966809407155	9.01845843562156	0.608597340758918
3.15	11.15	0.0284974623328377	0.79689486823245	-0.00150515571760477	8.96984893422685	0.611398984933135
3.25	11.15	0.0372008833546212	0.796505196852087	-0.00168026281000522	8.92101429303553	0.614880353341849
3.35	11.15	0.047947237402256	0.796080794421824	-0.00185935173834689	8.87189785497701	0.619178894960902
3.45	11.15	0.0611536469633023	0.795624038956848	-0.00203371479709511	8.82243100784862	0.624461458785321
3.55	11.15	0.0773245384375597	0.795139060880682	-0.00219084802864672	8.77253054551105	0.630929815375024
3.65	11.15	0.0970607017790929	0.794631639111561	-0.00231395102938587	8.72209561981493	0.638824280711637
3.75	11.15	0.12105556749353	0.794108718501731	-0.00238201983903744	8.67100454860208	0.648422226997412
3.85	11.15	0.150066229567579	0.793577607703779	-0.00237105266211916	8.61911207122414	0.660026491827031
3.95	11.15	0.184843165998415	0.793045292699383	-0.00225692651021232	8.5662480998835	0.673937266399366
4.05	11.15	0.226003835145597	0.792518806211114	-0.00202023188729966	8.51221951605637	0.690401534058239
4.15	11.15	0.273847547079908	0.792007780820491	-0.00165258289739659	8.45681686014795	0.709539018831963
4.25	11.15	0.328137460624208	0.791529373599697	-0.00116271275112629	8.39982743150477	0.731254984249683
4.35	11.15	0.387916250027744	0.791113280652926	-0.000579622297304368	8.34105490042513	0.755166500011098
4.45	11.15	0.451452351380727	0.790802027307652	4.97738042808299e-05	8.28034298226702	0.780580940552291
4.55	11.15	0.516397024870081	0.790642520627573	0.000669017133052217	8.21759790260032	0.806558809948032
4.65	11.15	0.580149910277997	0.790670629576727	0.00122394566916027	8.15280304440344	0.832059964111199
4.75	11.15	0.640319940081278	0.790897049937883	0.00167351472927231	8.08602082772372	0.856127976032511
4.85	11.15	0.695110961297801	0.791302941202962	0.00199580486559721	8.01738122655243	0.878044384519121
4.95	11.15	0.743506042754564	0.791846983013876	0.00218811326625234	7.94706100721399	0.897402417101826
5.05	11.15	0.785233370249474	0.792478396448456	0.0022626525167793	7.87526014754507	0.91409334809979
5.15	11.15	0.820587349532795	0.793148921836674	0.00224047475916901	7.80218116138424	0.928234939813118
5.25	11.15	0.850204371382518	0.793819905929147	0.00214582031535277	7.72801443952366	0.940081748553007
5.35	11.15	0.874866307372793	0.794464399853173	0.00200202542115817	7.65293004067839	0.949946522949117
5.45	11.15	0.89536316674889	0.795066050150999	0.00182918108943207	7.57707470101936	0.958145266699556
5.55	11.15	0.912415104499342	0.795616664252078	0.00164321064744221	7.5005722865006	0.964966041799737
5.65	11.15	0.926639410657811	0.796113672232086	0.00145587860008768	7.42352608872592	0.970655764263125
5.75	11.15	0.938545679376558	0.796558035824959	0.00127529732222106	7.34602182188327	0.975418271750623
5.85	11.15	0.948545626412613	0.79695273105956	0.00110662466246583	7.26813063657951	0.979418250565045
5.95	11.15	0.956968609642472	0.797301735494062	0.000952769074509643	7.18991181234946	0.982787443856989
6.05	11.15	0.964077791431201	0.797609394352681	0.000815011158950391	7.11141501006074	0.98563111657248
6.15	11.15	0.970084541479908	0.797880046672935	0.000693509044604744	7.03268208517296	0.988033816591963
6.25	11.15	0.975160256193133	0.798117819592676	0.00058768728255903	6.95374851694323	0.990064102477253
6.35	11.15	0.979445588130126	0.798326526680162	0.000496523815282413	6.87464452505911	0.99177823525205
6.45	11.15	0.983057432324949	0.798509628256743	0.000418754368928988	6.7953959426271	0.99322297292998
6.55	11.15	0.986094116566045	0.798670227227485	0.000353013219603577	6.71602490413184	0.994437646626418
6.65	11.15	0.988639221933993	0.798811084217901	0.00029792667139386	6.63655039484891	0.995455688773597
6.75	11.15	0.990764392114967	0.798934642331236	0.000252172366409919	6.55698869699469	0.996305756845987
6.85	11.15	0.992531412813097	0.799043055860617	0.0002145144966033	6.47735375863043	0.997012565125239
6.95	11.15	0.993993772566358	0.799138219724994	0.00018382240846511	6.39765750413257	0.997597509026543
7.05	11.15	0.995197858976397	0.799221797857095	0.000159078044200264	6.31791009965976	0.998079143590559
7.15	11.15	0.996183900122235	0.799295249636652	0.000139376102586758	6.23812018313716	0.998473560048894
7.25	11.15	0.996986727979314	0.799359853972439	0.000123919644360828	6.15829506549743	0.998794691191725
7.35	11.15	0.997636416714766	0.799416730932523	0.000112013024801466	6.07844090797341	0.999054566685907
7.45	11.15	0.998158831622321	0.799466860989231	0.000103053431535486	5.99856287890068	0.999263532648929
7.55	11.15	0.998576112419899	0.79951110203506	9.6521878228246e-05	5.91866529258379	0.99943044496796
7.65	11.15	0.998907106284392	0.799550204368238	9.19742050894711e-05	5.83875173218024	0.999562842513757
7.75	11.15	0.99916776031544	0.799584823860068	8.90324293164147e-05	5.75882515816661	0.999667104126176
7.85	11.15	0.999371479350111	0.799615533513047	8.73766467477418e-05	5.67888800370391	0.999748591740044
7.95	11.15	0.999529452643931	0.799642833605908	8.67375897334481e-05	5.59894225806526	0.999811781057572
8.05	11.15	0.999650951488559	0.799667160603244	8.68898828192701e-05	5.51898953919337	0.999860380595423
8.15	11.15	0.999743599056833	0.79968889498816	8.76459965937696e-05	5.43903115639414	0.999897439622733
8.25	11.15	0.99981361343269	0.799708368155357	8.88508741670242e-05	5.35906816412805	0.999925445373076
8.35	11.15	0.999866024734404	0.799725868484447	9.03771898684228e-05	5.27910140782301	0.999946409893762
8.45	11.15	0.999904867355111	0.799741646695056	9.21211913658956e-05	5.19913156259332	0.999961946942044
8.55	11.15	0.999933348538419	0.799755920571743	9.39990731565337e-05	5.11915916570592	0.999973339415367
8.65	11.15	0.999953994718902	0.799768879132764	9.59438292648365e-05	5.03918464358592	0.999981597887561
8.75	11.15	0.999968777247665	0.799780686307399	9.79025339431417e-05	4.95920833409802	0.999987510899066
8.85	11.15	0.999979219268477	0.799791484176723	9.98340027903582e-05	4.87923050478092	0.999991687707391
8.95	11.15	0.999986485598813	0.799801395826468	0.000101706789184496	4.79925136764829	0.999994594239525
9.05	11.15	0.999991457500166	0.799810527854173	0.000103497475397948	4.7192710911058	0.999996583000067
9.15	11.15	0.999994794197163	0.799818972568237	0.000105189220887037	4.63928980946944	0.999997917678865
9.25	11.15	0.999996982932986	0.799826809912632	0.000106770534400105	4.55930763050838	0.999998793173194
9.35	11.15	0.99999837923934	0.799834109147525	0.000108234239742332	4.47932464137689	0.999999351695736
9.45	11.15	0.999999238963104	0.79984093031306	0.000109576608682345	4.39934091324532	0.999999695585242
9.55	11.15	0.999999743439009	0.799847325501365	0.000110796637216996	4.31935650489056	0.999999897375603
9.65	11.15	1.00000001903711	0.79985333995897	0.000111895444551464	4.23937146546229	1.00000000761484
9.75	11.15	1.0000001521532	0.799859013040267	0.000112875776577002	4.15938583660252	1.00000006086128
9.85	11.15	1.00000020055543	0.799864379030256	0.000113741597955661	4.07939965406209	1.00000008022217
9.95	11.15	1.00000020185563	0.799869467853012	0.000114497759174786	3.99941294892967	1.00000008074225
10.05	11.15	1.00000017974237	0.799874305680971	0.000115149726521208	3.91942574856465	1.00000007189695
10.15	11.15	1.00000014849553	0.799878915457855	0.000115703364901076	3.83943807730547	1.00000005939821
10.25	11.15	1.00000011620049	0.799883317347185	0.000116164764676725	3.75944995700904	1.0000000464802
10.35	11.15	1.00000008699315	0.79988752911654	0.000116540105056696	3.67946140746373	1.00000003479726
10.45	11.15	1.00000006259426	0.799891566466599	0.000116835547707261	3.59947244670831	1.0000000250377
10.55	11.15	1.00000004333151	0.799895443312909	0.000117057155164303	3.5194830912809	1.0000000173326
10.65	11.15	1.00000002879965	0.799899172027085	0.000117210829624035	3.4394933564162	1.00000001151986
10.75	11.15	1.00000001827012	0.799902763643424	0.000117302268178197	3.35950325620398	1.00000000730805
10.85	11.15	1.00000001093181	0.79990622803602	0.000117336931370268	3.2795128037187	1.00000000437272
10.95	11.15	1.00000000602118	0.799909574070655	0.000117320022500821	3.19952201112724	1.00000000240847
11.05	11.15	1.00000000288277	0.799912809735235	0.000117256475332837	3.11953088977978	1.00000000115311
11.15	11.15	1.00000000098795	0.799915942251994	0.000117150948542235	3.0395394502876	1.00000000039518
11.25	11.15	0.999999999930496	0.799918978174016	0.000117007825304026	2.95954770259028	0.999999999972198
11.35	11.15	0.999999999410992	0.79992192346856	0.000116831216861721	2.87955565601449	0.999999999764397
11.45	11.15	0.999999999217246	0.799924783588931	0.000116624969076682	2.79956331932556	0.999999999686898
11.55	11.15	0.999999999204991	0.799927563536759	0.000116392671164821	2.7195707007731	0.999999999681996
11.65	11.15	0.999999999281011	0.799930267915847	0.000116137665938586	2.63957780813137	0.999999999712404
11.75	11.15	0.999999999389579	0.799932900979039	0.000115863061107459	2.55958464873522	0.999999999755832
11.85	11.15	0.999999999502246	0.799935466668792	0.000115571741188518	2.47959122951195	0.999999999800898
11.95	11.15	0.999999999610492	0.799937968652715	0.000115266379710019	2.39959755700973	0.999999999844197
12.05	11.15	0.999999999720318	0.799940410354328	0.000114949451481191	2.31960363742295	0.999999999888127
12.15	11.15	0.999999999847551	0.799942794980086	0.000114623244680814	2.23960947661472	0.999999999939021
12.25	11.15	1.00000000001236	0.799945125542943	0.000114289872690642	2.15961508013714	1.00000000000495
12.35	11.15	1.00000000023136	0.799947404883057	0.000113951285424519	2.07962045324949	1.00000000009255
12.45	11.15	1.00000000050593	0.799949635686019	0.000113609280079647	1.99962560093482	1.00000000020237
12.55	11.15	1.0000000008063	0.799951820499079	0.000113265511258816	1.91963052791522	1.00000000032252
12.65	11.15	1.00000000105263	0.799953961745696	0.00011292150029238	1.83963523866624	1.00000000042105
12.75	11.15	1.00000000109764	0.799956061738769	0.00011257864380513	1.75963973743043	1.00000000043905
12.85	11.15	1.00000000071917	0.799958122692857	0.000112238221614435	1.67964402823022	1.00000000028767
12.95	11.15	0.999999999636809	0.799960146735497	0.000111901404124964	1.59964811487951	0.999999999854724
13.05	11.15	0.999999997570576	0.799962135917559	0.000111569259701259	1.51965200099322	0.99999999902823
13.15	11.15	0.999999994361796	0.799964092222192	0.000111242762598028	1.43965568999303	0.999999997744718
13.25	11.15	0.999999990170328	0.799966017571641	0.000110922802329046	1.35965918510743	0.999999996068131
13.35	11.15	0.999999985744996	0.799967913830489	0.00011061019520565	1.27966248936347	0.999999994297998
13.45	11.15	0.999999982728826	0.799969782804031	0.000110305698714633	1.19966560556884	0.99999999309153
13.55	11.15	0.999999983904635	0.799971626230149	0.00011001002837507	1.11966853628445	0.999999993561854
13.65	11.15	0.999999993211022	0.799973445764356	0.000109723875272275	1.03967128379237	0.999999997284409
13.75	11.15	1.00000001527618	0.799975242959721	0.000109447920074047	0.95967385007038	1.00000000611047
13.85	11.15	1.00000005415527	0.799977019247194	0.000109182836138271	0.879676236793794	1.00000002166211
13.95	11.15	1.0000001109656	0.799978775927541	0.000108929271187605	0.799678445394747	1.00000004438624
14.05	11.15	1.00000018026485	0.799980514192785	0.000108687794766728	0.719680477216933	1.00000007210594
14.15	11.15	1.00000024539766	0.799982235201245	0.000108458799725131	0.639682333802439	1.00000009815907
14.25	11.15	1.00000027372657	0.799983940232809	0.000108242352920133	0.559684017329271	1.00000010949063
14.35	11.15	1.00000021369721	0.79998563094443	0.000108038006689962	0.479685531172361	1.00000008547888
14.45	11.15	0.999999996983317	0.79998730972367	0.000107844611137894	0.399686880477825	0.999999998793327
14.55	11.15	0.999999550230182	0.799988980092801	0.000107660208722855	0.319688072516001	0.999999820092073
14.65	11.15	0.999998821587507	0.799990647043003	0.000107482142829642	0.239689116423319	0.999999528635003
14.75	11.15	0.999997826352281	0.799992317367018	0.000107307558943976	0.159690021790426	0.999999130540912
14.85	11.15	0.999996712350764	0.799994468866932	0.000107134506368859	0.0796907954160722	0.999998684940306
14.95	11.15	0.999995837749082	0.399994354919162	0.000106994369318286	-0.00030865858833438	0.999998335099633
0.05	11.25	-4.82063929220299e-06	0.399990811806224	-0.000245385972028824	10.4589532547216	0.599998071744283
0.15	11.25	-5.39037284512265e-06	0.799972641869666	-0.000245016023804229	10.4109545115637	0.599997843850862
0.25	11.25	-5.73316675837416e-06	0.799954218206142	-0.000244301001221504	10.362956882675	0.599997706733297
0.35	11.25	-5.07930519001017e-06	0.799935323990854	-0.000243257613179708	10.31496037229	0.599997968277924
0.45	11.25	-2.62519168694329e-06	0.799915770069779	-0.000241915208406139	10.2669649688585	0.599998949923325
0.55	11.25	2.43641531727633e-06	0.799895318061977	-0.000240316973050447	10.2189706478932	0.600000974566127
0.65	11.25	1.08000339785746e-05	0.79987365607556	-0.000238539839736343	10.1709773748017	0.600004320013591
0.75	11.25	2.25397670835465e-05	0.799850498793978	-0.000236668115153504	10.1229851180957	0.600009015906833
0.85	11.25	3.71219964156676e-05	0.799825295495952	-0.000234804495462098	10.0749938726993	0.600014848798566
0.95	11.25	5.17031486438662e-05	0.799797725506193	-0.000233128970760486	10.0270037073795	0.600020681259458
1.05	11.25	6.14206364235102e-05	0.799767448357763	-0.000231885886982719	9.9790148375097	0.600024568254569
1.15	11.25	6.0264075303938e-05	0.79973399759988	-0.000231353291504604	9.93102768383835	0.600024105630122
1.25	11.25	4.18703817756047e-05	0.799696866747976	-0.000231833390759624	9.88304290222307	0.60001674815271
1.35	11.25	7.88525992004073e-07	0.799655506175472	-0.000233655758764422	9.83506138118716	0.600000315410397
1.45	11.25	-6.57013208984958e-05	0.799609287820741	-0.00023716797729782	9.78708419108961	0.599973719471641
1.55	11.25	-0.000155376129949879	0.799557451994341	-0.00024272042527775	9.73911246953504	0.59993784954802
1.65	11.25	-0.000258800256576105	0.799499040148696	-0.000250651237740205	9.69114723548109	0.59989647989737
1.75	11.25	-0.000357491716315598	0.79943281114139	-0.000261279396423014	9.64318913762509	0.599857003313474
1.85	11.25	-0.000423212770094422	0.799357111703028	-0.000274930651903373	9.59523816146008	0.599830714891962
1.95	11.25	-0.000419442407190736	0.799269655781496	-0.000292041431112258	9.5472933481431	0.599832223037124
2.05	11.25	-0.000306522481755795	0.799167681248694	-0.000313154827384051	9.49935262264878	0.599877391007298
2.15	11.25	-4.95559440271097e-05	0.79905168767889	-0.000339252350391654	9.45141282350161	0.599980177622389
2.25	11.25	0.000401144320553057	0.798917499289729	-0.000370546004205002	9.40346958803176	0.600160457728221
2.35	11.25	0.00109989051323808	0.798765487038678	-0.000408020471173162	9.35551708517719	0.600439956205295
2.45	11.25	0.00213055568676212	0.798590743857516	-0.000453578799915076	9.30754744531253	0.600852222274705
2.55	11.25	0.00359034141563947	0.798390378023858	-0.000508065331319059	9.25955008064641	0.601436136566256
2.65	11.25	0.00559077689555763	0.798161305732267	-0.000572320852084933	9.21151128052693	0.602236310758223
2.75	11.25	0.00826035877664529	0.79790026273774	-0.000647156293382173	9.16341373672041	0.603304143510658
2.85	11.25	0.0117477697461046	0.7976039380433	-0.00073322841997823	9.11523597371264	0.604699107898442
2.95	11.25	0.0162261069162606	0.797269152275107	-0.000830874500052151	9.06695165887603	0.606490442766504
3.05	11.25	0.0218986360560779	0.796893096919222	-0.000939886225457601	9.01852874959764	0.608759454422431
3.15	11.25	0.0290065488317019	0.796473645728536	-0.00105920502483051	8.96992841761658	0.611602619532681
3.25	11.25	0.0378390779160873	0.79600973983295	-0.00118652616258995	8.92110367610259	0.615135631166435
3.35	11.25	0.048745990221762	0.795501827249734	-0.00131781042390532	8.87199762700459	0.619498396088705
3.45	11.25	0.0621517269733449	0.794952302072668	-0.00144672862889497	8.82254125502797	0.624860690789338
3.55	11.25	0.0785690048737452	0.794365841870706	-0.00156411540380005	8.7726507382255	0.631427601949498
3.65	11.25	0.098607210961468	0.793749502593283	-0.00165759278434227	8.72222435145788	0.639442884384587
3.75	11.25	0.122967237351322	0.793112446618068	-0.00171163893303078	8.67113924409914	0.649186894940529
3.85	11.25	0.152409934063887	0.792465332481017	-0.00170849043431734	8.61924871031033	0.660963973625555
3.95	11.25	0.187681940732898	0.791819754109771	-0.00163029177787752	8.56638103724775	0.675072776293159
4.05	11.25	0.22938444230192	0.791188598322567	-0.00146269632671365	8.51234151854495	0.691753776920768
4.15	11.25	0.277783707740415	0.790588339572624	-0.00119954105404822	8.45691949720899	0.711113483096166
4.25	11.25	0.332592072342737	0.790043315331475	-0.000847318736074876	8.39990191317657	0.733036828937095
4.35	11.25	0.392789230367246	0.789589601502301	-0.000427418570653342	8.34109332810367	0.757115692146899
4.45	11.25	0.456582110617652	0.789273820429554	2.57184890284672e-05	8.28033977787241	0.782632844247061
4.55	11.25	0.521580083631372	0.7891434214024	0.000470836045793722	8.21755100534974	0.808632033452549
4.65	11.25	0.585174886625243	0.789230937320892	0.000868551574226216	8.15271444822081	0.834069954650097
4.75	11.25	0.645004085359038	0.789540782218104	0.00118919826469656	8.08589624319998	0.858001634143615
4.85	11.25	0.699326041509203	0.790046588202348	0.00141710022551094	8.01722899223256	0.879730416603681
4.95	11.25	0.747186738302192	0.790699846280584	0.00155054857919034	7.94689064066423	0.898874695320877
5.05	11.25	0.788370118561538	0.791443831308985	0.00159862868703703	7.87508097586254	0.915348047424615
5.15	11.25	0.823210721446948	0.792225804841494	0.0015768004329824	7.80200132786341	0.929284288578779
5.25	11.25	0.85236814563692	0.793003948152067	0.0015028065954145	7.72784037751184	0.940947258254768
5.35	11.25	0.876633627363458	0.793749198374943	0.00139371335881242	7.65276635005376	0.950653450945383
5.45	11.25	0.896797206489749	0.79444389982187	0.0012642143047769	7.57692429494901	0.9587188825959
5.55	11.25	0.913573822384771	0.795079179364619	0.00112595759665487	7.50043667684117	0.965429528953908
5.65	11.25	0.92757326617683	0.795652257620641	0.000987546901780452	7.42340571180819	0.971029306470732
5.75	11.25	0.939297182014016	0.796164234224344	0.00085490502037895	7.34591634525158	0.975718872805606
5.85	11.25	0.949149856629569	0.796618467075186	0.000731779140922393	7.26803921837326	0.979659942651828
5.95	11.25	0.957454155074821	0.797019474419237	0.00062025467772107	7.1898333053095	0.982981662029929
6.05	11.25	0.964467780696103	0.797372233213815	0.000521210741721085	7.11134811326805	0.985787112278441
6.15	11.25	0.97039761709168	0.797681753651593	0.000434692549986418	7.03262545150288	0.988159046836672
6.25	11.25	0.975411422150951	0.797952836027887	0.000360199608114206	6.95370082543597	0.99016456886038
6.35	11.25	0.979646917796111	0.798189943456433	0.00029689957210588	6.8746045267829	0.991858767118444
6.45	11.25	0.983218645719666	0.798397145902216	0.000243781440571614	6.79536248724871	0.993287458287866
6.55	11.25	0.986223045109002	0.798578106759499	0.000199761657614479	6.71599695290291	0.994489218043601
6.65	11.25	0.988742180240295	0.798736093826348	0.0001637549611105	6.63652702434292	0.995496872096118
6.75	11.25	0.990846474818321	0.798874003425949	0.000134719566803175	6.55696909678833	0.996338589927328
6.85	11.25	0.992596731642311	0.798994390806644	0.000111684112079187	6.47733722522529	0.997038692656924
6.95	11.25	0.994045646059594	0.799099502699499	9.3761927875641e-05	6.39764343273216	0.997618258423837
7.05	11.25	0.995238964688001	0.799191309622614	8.01567196416928e-05	6.31789797491215	0.998095585875201
7.15	11.25	0.996216397078455	0.799271536582006	7.01625942794423e-05	6.23810956958761	0.998486558831382
7.25	11.25	0.997012355462434	0.79934169147552	6.316051240847e-05	6.15828559823328	0.998804942184974
7.35	11.25	0.997656574140972	0.799403090908007	5.86126172057049e-05	6.07843228375926	0.999062629656389
7.45	11.25	0.998174643258544	0.799456883369551	5.60554355760062e-05	5.99855484797351	0.999269857303417
7.55	11.25	0.998588479895457	0.799504069870779	5.50926222872966e-05	5.91865765119051	0.999435391958183
7.65	11.25	0.998916751241835	0.79954552220715	5.53876873830649e-05	5.83874431588176	0.999566700496734
7.75	11.25	0.999175259069876	0.799581999061441	5.66569863573398e-05	5.75881783589457	0.99967010362795
7.85	11.25	0.999377291055269	0.799614160165038	5.86631401607874e-05	5.67888067253291	0.999750916422108
7.95	11.25	0.999533942171808	0.799642578734428	6.12089762276729e-05	5.59893483864975	0.999813576868723
8.05	11.25	0.999654407999129	0.799667752385743	6.41320295934164e-05	5.51898197181174	0.999861763199652
8.15	11.25	0.999746251051066	0.799690112712308	6.72996095724198e-05	5.43902339754031	0.999898500420426
8.25	11.25	0.999815640935419	0.799710033690084	7.06044150381126e-05	5.35906018359151	0.999926256374168
8.35	11.25	0.999867569135389	0.799727839056218	7.39606686136053e-05	5.27909318620113	0.999947027654156
8.45	11.25	0.999906039340908	0.799743808787163	7.73007319208854e-05	5.19912308918309	0.999962415736363
8.55	11.25	0.999934234469701	0.799758184786331	8.05721608144738e-05	5.11915043672696	0.99997369378788
8.65	11.25	0.99995466174412	0.799771175876104	8.37351581167367e-05	5.03917566069072	0.999981864697648
8.75	11.25	0.999969277391608	0.799782962176602	8.67603826210043e-05	4.95919910313018	0.999987710956643
8.85	11.25	0.99997959269122	0.799793698943094	8.96270743229093e-05	4.87922103474617	0.999991837076488
8.95	11.25	0.999986763185049	0.799803519924321	9.23214588281183e-05	4.79924166986749	0.999994705274019
9.05	11.25	0.999991662909623	0.799812540297068	9.48353963897985e-05	4.71926117852256	0.999996665163849
9.15	11.25	0.99999494548265	0.799820859225655	9.716524420318e-05	4.63927969608865	0.99999797819306
9.25	11.25	0.999997093812665	0.7998285620896	9.93109035153265e-05	4.55929733094508	0.999998837525066
9.35	11.25	0.999998460093446	0.799835722418242	0.000101275026098642	4.47931417049752	0.999999384037379
9.45	11.25	0.999999297611845	0.799842403567014	0.000103062357342787	4.39933028588607	0.999999719044738
9.55	11.25	0.999999785747322	0.799848660166424	0.000104679195980772	4.3193457356397	0.999999914298929
9.65	11.25	1.00000004938296	0.799854539371705	0.000106132952858781	4.23936056849525	1.00000001975318
9.75	11.25	1.00000017378869	0.79986008193823	0.000107431793366026	4.15937482556018	1.00000006951548
9.85	11.25	1.00000021588416	0.79986532314495	0.000108584350149621	4.0793885419643	1.00000008635367
9.95	11.25	1.00000021264473	0.799870293585911	0.000109599494658393	3.99940174811722	1.00000008505789
10.05	11.25	1.0000001872839	0.799875019847453	0.000110486157638811	3.91941447066404	1.00000007491356
10.15	11.25	1.00000015372878	0.799879525086887	0.000111253190027861	3.83942673321174	1.00000006149151
10.25	11.25	1.00000011980419	0.799883829526208	0.000111909257188382	3.75943855688279	1.00000004792168
10.35	11.25	1.00000008945468	0.799887950873152	0.000112462760320395	3.6794499607391	1.00000003578187
10.45	11.25	1.00000006426124	0.799891904679833	0.000112921779976496	3.59946096210919	1.0000000257045
10.55	11.25	1.00000004445019	0.799895704648284	0.000113294037391589	3.51947157684337	1.00000001778007
10.65	11.25	1.00000002954314	0.799899362890729	0.000113586869999586	3.43948181951531	1.00000001181726
10.75	11.25	1.00000001875921	0.799902890151165	0.000113807218235888	3.3594917035835	1.00000000750368
10.85	11.25	1.00000001125005	0.799906295994374	0.000113961621192058	3.27950124152278	1.00000000450002
10.95	11.25	1.00000000622588	0.799909588967049	0.000114056218980457	3.19951044493301	1.00000000249035
11.05	11.25	1.00000000301284	0.799912776735338	0.000114096760320921	3.11951932463026	1.00000000120513
11.15	11.25	1.00000000106952	0.799915866202446	0.000114088613936674	3.03952789072428	1.00000000042781
11.25	11.25	0.999999999980922	0.799918863609233	0.000114036782656576	2.95953615268518	0.999999999992369
11.35	11.25	0.999999999441621	0.799921774620424	0.000113945919444629	2.87954411940112	0.999999999776648
11.45	11.25	0.999999999235363	0.799924604398597	0.000113820344577766	2.79955179922883	0.999999999694145
11.55	11.25	0.999999999215173	0.799927357667793	0.000113664063512818	2.71955920003784	0.999999999686069
11.65	11.25	0.999999999286075	0.799930038768256	0.00011348078495618	2.63956632924948	0.99999999971443
11.75	11.25	0.999999999391273	0.799932651703625	0.000113273938857577	2.55957319387134	0.999999999756509
11.85	11.25	0.999999999501772	0.799935200181757	0.000113046694095538	2.4795798005277	0.999999999800709
11.95	11.25	0.999999999608924	0.799937687649911	0.000112801975628543	2.39958615548646	0.999999999843569
12.05	11.25	0.999999999718956	0.799940117325351	0.000112542480996708	2.31959226468304	0.999999999887583
12.15	11.25	0.99999999984818	0.799942492221806	0.000112270696132479	2.23959813374151	0.999999999939272
12.25	11.25	1.00000000001734	0.799944815172498	0.000111988910287519	2.15960376799352	1.00000000000694
12.35	11.25	1.00000000024344	0.799947088850224	0.000111699230100112	2.07960917249523	1.00000000009738
12.45	11.25	1.00000000052765	0.799949315784949	0.000111403592741376	1.99961435204267	1.00000000021106
12.55	11.25	1.00000000083874	0.79995149837934	0.000111103778012688	1.91961931118596	1.00000000033549
12.65	11.25	1.00000000109357	0.799953638922655	0.000110801419474522	1.83962405424264	1.00000000043743
12.75	11.25	1.00000000113902	0.799955739603341	0.000110498014541839	1.75962858531034	1.00000000045561
12.85	11.25	1.00000000074446	0.799957802520634	0.000110194933695573	1.67963290827874	1.00000000029778
12.95	11.25	0.999999999619077	0.799959829695284	0.000109893429054434	1.59963702684042	0.999999999847631
13.05	11.25	0.99999999747299	0.799961823079351	0.00010959464274833	1.51964094449958	0.999999998989196
13.15	11.25	0.999999994142653	0.799963784564619	0.000109299615696815	1.43964466457698	0.999999997657061
13.25	11.25	0.999999989795396	0.799965715988788	0.000109009297663541	1.35964819020897	0.999999995918159
13.35	11.25	0.999999985209506	0.799967619138109	0.000108724559405301	1.27965152433811	0.999999994083802
13.45	11.25	0.999999982089961	0.799969495744947	0.000108446207425827	1.19965466969373	0.999999992835984
13.55	11.25	0.999999983321806	0.799971347478695	0.000108175001144213	1.11965762876286	0.999999993328722
13.65	11.25	0.999999992985103	0.799973175929695	0.000107911670620456	1.03966040375637	0.999999997194041
13.75	11.25	1.00000001587014	0.799974982587878	0.000107656930736532	0.959662996582162	1.00000000634806
13.85	11.25	1.00000005616811	0.799976768821953	0.000107411484617896	0.879665408846586	1.00000002246724
13.95	11.25	1.00000011502197	0.799978535870663	0.000107176005931171	0.799667641915622	1.00000004600879
14.05	11.25	1.00000018677895	0.799980284864657	0.000106951087543166	0.719669697074786	1.00000007471158
14.15	11.25	1.0000002541799	0.799982016903894	0.000106737145025682	0.639671575825745	1.00000010167196
14.25	11.25	1.0000002834352	0.799983733217986	0.000106534270365117	0.559673280338638	1.00000011337408
14.35	11.25	1.00000022120493	0.799985435430111	0.000106342047205254	0.479674814031765	1.00000008848197
14.45	11.25	0.999999996837748	0.799987125922019	0.000106159367040246	0.399676182164405	0.999999998735099
14.55	11.25	0.999999534535109	0.79998880825087	0.000105984326288528	0.319677392200225	0.999999813814044
14.65	11.25	0.999998780794502	0.799990487493244	0.000105814333394744	0.239678453538244	0.999999512317801
14.75	11.25	0.999997751579061	0.799992170581738	0.000105646600992312	0.159679376051099	0.999999100631625
14.85	11.25	0.999996599839699	0.79999435063152	0.00010547922648422	0.079680166729529	0.999998639935879
14.95	11.25	0.999995695813164	0.399994192594111	0.000105342965355269	-0.000319273430741281	0.999998278325266
0.05	11.35	-4.77748154458119e-06	0.399991030155467	-0.00022741620801426	10.4589674326603	0.599998089007382
0.15	11.35	-5.33742271555734e-06	0.799973290744226	-0.000226864641793615	10.4109686619196	0.599997865030914
0.25	11.35	-5.66548952276481e-06	0.799955289328011	-0.000225784967088028	10.3629709793606	0.599997733804191
0.35	11.35	-4.99615580389993e-06	0.79993680239288	-0.000224179256540441	10.3149743897812	0.599998001537678
0.45	11.35	-2.53342465554764e-06	0.799917632396308	-0.000222057334731149	10.266978882816	0.599998986630138
0.55	11.35	2.50827000777279e-06	0.799897530037484	-0.000219441754600254	10.218984436034	0.600001003308003
0.65	11.35	1.07754849926143e-05	0.79987619922285	-0.000216383153493488	10.1709910187247	0.600004310193997
0.75	11.35	2.24880298378342e-05	0.799853261150802	-0.000212918179525817	10.1229986026288	0.600008995211935
0.85	11.35	3.67643426967329e-05	0.799828302444579	-0.000209100181026611	10.0750071884465	0.600014705737079
0.95	11.35	5.11390989872222e-05	0.799800760939139	-0.000205052126229431	10.0270168539564	0.600020455639595
1.05	11.35	6.04944627536689e-05	0.799770392777728	-0.000200914751780323	9.97902782508456	0.600024197785101
1.15	11.35	5.88554264004643e-05	0.799736677182532	-0.000196842165024181	9.93104053633067	0.60002354217056
1.25	11.35	3.99464482409796e-05	0.799699042379464	-0.00019301540747986	9.88305565836126	0.600015978579296
1.35	11.35	-1.56513757817034e-06	0.799656859577677	-0.000189632390902189	9.83507409568437	0.599999373944969
1.45	11.35	-6.82340093077755e-05	0.799609406096211	-0.000186896492064875	9.78709693539204	0.599972706396277
1.55	11.35	-0.000157616710670568	0.79955580931825	-0.000185007544431867	9.73912533185567	0.599936953315732
1.65	11.35	-0.000260009966012968	0.79949497848123	-0.000184157790091758	9.69116032020493	0.599895996013595
1.75	11.35	-0.000356656134742806	0.799425524344575	-0.000184538768333313	9.64320256463762	0.599857337546103
1.85	11.35	-0.000419129536445232	0.799345643923573	-0.000186361018304267	9.59525206695591	0.599832348185422
1.95	11.35	-0.000410909034902569	0.799252924318355	-0.000189849624617197	9.54730788979148	0.599835636386039
2.05	11.35	-0.00029214042669271	0.799144368583206	-0.000195138644438129	9.49936798973695	0.599883143829323
2.15	11.35	-2.49392756145827e-05	0.79901920890928	-0.000202658151887307	9.45142924263535	0.599990024289754
2.25	11.35	0.000442300216293683	0.798871950839504	-0.000212944962424317	9.40348727891271	0.600176920086517
2.35	11.35	0.00115145383463077	0.798708572528143	-0.000226760549812608	9.35553634132812	0.600460581533852
2.45	11.35	0.00219576976169837	0.798519479564765	-0.000245186201647361	9.30756867622232	0.600878307904679
2.55	11.35	0.00367347295554273	0.79830182913179	-0.000269006649912418	9.25957373468751	0.601469389182217
2.65	11.35	0.00569669976637241	0.798052154245865	-0.00029885362797652	9.21153785361802	0.602278679906549
2.75	11.35	0.00839485670715425	0.797766764593666	-0.000335313070430284	9.16344377520688	0.603357942682862
2.85	11.35	0.011917869301461	0.797441883041009	-0.000378908500185192	9.11527007096806	0.604767147720584
2.95	11.35	0.0164404510409465	0.79707384438017	-0.000430007934547617	9.066990444711	0.606576180416379
3.05	11.35	0.0221679397893606	0.796659361775189	-0.000488680901449378	9.01857286948626	0.608867175915744
3.15	11.35	0.0293441611320386	0.796195872747737	-0.000554508254900289	8.96997849768688	0.611737664452815
3.25	11.35	0.0382616574451255	0.795681972623587	-0.00062633933131432	8.92116026889324	0.61530466297805
3.35	11.35	0.0492742773370501	0.79511792144727	-0.000701994993086725	8.8720611322271	0.61970971093482
3.45	11.35	0.0628113437859438	0.794506172788971	-0.000777930609851743	8.82261180958792	0.625124537514377
3.55	11.35	0.0793911227380312	0.793851823018917	-0.000848903611324216	8.77272807161624	0.631756449095212
3.65	11.35	0.0996287732112014	0.793162835433606	-0.000907740284064127	8.72230760798326	0.639851509284481
3.75	11.35	0.124230210685493	0.792449902770335	-0.000945364511215812	8.67122678431003	0.649692084274197
3.85	11.35	0.153958824748222	0.791725955530479	-0.000951318154018909	8.61933792235392	0.661583529899289
3.95	11.35	0.189558685940064	0.791005672160382	-0.000915017463112905	8.56646821401714	0.675823474376026
4.05	11.35	0.231620045301314	0.790305813395853	-0.000827865737296519	8.51242188222258	0.692648018120526
4.15	11.35	0.280386989849273	0.789647330588721	-0.000685998562886323	8.45698746314649	0.712154795939709
4.25	11.35	0.335537824832726	0.789059201473708	-0.000492909665819547	8.39995165571879	0.73421512993309
4.35	11.35	0.396010268879298	0.788581556035135	-0.000260767618489979	8.34111962254408	0.758404107551719
4.45	11.35	0.459970567381846	0.78826353181936	-9.34473903559166e-06	8.28033895770956	0.783988226952738
4.55	11.35	0.525000807579172	0.788152766137411	0.000237609171947625	8.21752175706007	0.810000323031669
4.65	11.35	0.588488211551511	0.788279499223826	0.000457409886278686	8.15265815894318	0.835395284620604
4.75	11.35	0.648089962832007	0.788644022990141	0.000632981905354362	8.08581676201998	0.859235985132803
4.85	11.35	0.70210083961445	0.78921512845629	0.000755334945101826	8.01713189443861	0.88084033584578
4.95	11.35	0.749608400073361	0.789939742383317	0.000823558204383779	7.94678225857201	0.899843360029345
5.05	11.35	0.790433152900243	0.790757390993775	0.000842997119724122	7.87496748836425	0.916173261160097
5.15	11.35	0.824935784099809	0.791612511254093	0.000822705053188518	7.80188810337387	0.929974313639923
5.25	11.35	0.853790901294921	0.79246126677733	0.000773074685747917	7.72773162835307	0.941516360517968
5.35	11.35	0.877795709717907	0.793273214708667	0.000704114204357957	7.65266505418976	0.951118283887163
5.45	11.35	0.897740158076872	0.794029812194589	0.000624449167293176	7.57683229700459	0.959096063230749
5.55	11.35	0.914335707773639	0.794721682324048	0.000540916976490578	7.50035488118515	0.965734283109456
5.65	11.35	0.92818721099999	0.795345840419465	0.000458555906108427	7.42333430257334	0.971274884399996
5.75	11.35	0.939791097243409	0.795903408758158	0.000380810260674663	7.34585499375229	0.975916438897364
5.85	11.35	0.949546788625042	0.79639793498957	0.000309823253685582	7.26798725891682	0.979818715450017
5.95	11.35	0.957772900855108	0.796834242147781	0.000246739096017604	7.18978987385261	0.983109160342043
6.05	11.35	0.964723563639128	0.797217683903198	0.000191973795712696	7.11131225081111	0.985889425455651
6.15	11.35	0.970602721382767	0.797553684909528	0.00014543885891211	7.03259617743377	0.988241088553107
6.25	11.35	0.975575745019678	0.797847471828759	0.000106716112171971	6.95367718692089	0.990230298007871
6.35	11.35	0.979778430756259	0.798103927476831	7.51886915673832e-05	6.874585629946	0.991911372302503
6.45	11.35	0.983323771038533	0.798327522280617	5.01357490794985e-05	6.79534751501357	0.993329508415413
6.55	11.35	0.986306959335523	0.798522292990535	3.07986273038193e-05	6.71598517338563	0.994522783734209
6.65	11.35	0.988809057541093	0.79869184934001	1.64253955396266e-05	6.63651779277643	0.995523623016437
6.75	11.35	0.990899681744951	0.79883939642469	6.29942725041008e-06	6.55696185319335	0.99635987269798
6.85	11.35	0.99263898314555	0.798967765151235	-2.43516925531281e-07	6.47733148943534	0.99705559325822
6.95	11.35	0.994079130717425	0.799079446031049	-3.80630191886369e-06	6.39763879791365	0.99763165228697
7.05	11.35	0.995265445479716	0.7991766234583	-4.9269978620904e-06	6.317894100372	0.998106178191887
7.15	11.35	0.996237292689773	0.799261208796012	-4.07917864102231e-06	6.23810617340444	0.998494917075909
7.25	11.35	0.997028806034377	0.799334871346125	-1.67460855893991e-06	6.15828245006302	0.998811522413751
7.35	11.35	0.997669494537758	0.799399066755057	1.93262706647946e-06	6.07842919803388	0.999067797815103
7.45	11.35	0.998184766281036	0.799455062703563	6.44120796457176e-06	5.99855167761876	0.999273906512415
7.55	11.35	0.998596391364957	0.799503961910407	1.15973355388402e-05	5.91865428192428	0.999438556545983
7.65	11.35	0.998922918489931	0.799546722586173	1.71894653611336e-05	5.8387406611111	0.999569167395972
7.75	11.35	0.99918005406684	0.799584176529156	2.30432141105703e-05	5.75881383220097	0.999672021626736
7.85	11.35	0.999381009171559	0.799617045080039	2.90165644689588e-05	5.67887627571708	0.999752403668624
7.95	11.35	0.999536817379068	0.799645953156858	3.49954386691944e-05	5.59893002029668	0.999814726951627
8.05	11.35	0.999656625167195	0.799671441582687	4.08896744417388e-05	5.51897671633113	0.999862650066878
8.15	11.35	0.999747955877104	0.799693977904508	4.66294121547644e-05	5.43901769963545	0.999899182350842
8.25	11.35	0.999816947944005	0.799713965882641	5.21618856273226e-05	5.35905404611023	0.999926779177602
8.35	11.35	0.999868568109156	0.799731753811043	5.74485974241054e-05	5.27908661832391	0.999947427243662
8.45	11.35	0.999906800476631	0.799747641809956	6.24628538850855e-05	5.1991161049066	0.999962720190652
8.55	11.35	0.999934812501524	0.799761888214995	6.71876306147862e-05	5.11914305360422	0.99997392500061
8.65	11.35	0.999955099231825	0.79977471517072	7.16137379907901e-05	5.03916789879288	0.99998203969273
8.75	11.35	0.999969607335717	0.799786313523603	7.57382560566427e-05	4.95919098419831	0.999987842934287
8.85	11.35	0.999979840606906	0.799796847097085	7.95632089035262e-05	4.87921258150505	0.999991936242762
8.95	11.35	0.999986948742224	0.799806456421219	8.30944501552578e-05	4.79923290547645	0.99999477949689
9.05	11.35	0.99999180122633	0.79981526198111	8.63407331017161e-05	4.71925212614183	0.999996720490532
9.15	11.35	0.999995048142196	0.79982336704085	8.93129410320911e-05	4.63927037854223	0.999998019256878
9.25	11.35	0.999997169661302	0.799830860093066	9.20234556721904e-05	4.5592877704638	0.999998867864521
9.35	11.35	0.999998515864221	0.799837816979148	9.44856436254875e-05	4.47930438852828	0.999999406345689
9.45	11.35	0.999999338411169	0.799844302720193	9.67134432838703e-05	4.39932030295529	0.999999735364468
9.55	11.35	0.999999815433413	0.799850373094348	9.87210364258919e-05	4.31933557126072	0.999999926173365
9.65	11.35	1.00000007085936	0.79985607599264	0.000100522590624783	4.23935024111122	1.00000002834374
9.75	11.35	1.0000001892313	0.799861452581747	0.000102132060873585	4.15936435251504	1.00000007569252
9.85	11.35	1.00000022691624	0.799866538299171	0.000103563039866105	4.07937793949606	1.0000000907665
9.95	11.35	1.00000022047149	0.799871363703133	0.000104828648234107	3.99939103136838	1.0000000881886
10.05	11.35	1.0000001927956	0.799875955197354	0.000105941457296792	3.91940365370503	1.00000007711824
10.15	11.35	1.00000015757943	0.799880335647996	0.000106913437919636	3.83941582907416	1.00000006303177
10.25	11.35	1.00000012247145	0.799884524908183	0.000107755930283707	3.75942757759953	1.00000004898858
10.35	11.35	1.00000009128523	0.799888540263566	0.000108479630048005	3.67943891738925	1.00000003651409
10.45	11.35	1.00000006550501	0.799892396810327	0.000109094587288214	3.59944986486594	1.00000002620201
10.55	11.35	1.00000004528606	0.799896107775978	0.000109610215258231	3.51946043502351	1.00000001811443
10.65	11.35	1.00000003009818	0.799899684791282	0.000110035306416563	3.43947064162916	1.00000001203927
10.75	11.35	1.00000001912289	0.799903138120938	0.000110378053808281	3.35948049738458	1.00000000764916
10.85	11.35	1.00000001148484	0.799906476859243	0.000110646076158831	3.27949001405642	1.00000000459393
10.95	11.35	1.00000000637492	0.799909709096221	0.000110846445414132	3.19949920258356	1.00000000254997
11.05	11.35	1.00000000310565	0.799912842058642	0.000110985715731522	3.11950807316645	1.00000000124226
11.15	11.35	1.00000000112602	0.799915882230015	0.000111069953058172	3.03951663534261	1.00000000045041
11.25	11.35	1.00000000001435	0.799918835452616	0.000111104764834461	2.95952489805107	1.00000000000574
11.35	11.35	0.999999999460619	0.799921707014569	0.000111095329207125	2.87953286968792	0.999999999784248
11.45	11.35	0.99999999924545	0.799924501723972	0.000111046423479766	2.79954055815444	0.99999999969818
11.55	11.35	0.99999999921976	0.799927223972407	0.000110962451598354	2.71954797089913	0.999999999687904
11.65	11.35	0.999999999287213	0.799929877789219	0.000110847470382456	2.63955511495454	0.999999999714885
11.75	11.35	0.999999999390198	0.799932466887989	0.000110705214544888	2.55956199696951	0.999999999756079
11.85	11.35	0.999999999499339	0.799934994706501	0.000110539120305741	2.47956862323757	0.999999999799736
11.95	11.35	0.999999999605969	0.799937464441072	0.000110352347634102	2.39957499972192	0.999999999842388
12.05	11.35	0.999999999716606	0.799939879076035	0.000110147801156471	2.31958113207741	0.999999999886642
12.15	11.35	0.999999999848081	0.79994224140922	0.000109928149622397	2.23958702566998	0.999999999939232
12.25	11.35	1.00000000002174	0.799944554073929	0.000109695844069076	2.15959268559389	1.00000000000869
12.35	11.35	1.00000000025498	0.799946819557976	0.000109453134630501	2.07959811668708	1.00000000010199
12.45	11.35	1.00000000054878	0.799949040220246	0.000109202086015413	1.99960332354516	1.00000000021951
12.55	11.35	1.00000000087051	0.79995121830529	0.000108944591636306	1.91960831053427	1.0000000003482
12.65	11.35	1.00000000113374	0.799953355956287	0.000108682386483674	1.83961308180323	1.0000000004535
12.75	11.35	1.00000000117963	0.799955455226734	0.00010841705872588	1.75961764129514	1.00000000047185
12.85	11.35	1.00000000076922	0.79995751809129	0.000108150060213604	1.6796219927583	1.00000000030769
12.95	11.35	0.999999999601497	0.799959546455708	0.000107882716198442	1.5996261397562	0.999999999840599
13.05	11.35	0.999999997376825	0.799961542165954	0.000107616234633719	1.51963008567533	0.99999999895073
13.15	11.35	0.999999993926913	0.79996350701593	0.00010735171581112	1.43963383372919	0.999999997570765
13.25	11.35	0.999999989426476	0.799965442752982	0.000107090163054353	1.3596373869563	0.99999999577059
13.35	11.35	0.999999984682809	0.799967351079802	0.000106832495406767	1.27964074820955	0.999999993873124
13.45	11.35	0.99999998146183	0.799969233651112	0.000106579562776998	1.19964392013532	0.999999992584732
13.55	11.35	0.999999982749059	0.799971092063585	0.000106332163350954	1.11964690514258	0.999999993099623
13.65	11.35	0.99999999276352	0.79997292783855	0.000106091061476793	1.03964970536736	0.999999997105408
13.75	11.35	1.00000001645462	0.79997474239935	0.000105857002012172	0.959652322644414	1.00000000658185
13.85	11.35	1.00000005814696	0.799976537049345	0.000105630714004101	0.87965475850838	1.00000002325878
13.95	11.35	1.00000011900831	0.799978312962465	0.000105412893596811	0.799657014256641	1.00000004760332
14.05	11.35	1.00000019317879	0.799980071205474	0.000105204153878254	0.719659091114353	1.00000007727152
14.15	11.35	1.00000026280604	0.799981812817643	0.000105004930399596	0.639660990540623	1.00000010512242
14.25	11.35	1.00000029296922	0.799983538976066	0.000104815337858149	0.55966271469533	1.00000011718769
14.35	11.35	1.00000022857606	0.799985251267779	0.000104634989138139	0.479664267037113	1.00000009143043
14.45	11.35	0.999999996694636	0.799986952065988	0.000104462815389334	0.399665652934365	0.999999998677854
14.55	11.35	0.99999951913057	0.799988644959361	0.000104296965571803	0.319666880038753	0.999999807652228
14.65	11.35	0.999998740763644	0.799990335105601	0.000104134912065877	0.23966795800544	0.999999496305457
14.75	11.35	0.999997678214221	0.799992029571709	0.000103973933780262	0.159668896982373	0.999999071285688
14.85	11.35	0.999996489462428	0.799994236468392	0.000103812175524866	0.0796697041474912	0.999998595784971
14.95	11.35	0.999995556581984	0.399994034142455	0.000103679762431846	-0.000329722555868153	0.999998222632793
0.05	11.45	-4.72465343942993e-06	0.399991337861392	-0.000209968371764328	10.458980545418	0.599998110138624
0.15	11.45	-5.26962076941114e-06	0.799974208845725	-0.00020923366655566	10.4109817360623	0.599997892151692
0.25	11.45	-5.57348397342489e-06	0.79995681838117	-0.000207783992323968	10.3629839776076	0.599997770606411
0.35	11.45	-4.87734311834209e-06	0.799938943452857	-0.000205608256209817	10.3149872745507	0.599998049062753
0.45	11.45	-2.40107475752125e-06	0.799920386949016	-0.000202697431882356	10.266991616534	0.599999039570097
0.55	11.45	2.60322850407978e-06	0.799900901348645	-0.000199047327163754	10.2189969817891	0.600001041291402
0.65	11.45	1.07374263481759e-05	0.799880210164093	-0.000194665968765941	10.1710033418091	0.600004294970539
0.75	11.45	2.24546049954843e-05	0.799857823497536	-0.000189568303493239	10.1230106695042	0.600008981841998
0.85	11.45	3.67041133724401e-05	0.799833380374984	-0.000183748169463816	10.0750189661815	0.600014681645349
0.95	11.45	5.07008741448639e-05	0.799806442074234	-0.000177242125616967	10.0270283153208	0.600020280349658
1.05	11.45	5.96761966604476e-05	0.799776587320081	-0.000170096953635492	9.97903894910152	0.600023870478664
1.15	11.45	5.76363281359106e-05	0.799743300548504	-0.000162331448524247	9.93105130667644	0.600023054531254
1.25	11.45	3.82950930989081e-05	0.799705990308621	-0.000153995072409671	9.88306606554267	0.60001531803724
1.35	11.45	-3.62930710421335e-06	0.799663993916446	-0.000145140539097596	9.83508413790683	0.599998548277158
1.45	11.45	-7.05941262602398e-05	0.799616540472617	-0.000135811798611849	9.78710661850777	0.599971762349496
1.55	11.45	-0.000160027045096645	0.799562693791565	-0.000126041349632719	9.73913466896991	0.599935989181961
1.65	11.45	-0.000262075319033664	0.799501279359971	-0.000115854077801698	9.69116933145087	0.599895169872387
1.75	11.45	-0.000357799884204705	0.799430791822214	-0.000105280662591899	9.643211277881	0.599856880046318
1.85	11.45	-0.000418443650327476	0.799349265300708	-9.43715989329442e-05	9.59526051940625	0.599832622539869
1.95	11.45	-0.00040665722310537	0.799254047316372	-8.3148844254729e-05	9.54731612473379	0.599837337110758
2.05	11.45	-0.000281527100694333	0.799141502169661	-7.1405627332433e-05	9.49937603560621	0.599887389159722
2.15	11.45	-1.07386696437925e-05	0.799013102283274	-5.91054268000362e-05	9.45143714296058	0.599995704532142
2.25	11.45	0.000457429351132956	0.798863257929976	-4.69789487306432e-05	9.40349514985173	0.600182971740453
2.35	11.45	0.00117482748204455	0.798693101658853	-3.55165304092214e-05	9.35554431822595	0.600469930992818
2.45	11.45	0.0022269285981453	0.798496844096542	-2.50071404538452e-05	9.307576911626	0.600890771439258
2.55	11.45	0.00371294487440649	0.798270973140875	-1.60199902053459e-05	9.25958244140425	0.601485177949763
2.65	11.45	0.00574610664176843	0.798011702462935	-8.9256098940403e-06	9.21154728007095	0.602298442656707
2.75	11.45	0.00845653290053506	0.797715025052872	-4.08854031942965e-06	9.16345420039738	0.603382613160214
2.85	11.45	0.0119947505113001	0.797376893771981	-1.91339038878536e-06	9.11528180491739	0.60479790020452
2.95	11.45	0.0165361491910353	0.796993416671649	-2.81590341783304e-06	9.06700382631865	0.606614459676414
3.05	11.45	0.0222869195388011	0.796561114192277	-7.17196732512613e-06	9.01858825888488	0.60891476781552
3.15	11.45	0.0294919852265151	0.796077267925986	-1.52562026351427e-05	8.96999626127564	0.611796794090606
3.25	11.45	0.038445290955464	0.795540369676143	-2.71687717905044e-05	8.92118075495418	0.615378116382186
3.35	11.45	0.0495024408492069	0.794950654926507	-4.27483950526827e-05	8.87208463458439	0.619800976339683
3.45	11.45	0.063094887199004	0.794310667682459	-6.14735879433056e-05	8.82263851669538	0.625237954879602
3.55	11.45	0.0797433514258719	0.793625753626829	-8.23617684525569e-05	8.77275799926488	0.631897340570349
3.65	11.45	0.100065590645913	0.79290433291495	-0.000103888014815869	8.72234051623785	0.640026236258365
3.75	11.45	0.124769844473873	0.792157810655623	-0.000123961919956672	8.67126208425792	0.649907937789549
3.85	11.45	0.154620793829655	0.791400124169048	-0.00014001831590021	8.61937458659507	0.661848317531862
3.95	11.45	0.190361605216086	0.790647271774879	-0.000149284175807084	8.56650471631402	0.676144642086434
4.05	11.45	0.232577972900732	0.789917629715966	-0.000149259374033025	8.51245620347765	0.693031189160293
4.15	11.45	0.281504465281083	0.789233982621313	-0.000138372412817592	8.45701720567313	0.712601786112433
4.25	11.45	0.336804597761219	0.788627186083588	-0.000116647642753671	8.39997429456521	0.734721839104488
4.35	11.45	0.397397712661099	0.788138998522647	-8.61073028456269e-05	8.34113288260335	0.75895908506444
4.45	11.45	0.461432150432502	0.787819560283108	-5.06372133923341e-05	8.28034124417023	0.784572860173001
4.55	11.45	0.526477906162101	0.78771657443221	-1.52385265710892e-05	8.21751251372528	0.81059116246484
4.65	11.45	0.589920062905082	0.787859355382666	1.51084283620118e-05	8.15263802569749	0.835968025162033
4.75	11.45	0.649424234230171	0.788246547607994	3.65365338715666e-05	8.08578746813562	0.859769693692069
4.85	11.45	0.703300991012814	0.788845021132098	4.6955108570743e-05	8.01709592745019	0.881320396405125
4.95	11.45	0.750655957181896	0.789599897622075	4.61448205904002e-05	7.94674242711639	0.900262382872758
5.05	11.45	0.791325541470474	0.790449211284222	3.54006493094803e-05	7.87492651072098	0.916530216588189
5.15	11.45	0.825681806515336	0.791336246458729	1.69606266876464e-05	7.80184831010693	0.930272722606134
5.25	11.45	0.854405900689135	0.79221629956315	-6.56309476172836e-06	7.72769480619082	0.941762360275654
5.35	11.45	0.878297646453062	0.793058282695358	-3.26247189633455e-05	7.65263241206231	0.951319058581225
5.45	11.45	0.898146980431071	0.79384318424914	-5.90197024435741e-05	7.57680451480459	0.959258792172428
5.55	11.45	0.914663882416412	0.794561305509429	-8.40127974927014e-05	7.50033220164701	0.965865552966565
5.65	11.45	0.928451087880131	0.795209465705692	-0.000106360290946218	7.42331663627763	0.971380435152053
5.75	11.45	0.940002787154763	0.795788697519206	-0.00012526826550261	7.34584201870653	0.976001114861905
5.85	11.45	0.949716310854535	0.796302546120237	-0.000140319859072581	7.26797850552014	0.979886524341814
5.95	11.45	0.957908444979724	0.796755899866335	-0.000151393655433281	7.18978479230592	0.98316337799189
6.05	11.45	0.964831777251822	0.797154227354495	-0.000158586091908471	7.11131026158911	0.985932710900729
6.15	11.45	0.970688980222796	0.797503101633503	-0.000162144156930759	7.03259670709869	0.988275592089118
6.25	11.45	0.975644388179266	0.797807917698847	-0.000162410473477056	6.95367969207688	0.990257755271706
6.35	11.45	0.97983295740709	0.798073735843685	-0.000159780521523599	6.87458961204542	0.991933182962836
6.45	11.45	0.983367001458825	0.798305204899235	-0.000154670621962859	6.79535252837118	0.99334680058353
6.55	11.45	0.986341165314326	0.798506534991032	-0.000147494902823205	6.71599082832235	0.994536466125731
6.65	11.45	0.988836067547064	0.798681500121883	-0.000138649460688568	6.63652375539667	0.995534427018826
6.75	11.45	0.990920965714743	0.798833457975085	-0.000128502110406248	6.55696784293782	0.996368386285897
6.85	11.45	0.992655720953077	0.798965378942985	-0.000117386363503038	6.47733727525562	0.997062288381231
6.95	11.45	0.994092267596424	0.799079879361885	-0.000105598529622371	6.39764419368186	0.99763690703857
7.05	11.45	0.99527573698976	0.799179255851063	-9.33970647575801e-05	6.31789895996004	0.998110294795904
7.15	11.45	0.99624534126365	0.799265518887576	-8.10034865193433e-05	6.23811038573252	0.99849813650546
7.25	11.45	0.997035090712601	0.799340424544269	-6.86043367071939e-05	6.15828593431696	0.998814036285041
7.35	11.45	0.997674395162812	0.799405503829995	-5.63538002738151e-05	6.07843189917745	0.999069758065125
7.45	11.45	0.998188583168333	0.799462089397761	-4.43766909910659e-05	5.9985535622742	0.999275433267333
7.55	11.45	0.998599361270467	0.799511339590782	-3.27715920682009e-05	5.91865533465651	0.999439744508187
7.65	11.45	0.998925227541318	0.799554259920795	-2.16140009960475e-05	5.838740881125	0.999570091016527
7.75	11.45	0.999181848204384	0.799591722142564	-1.09593734185425e-05	5.7588132304431	0.999672739281754
7.85	11.45	0.99938240254898	0.799624481124133	-8.45996006681423e-07	5.67887487236171	0.999752961019592
7.95	11.45	0.999537899096531	0.79965318972374	8.70235552739433e-06	5.59892784258892	0.999815159638612
8.05	11.45	0.999657464645017	0.799678411881921	1.76739976879226e-05	5.51897379675596	0.999862985858007
8.15	11.45	0.999748607125877	0.799700634126478	2.60671696354625e-05	5.43901407438002	0.999899442850351
8.25	11.45	0.999817452942746	0.799720275671872	3.38881122258424e-05	5.3590497537866	0.999926981177099
8.35	11.45	0.999868959466142	0.799737697277452	4.1149387898197e-05	5.27908169892082	0.999947583786457
8.45	11.45	0.999907103516411	0.799753209010851	4.78684280580667e-05	5.1991105989403	0.999962841406564
8.55	11.45	0.999935046895463	0.799767077046218	5.40662918768238e-05	5.119137001441	0.999974018758185
8.65	11.45	0.999955280267573	0.799779529611245	5.9766618027712e-05	5.03916134011803	0.999982112107029
8.75	11.45	0.99996974690261	0.799790762183774	6.49947503242953e-05	4.95918395760903	0.999987898761044
8.85	11.45	0.999979947959109	0.799800942025837	6.97770178196143e-05	4.87920512420725	0.999991979183644
8.95	11.45	0.999987031088799	0.799810212133509	7.41401508209675e-05	4.79922505306777	0.999994812435519
9.05	11.45	0.999991864187137	0.799818694671164	7.81108148269308e-05	4.71924391246552	0.999996745674855
9.15	11.45	0.999995096100172	0.799826493951438	8.17152457435184e-05	4.63926183559856	0.999998038440069
9.25	11.45	0.999997206034924	0.799833699015304	8.49789711999509e-05	4.55927892836768	0.99999888241397
9.35	11.45	0.999998543318606	0.799840385860586	8.79266041931462e-05	4.47929527550348	0.999999417327442
9.45	11.45	0.999999359022025	0.799846619362314	9.05816966639384e-05	4.39931094535695	0.99999974360881
9.55	11.45	0.999999830814741	0.799852454923608	9.29666423796144e-05	4.31932599361965	0.999999932325897
9.65	11.45	1.00000008226324	0.799857939891288	9.51026196605763e-05	4.23934046619411	1.00000003290529
9.75	11.45	1.00000019762608	0.799863114767155	9.7009565823973e-05	4.15935440139618	1.00000007905043
9.85	11.45	1.00000023304803	0.799868014242065	9.87061766424348e-05	4.07936783163674	1.00000009321921
9.95	11.45	1.00000022491257	0.799872668076817	0.000100209924936346	3.99938078470102	1.00000008996503
10.05	11.45	1.00000019598264	0.79987710185131	0.00010153709356595	3.91939328471964	1.00000007839306
10.15	11.45	1.00000015984366	0.799881337600401	0.000102702818900784	3.83940535290533	1.00000006393746
10.25	11.45	1.00000012406244	0.79988539435304	0.000103721141486301	3.75941700811246	1.00000004962498
10.35	11.45	1.00000009238965	0.799889288588626	0.000104605061452035	3.67942826726375	1.00000003695586
10.45	11.45	1.00000006626137	0.79989303462308	0.000105366596537092	3.5994391456777	1.00000002650455
10.55	11.45	1.00000004579622	0.79989664493519	0.000106016841174913	3.519449657322	1.00000001831849
10.65	11.45	1.00000003043634	0.799900130442342	0.000106566025406704	3.4394598150118	1.00000001217453
10.75	11.45	1.00000001934253	0.799903500733441	0.000107023572739322	3.359469630567	1.00000000773701
10.85	11.45	1.00000001162407	0.79990676426575	0.000107398156212964	3.27947911493872	1.00000000464963
10.95	11.45	1.00000000646057	0.799909928531157	0.000107697752281073	3.19948827831242	1.00000000258423
11.05	11.45	1.00000000315631	0.79991300019684	0.00010792969208251	3.11949713019335	1.00000000126252
11.15	11.45	1.00000000115437	0.799915985224266	0.000108100710054635	3.03950567947808	1.00000000046175
11.25	11.45	1.00000000002887	0.799918888969966	0.000108216989633599	2.95951393451523	1.00000000001155
11.35	11.45	0.999999999466837	0.799921716270967	0.000108284206136542	2.87952190315736	0.999999999786735
11.45	11.45	0.999999999246817	0.799924471517309	0.000108307566774971	2.79952959280572	0.999999999698727
11.55	11.45	0.999999999218346	0.799927158713679	0.000108291847932518	2.71953701044904	0.999999999687339
11.65	11.45	0.999999999284188	0.799929781531815	0.000108241429766547	2.63954416269732	0.999999999713675
11.75	11.45	0.999999999386218	0.799932343355175	0.000108160328230818	2.5595510558112	0.999999999754487
11.85	11.45	0.99999999949487	0.799934847317065	0.000108052224747042	2.47955769572771	0.999999999797948
11.95	11.45	0.999999999601583	0.799937296333123	0.00010792049354706	2.39956408808275	0.999999999840633
12.05	11.45	0.99999999971324	0.799939693129178	0.000107768226880514	2.31957023823082	0.999999999885296
12.15	11.45	0.999999999847235	0.799942040265032	0.000107598258231447	2.23957615126224	0.999999999938894
12.25	11.45	1.00000000002554	0.799944340154907	0.000107413183603961	2.15958183201847	1.00000000001021
12.35	11.45	1.00000000026598	0.799946595084983	0.000107215381020592	2.07958728510561	1.00000000010639
12.45	11.45	1.00000000056933	0.799948807228643	0.000107007028274297	1.99959251490676	1.00000000022773
12.55	11.45	1.00000000090159	0.799950978659724	0.000106790119070401	1.91959752559336	1.00000000036064
12.65	11.45	1.00000000117314	0.799953111364295	0.000106566477524533	1.83960232113595	1.00000000046926
12.75	11.45	1.00000000121948	0.799955207251307	0.000106337771234497	1.75960690531451	1.00000000048779
12.85	11.45	1.00000000079347	0.799957268162352	0.00010610552303463	1.67961128172837	1.00000000031739
12.95	11.45	0.999999999584069	0.799959295880762	0.000105871121738679	1.59961545380505	0.999999999833628
13.05	11.45	0.999999997282089	0.799961292139805	0.000105635832393908	1.51961942480714	0.999999998912836
13.15	11.45	0.999999993714598	0.799963258629669	0.000105400806629476	1.43962319783536	0.999999997485839
13.25	11.45	0.999999989063605	0.799965197002151	0.000105167094028699	1.35962677582538	0.999999995625442
13.35	11.45	0.99999998416496	0.799967108871734	0.00010493565523442	1.27963016153593	0.999999993665984
13.45	11.45	0.999999980844493	0.799968995811342	0.00010470737747166	1.19963335752635	0.999999992337797
13.55	11.45	0.999999982186445	0.799970859341177	0.000104483092160564	1.11963636612399	0.999999992874578
13.65	11.45	0.999999992546289	0.799972700910201	0.000104263592928075	1.0396391893868	0.999999997018516
13.75	11.45	1.00000001702958	0.799974521872164	0.000104049650048369	0.959641829073658	1.00000000681183
13.85	11.45	1.00000006009163	0.799976323462381	0.000103842014398959	0.879644286645066	1.00000002403665
13.95	11.45	1.00000012292426	0.799978106787566	0.000103641400914351	0.799646563327748	1.0000000491697
14.05	11.45	1.00000019946384	0.799979872848447	0.000103448439616185	0.719648660284638	1.00000007978554
14.15	11.45	1.0000002712754	0.799981622621631	0.000103263583116518	0.639650578930426	1.00000010851016
14.25	11.45	1.00000030232787	0.799983357229767	0.000103086966276303	0.559652321412587	1.00000012093115
14.35	11.45	1.00000023581007	0.799985078221693	0.000102918229019691	0.479653891227283	1.00000009432403
14.45	11.45	0.999999996553984	0.799986787959627	0.000102756340293598	0.399655293848148	0.999999998621593
14.55	11.45	0.999999504017601	0.799988490060636	0.000102599500069625	0.319656537109677	0.99999980160704
14.65	11.45	0.999998701497519	0.79999018975953	0.000102445243428763	0.239657630916839	0.999999480599008
14.75	11.45	0.999997606262299	0.799991894252518	0.000102290914578768	0.15965858568631	0.99999904250492
14.85	11.45	0.999996381225512	0.799994126328177	0.000102134704970766	0.0796594087785141	0.999998552490205
14.95	11.45	0.999995420063566	0.399993879551088	0.000102006108271192	-0.00034000485216925	0.999998168025427
0.05	11.55	-4.66933549819947e-06	0.399991736098233	-0.000193221156913087	10.4589926296198	0.599998132265801
0.15	11.55	-5.19734603149717e-06	0.799975400536609	-0.000192307403368612	10.4109937707058	0.599997921061587
0.25	11.55	-5.47267799463204e-06	0.799958811857641	-0.000190493522460705	10.3629959141818	0.599997810928802
0.35	11.55	-4.74042176113003e-06	0.799941752140686	-0.000187756779240552	10.3149990635271	0.599998103831295
0.45	11.55	-2.22566737999047e-06	0.799924028200529	-0.000184070064178946	10.2670032073051	0.599999109733048
0.55	11.55	2.81210112758457e-06	0.799905397745417	-0.000179401200353866	10.2190083225919	0.600001124840451
0.65	11.55	1.09523530908269e-05	0.799885581370617	-0.0001737135978255	10.1710143796465	0.600004380941236
0.75	11.55	2.24246306410853e-05	0.799864209490368	-0.000166987937897959	10.1230213520055	0.600008969852256
0.85	11.55	3.65863214433283e-05	0.799840720090773	-0.000159182374867982	10.0750292396078	0.600014634528577
0.95	11.55	5.03239733482626e-05	0.799814844036948	-0.000150236566129741	10.0270381245735	0.600020129589339
1.05	11.55	5.90810545884177e-05	0.79978605619262	-0.000140070124819643	9.97904823837616	0.600023632421835
1.15	11.55	5.67694873430211e-05	0.7997538933825	-0.000128586337453786	9.93106001770028	0.600022707794937
1.25	11.55	3.70854490129303e-05	0.799717764706881	-0.000115704797479025	9.88307413909141	0.600014834179605
1.35	11.55	-5.22507283186059e-06	0.799677004373066	-0.000101322193422802	9.8350915133592	0.599997909970867
1.45	11.55	-7.25748240607677e-05	0.799630833388764	-8.5312097831963e-05	9.78711323289594	0.599970970070376
1.55	11.55	-0.000162340339560019	0.799578301193192	-6.75278923646693e-05	9.7391404560621	0.599935063864176
1.65	11.55	-0.000264617235926243	0.799518210592403	-4.78070866019285e-05	9.69117422112656	0.59989415310563
1.75	11.55	-0.000360417745107527	0.799449023305753	-2.59806905498506e-05	9.6432151961683	0.599855832901957
1.85	11.55	-0.000420927231277589	0.799368737637898	-1.89271704769682e-06	9.59526338925701	0.599831629107489
1.95	11.55	-0.00040867938092628	0.799274695258807	2.45645737114831e-05	9.54731786581997	0.59983652824763
2.05	11.55	-0.00028247270994316	0.799163242835155	5.34553010468976e-05	9.49937655768033	0.599887010916023
2.15	11.55	-1.00927816889999e-05	0.799035699548145	8.54223713852382e-05	9.45143633611641	0.599995962887324
2.25	11.55	0.000457962517281168	0.798887165401806	0.000120671233507212	9.40349291899088	0.600183185006912
2.35	11.55	0.00117395908160893	0.798718530320911	0.000158330996710553	9.35554060753976	0.600469583632644
2.45	11.55	0.00222386667291975	0.798524000278319	0.000198160276786815	9.30757168242923	0.600889546669168
2.55	11.55	0.00370708479812411	0.798300029780072	0.000240430324123396	9.25957566274503	0.60148283391925
2.65	11.55	0.00573676614506435	0.798042821287514	0.000285130998229679	9.21153892969991	0.602294706458026
2.75	11.55	0.008442797342945	0.797748402094367	0.000332068313426553	9.16344426950918	0.603377118937178
2.85	11.55	0.011975398471094	0.79741279579303	0.000380905061993885	9.11527030332846	0.604790159388438
2.95	11.55	0.0165096010184422	0.797032207720449	0.000431144156099639	9.06699078726837	0.606603840407377
3.05	11.55	0.0222511811406439	0.796603274564916	0.000482078069784882	9.01857374384006	0.608900472456258
3.15	11.55	0.0294445791084524	0.796123407058673	0.000532712190587457	8.9699803653634	0.611777831643381
3.25	11.55	0.038383175716432	0.795591231641182	0.000581662711990377	8.92116361365134	0.615353270286573
3.35	11.55	0.0494219266562595	0.795007112377852	0.0006270304190174	8.87206643227864	0.619768770662504
3.45	11.55	0.0629915632140265	0.794373697882169	0.000666259438322152	8.82261949767204	0.625196625285611
3.55	11.55	0.0796120546950159	0.793696388763466	0.000696006243522475	8.77273848142104	0.631844821878006
3.65	11.55	0.0999004663014457	0.792983576785218	0.000712070768960038	8.72232090717121	0.639960186520578
3.75	11.55	0.124564573267077	0.792246515856758	0.000709476752981899	8.67124289806311	0.649825829306831
3.85	11.55	0.154369087399327	0.791498829527022	0.000682820885493842	8.61935645752659	0.661747634959731
3.95	11.55	0.190058071712104	0.790756010168262	0.00062701101951638	8.56648840256132	0.676023228684842
4.05	11.55	0.232219398557501	0.790035732599345	0.000538436182670149	8.51244257151805	0.692887759423
4.15	11.55	0.281091398384692	0.789359928301066	0.000416416387339614	8.45700718505785	0.712436559353877
4.25	11.55	0.33634285494353	0.788758557646137	0.000264498100499513	8.39996879746938	0.734537141977412
4.35	11.55	0.396899158088536	0.788272618069144	9.09520804397705e-05	8.34113269397567	0.758759663235414
4.45	11.55	0.460914066483464	0.78795182684335	-9.20601538463384e-05	8.28034690448534	0.784365626593385
4.55	11.55	0.525960705788871	0.787843949899539	-0.000270649463770978	8.21752422857398	0.810384282315548
4.65	11.55	0.589423893283663	0.78797885861159	-0.000431989144940948	8.15265563399363	0.835769557313465
4.75	11.55	0.648965663784602	0.788356100524488	-0.000566672593298315	8.08581048051464	0.859586265513841
4.85	11.55	0.702890928013988	0.788943564346543	-0.000669850611866678	8.01712361904809	0.881156371205595
4.95	11.55	0.750299253170523	0.789687298561857	-0.000741023988037974	7.94677395120456	0.900119701268209
5.05	11.55	0.791021948053119	0.790526050908262	-0.000782930335687545	7.87496100034684	0.916408779221248
5.15	11.55	0.825427573428349	0.791403571964021	-0.000800140835287625	7.80188494892198	0.93017102937134
5.25	11.55	0.854195377168014	0.792275399546316	-0.000797833404907323	7.72773286569268	0.941678150867206
5.35	11.55	0.878124533436993	0.793110509696614	-0.000780951163083372	7.65267126267283	0.951249813374797
5.45	11.55	0.898005145205875	0.793889829569281	-0.000753751780855467	7.57684362123365	0.95920205808235
5.55	11.55	0.914547797823984	0.7946035213148	-0.000719653188637518	7.50037111141008	0.965819119129593
5.65	11.55	0.928356007476811	0.795248225479904	-0.000681261413694538	7.42335496706262	0.971342402990724
5.75	11.55	0.939924760397092	0.795824785004659	-0.000640487168147623	7.34587944739084	0.975969904158837
5.85	11.55	0.949652115138649	0.796336563562893	-0.000598689468154266	7.26801475968732	0.97986084605546
5.95	11.55	0.957855483681337	0.796788287853173	-0.000556812205733595	7.18981964407278	0.983142193472535
6.05	11.55	0.964787971781025	0.797185290306599	-0.000515498766775217	7.11134352315319	0.98591518871241
6.15	11.55	0.970652670173261	0.797533034746516	-0.000475181103409518	7.03262822737402	0.988261068069304
6.25	11.55	0.975614245343886	0.797836832607455	-0.000436145335608184	6.9537093539039	0.990245698137554
6.35	11.55	0.979807914898691	0.798101683451687	-0.000398578146911056	6.87461732962259	0.991923165959476
6.45	11.55	0.983346196945171	0.798332194660248	-0.000362598559306877	6.79537824470327	0.993338478778069
6.55	11.55	0.986323896457293	0.798532550491949	-0.000328279138339299	6.71601451259394	0.994529558582917
6.65	11.55	0.988821757511889	0.798706511171192	-0.000295659863729791	6.63654540025572	0.995528703004756
6.75	11.55	0.990909136730455	0.798857429588714	-0.000264757088674183	6.55698746171937	0.996363654692182
6.85	11.55	0.992645974162878	0.798988277702066	-0.000235569318337216	6.4773548991978	0.997058389665151
6.95	11.55	0.994084267733675	0.799101677628258	-0.000208080997100145	6.39765986919258	0.99763370709347
7.05	11.55	0.995269200701079	0.799199934295942	-0.000182265093447683	6.31791274598915	0.998107680280432
7.15	11.55	0.99624002815383	0.799285067736863	-0.000158084987148468	6.23812235129558	0.998496011261532
7.25	11.55	0.997030796399605	0.799358843883257	-0.000135495968284239	6.1582961562056	0.998812318559842
7.35	11.55	0.997670945805493	0.799422803248997	-0.000114446528136209	6.07844045988005	0.999068378322197
7.45	11.55	0.998185831068546	0.799478287202932	-9.48795381205879e-05	5.99856054812013	0.999274332427418
7.55	11.55	0.998597181259717	0.799526461754253	-7.6733361961113e-05	5.91866083418818	0.999438872503887
7.65	11.55	0.998923513945107	0.799568338901101	-5.99429154098479e-05	5.83874498369443	0.999569405578043
7.75	11.55	0.999180512239681	0.799604795670849	-4.44406720268652e-05	5.75881602502418	0.999672204895872
7.85	11.55	0.999381370055817	0.799636591022866	-3.01576056174852e-05	5.67887644656497	0.999752548022327
7.95	11.55	0.999537108537298	0.799664380802579	-1.70240584430443e-05	5.59892828186275	0.999814843414919
8.05	11.55	0.99965686532752	0.799688730937385	-4.97052480310301e-06	5.5189731837567	0.999862746131008
8.15	11.55	0.999748157621125	0.799710129059786	6.07165734752267e-06	5.43901248849223	0.99989926304845
8.25	11.55	0.999817119677847	0.799728994729456	1.61697109838448e-05	5.35904727077516	0.999926847871139
8.35	11.55	0.999868715478124	0.799745688412117	2.53889215935884e-05	5.27907839069656	0.99994748619125
8.45	11.55	0.999906927355652	0.799760519357065	3.37922336414897e-05	5.1991065334223	0.999962770942261
8.55	11.55	0.999934921668521	0.799773752500393	4.14399371781462e-05	5.11913224249943	0.999973968667409
8.65	11.55	0.999955192809418	0.799785614506309	4.83894380228457e-05	5.03915594758317	0.999982077123767
8.75	11.55	0.999969687068002	0.799796299046386	5.46951034054132e-05	4.95917798733342	0.999987874827201
8.85	11.55	0.999979908022468	0.799805971405325	6.04081744530081e-05	4.87919862816945	0.999991963208987
8.95	11.55	0.999987005241662	0.799814772491483	6.55767362603731e-05	4.79921807950777	0.999994802096665
9.05	11.55	0.999991848122206	0.799822822321791	7.02457363873159e-05	4.71923650604316	0.999996739248882
9.15	11.55	0.999995086671136	0.799830223043387	7.44570432355411e-05	4.63925403756787	0.999998034668454
9.25	11.55	0.999997200981683	0.799837061547107	7.82495360170243e-05	4.55927077676092	0.999998880392673
9.35	11.55	0.999998541048121	0.799843411722401	8.16592189935037e-05	4.47928680532009	0.999999416419248
9.45	11.55	0.999999358435836	0.79984933639797	8.47193533900704e-05	4.39930218875341	0.999999743374334
9.55	11.55	0.999999831175063	0.799854889007623	8.74606013090347e-05	4.3193169800971	0.999999932470025
9.65	11.55	1.00000008309051	0.799860115016647	8.99111768649037e-05	4.23933122278143	1.0000000332362
9.75	11.55	1.00000019862176	0.799865053140089	9.20970004587999e-05	4.15934495282668	1.0000000794487
9.85	11.55	1.00000023403741	0.799869736380934	9.40418530109552e-05	4.0793582005172	1.00000009361496
9.95	11.55	1.00000022580312	0.799874192912715	9.57675275956601e-05	3.99937099167225	1.00000009032125
10.05	11.55	1.00000019673436	0.799878446828467	9.72939764681753e-05	3.91938334860814	1.00000007869375
10.15	11.55	1.00000016044838	0.799882518775033	9.86394522242209e-05	3.83939529086563	1.00000006417935
10.25	11.55	1.00000012452982	0.799886426489364	9.98206418724559e-05	3.75940683576032	1.00000004981193
10.35	11.55	1.000000092738	0.799890185251376	0.000100852793415532	3.67941799880027	1.0000000370952
10.45	11.55	1.00000006651196	0.799893808265906	0.000101749834495526	3.59942879400453	1.00000002660478
10.55	11.55	1.00000004596986	0.799897306984547	0.000102524483003444	3.51943923414812	1.00000001838794
10.65	11.55	1.00000003055163	0.799900691376639	0.00010318834979441	3.43944933095224	1.00000001222065
10.75	11.55	1.00000001941513	0.799903970157433	0.000103752033646505	3.35945909523389	1.00000000776605
10.85	11.55	1.00000001166654	0.799907150980097	0.000104225208815087	3.27946853702512	1.00000000466662
10.95	11.55	1.00000000648261	0.799910240597266	0.00010461670554794	3.19947766566952	1.00000000259304
11.05	11.55	1.00000000316513	0.799913244997158	0.000104934583921268	3.11948648990133	1.00000000126605
11.15	11.55	1.00000000115513	0.799916169518114	0.000105186201506307	3.03949501791118	1.00000000046205
11.25	11.55	1.00000000002511	0.799919018945184	0.000105378275176748	2.95950325740142	1.00000000001004
11.35	11.55	0.999999999460844	0.7999217975916	0.000105516937609781	2.87951121563308	0.999999999784337
11.45	11.55	0.999999999239961	0.799924509367519	0.000105607788851677	2.799518899466	0.999999999695985
11.55	11.55	0.999999999211341	0.7999271578381	0.000105655943254339	2.71952631539341	0.999999999684536
11.65	11.55	0.999999999277324	0.79992974627269	0.00010566607234521	2.63953346957183	0.999999999710929
11.75	11.55	0.99999999937958	0.799932277686373	0.00010564244380464	2.55954036784689	0.999999999751832
11.85	11.55	0.99999999948855	0.799934754875277	0.000105588956963176	2.47954701577586	0.99999999979542
11.95	11.55	0.999999999595901	0.799937180446435	0.000105509175178292	2.39955341864708	0.99999999983836
12.05	11.55	0.999999999708954	0.799939556843175	0.000105406355205397	2.31955958149695	0.999999999883582
12.15	11.55	0.999999999845711	0.79994188636672	0.000105283473998342	2.23956550912472	0.999999999938285
12.25	11.55	1.00000000002879	0.799944171194477	0.000105143253005968	2.15957120610543	1.00000000001151
12.35	11.55	1.00000000027645	0.799946413395797	0.000104988180238302	2.07957667680143	1.00000000011058
12.45	11.55	1.0000000005893	0.799948614945357	0.000104820530195536	1.99958192537276	1.00000000023572
12.55	11.55	1.00000000093201	0.799950777734888	0.000104642381845028	1.91958695578682	1.0000000003728
12.65	11.55	1.00000000121176	0.799952903583498	0.000104455634712752	1.8395917718276	1.00000000048471
12.75	11.55	1.00000000125857	0.799954994246972	0.000104262023277363	1.75959637710467	1.00000000050343
12.85	11.55	1.0000000008172	0.799957051426373	0.000104063129894421	1.67960077506178	1.00000000032688
12.95	11.55	0.999999999566798	0.799959076776021	0.000103860396503342	1.59960496898465	0.999999999826719
13.05	11.55	0.999999997188795	0.799961071910765	0.000103655135702159	1.51960896200674	0.999999998875518
13.15	11.55	0.999999993505729	0.799963038411991	0.000103448541812868	1.43961275711124	0.999999997402292
13.25	11.55	0.999999988706818	0.799964977831462	0.000103241702756623	1.35961635712672	0.999999995482727
13.35	11.55	0.999999983656007	0.799966891691463	0.000103035613627858	1.27961976471395	0.999999993462403
13.45	11.55	0.999999980238005	0.799968781479566	0.00010283119246367	1.19962298234182	0.999999992095202
13.55	11.55	0.999999981634008	0.799970648636333	0.000102629298014843	1.119626012253	0.999999992653603
13.65	11.55	0.99999999233342	0.799972494535515	0.000102430747858969	1.03962885642473	0.999999996933368
13.75	11.55	1.00000001759494	0.799974320458742	0.000102236332885867	0.959631516537664	1.00000000703797
13.85	11.55	1.00000006200196	0.799976127571044	0.000102046821466887	0.879633993976211	1.00000002480078
13.95	11.55	1.00000012676952	0.799977916909942	0.000101862943460203	0.799636289894744	1.00000005070781
14.05	11.55	1.00000020563364	0.799979689408366	0.000101685342354918	0.719638405392449	1.00000008225345
14.15	11.55	1.00000027958739	0.799981445978647	0.000101514484776144	0.639640341838044	1.00000011183496
14.25	11.55	1.00000031151055	0.799983187687412	0.000101350523069579	0.559642101364715	1.00000012460422
14.35	11.55	1.0000002429065	0.799984916043566	0.000101193121892201	0.479643687503559	1.0000000971626
14.45	11.55	0.999999996415792	0.799986633396203	0.000101041286021763	0.399645105829771	0.999999998566317
14.55	11.55	0.999999489197003	0.799988343387971	0.000100893264805024	0.319646364355652	0.999999795678801
14.65	11.55	0.999998662998094	0.799990051327046	0.00010074665469317	0.239647473229778	0.999999465199237
14.75	11.55	0.999997535726685	0.799991764533917	0.00010059886412618	0.15964844313107	0.999999014290674
14.85	11.55	0.999996275133762	0.799994020157512	0.000100448130364641	0.0796492815978018	0.999998510053505
14.95	11.55	0.999995286263726	0.399993728803496	0.000100323314984876	-0.000350119341089317	0.99999811450549
0.05	11.65	-4.61830264504394e-06	0.39999222332292	-0.000177353860918469	10.4590037327146	0.599998152678942
0.15	11.65	-5.1300110794042e-06	0.799976862126676	-0.000176270436312042	10.4110048137009	0.599997947995568
0.25	11.65	-5.37781984781422e-06	0.799961264599724	-0.000174108817317094	10.3630068375774	0.599997848872061
0.35	11.65	-4.61044170163482e-06	0.79994522417196	-0.000170835297123166	10.3150098061242	0.599998155823319
0.45	11.65	-2.05720322133779e-06	0.79992855822955	-0.000166405125201823	10.2670137057408	0.599999177118711
0.55	11.65	3.01582767994707e-06	0.799911036227501	-0.000160761686823787	10.2190185108064	0.600001206331072
0.65	11.65	1.11696809355155e-05	0.799892390674462	-0.000153839012380693	10.1710241884271	0.600004467872374
0.75	11.65	2.25666705298729e-05	0.799872292130956	-0.000145571520901363	10.1230307091917	0.600009026668212
0.85	11.65	3.65040371164836e-05	0.79985023547778	-0.000135859925192057	10.0750380693694	0.600014601614847
0.95	11.65	5.00404027942229e-05	0.79982590420677	-0.000124544010559879	10.0270463451523	0.600020016161118
1.05	11.65	5.87874184516473e-05	0.799798710738203	-0.000111443624682323	9.97905575901928	0.600023514967381
1.15	11.65	5.63611382781522e-05	0.799768347474112	-9.63653450626594e-05	9.93106673846382	0.600022544455311
1.25	11.65	3.6468636254197e-05	0.799734232737782	-7.90801369825383e-05	9.88307995130692	0.600014587454502
1.35	11.65	-6.12822051491819e-06	0.799695725928086	-5.93232811803786e-05	9.83509629737553	0.599997548711794
1.45	11.65	-7.38523046655148e-05	0.799652080341111	-3.67984914994413e-05	9.7871168563148	0.599970459078134
1.55	11.65	-0.000164113670745569	0.799602385793791	-1.11822936696587e-05	9.73914277229358	0.599934354531702
1.65	11.65	-0.000267073582322319	0.799545497447646	1.78702092920765e-05	9.69117506814599	0.599893170567071
1.75	11.65	-0.000363880301523102	0.799479950796362	5.07147863333755e-05	9.64321439567493	0.599854447879391
1.85	11.65	-0.000426029317715096	0.799403855532791	8.76916855513781e-05	9.59526074733236	0.599829588272914
1.95	11.65	-0.000416684095146833	0.799314744276589	0.000129067853763176	9.54731317865569	0.599833326361941
2.05	11.65	-0.000294923043635914	0.799209516293859	0.000175053538254027	9.49936962304972	0.599882030782546
2.15	11.65	-2.21042193881198e-05	0.79908642035331	0.000226718090638196	9.45142689322092	0.599991158312245
2.25	11.65	0.000444539412989338	0.798943132239954	0.000284025357666055	9.40348066576311	0.600177815765196
2.35	11.65	0.00114954007133132	0.798784242388583	0.000346451876478419	9.35552530452158	0.600459816028532
2.45	11.65	0.00218768731936503	0.798600152392294	0.00041481390910534	9.30755309802835	0.600875074927746
2.55	11.65	0.00365759951440076	0.798387909153707	0.000489586889077031	9.25955351935705	0.60146303980576
2.65	11.65	0.00567107932999146	0.798144030133529	0.000570916190886757	9.21151293439358	0.602268431731997
2.75	11.65	0.00835682634723147	0.797864939361876	0.000658735973803233	9.16341412881946	0.603342730538893
2.85	11.65	0.011863890294554	0.797547063263701	0.000752766112032066	9.11523573230328	0.604745556117822
2.95	11.65	0.016365975550412	0.797187005887068	0.000852420555446829	9.06695152049726	0.606546390220165
3.05	11.65	0.0220672522334282	0.796781799548299	0.000956656300714704	9.01852955229732	0.608826900893371
3.15	11.65	0.0292101810495162	0.796329237290962	0.00106376752939643	8.96993108190607	0.611684072419806
3.25	11.65	0.0380857100694982	0.795828287323289	0.00117112015428036	8.92110917028315	0.615234284027799
3.35	11.65	0.0490458535466541	0.795279568447682	0.00127482698194161	8.87200691275686	0.619618341418662
3.45	11.65	0.0625178943355454	0.794685829311823	0.00136938313564846	8.82255520901961	0.625007157734218
3.55	11.65	0.0790179698729536	0.794052326325027	0.00144731981470292	8.77267004663958	0.631607187949181
3.65	11.65	0.0991592803001245	0.793386954224579	0.00149899687552309	8.72224937782086	0.63966371212005
3.75	11.65	0.123646424593101	0.79269999843108	0.00151273819355725	8.67116987797439	0.64945856983724
3.85	11.65	0.153242874967908	0.792003531816853	0.0014755927903078	8.61928421656347	0.661297149987163
3.95	11.65	0.188695231770414	0.791310840566218	0.001375013265883	8.56641994251051	0.675478092708165
4.05	11.65	0.230599903149529	0.790636746120666	0.00120157282339684	8.51238158931886	0.692239961259812
4.15	11.65	0.279211625379697	0.789999831238728	0.000952397182602834	8.45695787264106	0.711684650151879
4.25	11.65	0.334223641710634	0.789426577909861	0.000634325322416858	8.39993543885969	0.733689456684253
4.35	11.65	0.394590857915548	0.788954984957968	0.000265293785120516	8.34111908149056	0.757836343166219
4.45	11.65	0.458494974004942	0.788632997621129	-0.000127360139475435	8.28035568698676	0.783397989601977
4.55	11.65	0.523527080459526	0.788508423446334	-0.000511775038110378	8.21755638080366	0.80941083218381
4.65	11.65	0.587073759864494	0.788613066986954	-0.000858069477021682	8.1527102354488	0.834829503945798
4.75	11.65	0.646782098102304	0.788949765362366	-0.00114400847562196	8.08588489001959	0.858712839240922
4.85	11.65	0.700930789529203	0.789490182654192	-0.00135791057944813	8.0172139771781	0.880372315811681
4.95	11.65	0.748590122389989	0.790183854733819	-0.00149838978067471	7.9468758302887	0.899436048955995
5.05	11.65	0.789566031708665	0.79097230572777	-0.00157187827094819	7.87507000869536	0.915826412683466
5.15	11.65	0.824209182278787	0.791801263038695	-0.00158935368425843	7.80199716481363	0.929683672911515
5.25	11.65	0.853188738817027	0.792627539808773	-0.00156339491592897	7.72784506780427	0.941275495526811
5.35	11.65	0.877300049590392	0.793420840008956	-0.00150610414575224	7.65278098916334	0.950920019836157
5.45	11.65	0.897333540180743	0.794162416464521	-0.00142794857373866	7.5769491160434	0.958933416072297
5.55	11.65	0.9140024058865	0.794842473024256	-0.0013373231623703	7.50047121381166	0.9656009623546
5.65	11.65	0.927913731968969	0.795457500477533	-0.00124057342351701	7.4234489851167	0.971165492787588
5.75	11.65	0.939566221324708	0.796008071960972	-0.00114225591383192	7.34596703918279	0.975826488529883
5.85	11.65	0.949361371935817	0.796497215366336	-0.00104548384904343	7.26809583324745	0.979744548774327
5.95	11.65	0.957619581247725	0.796929295150195	-0.000952269470049642	7.18989427869187	0.98304783249909
6.05	11.65	0.964596450418301	0.797309282455449	-0.000863821132063833	7.11141191049131	0.985838580167321
6.15	11.65	0.970497109130136	0.79764229845513	-0.000780781620412577	7.0326906290036	0.988198843652055
6.25	11.65	0.975487867871927	0.797933340797481	-0.000703409372390191	6.9537660716122	0.990195147148771
6.35	11.65	0.979705260461291	0.798187128929421	-0.00063171090532559	6.87466868517101	0.991882104184517
6.45	11.65	0.983262855742445	0.798408024882183	-0.000565534537334014	6.7954245663572	0.993305142296978
6.55	11.65	0.986256297457099	0.798600001055026	-0.000504634891911306	6.7160561263694	0.99450251898284
6.65	11.65	0.988767000492534	0.798766636654882	-0.000448716138874958	6.63658262437887	0.995506800197013
6.75	11.65	0.990864859628347	0.798911131080062	-0.000397460197860748	6.55702060323265	0.996345943851339
6.85	11.65	0.992610248326185	0.799036326803603	-0.000350544565428864	6.4773842519764	0.997044099330474
6.95	11.65	0.994055515051509	0.799144737043332	-0.00030765314208797	6.39768571287424	0.997622206020603
7.05	11.65	0.995246127811794	0.799238575253548	-0.000268482443109474	6.3179353454887	0.998098451124718
7.15	11.65	0.99622157397302	0.799319784600899	-0.000232744839985115	6.23814195669106	0.998488629589208
7.25	11.65	0.997016090046883	0.799390066316817	-0.000200169947194065	6.15831300286045	0.998806436018753
7.35	11.65	0.997659272672238	0.799450906295912	-0.000170504893762938	6.0784547687166	0.999063709068895
7.45	11.65	0.99817660528584	0.799503599621258	-0.000143513958774457	5.99857252599228	0.999270642114336
7.55	11.65	0.998589923225518	0.799549272898702	-0.000118977873241448	5.91867067432142	0.999435969290207
7.65	11.65	0.998917831877093	0.799588904411361	-9.6692972349502e-05	5.83875286617345	0.999567132750837
7.75	11.65	0.99917608695547	0.799623342183484	-7.64703047517414e-05	5.75882211731555	0.999670434782188
7.85	11.65	0.999377942361769	0.799653320088155	-5.81347559209218e-05	5.67888090406614	0.999751176944707
7.95	11.65	0.99953446874363	0.799679472155392	-4.15242124509899e-05	5.59893124847061	0.999813787497452
8.05	11.65	0.999654844511167	0.79970234524404	-2.64887759141825e-05	5.51897479244985	0.999861937804467
8.15	11.65	0.999746620336389	0.799722410238957	-1.28900255431432e-05	5.43901286192152	0.999898648134556
8.25	11.65	0.999815957874601	0.799740071926351	-6.00324318028124e-07	5.35904652185723	0.99992638314984
8.35	11.65	0.999867843432792	0.799755677688968	1.0497838241005e-05	5.27907662320536	0.999947137373117
8.45	11.65	0.999906277455044	0.799769525150763	2.05124729090473e-05	5.19910384257369	0.999962510982017
8.55	11.65	0.999934440913603	0.799781868887006	2.95426922828692e-05	5.11912871552446	0.999973776365441
8.65	11.65	0.999954839927278	0.799792926305069	3.76792904791771e-05	5.03915166428601	0.999981935970911
8.75	11.65	0.999969430137259	0.799802882788601	4.50053031702115e-05	4.95917302063046	0.999987772054903
8.85	11.65	0.999979722531171	0.799811896188863	5.15965486137378e-05	4.87919304460661	0.999991889012469
8.95	11.65	0.99998687250827	0.799820100737522	5.75221494018335e-05	4.79921193975389	0.999994749003308
9.05	11.65	0.999991754019989	0.799827610447569	6.28450343774078e-05	4.71922986535765	0.999996701607995
9.15	11.65	0.999995020604783	0.79983452206179	6.76224192800783e-05	4.63924694624153	0.999998008241913
9.25	11.65	0.999997155072237	0.799840917602639	7.19062649243767e-05	4.55926328052947	0.999998862028895
9.35	11.65	0.999998509488818	0.79984686657106	7.5743711816535e-05	4.47927894575016	0.999999403795527
9.45	11.65	0.999999336987108	0.79985242783774	7.91774901837216e-05	4.39929400360142	0.999999734794843
9.55	11.65	0.999999816771973	0.799857651265048	8.22463047062819e-05	4.31930850364159	0.999999926708789
9.65	11.65	1.00000007354025	0.799862579094384	8.49851937842758e-05	4.23932248612975	1.0000000294161
9.75	11.65	1.00000019237268	0.799867247129598	8.74258632846307e-05	4.1593359841972	1.00000007694907
9.85	11.65	1.00000023000432	0.799871685744026	8.95969951417976e-05	4.07934902549829	1.00000009200173
9.95	11.65	1.00000022323654	0.799875920735083	9.15245315058617e-05	3.9993616334594	1.00000008929462
10.05	11.65	1.00000019512354	0.799879974048263	9.32319353983862e-05	3.91937382822055	1.00000007804942
10.15	11.65	1.00000015945031	0.799883864388808	9.47404288033117e-05	3.83938562734383	1.00000006378012
10.25	11.65	1.00000012391775	0.799887607737828	9.60692096643805e-05	3.75939704634616	1.0000000495671
10.35	11.65	1.00000009236464	0.799891217786915	9.72356489621404e-05	3.67940809910063	1.00000003694586
10.45	11.65	1.00000006628341	0.799894706303717	9.82554693081883e-05	3.59941879814022	1.00000002651336
10.55	11.65	1.00000004582756	0.79989808343899	9.9142906476811e-05	3.519429154889	1.00000001833103
10.65	11.65	1.00000003045992	0.799901357984341	9.99108552758121e-05	3.43943917983998	1.00000001218397
10.75	11.65	1.00000001935286	0.799904537588376	0.00010057100100863	3.35944888269331	1.00000000774115
10.85	11.65	1.00000001162154	0.799907628937921	0.000101133937922605	3.27945827246525	1.00000000464862
10.95	11.65	1.0000000064481	0.7999106379099	0.000101609275777371	3.19946735757524	1.00000000257924
11.05	11.65	1.00000000313742	0.799913569698619	0.000102005735736798	3.1194761459165	1.00000000125497
11.15	11.65	1.00000000113227	0.799916428922455	0.000102331236523056	3.03948464491411	1.00000000045291
11.25	11.65	1.00000000000602	0.799919219713313	0.00010259297192368	2.95949286157331	1.00000000000241
11.35	11.65	0.999999999444828	0.799921945791647	0.000102797480470661	2.87950080252012	0.999999999777931
11.45	11.65	0.999999999226486	0.79992461052945	0.000102950708032619	2.79950847403579	0.999999999690595
11.55	11.65	0.99999999919991	0.79992721700308	0.00010305806416793	2.71951588208619	0.999999999679964
11.65	11.65	0.999999999267463	0.799929768037716	0.000103124472807578	2.63952303234699	0.999999999706985
11.75	11.65	0.999999999370887	0.799932266244712	0.000103154417873368	2.55952993022531	0.999999999748355
11.85	11.65	0.999999999480808	0.799934714052949	0.000103151984366922	2.47953658087831	0.999999999792323
11.95	11.65	0.999999999589224	0.799937113735325	0.000103120895370442	2.39954298922923	0.99999999983569
12.05	11.65	0.999999999703958	0.799939467430979	0.000103064545467156	2.31954915998119	0.999999999881583
12.15	11.65	0.999999999843653	0.799941777163994	0.000102986030770136	2.23955509762914	0.999999999937461
12.25	11.65	1.00000000003158	0.799944044859229	0.000102888176108361	2.15956080647022	1.00000000001263
12.35	11.65	1.00000000028648	0.799946272355637	0.00010277355939775	2.07956629061296	1.00000000011459
12.45	11.65	1.00000000060876	0.799948461417665	0.000102644533602343	1.99957155398554	1.0000000002435
12.55	11.65	1.00000000096177	0.799950613745008	0.000102503246376099	1.91957660034359	1.00000000038471
12.65	11.65	1.00000000124963	0.799952730981263	0.000102351657583757	1.83958143327775	1.00000000049985
12.75	11.65	1.00000000129689	0.799954814721702	0.000102191554927382	1.75958605622111	1.00000000051876
12.85	11.65	1.00000000084042	0.799956866520486	0.000102024567849306	1.67959047245652	1.00000000033617
12.95	11.65	0.999999999549691	0.79995888789742	0.000101852180150687	1.59959468512309	0.999999999819876
13.05	11.65	0.999999997096956	0.799960880344103	0.000101675741766574	1.51959869722092	0.999999998838782
13.15	11.65	0.999999993300328	0.799962845328935	0.000101496480421292	1.43960251161183	0.999999997320131
13.25	11.65	0.999999988356147	0.799964784299936	0.000101315513997998	1.3596061310139	0.999999995342459
13.35	11.65	0.999999983155989	0.799966698683948	0.000101133864425296	1.27960955798684	0.999999993262395
13.45	11.65	0.999999979642408	0.799968589880298	0.000100952473682602	1.19961279490634	0.999999991856963
13.55	11.65	0.999999981091785	0.799970459247347	0.000100772221657753	1.11961584392796	0.999999992436714
13.65	11.65	0.999999992124921	0.799972308081378	0.000100593944266641	1.03961870694611	0.999999996849968
13.75	11.65	1.00000001815066	0.799974137589886	0.000100418447986743	0.959621385561401	1.00000000726026
13.85	11.65	1.00000006387782	0.799975948865866	0.000100246514165406	0.879623881080629	1.00000002555113
13.95	11.65	1.00000013054383	0.799977742876108	0.000100078883542133	0.799626194584515	1.00000005221753
14.05	11.65	1.00000021168781	0.799979520484408	9.99162094886593e-05	0.719628327107329	1.00000008467513
14.15	11.65	1.00000028774156	0.7999812825376	9.97589694639129e-05	0.639630279970571	1.00000011509662
14.25	11.65	1.00000032051679	0.799983030045073	9.96073305258567e-05	0.559632055291526	1.00000012820672
14.35	11.65	1.00000024986503	0.799984764474401	9.94609796550992e-05	0.479633656633875	1.00000009994601
14.45	11.65	0.999999996280059	0.799986488159747	9.93189554112988e-05	0.399635089670891	0.999999998512024
14.55	11.65	0.999999474669346	0.799988204766819	9.91795547973972e-05	0.319636362587835	0.999999789867739
14.65	11.65	0.999998625266728	0.79998991967371	9.90404342091066e-05	0.239637485770818	0.999999450106691
14.75	11.65	0.999997466609653	0.799991640320543	9.88990651776723e-05	0.15963847015464	0.999998986643861
14.85	11.65	0.999996171190304	0.799993917899492	9.87537298808728e-05	0.0796393234508775	0.999998468476122
14.95	11.65	0.999995155186136	0.399993581879998	9.86326576566178e-05	-0.000360065173426885	0.999998062074454
0.05	11.75	-4.57638350717278e-06	0.399992794796212	-0.000162540160138713	10.459013912843	0.599998169446597
0.15	11.75	-5.07377472333426e-06	0.799978579766445	-0.000161301691024587	10.4110149239115	0.599997970490111
0.25	11.75	-5.29750395079515e-06	0.799964153516597	-0.000158820399514899	10.3630168079911	0.59999788099842
0.35	11.75	-4.50061327574948e-06	0.799949327570973	-0.000155052899704683	10.3150195645265	0.59999819975469
0.45	11.75	-1.92021300986415e-06	0.799933938081698	-0.000149938684230637	10.2670231767202	0.599999231914796
0.55	11.75	3.16070090845201e-06	0.799917776560468	-0.000143399819149099	10.2190276148615	0.600001264280363
0.65	11.75	1.12674995591522e-05	0.7999006015028	-0.000135342408611516	10.171032841295	0.600004506999824
0.75	11.75	2.25223966268315e-05	0.799882134014699	-0.000125654145047247	10.1230388216818	0.600009008958651
0.85	11.75	3.64882205200258e-05	0.799861797433681	-0.00011417382925601	10.075045544028	0.600014595288208
0.95	11.75	5.01823996475558e-05	0.799839333945282	-0.000100650737284376	10.0270530711876	0.600020072959859
1.05	11.75	5.8875387505235e-05	0.799814343941605	-8.48216627140752e-05	9.97906161297142	0.600023550155002
1.15	11.75	5.64344348658609e-05	0.799786436730524	-6.63983390245685e-05	9.93107158281451	0.600022573773946
1.25	11.75	3.65342238356773e-05	0.799755103607558	-4.50042107805857e-05	9.88308362977923	0.600014613689534
1.35	11.75	-6.13242568784455e-06	0.799719773653978	-2.02196077145794e-05	9.83509863296706	0.599997547029725
1.45	11.75	-7.40796028961967e-05	0.799679779953005	8.41115843355207e-06	9.78711764934346	0.599970368158842
1.55	11.75	-0.000164847802142882	0.799634307663906	4.1373415043501e-05	9.73914179863943	0.599934060879143
1.65	11.75	-0.000268787449684072	0.799582328410144	7.91720073575576e-05	9.69117207793532	0.599892485020126
1.75	11.75	-0.000367317669257599	0.799522518480111	0.000122320091886022	9.64320911272569	0.599853072932297
1.85	11.75	-0.000432290167258969	0.799453146931128	0.000171331534973091	9.59525287010248	0.599827083933096
1.95	11.75	-0.000427151134415916	0.799371917955398	0.000226729116814638	9.54730238284275	0.599829139546234
2.05	11.75	-0.000310510622163659	0.799275886815443	0.000289103300252213	9.49935555625271	0.599875795751134
2.15	11.75	-4.24322850167479e-05	0.799162020477924	0.000359152505826371	9.45140913121747	0.599983027085993
2.25	11.75	0.000406047677023034	0.799034777476794	0.000436451033585728	9.40345882672259	0.600162419070809
2.35	11.75	0.00109841882037132	0.798889937773654	0.000521697380435446	9.3554990023339	0.600439367528149
2.45	11.75	0.00212050488580064	0.798722807123783	0.000616649293954943	9.30752183304655	0.60084820195432
2.55	11.75	0.00356937779381493	0.798530424972529	0.00072167320274151	9.25951676995154	0.601427751117526
2.65	11.75	0.00555576414908756	0.798309756069722	0.000836935834221269	9.21147016163574	0.602222305659635
2.75	11.75	0.00820707357869795	0.798057720469622	0.000962460942032391	9.16336478169823	0.603282829431479
2.85	11.75	0.0116707183780469	0.79777129213917	0.00109801080663464	9.11517925784345	0.604668287351219
2.95	11.75	0.0161183300160778	0.797447657426896	0.00124290162535471	9.0668873816596	0.606447332006431
3.05	11.75	0.0217514642625519	0.797084442960508	0.00139575999310442	9.01845725714178	0.608700585705021
3.15	11.75	0.0288093033850849	0.796680013967456	0.00155420580467267	8.96985022835916	0.611523721354034
3.25	11.75	0.0375787271028837	0.796233835209981	0.00171444687716031	8.92101951193115	0.615031490841153
3.35	11.75	0.0484067925804432	0.795746867134402	0.00187078367351262	8.87190845198374	0.619362717032177
3.45	11.75	0.061714926208075	0.795221935535666	0.00201505311158566	8.82244832376862	0.62468597048323
3.55	11.75	0.0780126980458057	0.794663968244739	0.00213609782499621	8.77255565485832	0.631205079218322
3.65	11.75	0.0979065967174434	0.794079957388262	0.00221943990114121	8.72212913735539	0.639162638686977
3.75	11.75	0.122095560706956	0.793478530263959	0.00224746257087798	8.67104640688048	0.648838224282782
3.85	11.75	0.151340547700491	0.792869178009242	0.0022005229000544	8.61916129744847	0.660536219080196
3.95	11.75	0.186391916464665	0.792261569354267	0.00205943677521185	8.56630264528636	0.674556766585866
4.05	11.75	0.22785993717065	0.791665880971581	0.00180953371195356	8.51227621717561	0.69114397486826
4.15	11.75	0.276026636055941	0.791095247500231	0.00144582582591362	8.45687162477935	0.710410654422376
4.25	11.75	0.330626524653282	0.790570457250369	0.000977844797871313	8.39987571893224	0.732250609861313
4.35	11.75	0.390664928101444	0.790124529555702	0.000431894189786749	8.34109248515512	0.756265971240577
4.45	11.75	0.454371984247214	0.789802360851147	-0.000151294117647279	8.2803668602657	0.781748793698886
4.55	11.75	0.519370796727163	0.789651641629037	-0.000723752009823262	8.21760707688219	0.807748318690865
4.65	11.75	0.583052484104081	0.789707182546645	-0.00124007398475745	8.15279890340486	0.833220993641633
4.75	11.75	0.643039765333247	0.789977118173044	-0.00166611920985631	8.08600695654807	0.857215906133299
4.85	11.75	0.697567023048328	0.790439278916619	-0.00198363367374087	8.01736271351712	0.879026809219331
4.95	11.75	0.745654322059139	0.791048946781657	-0.00219006419968082	7.94704349346711	0.898261728823656
5.05	11.75	0.787063642553712	0.791752259744795	-0.00229492055900159	7.87524891499363	0.914825457021485
5.15	11.75	0.822114383387005	0.792498275237962	-0.00231483134410976	7.80218046928925	0.928845753354802
5.25	11.75	0.851457911296273	0.793246012638213	-0.00226902962389259	7.72802718390509	0.940583164518509
5.35	11.75	0.875882657844499	0.793966507103781	-0.00217612539836211	7.65295770075215	0.9503530631378
5.45	11.75	0.896179392105179	0.794641696041744	-0.00205227672930971	7.57711748393229	0.958471756842072
5.55	11.75	0.913065681112339	0.795262002735143	-0.0019104730877335	7.50062937671033	0.965226272444936
5.65	11.75	0.92715468990684	0.79582381221917	-0.00176053811305403	7.4235959286927	0.970861875962736
5.75	11.75	0.938951486368918	0.796327375194221	-0.00160951128258968	7.34610237733311	0.975580594547567
5.85	11.75	0.948863471759334	0.796775264379919	-0.00146217171379032	7.26821962235166	0.979545388703733
5.95	11.75	0.957216173069424	0.797171319870104	-0.00132156496171438	7.19000687062199	0.982886469227769
6.05	11.75	0.96426948190631	0.797519965498375	-0.00118946508179459	7.11151384207233	0.985707792762524
6.15	11.75	0.970232036071882	0.797825784054773	-0.00106674875568567	7.0327825421707	0.988092814428753
6.25	11.75	0.97527297733261	0.798093264150991	-0.000953682347553231	6.95384865772979	0.990109190933044
6.35	11.75	0.97953110917284	0.798326657266706	-0.000850133570872805	6.87474264750654	0.991812443669136
6.45	11.75	0.983121815229134	0.79852990397997	-0.000755722671714311	6.79549059573104	0.993248726091654
6.55	11.75	0.986142190591018	0.798706602902006	-0.000669927451080652	6.71611488610288	0.994456876236407
6.65	11.75	0.988674813091642	0.798860005513328	-0.000592154296667846	6.63663474164402	0.995469925236657
6.75	11.75	0.990790512161738	0.798993026323621	-0.000521784868651446	6.55706666470575	0.996316204864695
6.85	11.75	0.992550415107807	0.799108261710106	-0.000458205744816886	6.47742480231183	0.997020166043123
6.95	11.75	0.994007480690321	0.799208013257533	-0.00040082638420287	6.39772125497082	0.997602992276128
7.05	11.75	0.995207672813843	0.799294312976698	-0.000349089246744355	6.31796634184964	0.998083069125537
7.15	11.75	0.996190883160811	0.799368948764612	-0.000302474763477086	6.2381688314109	0.998476353264324
7.25	11.75	0.996991678879744	0.799433489104907	-0.000260503016288824	6.15833614393399	0.998796671551897
7.35	11.75	0.997639927664018	0.799489306419576	-0.000222733389160303	6.07847453047477	0.999055971065607
7.45	11.75	0.998161335578555	0.799537598755003	-0.000188763031538768	5.99858923154433	0.999264534231422
7.55	11.75	0.998577921041581	0.799579409662932	-0.000158224683633594	5.9186846179314	0.999431168416632
7.65	11.75	0.998908440081866	0.799615646253416	-0.000130784213175787	5.83876431553115	0.999563376032746
7.75	11.75	0.99916877235192	0.799647095469845	-0.000106138079231326	5.75883131568163	0.999667508940768
7.85	11.75	0.999372273637523	0.799674438680304	-8.40108492623885e-05	5.67888807228391	0.999748909455009
7.95	11.75	0.999530098219346	0.799698264703887	-6.41528379801164e-05	5.59893658684382	0.999812039287738
8.05	11.75	0.999651493014374	0.799719081400635	-4.63379001177327e-05	5.51897848249006	0.99986059720575
8.15	11.75	0.999744064659695	0.799737325955823	-3.03613872338256e-05	5.43901506797054	0.999897625863878
8.25	11.75	0.999814020381062	0.799753373984499	-1.60382659212034e-05	5.35904739259088	0.999925608152425
8.35	11.75	0.999866383451875	0.799767547575627	-3.20138858520769e-06	5.27907629302513	0.99994655338075
8.45	11.75	0.999905184175659	0.799780122385406	8.30009496267543e-06	5.19910243289262	0.999962073670264
8.55	11.75	0.999933627530464	0.799791333880139	1.86021973296605e-05	5.11912633595322	0.999973451012186
8.65	11.75	0.999954238836666	0.7998013828197	2.78274361195594e-05	5.03914841372504	0.999981695534666
8.75	11.75	0.999968989010499	0.799810440063598	3.60860696285083e-05	4.95916898827357	0.9999875956042
8.85	11.75	0.999979401120669	0.799818650773537	4.3477234192646e-05	4.87918831086135	0.999991760448268
8.95	11.75	0.99998664006303	0.799826138079297	5.00899911670472e-05	4.79920657708377	0.999994656025212
9.05	11.75	0.999991587206208	0.799833006267933	5.6004289523637e-05	4.71922393905111	0.999996634882483
9.15	11.75	0.999994901842995	0.799839343550445	6.12918500083851e-05	4.63924051511256	0.999997960737198
9.25	11.75	0.999997071216141	0.799845224455252	6.60169755598123e-05	4.55925639755451	0.999998828486457
9.35	11.75	0.999998450782719	0.799850711892287	7.02372927230645e-05	4.4792716586459	0.999999380313088
9.45	11.75	0.999999296249039	0.79985585892785	7.40044281096622e-05	4.399286355348	0.999999718499615
9.55	11.75	0.999999788758391	0.799860710306089	7.73646240876818e-05	4.31930053295544	0.999999915503356
9.65	11.75	1.00000005445574	0.799865303749393	8.03592975927873e-05	4.23931422789025	1.00000002178229
9.75	11.75	1.00000017949458	0.799869671066526	8.30255459067153e-05	4.15932746983111	1.00000007179783
9.85	11.75	1.00000022139774	0.799873839094278	8.53966032742756e-05	4.07934028332566	1.00000008855909
9.95	11.75	1.00000021753977	0.799877830495546	8.75022520696972e-05	3.99935268900453	1.00000008701591
10.05	11.75	1.00000019138805	0.799881664433946	8.93691920388862e-05	3.91936470449126	1.00000007655522
10.15	11.75	1.00000015702237	0.799885357142771	9.10213713707284e-05	3.83937634508212	1.00000006280895
10.25	11.75	1.00000012235187	0.799888922403794	9.24802827760557e-05	3.75938762425306	1.00000004894075
10.35	11.75	1.00000009136076	0.799892371949435	9.37652278879762e-05	3.67939855403792	1.0000000365443
10.45	11.75	1.00000006564192	0.799895715799969	9.48935530441256e-05	3.59940914531121	1.00000002625677
10.55	11.75	1.00000004541736	0.799898962545875	9.58808592762714e-05	3.51941940800079	1.00000001816694
10.65	11.75	1.00000003019602	0.799902119583897	9.67411891207856e-05	3.43942935124891	1.00000001207841
10.75	11.75	1.00000001918093	0.799905193314258	9.74871927682278e-05	3.3594389835355	1.00000000767237
10.85	11.75	1.00000001150731	0.799908189305292	9.81302757221865e-05	3.27944831277379	1.00000000460292
10.95	11.75	1.0000000063702	0.799911112430706	9.86807299882866e-05	3.19945734638541	1.00000000254808
11.05	11.75	1.0000000030827	0.799913966984059	9.91478506637271e-05	3.11946609136036	1.00000000123308
11.15	11.75	1.00000000109265	0.799916756774164	9.95400395774195e-05	3.03947455430556	1.00000000043706
11.25	11.75	0.999999999976512	0.799919485204619	9.98648974357871e-05	2.95948274148459	0.999999999990605
11.35	11.75	0.999999999422311	0.799922155340006	0.000100129305711933	2.87949065885077	0.999999999768924
11.45	11.75	0.999999999208906	0.799924769961136	0.00010033949967125	2.79949831207476	0.999999999683562
11.55	11.75	0.999999999185841	0.799927331611034	0.000100501133338684	2.7195057065679	0.999999999674336
11.65	11.75	0.999999999255869	0.799929842633269	0.000100619337395147	2.63951284750191	0.999999999702348
11.75	11.75	0.999999999361032	0.799932305203876	0.000100698770937258	2.55951973982564	0.999999999744413
11.85	11.75	0.999999999472268	0.799934721357994	0.000100743667616473	2.47952638827935	0.999999999788907
11.95	11.75	0.999999999581987	0.799937093011998	0.000100757876955595	2.39953279740677	0.999999999832795
12.05	11.75	0.999999999698554	0.799939421981913	0.00010074490126452	2.31953897156537	0.999999999879422
12.15	11.75	0.999999999841267	0.799941709998795	0.000100707928765332	2.23954491493519	0.999999999936507
12.25	11.75	1.00000000003407	0.799943958721432	0.000100649863189777	2.15955063152628	1.00000000001363
12.35	11.75	1.00000000029614	0.799946169747017	0.000100573350294879	2.07955612518542	1.00000000011846
12.45	11.75	1.00000000062774	0.799948344620062	0.000100480801584178	1.99956139960204	1.0000000002511
12.55	11.75	1.00000000099094	0.79995048484004	0.000100374415396135	1.91956645831401	1.00000000039637
12.65	11.75	1.00000000128677	0.799952591868063	0.00010025619569266	1.83957130471335	1.00000000051471
12.75	11.75	1.00000000133447	0.799954667132934	0.000100127968694289	1.75957594205207	1.00000000053379
12.85	11.75	1.00000000086313	0.799956712036827	9.99913976715968e-05	1.67958037344803	1.00000000034525
12.95	11.75	0.999999999532758	0.799958727960676	9.98479962901333e-05	1.59958460189018	0.999999999813103
13.05	11.75	0.999999997006585	0.799960716269085	9.96991409857569e-05	1.51958863024201	0.999999998802634
13.15	11.75	0.999999993098417	0.7999626783142	9.95460831198753e-05	1.43959246124112	0.999999997239367
13.25	11.75	0.99999998801162	0.799964615437508	9.93899616945385e-05	1.35959609749253	0.999999995204648
13.35	11.75	0.999999982664942	0.799966528967926	9.92318175251777e-05	1.27959954145259	0.999999993065977
13.45	11.75	0.999999979057741	0.799968420214383	9.9072609336891e-05	1.19960279540176	0.999999991623096
13.55	11.75	0.999999980559804	0.79997029045115	9.89132316867647e-05	1.1196058614067	0.999999992223922
13.65	11.75	0.999999991920795	0.799972140895369	9.87545330306747e-05	1.03960874127741	0.999999996768318
13.75	11.75	1.0000000186967	0.79997397267897	9.8597330209905e-05	0.959611436533201	1.00000000747868
13.85	11.75	1.00000006571909	0.799975786821659	9.84424128795049e-05	0.879613948402149	1.00000002628764
13.95	11.75	1.00000013424702	0.799977584218448	9.82905284919463e-05	0.799616277890455	1.00000005369881
14.05	11.75	1.00000021762609	0.799979365663082	9.81423366055139e-05	0.719618425966664	1.00000008705044
14.15	11.75	1.00000029573756	0.799981131936095	9.79983222522497e-05	0.639620393904138	1.00000011829503
14.25	11.75	1.00000032934626	0.799982883988796	9.78586643455759e-05	0.559622183802931	1.0000001317385
14.35	11.75	1.0000002566854	0.799984623246398	9.77230697152174e-05	0.479623799257198	1.00000010267416
14.45	11.75	0.999999996146781	0.799986352026645	9.75906085831031e-05	0.399625246035022	0.999999998458712
14.55	11.75	0.99999946043498	0.79998807401611	9.74596238113607e-05	0.319626532489946	0.999999784173992
14.65	11.75	0.999998588304205	0.79998979465965	9.73278302555633e-05	0.239627669239697	0.999999435321682
14.75	11.75	0.999997398912406	0.799991521512672	9.71927613188083e-05	0.1596286674687	0.999998959564963
14.85	11.75	0.999996069396639	0.79999381949414	9.70527431603796e-05	0.0796295350573834	0.999998427758655
14.95	11.75	0.999995026832413	0.399993438757984	9.69353731842739e-05	-0.000369841625568663	0.999998010732965
0.05	11.85	-4.54616429876217e-06	0.399993442608906	-0.000148941511599402	10.4590232382952	0.59999818153428
0.15	11.85	-5.03246787677135e-06	0.799980529943024	-0.000147567525819776	10.4110241706594	0.599997987012849
0.25	11.85	-5.23773084168647e-06	0.799967438621717	-0.000144805587430082	10.3630258967795	0.599997904907663
0.35	11.85	-4.41917435119826e-06	0.799954003541876	-0.000140604206504566	10.3150284132383	0.599998232330259
0.45	11.85	-1.82085857636982e-06	0.79994008451748	-0.0001348889321946	10.2670316991827	0.599999271656569
0.55	11.85	3.26505387239523e-06	0.799925498357178	-0.000127561939572439	10.2190357196447	0.600001306021549
0.65	11.85	1.13632775262919e-05	0.799910031392812	-0.000118501748790764	10.171040430463	0.60000454531101
0.75	11.85	2.26259610740739e-05	0.799893427014253	-0.000107553128256485	10.1230457887418	0.60000905038443
0.85	11.85	3.65141735041402e-05	0.799875231391418	-9.44855854928215e-05	10.0750517713899	0.600014605669402
0.95	11.85	5.04377512005944e-05	0.799855042968574	-7.90001636527437e-05	10.0270584244743	0.60002017510048
1.05	11.85	5.927569973161e-05	0.799832702311188	-6.07607905987294e-05	9.97906593884973	0.600023710279893
1.15	11.85	5.70122772445699e-05	0.799807818485392	-3.93543036967441e-05	9.93107470739782	0.600022804910898
1.25	11.85	3.73204980457086e-05	0.79977995873687	-1.4281341254779e-05	9.8830853527796	0.600014928199218
1.35	11.85	-5.19480366158405e-06	0.799748644528297	1.50126824699624e-05	9.8350987245569	0.599997922078535
1.45	11.85	-7.31944442441966e-05	0.799713321016331	4.91250327664694e-05	9.78711584786672	0.599970722222302
1.55	11.85	-0.000164425933741908	0.799673307102869	8.86829323614961e-05	9.7391378088734	0.599934229626503
1.65	11.85	-0.000269510546373864	0.799627732469016	0.000134327034483651	9.69116557005467	0.59989219578145
1.75	11.85	-0.000370192485779141	0.799575463016111	0.000186700238489359	9.64319972170878	0.599851923005688
1.85	11.85	-0.000438682153430748	0.799515005603021	0.000246463025531557	9.59524019432734	0.599824527138628
1.95	11.85	-0.000438869478954742	0.799444365566215	0.000314356472240021	9.54728597976721	0.599824452208418
2.05	11.85	-0.000330381000020741	0.799360919659441	0.000391197742813642	9.49933493869695	0.599867847599992
2.15	11.85	-7.61533750233616e-05	0.799262748329204	0.000476926536910998	9.45138379700526	0.599969538649991
2.25	11.85	0.000353840679389214	0.799154328236218	0.000571911855866546	9.40342827833175	0.600141536271756
2.35	11.85	0.00102841845154545	0.799029526098891	0.000678024803342	9.35546265586743	0.600411367380618
2.45	11.85	0.00202878325946598	0.798885677827479	0.000796636391625909	9.3074789963842	0.600811513303786
2.55	11.85	0.00344944741414025	0.798720449859803	0.000928257934365344	9.25946671338361	0.601379778965656
2.65	11.85	0.00539945432828879	0.79853150240492	0.00107317495638854	9.21141213099818	0.602159781731315
2.75	11.85	0.00800450868231708	0.798316449369867	0.00123150091134341	9.16329800248314	0.603201803472927
2.85	11.85	0.0114099180816718	0.798072969393769	0.00140301273059439	9.11510294674207	0.604563967232669
2.95	11.85	0.0157846258024957	0.797798975079496	0.00158690635779942	9.06680077053001	0.606313850320998
3.05	11.85	0.021326767241679	0.797492825834369	0.00178148346255003	9.01835963322633	0.608530706896672
3.15	11.85	0.0282712122335209	0.797153584137755	0.0019837473451942	8.96974099608332	0.611308484893408
3.25	11.85	0.0368994686420457	0.79678130628608	0.00218888752202002	8.92089828344708	0.614759787456818
3.35	11.85	0.0475520247359883	0.796377336392885	0.00238965070468316	8.87177517496003	0.619020809894395
3.45	11.85	0.0606425134293391	0.795944537797863	0.00257563483775805	8.82230345488044	0.624257005371736
3.55	11.85	0.0766717154025427	0.795487354261319	0.00273261448106702	8.77240038443067	0.630668686161017
3.65	11.85	0.0962370560102432	0.795011565171999	0.00284212130332735	8.72196566216684	0.638494822404097
3.75	11.85	0.12002968570722	0.794523634113301	0.00288165927795175	8.67087823101695	0.648011874282888
3.85	11.85	0.148806794763995	0.794029730199011	0.00282608618183547	8.61899351252439	0.659522717905598
3.95	11.85	0.183323135253325	0.793534897401741	0.00265072299253116	8.56614210209354	0.67332925410133
4.05	11.85	0.224206672905047	0.793043377802746	0.00233646060195966	8.51213146064942	0.689682669162019
4.15	11.85	0.271775023127639	0.792561309012712	0.00187632790176132	8.45675244763175	0.708710009251055
4.25	11.85	0.325817236702313	0.79210208203996	0.00128173789033173	8.3997922343849	0.730326894680925
4.35	11.85	0.385406112233791	0.791692112650927	0.000585569432671922	8.34105375714045	0.754162444893516
4.45	11.85	0.448837637693412	0.791372067880835	-0.000160538171341658	8.28037934282207	0.779535055077365
4.55	11.85	0.513779732267293	0.791189159506931	-0.000895148265631987	8.21767330374517	0.805511892906917
4.65	11.85	0.577631874470559	0.791181836852542	-0.00155953197050492	8.15291688764361	0.831052749788223
4.75	11.85	0.637985904516315	0.791364994621829	-0.00210900888737256	8.08617053586847	0.855194361806526
4.85	11.85	0.693017497653503	0.791724500820122	-0.00251918941281475	8.01756271169753	0.877206999061401
4.95	11.85	0.74167898559636	0.792223222241712	-0.00278601904326029	7.94726928155609	0.896671594238544
5.05	11.85	0.78367236166597	0.792813442762035	-0.00292125878636366	7.87548990015512	0.913468944666388
5.15	11.85	0.819273921082583	0.793448695766166	-0.00294614732086151	7.80242719019016	0.927709568433033
5.25	11.85	0.849110206163703	0.794091005361817	-0.00288552606547034	7.72827191115523	0.939644082465481
5.35	11.85	0.873959755469148	0.794713264370784	-0.00276358819848049	7.65319460780395	0.949583902187659
5.45	11.85	0.894613486614004	0.795298418529683	-0.00260143535021908	7.57734252706816	0.957845394645601
5.55	11.85	0.911794728736797	0.795837284234559	-0.00241609028169994	7.50084002275914	0.964717891494719
5.65	11.85	0.92612481869971	0.796326203344433	-0.00222046161834868	7.423790834184	0.970449927479884
5.75	11.85	0.938117431105928	0.796765085599313	-0.00202381707899219	7.34628108199448	0.975246972442371
5.85	11.85	0.948187967807863	0.797155972895957	-0.00183245364962107	7.26838228719332	0.979275187123145
5.95	11.85	0.956668912739476	0.79750206748243	-0.00165037981504477	7.19015406960702	0.98266756509579
6.05	11.85	0.963825976407584	0.797807109793635	-0.00147991852423484	7.1116464047605	0.985530390563033
6.15	11.85	0.969872553137296	0.798074997151788	-0.00132219838052047	7.03290143964693	0.987949021254918
6.25	11.85	0.974981622370046	0.798309559542288	-0.00117753264138854	6.95395492284949	0.989992648948018
6.35	11.85	0.979295063554204	0.798514434297362	-0.00104570026783256	6.87483732110652	0.991718025421682
6.45	11.85	0.98293072000948	0.798693001649367	-0.000926147869424942	6.79557469181721	0.993172288003792
6.55	11.85	0.985987654559373	0.79884835715047	-0.000818130901942533	6.71618937052479	0.994395061823749
6.65	11.85	0.988550022632099	0.798983306109561	-0.00072080984580871	6.63670052012072	0.99542000905284
6.75	11.85	0.99068992247526	0.799100370936343	-0.000633313911509771	6.55712457717999	0.996275968990104
6.85	11.85	0.992469505587568	0.799201805803274	-0.000554781833867665	6.47747562147375	0.996987802235027
6.95	11.85	0.993942560555699	0.799289615176858	-0.000484386815367502	6.39776568743887	0.99757702422228
7.05	11.85	0.995155726040444	0.799365574075029	-0.000421350711451416	6.31800503096774	0.998062290416178
7.15	11.85	0.99614944416755	0.799431248713838	-0.000364951063126559	6.2382023609579	0.99845977766702
7.25	11.85	0.996958732364164	0.799488016715277	-0.000314523490255793	6.15836504227836	0.998783492945666
7.35	11.85	0.997613827482238	0.799537086374269	-0.000269461170549507	6.07849927487188	0.999045530992895
7.45	11.85	0.998140738726688	0.799579514698865	-0.00022921257186255	5.99861025238596	0.999256295490675
7.55	11.85	0.998561733684542	0.799616224080097	-0.000193278213346758	5.91870230283326	0.999424693473817
7.65	11.85	0.998895773255361	0.799648017543925	-0.000161206961097151	5.83877901319407	0.999558309302145
7.75	11.85	0.999158905482523	0.799675592599935	-0.000132592178496419	5.75884333949533	0.999663562193009
7.85	11.85	0.999364624422833	0.79969955374158	-0.000107067926913013	5.6788977036626	0.999745849769133
7.95	11.85	0.99952419771443	0.799720423676244	-8.43053296508349e-05	5.59894407829591	0.999809679085772
8.05	11.85	0.999646965004405	0.799738653376026	-6.40091581040534e-05	5.51898406043146	0.999858786001762
8.15	11.85	0.999740608578929	0.799754631044642	-4.59146653471682e-05	5.43901893529533	0.999896243431572
8.25	11.85	0.999811397178035	0.799768690095581	-2.97846716328985e-05	5.35904973101461	0.999924558871214
8.35	11.85	0.999864403909782	0.799781116232917	-1.54068943039546e-05	5.27907726521679	0.999945761563913
8.45	11.85	0.999903699282764	0.799792153720796	-2.59150872985104e-06	5.19910218441103	0.999961479713106
8.55	11.85	0.999932520563678	0.799802010921689	8.83107586951196e-06	5.1191249970029	0.999973008225471
8.65	11.85	0.999953418876433	0.799810865176429	1.90122425785052e-05	5.03914610074587	0.999981367550573
8.75	11.85	0.999968385649916	0.79981886709354	2.80870107040639e-05	4.95916580537767	0.999987354259966
8.85	11.85	0.999978960168777	0.799826144308864	3.6175712758921e-05	4.87918435112977	0.999991584067511
8.95	11.85	0.999986320073112	0.799832804771641	4.33855177687919e-05	4.79920192373461	0.999994528029245
9.05	11.85	0.999991356686007	0.799838939607739	4.98118135802109e-05	4.71921866649023	0.999996542674403
9.15	11.85	0.999994737025992	0.799844625606657	5.55394591461455e-05	4.63923468987705	0.999997894810397
9.25	11.85	0.999996954292032	0.799849927374682	6.06439171999485e-05	4.55925007915841	0.999998781716813
9.35	11.85	0.999998368501575	0.799854899192644	6.51922766290299e-05	4.47926490033729	0.99999934740063
9.45	11.85	0.999999238827683	0.799859586613493	6.92441733799609e-05	4.39927920478567	0.999999695531073
9.55	11.85	0.999999749029578	0.799864027831465	7.28526181336729e-05	4.31929303281285	0.999999899611831
9.65	11.85	1.00000002721106	0.799868254851421	7.60647384085785e-05	4.23930641639405	1.00000001088442
9.75	11.85	1.00000016098082	0.799872294484507	7.89224424789101e-05	4.15931938124075	1.00000006439233
9.85	11.85	1.00000020893383	0.799876169192938	8.14630119731564e-05	4.07933194836014	1.00000008357353
9.95	11.85	1.0000002092279	0.799879897804857	8.37196296406318e-05	3.99934413522191	1.00000008369116
10.05	11.85	1.00000018589751	0.799883496117299	8.57218485323024e-05	3.919355956626	1.000000074359
10.15	11.85	1.00000015342929	0.799886977403484	8.74960082095809e-05	3.83936742534476	1.00000006137172
10.25	11.85	1.00000012002145	0.799890352838561	8.90656034452747e-05	3.75937855259652	1.00000004800858
10.35	11.85	1.00000008986151	0.799893631855956	9.04516102911928e-05	3.67938934839401	1.00000003594461
10.45	11.85	1.00000006468385	0.799896822445156	9.16727741695837e-05	3.59939982180091	1.00000002587354
10.55	11.85	1.00000004480787	0.79989993139997	9.2745864133878e-05	3.51940998112111	1.00000001792315
10.65	11.85	1.00000002980877	0.799902964525163	9.36858970592717e-05	3.43941983403909	1.00000001192351
10.75	11.85	1.00000001893407	0.799905926808249	9.45063353433677e-05	3.35942938772499	1.00000000757363
10.85	11.85	1.00000001134852	0.799908822561991	9.52192610853969e-05	3.27943864891395	1.00000000453941
10.95	11.85	1.00000000626645	0.799911655542627	9.58355296174223e-05	3.19944762396703	1.00000000250658
11.05	11.85	1.0000000030134	0.799914429047693	9.63649048447537e-05	3.11945631891843	1.00000000120536
11.15	11.85	1.00000000104507	0.799917145997007	9.68161785523223e-05	3.03946473951287	1.00000000041803
11.25	11.85	0.999999999942831	0.799919808999593	9.71972757009326e-05	2.95947289123544	0.999999999977133
11.35	11.85	0.999999999397701	0.799922420408933	9.75153474088727e-05	2.87948077933588	0.99999999975908
11.45	11.85	0.999999999190331	0.799924982368637	9.77768530965849e-05	2.79948840884838	0.999999999676133
11.55	11.85	0.999999999171324	0.799927496849943	9.79876331239565e-05	2.719495784608	0.99999999966853
11.65	11.85	0.999999999244082	0.79992996568281	9.8152973201415e-05	2.63950291126429	0.999999999697633
11.75	11.85	0.999999999351089	0.799932390581279	9.82776613633291e-05	2.55950979329254	0.999999999740436
11.85	11.85	0.999999999463681	0.799934773164451	9.8366038645201e-05	2.47951643500316	0.999999999785472
11.95	11.85	0.999999999574711	0.799937114973631	9.84220440635749e-05	2.3995228405495	0.999999999829885
12.05	11.85	0.9999999996931	0.799939417486274	9.84492546527491e-05	2.31952901393421	0.99999999987724
12.15	11.85	0.999999999838801	0.799941682127484	9.84509210981489e-05	2.23953495901459	0.99999999993552
12.25	11.85	1.00000000003642	0.799943910279228	9.8429999493794e-05	2.15954067950703	1.00000000001457
12.35	11.85	1.00000000030556	0.79994610328795	9.83891796290033e-05	2.0795461789909	1.00000000012222
12.45	11.85	1.00000000064634	0.799948262470769	9.8330910132822e-05	1.99955146091208	1.00000000025854
12.55	11.85	1.00000000101954	0.799950389120658	9.82574208141122e-05	1.91955652858652	1.00000000040782
12.65	11.85	1.00000000132321	0.799952484511031	9.81707424418023e-05	1.83956138520407	1.00000000052929
12.75	11.85	1.00000000137133	0.799954549899845	9.80727242097219e-05	1.75956603383256	1.00000000054853
12.85	11.85	1.00000000088536	0.799956586533629	9.79650492382278e-05	1.67957047742218	1.00000000035414
12.95	11.85	0.999999999516013	0.799958595651355	9.78492484607275e-05	1.59957471880931	0.999999999806405
13.05	11.85	0.999999996917697	0.799960578488039	9.77267134956673e-05	1.51957876071875	0.999999998767079
13.15	11.85	0.999999992900011	0.79996253627738	9.75987091355827e-05	1.43958260576204	0.999999997160005
13.25	11.85	0.999999987673262	0.799964470252441	9.74663863378855e-05	1.35958625642944	0.999999995069305
13.35	11.85	0.999999982182894	0.799966381642609	9.73307965321551e-05	1.27958971507249	0.999999992873158
13.45	11.85	0.999999978484035	0.799968271665042	9.71929077965766e-05	1.1995929838751	0.999999991393614
13.55	11.85	0.999999980038088	0.799970141508722	9.70536226961183e-05	1.11959606481388	0.999999992015235
13.65	11.85	0.999999991721046	0.79997199231064	9.69137962356139e-05	1.03959895961348	0.999999996688418
13.75	11.85	1.00000001923303	0.799973825126296	9.67742502790379e-05	0.959601669711109	1.00000000769321
13.85	11.85	1.0000000675257	0.799975640901408	9.663577801321e-05	0.87960419625556	1.00000002701028
13.95	11.85	1.00000013787893	0.799977440458642	9.64991293505497e-05	0.79960654017804	1.00000005515157
14.05	11.85	1.00000022344829	0.799979224521255	9.6364966273089e-05	0.719608702380937	1.00000008937932
14.15	11.85	1.00000030357519	0.799980993803082	9.62337780571278e-05	0.639610684088882	1.00000012143007
14.25	11.85	1.00000033799874	0.799982749196908	9.61057525672264e-05	0.559612487383661	1.0000001351995
14.35	11.85	1.00000026336751	0.799984492084914	9.59806139600409e-05	0.479614115888042	1.000000105347
14.45	11.85	0.999999996015951	0.799986224767288	9.58574619500987e-05	0.39961557546186	0.99999999840638
14.55	11.85	0.99999944649404	0.799987950949591	9.57346834116015e-05	0.319616874622449	0.999999778597616
14.65	11.85	0.999998552110746	0.799989676140608	9.56100501122882e-05	0.239618024213384	0.999999420844298
14.75	11.85	0.999997332635113	0.799991408006974	9.54811560580904e-05	0.159619035662588	0.999998933054045
14.85	11.85	0.999995969752704	0.799993724878881	9.53463704118226e-05	0.0796199170149844	0.999998387901082
14.95	11.85	0.999994901202192	0.399993299412167	9.52326593886985e-05	-0.000379448095621303	0.999997960480877
0.05	11.95	-4.52838925863765e-06	0.399994156031532	-0.000136700975841044	10.4590317865863	0.599998188644297
0.15	11.95	-5.00704261014026e-06	0.79998268016905	-0.000135215197834381	10.4110326327714	0.599997997182956
0.25	11.95	-5.19916724310295e-06	0.799971064335121	-0.000132220912785743	10.3630341854175	0.599997920333103
0.35	11.95	-4.36482286577039e-06	0.799959171496015	-0.000127660210527455	10.3150364377987	0.599998254070854
0.45	11.95	-1.75410522723069e-06	0.799946891088348	-0.000121446276695304	10.2670393641903	0.599999298357909
0.55	11.95	3.32961122999426e-06	0.799934072569989	-0.000113461613313674	10.2190429231465	0.600001331844492
0.65	11.95	1.13993011379681e-05	0.799920538532503	-0.000103556615706353	10.1710470624326	0.600004559720455
0.75	11.95	2.26367131448238e-05	0.799906087454347	-9.15422429629752e-05	10.1230517290732	0.600009054685258
0.85	11.95	3.68353978218741e-05	0.799890163538394	-7.71367060106205e-05	10.0750568833971	0.600014734159129
0.95	11.95	5.088661503071e-05	0.799872682001698	-6.00066954908261e-05	10.0270625523506	0.600020354646012
1.05	11.95	5.99520543934471e-05	0.799853415311517	-3.97461747924415e-05	9.97906890538088	0.600023980821757
1.15	11.95	5.80490693892853e-05	0.799832055551684	-1.58200179351992e-05	9.931076306339	0.600023219627756
1.25	11.95	3.87888948529379e-05	0.799808268539582	1.23762970881502e-05	9.88308534441366	0.600015515557941
1.35	11.95	-3.35123572598935e-06	0.799781695342817	4.55074529249896e-05	9.83509683228474	0.59999865950571
1.45	11.95	-7.12292970253051e-05	0.799751924404945	8.428880871685e-05	9.7871117554632	0.59997150828119
1.55	11.95	-0.000162871269546351	0.79971844339435	0.000129466988005214	9.73913115869299	0.599934851492181
1.65	11.95	-0.000269259480788857	0.799680578615796	0.000181794160398991	9.69115596242937	0.599892296207684
1.75	11.95	-0.000372556226342822	0.799637427296461	0.000242006538058075	9.64318671507155	0.599850977509463
1.85	11.95	-0.000445391543145061	0.799587779867626	0.000310827108070861	9.5952233040377	0.599821843382742
1.95	11.95	-0.000452100330321944	0.799529982020699	0.00038901377474727	9.54726467195546	0.599819159867871
2.05	11.95	-0.000353608527469523	0.799461533149803	0.000477365612940595	9.49930862371949	0.599858556589012
2.15	11.95	-0.000119871441464154	0.799384231043889	0.000576002755500712	9.4513519037991	0.599952051423414
2.25	11.95	0.00029258337944685	0.799296754998109	0.000686238266121374	9.40339018197547	0.600117033351779
2.35	11.95	0.00094667346343318	0.79919623012065	0.000810179234632308	9.35541758444344	0.600378669385373
2.45	11.95	0.00192064088964848	0.799080675773892	0.000948645572028111	9.30742610825752	0.600768256355859
2.55	11.95	0.00330704611739415	0.798948480638767	0.00110221922683646	9.25940512372045	0.601322818446958
2.65	11.95	0.00521321070508551	0.798798048226161	0.00127136883075098	9.21134091796068	0.602085284282034
2.75	11.95	0.00776286525557853	0.798627753240742	0.00145631926156931	9.16321621387401	0.603105146102231
2.85	11.95	0.0110988364875669	0.798436060229411	0.00165684459596031	9.11500961655063	0.604439534595027
2.95	11.95	0.0153869088069462	0.798221691598514	0.00187200194834762	9.06669494990048	0.606154763522779
3.05	11.95	0.0208212118565104	0.797983815885116	0.00209978237272798	9.01824044057155	0.608328484742604
3.15	11.95	0.0276315713235548	0.797722252958592	0.00233665098704912	8.96960769295682	0.611052628529422
3.25	11.95	0.0360932085815853	0.797437684641539	0.00257695635000658	8.92075038484687	0.614437283432634
3.35	11.95	0.0465389099245383	0.797131835152493	0.00281220936754317	8.87161260420922	0.618615563969815
3.45	11.95	0.059373140404786	0.796807551287273	0.0030302749074364	8.82212675308627	0.623749256161914
3.55	11.95	0.075086287625416	0.796468673837612	0.00321459929583955	8.77221098092494	0.630034515050166
3.65	11.95	0.094264965761007	0.796119570525076	0.00334372671227219	8.72176620235959	0.637705986304403
3.75	11.95	0.117590861361087	0.795764246053834	0.0033915338973995	8.67067293795445	0.647036344544435
3.85	11.95	0.145816214224641	0.795405137656527	0.00332878761080657	8.61878852480913	0.658326485689857
3.95	11.95	0.179700168312954	0.795042116646088	0.0031266723351494	8.56594568439687	0.671880067325182
4.05	11.95	0.219890512984743	0.794672775162223	0.0027626215664595	8.51195393488566	0.687956205193897
4.15	11.95	0.266745730780575	0.794295344791857	0.00222789014206242	8.45660567130297	0.70669829231223
4.25	11.95	0.320118466360226	0.793914726229568	0.00153488304642058	8.39968850240809	0.72804738654409
4.35	11.95	0.37916134934837	0.793549556251283	0.000720991904311192	8.34100416327689	0.751664539739348
4.45	11.95	0.442249721957409	0.793235247816075	-0.000154171644785737	8.28039189031954	0.776899888782964
4.55	11.95	0.507107337431517	0.793017973931388	-0.00101888690248433	8.21775128843535	0.802842934972607
4.65	11.95	0.571146864291518	0.792939958432813	-0.0018038286719548	8.15305811512114	0.828458745716607
4.75	11.95	0.631926120510075	0.793023674015795	-0.00245553978312925	8.08636768011158	0.85277044820403
4.85	11.95	0.687552168761993	0.793264265319118	-0.00294413951157729	8.01780468470803	0.875020867504797
4.95	11.95	0.736896387361429	0.793633502580406	-0.00326375916615669	7.94754312338127	0.894758554944572
5.05	11.95	0.779588008152075	0.794090966609937	-0.00342746596598306	7.87578261192983	0.91183520326083
5.15	11.95	0.815850388432085	0.794595554251866	-0.00345987001140866	7.80272710421505	0.926340155372834
5.25	11.95	0.846279150948854	0.795112928806005	-0.00339015188544757	7.72856945853173	0.938511660379541
5.35	11.95	0.871640152207695	0.795618272838365	-0.00324695099333426	7.65348255366826	0.948656060883078
5.45	11.95	0.892724015485202	0.796095820994547	-0.00305538354836164	7.57761583966448	0.957089606194081
5.55	11.95	0.910260766146623	0.796536950852469	-0.00283580007895813	7.50109554698873	0.964104306458649
5.65	11.95	0.924881483030491	0.796938044930787	-0.00260369309585982	7.42402689924607	0.969952593212196
5.75	11.95	0.937110180439062	0.797298692946582	-0.00237022738231926	7.34649712283552	0.974844072175625
5.85	11.95	0.947371899722442	0.797620380978717	-0.00214301859005459	7.26857851885328	0.978948759888977
5.95	11.95	0.956007514128689	0.797905616286653	-0.00192693595230809	7.19033122680564	0.982403005651475
6.05	11.95	0.963289750129083	0.79815737770254	-0.00172481694507173	7.11180554426698	0.985315900051633
6.15	11.95	0.969437733560561	0.798378786489751	-0.00153805266224166	7.03304379636629	0.987775093424225
6.25	11.95	0.974629064676081	0.798572917586194	-0.0013670416884458	6.95408180875629	0.989851625870432
6.35	11.95	0.979009324044374	0.798742696697588	-0.00121152830666445	6.87495005678088	0.99160372961775
6.45	11.95	0.982699313161967	0.798890848505294	-0.00107084678379808	6.79567456194309	0.993079725264787
6.55	11.95	0.985800460923283	0.799019874780597	-0.000944093178186972	6.71627759652028	0.994320184369313
6.65	11.95	0.988398819927623	0.799132049785319	-0.000830243168995354	6.63677824472391	0.995359527971049
6.75	11.95	0.990568014880377	0.799229425541632	-0.000728230739581859	6.55719285718307	0.996227205952151
6.85	11.95	0.99237143023516	0.799313842614606	-0.000636999069912613	6.47753542586744	0.996948572094064
6.95	11.95	0.993863854371306	0.799386943822289	-0.000555532061584993	6.39781789903426	0.997545541748522
7.05	11.95	0.995092739666484	0.799450189311927	-0.000482872603028339	6.31805045015355	0.998037095866594
7.15	11.95	0.996099192691835	0.799504872040262	-0.000418131925631579	6.23824171067616	0.998439677076734
7.25	11.95	0.996918774924031	0.799552133057002	-0.000360493104512103	6.15839897360322	0.998767509969612
7.35	11.95	0.997582169640652	0.799592976215567	-0.000309210819725368	6.07852837278731	0.999032867856261
7.45	11.95	0.998115752915915	0.799628282083061	-0.000263608823901683	5.99863504150431	0.999246301166366
7.55	11.95	0.998542094079674	0.799658820920964	-0.000223076090509771	5.91872325289641	0.99941683763187
7.65	11.95	0.998880402251541	0.799685264676047	-0.000187062287755205	5.83879654426642	0.999552160900616
7.75	11.95	0.999146929567624	0.799708197969249	-0.000155072995823453	5.75885782680218	0.99965877182705
7.85	11.95	0.999355337708169	0.799728128101729	-0.000126664930059055	5.67890948205687	0.999742135083268
7.95	11.95	0.999517031746249	0.799745494118822	-0.000101441327754721	5.59895344635407	0.999806812698499
8.05	11.95	0.999641463755393	0.799760674984859	-7.90475875102862e-05	5.51899128419101	0.999856585502157
8.15	11.95	0.999736407732223	0.799773996929039	-5.91672044607683e-05	5.43902425165203	0.999894563092889
8.25	11.95	0.999808206981835	0.799785740024535	-4.15180168733233e-05	5.35905335080142	0.999923282792734
8.35	11.95	0.999861995010236	0.799796144063239	-2.5848761991356e-05	5.27907937598717	0.999944798004094
8.45	11.95	0.999901891045132	0.799805413786234	-1.19359294570646e-05	5.19910295294972	0.999960756418053
8.55	11.95	0.99993117147355	0.799813723526999	4.19104683513142e-07	5.11912457158635	0.99997246858942
8.65	11.95	0.99995241867879	0.799821221321208	1.139268233131e-05	5.03914461317363	0.999980967471516
8.75	11.95	0.999967648937945	0.799828032532834	2.11412255570506e-05	4.95916337279466	0.999987059575178
8.85	11.95	0.999978421179105	0.799834263043345	2.9803375532278e-05	4.87918107765814	0.999991368471642
8.95	11.95	0.999985928481701	0.799840002046933	3.75019260848491e-05	4.79919790193272	0.99999437139268
9.05	11.95	0.999991074230703	0.799845324491669	4.43455685077476e-05	4.71921397865474	0.999996429692281
9.15	11.95	0.999994534808811	0.799850293203692	5.04304631121407e-05	4.63922940920322	0.999997813923525
9.25	11.95	0.99999681063748	0.799854960728573	5.58416519741914e-05	4.55924427077247	0.999998724254992
9.35	11.95	0.999998267267198	0.799859370921276	6.06543261367314e-05	4.47925862221355	0.999999306906879
9.45	11.95	0.999999168080207	0.799863560313779	6.49349598654391e-05	4.39927250856018	0.999999667232083
9.55	11.95	0.999999700014667	0.799867559286893	6.87423235023256e-05	4.3192859645044	0.999999880005867
9.65	11.95	0.999999993557282	0.799871393070376	7.21283859403757e-05	4.23929901704234	0.999999997422913
9.75	11.95	1.00000013808915	0.799875082593359	7.51391168813237e-05	4.15931168747067	1.00000005523566
9.85	11.95	1.00000019351296	0.79987864520471	7.78151984415845e-05	4.07932399288045	1.00000007740518
9.95	11.95	1.00000019894341	0.79988209528126	8.01926550540046e-05	3.99933594726553	1.00000007957736
10.05	11.95	1.00000017910904	0.79988544473931	8.2303410000433e-05	3.91934756233873	1.00000007164362
10.15	11.95	1.00000014899544	0.799888703463638	8.41757761349927e-05	3.8393588481283	1.00000005959818
10.25	11.95	1.00000011715612	0.799891879666023	8.58348879745851e-05	3.75936981341119	1.00000004686245
10.35	11.95	1.00000008802911	0.79989498018415	8.73030816505452e-05	3.67938046602598	1.00000003521164
10.45	11.95	1.0000000635236	0.799898010729942	8.86002285359131e-05	3.59939081309809	1.00000002540944
10.55	11.95	1.00000004407967	0.79990097609548	8.97440280150098e-05	3.51940086120158	1.00000001763187
10.65	11.95	1.00000002935483	0.799903880323278	9.07502641971381e-05	3.43941061647531	1.00000001174193
10.75	11.95	1.00000001865211	0.79990672684679	9.16330308946045e-05	3.35942008470673	1.00000000746085
10.85	11.95	1.00000001117315	0.799909518606014	9.24049287673642e-05	3.27942927139267	1.00000000446926
10.95	11.95	1.00000000615649	0.799912258142527	9.30772380808831e-05	3.19943818178368	1.0000000024626
11.05	11.95	1.00000000294329	0.799914947677391	9.36600701308337e-05	3.11944682091699	1.00000000117732
11.15	11.95	1.0000000009992	0.799917589174803	9.41625000099787e-05	3.03945519364116	1.00000000039968
11.25	11.95	0.999999999911755	0.799920184394134	9.45926831292785e-05	2.95946330463479	0.999999999964702
11.35	11.95	0.999999999375753	0.799922734932265	9.49579575158272e-05	2.87947115842097	0.999999999750301
11.45	11.95	0.999999999174091	0.799925242257984	9.52649337051762e-05	2.79947875937849	0.999999999669636
11.55	11.95	0.999999999158689	0.799927707739835	9.55195738900783e-05	2.71948611175059	0.999999999663476
11.65	11.95	0.999999999233728	0.799930132668595	9.57272615884126e-05	2.63949321965186	0.999999999693491
11.75	11.95	0.999999999342195	0.799932518275354	9.58928631247907e-05	2.55950008707354	0.999999999736878
11.85	11.95	0.999999999455836	0.799934865745964	9.60207819137113e-05	2.47950671788768	0.999999999782334
11.95	11.95	0.999999999567944	0.799937176232505	9.61150064691836e-05	2.39951311585019	0.999999999827178
12.05	11.95	0.999999999687976	0.799939450862345	9.61791529247472e-05	2.31951928460315	0.99999999987519
12.15	11.95	0.999999999836514	0.799941690745171	9.6216502697485e-05	2.23952522767643	0.999999999934606
12.25	11.95	1.0000000000388	0.799943896978471	9.62300359375231e-05	2.15953094848889	1.00000000001552
12.35	11.95	1.00000000031485	0.79994607065169	9.6222461163859e-05	2.07953645034932	1.00000000012594
12.45	11.95	1.00000000066463	0.799948212849473	9.61962415360718e-05	1.99954173645742	1.00000000026585
12.55	11.95	1.00000000104764	0.799950324654233	9.61536181173845e-05	1.91954680990511	1.00000000041906
12.65	11.95	1.00000000135899	0.799952407148364	9.60966303671061e-05	1.83955167367822	1.0000000005436
12.75	11.95	1.00000000140749	0.799954461416347	9.60271342350429e-05	1.75955633065894	1.000000000563
12.85	11.95	1.00000000090712	0.799956488546929	9.59468181360508e-05	1.67956078362849	1.00000000036285
12.95	11.95	0.999999999499468	0.799958489635433	9.58572172484911e-05	1.59956503526963	0.999999999799787
13.05	11.95	0.999999996830305	0.799960465785905	9.57597266593604e-05	1.5195690881675	0.999999998732122
13.15	11.95	0.999999992705129	0.799962418112526	9.56556140961453e-05	1.43957294480675	0.999999997082051
13.25	11.95	0.999999987341092	0.799964347739048	9.55460330530802e-05	1.35957660756219	0.999999994936437
13.35	11.95	0.99999998170987	0.799966255794639	9.54320371322973e-05	1.27958007867986	0.999999992683948
13.45	11.95	0.999999977921309	0.799968143404107	9.53145961786396e-05	1.19958336024658	0.999999991168524
13.55	11.95	0.999999979526652	0.799970011670697	9.5194613970161e-05	1.11958645414846	0.999999991810661
13.65	11.95	0.99999999152567	0.799971861650908	9.50729460067981e-05	1.03958936202443	0.999999996610268
13.75	11.95	1.00000001975962	0.799973694323557	9.49504137366576e-05	0.959592085229367	1.00000000790385
13.85	11.95	1.00000006929758	0.799975510560237	9.48278090432683e-05	0.879594624832665	1.00000002771903
13.95	11.95	1.00000014143948	0.799977311111204	9.47058800087558e-05	0.799596981690508	1.00000005657579
14.05	11.95	1.00000022915428	0.799979096629253	9.45852872244406e-05	0.719599156639075	1.00000009166171
14.15	11.95	1.00000031125432	0.799980867761559	9.4466520873474e-05	0.639601150854009	1.00000012450173
14.25	11.95	1.00000034647417	0.799982625342346	9.43497748394708e-05	0.559602966398075	1.00000013858967
14.35	11.95	1.0000002699113	0.799984370710456	9.42347880600011e-05	0.479604606921054	1.00000010796452
14.45	11.95	0.999999995887562	0.799986106147739	9.41206875447525e-05	0.399606078371695	0.999999998355025
14.55	11.95	0.999999432846455	0.799987835377194	9.40059023034202e-05	0.319607389426815	0.999999773138582
14.65	11.95	0.999998516686033	0.799989563969005	9.38882594187624e-05	0.239608551150224	0.999999406674413
14.75	11.95	0.999997267776952	0.799991299697295	9.37654121946106e-05	0.159609575207348	0.999998907110781
14.85	11.95	0.99999587225694	0.799993633989025	9.36357717892408e-05	0.0796104698033475	0.999998348902776
14.95	11.95	0.999994778293214	0.399993163814834	9.35256743945034e-05	-0.000388884099467606	0.999997911317286
0.05	12.05	-4.52253640549123e-06	0.399994922129356	-0.000125937983649771	10.4590396431737	0.599998190985438
0.15	12.05	-4.99697659158499e-06	0.799984991138345	-0.000124367269216007	10.4110403972402	0.599998001209363
0.25	12.05	-5.18052442237363e-06	0.799974963046273	-0.000121195735032543	10.3630417640456	0.599997927790231
0.35	12.05	-4.33245051194455e-06	0.799964731642615	-0.000116361134773954	10.3150437332311	0.599998267019795
0.45	12.05	-1.70239917343221e-06	0.799954219333791	-0.000109767017624116	10.2670462735317	0.599999319040331
0.55	12.05	3.40541443161419e-06	0.799943312196758	-0.000101278419676249	10.2190493358823	0.600001362165773
0.65	12.05	1.15043469905963e-05	0.799931874237423	-9.0716568759681e-05	10.1710528581663	0.600004601738796
0.75	12.05	2.27973642318367e-05	0.799919754013744	-7.78536633776534e-05	10.1230567747929	0.600009118945693
0.85	12.05	3.71712162593397e-05	0.799906415143793	-6.24083087778406e-05	10.0750610288397	0.600014868486504
0.95	12.05	5.13904523394233e-05	0.799891924526643	-4.40245740014832e-05	10.0270656263415	0.600020556180936
1.05	12.05	6.08292838522549e-05	0.799876060248994	-2.21951779483191e-05	9.97907070940264	0.600024331713541
1.15	12.05	5.94831011456503e-05	0.799858623395012	3.7093778501118e-06	9.93107660669681	0.600023793240458
1.25	12.05	4.08641741544158e-05	0.799839395658324	3.43691235761612e-05	9.88308386841119	0.600016345669662
1.35	12.05	-7.04271696259657e-07	0.79981815855206	7.05319820970194e-05	9.83509326450285	0.599999718291321
1.45	12.05	-6.83164324229311e-05	0.799794669626345	0.000113005078866078	9.78710573452074	0.599972673427031
1.55	12.05	-0.000160342384118247	0.799768617008337	0.000162627220349242	9.73912227535536	0.599935863046353
1.65	12.05	-0.000268228267532569	0.799739562402838	0.000220232916146722	9.69114375950805	0.599892708692987
1.75	12.05	-0.000374711081042723	0.79970687777078	0.000286614436590458	9.64317068897698	0.599850115567583
1.85	12.05	-0.000453071311119461	0.799669671979826	0.000362488736124691	9.59520290699289	0.599818771475552
1.95	12.05	-0.000468330394683407	0.799626642316429	0.000448484987229761	9.54723931303108	0.599812667842127
2.05	12.05	-0.000382224169316874	0.799575662180379	0.000545219284933987	9.49927766917828	0.599847110332273
2.15	12.05	-0.000165488549372868	0.799519497214678	0.000653738954974208	9.4513146830532	0.599933804580251
2.25	12.05	0.000229504894743922	0.799455258339986	0.000776270005645488	9.40334591453644	0.600091801957898
2.35	12.05	0.000860585080661539	0.799382214422167	0.000914255632447642	9.35536537386492	0.600344234032265
2.45	12.05	0.00180420742749341	0.799298746665352	0.00106795271954454	9.30736501402332	0.600721682970997
2.55	12.05	0.00315167509272501	0.799203919125585	0.00123807798874455	9.2593341563425	0.60126067003709
2.65	12.05	0.00500868103415092	0.799096851275597	0.00142529800408783	9.21125903738386	0.60200347241366
2.75	12.05	0.00749679983975123	0.798976674387959	0.00162992064384043	9.16312234063878	0.6029987199359
2.85	12.05	0.0107561074726155	0.798842657970019	0.00185167965936095	9.11490265515625	0.604302442989046
2.95	12.05	0.0149489244916213	0.798694357926321	0.00208947582830255	9.06657382684571	0.605979569796648
3.05	12.05	0.0202650291816526	0.798531765117097	0.00234101680541997	9.018104162642	0.608106011672661
3.15	12.05	0.0269287926103661	0.798355451702433	0.00260232859335716	8.96945543364568	0.610771517044146
3.25	12.05	0.0352086447877827	0.798166698582635	0.00286712361506502	8.92058160874977	0.614083457915113
3.35	12.05	0.0454290402668981	0.797967562021688	0.00312602962743482	8.87142724058471	0.618171616106759
3.45	12.05	0.0579844944755571	0.79776080473695	0.00336572707559674	8.82192542946523	0.623193797790223
3.55	12.05	0.0733540538122233	0.797549582331798	0.00356812560821915	8.77199532366518	0.629341621524889
3.65	12.05	0.0921124236091475	0.79733676116535	0.00370984658799032	8.72153920020264	0.636844969443659
3.75	12.05	0.114930658977468	0.797123797467392	0.00376246473292641	8.67043934282997	0.645972263590987
3.85	12.05	0.142555001242741	0.79690930971295	0.00369415023666905	8.61855522767502	0.657022000497097
3.95	12.05	0.175748413153364	0.796687900729993	0.0034734087166203	8.56572195329897	0.670299365261345
4.05	12.05	0.215178970410747	0.796450370968015	0.00307530396088577	8.51175134909784	0.686071588164299
4.15	12.05	0.261248249396767	0.796186792202498	0.00248962133940943	8.4564375593876	0.704499299758707
4.25	12.05	0.313877163372999	0.795893133498854	0.00172891762087049	8.39956874186409	0.7255508653492
4.35	12.05	0.372305485350275	0.795579594806335	0.00083299182500704	8.34094536933819	0.74892219414011
4.45	12.05	0.434996990974513	0.795275549773667	-0.000133675341447096	8.28040329902653	0.773998796389805
4.55	12.05	0.499739945970168	0.795025444555942	-0.00109254998258243	8.21783690600393	0.799895978388067
4.65	12.05	0.563965654784818	0.794874946159133	-0.00196678440467183	8.15321576821118	0.825586261913927
4.75	12.05	0.625198075906931	0.79485425772947	-0.00269622930000134	8.08658933927223	0.850079230362773
4.85	12.05	0.681470521709387	0.794968350329216	-0.00324638212031665	8.01807794946313	0.872588208683755
4.95	12.05	0.731564967302227	0.795198626820704	-0.00360934463052446	7.94785333791959	0.892625986920891
5.05	12.05	0.775028871475977	0.795512672240021	-0.00379852782213386	7.87611495807002	0.910011548590391
5.15	12.05	0.812025224679282	0.795875328604915	-0.00384057901616322	7.80306819459849	0.924810089871713
5.25	12.05	0.843113818596741	0.796256337388431	-0.0037676156877613	7.72890825168805	0.937245527438696
5.35	12.05	0.869045343196091	0.796633490054832	-0.00361144759962264	7.6538106568844	0.947618137278436
5.45	12.05	0.890609458753934	0.796992538281077	-0.00340015104015685	7.57792738338339	0.956243783501573
5.55	12.05	0.908543332119247	0.797325580095106	-0.00315659520767793	7.50138682533628	0.963417332847699
5.65	12.05	0.923488775290857	0.797629144319175	-0.00289827526309218	7.42429592713756	0.969395510116343
5.75	12.05	0.935981303757165	0.797902563700393	-0.00263786293263054	7.3467432036131	0.974392521502866
5.85	12.05	0.94645672034757	0.798146797846455	-0.00238405187126017	7.26880186948429	0.978582688139028
5.95	12.05	0.955265274711523	0.798363662287403	-0.00214244204956824	7.19053267637117	0.982106109884609
6.05	12.05	0.962687533770691	0.798555357999027	-0.0019163334993044	7.11198630392003	0.985075013508276
6.15	12.05	0.968949023575581	0.798724199967964	-0.00170738023213916	7.03320529093457	0.987579609430232
6.25	12.05	0.974232499201622	0.798872468443885	-0.00151609978009782	6.95422555782044	0.989692999680649
6.35	12.05	0.978687666111949	0.799002332051383	-0.00134225473439766	6.87507759360582	0.99147506644478
6.45	12.05	0.982438620228046	0.799115811443752	-0.00118512976807311	6.79578738038377	0.992975448091219
6.55	12.05	0.985589424338164	0.799214765215189	-0.00104372762429383	6.71637711804505	0.994235769735266
6.65	12.05	0.988228242843379	0.799300887807198	-0.000916904474769261	6.6368657995695	0.995291297137352
6.75	12.05	0.990430400139961	0.799375713798124	-0.000803461087673236	6.55726967521367	0.996172160055984
6.85	12.05	0.992260654466479	0.799440625547579	-0.000702202444165665	6.47760263393502	0.996904261786592
6.95	12.05	0.993774909243908	0.799496862554135	-0.000611975218492436	6.397876522564	0.997509963697563
7.05	12.05	0.995021525416919	0.799545531610543	-0.000531689979405912	6.31810141736121	0.998008610166767
7.15	12.05	0.996042352416221	0.799587617221451	-0.000460333023697832	6.23828585831907	0.998416940966488
7.25	12.05	0.996873560807848	0.799623991950862	-0.00039697131104996	6.15843705351974	0.998749424323139
7.35	12.05	0.99754633435546	0.799655426482374	-0.000340752921568835	6.07856105872897	0.999018533742184
7.45	12.05	0.998087460982543	0.799682599248346	-0.00029090470646076	5.99866293593878	0.999234984393017
7.55	12.05	0.998519849187454	0.799706105532993	-0.000246728270371275	5.91874689357977	0.999407939674982
7.65	12.05	0.998862987423713	0.799726465993162	-0.00020759504963935	5.83881641046542	0.999545194969485
7.75	12.05	0.999133357745112	0.799744134567638	-0.000172940990543891	5.75887434510254	0.999653343098045
7.85	12.05	0.999344810841958	0.799759505768239	-0.000142261152067756	5.67892303173005	0.999737924336783
7.95	12.05	0.999508906883232	0.799772921361429	-0.000115104435030148	5.59896436427905	0.999803562753293
8.05	12.05	0.999635224904847	0.799784676460344	-9.10685568655934e-05	5.51899986934208	0.999854089961939
8.15	12.05	0.999731642532988	0.799795025054574	-6.9795336664039e-05	5.43903076917266	0.999892657013195
8.25	12.05	0.999804587371037	0.799804185009171	-5.09663196111741e-05	5.35905803568905	0.999921834948415
8.35	12.05	0.999859261235962	0.79981234256686	-3.42987475085469e-05	5.27908243641619	0.999943704494385
8.45	12.05	0.999899838477489	0.799819656387623	-1.95418685154447e-05	5.19910457326019	0.999959935390995
8.55	12.05	0.999929639758267	0.79982626116033	-6.47357164870373e-06	5.11912491496609	0.999971855903307
8.65	12.05	0.999951282850258	0.79983227081917	5.10267275424037e-06	5.03914382405976	0.999980513140103
8.75	12.05	0.999966812168377	0.799837781397493	1.53605868722187e-05	4.95916157901974	0.999986724867351
8.85	12.05	0.999977808890238	0.799842873549447	2.44535941102552e-05	4.87917839236435	0.999991123556095
8.95	12.05	0.999985483587272	0.799847614769066	3.25170829956216e-05	4.79919442527591	0.999994193434909
9.05	12.05	0.999990753313509	0.799852061334467	3.96704455548412e-05	4.71920979931888	0.999996301325404
9.15	12.05	0.999994305066484	0.799856260003912	4.60189084311629e-05	4.63922460574384	0.999997722026594
9.25	12.05	0.999996647457229	0.799860249488472	5.16551741830473e-05	4.55923891280661	0.999998658982892
9.35	12.05	0.999998152312242	0.799864061724967	5.6660888828934e-05	4.47925277147212	0.999999260924897
9.45	12.05	0.999999087789892	0.799867722971236	6.110795094617e-05	4.39926621981727	0.999999635115957
9.55	12.05	0.99999964443691	0.799871254743957	6.50596767292952e-05	4.31927928639696	0.999999857774764
9.65	12.05	0.999999955446157	0.79987467461831	6.8571834185698e-05	4.23929199279228	0.999999982178463
9.75	12.05	1.00000011221251	0.79987799690632	7.16935592306147e-05	4.15930435552045	1.000000044885
9.85	12.05	1.00000017612524	0.799881233230102	7.44681652358277e-05	4.07931638745199	1.0000000704501
9.95	12.05	1.00000018738736	0.79988439300388	7.69338569771504e-05	3.99932809885151	1.00000007495494
10.05	12.05	1.00000017151726	0.799887483837747	7.91243588746584e-05	3.91933949813416	1.0000000686069
10.15	12.05	1.00000014406863	0.799890511874375	8.10694669975498e-05	3.83935059240964	1.00000005762745
10.25	12.05	1.0000001139997	0.79989348206869	8.27955331896344e-05	3.7593613878693	1.00000004559988
10.35	12.05	1.00000008603403	0.799896398419279	8.4325889057726e-05	3.67937189005863	1.00000003441361
10.45	12.05	1.0000000622801	0.799899264159067	8.56812169147043e-05	3.59938210406702	1.00000002491204
10.55	12.05	1.00000004331556	0.799902081911885	8.68798739515019e-05	3.51939203465845	1.00000001732623
10.65	12.05	1.00000002889181	0.799904853820517	8.79381753293171e-05	3.43940168636061	1.00000001155672
10.75	12.05	1.00000001837506	0.799907581651015	8.88706413443642e-05	3.35941106352485	1.00000000735003
10.85	12.05	1.00000001100898	0.799910266877361	8.96902130886166e-05	3.27942017036621	1.00000000440359
10.95	12.05	1.0000000060596	0.799912910749865	9.04084406876528e-05	3.19942901098968	1.00000000242384
11.05	12.05	1.00000000288578	0.799915514350267	9.10356476159667e-05	3.11943758940721	1.00000000115431
11.15	12.05	1.00000000096435	0.799918078635728	9.15810741600096e-05	3.0394459095485	1.00000000038574
11.25	12.05	0.999999999889759	0.799920604474017	9.20530028089667e-05	2.95945397526757	0.999999999955903
11.35	12.05	0.99999999936097	0.799923092671236	9.24588678957141e-05	2.87946179034654	0.999999999744388
11.45	12.05	0.999999999163322	0.799925543993641	9.28053515637193e-05	2.79946935849749	0.999999999665329
11.55	12.05	0.999999999150122	0.799927959184613	9.30984678792662e-05	2.71947668336306	0.999999999660049
11.65	12.05	0.999999999226331	0.799930338977731	9.33436365758792e-05	2.63948376851607	0.999999999690532
11.75	12.05	0.99999999933541	0.799932684106629	9.35457479197259e-05	2.55949061745854	0.999999999734164
11.85	12.05	0.999999999449471	0.799934995312357	9.37092196740879e-05	2.47949723362021	0.999999999779788
11.95	12.05	0.9999999995622	0.799937273348649	9.38380473579921e-05	2.39950362035672	0.99999999982488
12.05	12.05	0.999999999683538	0.799939518985573	9.39358485429664e-05	2.31950978094748	0.999999999873415
12.15	12.05	0.999999999834655	0.799941733011836	9.40059019949582e-05	2.2395157185935	0.999999999933862
12.25	12.05	1.00000000004138	0.799943916236124	9.40511822125465e-05	2.15952143641514	1.00000000001655
12.35	12.05	1.00000000032414	0.799946069487627	9.40743900549207e-05	2.07952693745005	1.00000000012966
12.45	12.05	1.00000000068269	0.799948193616118	9.40779797119384e-05	1.99953222465148	1.00000000027308
12.55	12.05	1.00000000107529	0.799950289491676	9.4064182524652e-05	1.91953730088716	1.00000000043012
12.65	12.05	1.00000000139414	0.799952358004465	9.4035027956755e-05	1.83954216893902	1.00000000055766
12.75	12.05	1.00000000144297	0.799954400064671	9.39923620161999e-05	1.75954683150372	1.00000000057719
12.85	12.05	1.00000000092842	0.799956416602791	9.39378635017511e-05	1.67955129119374	1.00000000037137
12.95	12.05	0.999999999483137	0.799958408570243	9.38730584831563e-05	1.59955555053844	0.999999999793255
13.05	12.05	0.99999999674442	0.799960376940071	9.37993335859322e-05	1.51955961198356	0.999999998697768
13.15	12.05	0.999999992513783	0.799962322706999	9.3717948801059e-05	1.43956347788711	0.999999997005513
13.25	12.05	0.999999987015127	0.799964246885651	9.36300505945457e-05	1.35956715050863	0.999999994806051
13.35	12.05	0.999999981245886	0.799966150505203	9.35366861965911e-05	1.2795706319889	0.999999992498354
13.45	12.05	0.999999977369579	0.799968034598407	9.34388195608868e-05	1.19957392431785	0.999999990947832
13.55	12.05	0.999999979025501	0.799969900183083	9.33373488506494e-05	1.11957702929129	0.999999991610201
13.65	12.05	0.999999991334662	0.799971748235574	9.32331239421087e-05	1.03957994846271	0.999999996533865
13.75	12.05	1.00000002027644	0.799973579658405	9.31269604316401e-05	0.95958268310496	1.00000000811058
13.85	12.05	1.00000007103469	0.79997539524945	9.30196440534399e-05	0.879585234208407	1.00000002841388
13.95	12.05	1.00000014492861	0.799977195687043	9.29119167568079e-05	0.799587602554608	1.00000005797145
14.05	12.05	1.00000023474403	0.799978981554001	9.28044339535433e-05	0.719589788913866	1.00000009389761
14.15	12.05	1.00000031877495	0.799980753431325	9.26976833926069e-05	0.639591794412908	1.00000012750998
14.25	12.05	1.00000035477257	0.799982512095031	9.25918620510285e-05	0.559593621095029	1.00000014190903
14.35	12.05	1.00000027631684	0.799984258840707	9.24867211114904e-05	0.479595272635669	1.00000011052674
14.45	12.05	0.999999995761605	0.79998599593142	9.23814126710602e-05	0.399596755069874	0.999999998304642
14.55	12.05	0.999999419491958	0.799987727106398	9.22744059807168e-05	0.319598077229826	0.999999767796783
14.65	12.05	0.999998482029236	0.799989457995011	9.21635818284476e-05	0.23959925039412	0.999999392811694
14.75	12.05	0.999997204336151	0.799991196475439	9.20466514742317e-05	0.159600286459819	0.99999888173446
14.85	12.05	0.99999577690635	0.799993546758259	9.19220670475279e-05	0.0796011937881704	0.99999831076254
14.95	12.05	0.999994658101402	0.399993031936099	9.18155362859641e-05	-0.000398149266774461	0.999997863240561
0.05	12.15	-4.52763423224283e-06	0.399995726584014	-0.000116744762233069	10.4590468999045	0.599998188946307
0.15	12.15	-5.00159482107346e-06	0.799987419566904	-0.000115118056079217	10.4110475575999	0.599997999362071
0.25	12.15	-5.18164259117252e-06	0.7999790610728	-0.000111828557804919	10.3630487296618	0.599997927342964
0.35	12.15	-4.32200001895081e-06	0.799970577114618	-0.000106811703061531	10.3150504019014	0.599998271199992
0.45	12.15	-1.663518808878e-06	0.799961924944564	-9.99647840365237e-05	10.2670525370251	0.599999334592476
0.55	12.15	3.50214174192808e-06	0.799953030145567	-9.11406319326856e-05	10.2190550773929	0.600001400856697
0.65	12.15	1.16975534931146e-05	0.799943803101931	-8.01384845387677e-05	10.171057949314	0.600004679021397
0.75	12.15	2.31015791069909e-05	0.799934146532035	-6.66992152238303e-05	10.1230610724657	0.600009240631643
0.85	12.15	3.74958049179902e-05	0.799923639297175	-5.05508897994661e-05	10.0750643733922	0.600014998321967
0.95	12.15	5.18583579659494e-05	0.799912376226195	-3.13244980709581e-05	10.0270678362945	0.600020743343186
1.05	12.15	6.18420865594136e-05	0.799900141159873	-8.42179087163447e-06	9.9790715697262	0.600024736834624
1.15	12.15	6.1254627094515e-05	0.799886910177656	1.88558120791172e-05	9.93107586201401	0.600024501850838
1.25	12.15	4.34695899972142e-05	0.799872593327021	5.12325026337949e-05	9.88308122082672	0.600017387835999
1.35	12.15	2.64851564624729e-06	0.799857126087665	8.95139075314186e-05	9.83508836927354	0.600001059406258
1.45	12.15	-6.45608721561435e-05	0.799840450712132	0.000134570146972426	9.78709819629663	0.599974175651138
1.55	12.15	-0.000156920048524498	0.799822475012179	0.000187299003621667	9.73911164634073	0.59993723198059
1.65	12.15	-0.000266418309192634	0.799803018678	0.0002485819353603	9.69112954003635	0.599893432676323
1.75	12.15	-0.000376492453372007	0.799781747602738	0.00031923582837597	9.64315233076527	0.599849403018651
1.85	12.15	-0.000461248168075043	0.799758086868793	0.000399960264129592	9.59517981936572	0.59981550073277
1.95	12.15	-0.000486457778998201	0.799731061545674	0.000491291970164481	9.54721087140142	0.599805416888401
2.05	12.15	-0.00041368463199843	0.799698939516769	0.000593728410953934	9.49924321492207	0.599834526147201
2.15	12.15	-0.000210531387735399	0.799663893473237	0.000708990757474306	9.45127346462849	0.599915787444906
2.25	12.15	0.000169628394294666	0.79962334974356	0.000840024533709187	9.40329701617546	0.600067851357718
2.35	12.15	0.000775902962155394	0.799579866252428	0.000987556794032616	9.35530781168167	0.600310361184862
2.45	12.15	0.00168631564044738	0.799530898653796	0.00115128248864286	9.30729780064885	0.600674526256179
2.55	12.15	0.00299197265040494	0.799476066589899	0.00133216820447453	9.25925624306741	0.601196789060162
2.65	12.15	0.00479700310590045	0.799415106186735	0.00153099166637161	9.21116931196338	0.60191880124236
2.75	12.15	0.00722067018627267	0.799347861806602	0.00174804601327504	9.16301964673916	0.602888268074509
2.85	12.15	0.0104001489635489	0.799274385304459	0.00198296846783558	9.1147858225253	0.60416005958542
2.95	12.15	0.0144941823458612	0.799195035220845	0.00223449433078162	9.06644171485656	0.605797672938344
3.05	12.15	0.0196881053431521	0.799110574692749	0.00250009296675728	9.01795572418775	0.607875242137261
3.15	12.15	0.0262007443462739	0.799022258547493	0.00277546940626346	8.96928980822126	0.61048029773851
3.25	12.15	0.0342936298370913	0.798931882605136	0.00305392101100129	8.9203982551176	0.613717451934837
3.35	12.15	0.0442827361852582	0.79884174583676	0.00332555544200525	8.87122612056609	0.617713094474103
3.45	12.15	0.0565524130348972	0.798754446725094	0.00357641865860774	8.82170725395979	0.622620965213959
3.55	12.15	0.0715700470680484	0.79867240488103	0.00378766419435896	8.77176186786224	0.628628018827219
3.65	12.15	0.0898979730273148	0.798596989332293	0.00393503050546172	8.72129368386828	0.635959189210926
3.75	12.15	0.112195969950565	0.798527194158791	0.00398907987265346	8.67018684932634	0.644878387980226
3.85	12.15	0.139203435704813	0.7984580091882	0.00391684438686774	8.61830309816546	0.655681374281925
3.95	12.15	0.171686155543396	0.798379064428653	0.00368559172497833	8.56548004062577	0.668674462217358
4.05	12.15	0.21033153313788	0.798274733615225	0.00326913124929087	8.51153196012039	0.684132613255152
4.15	12.15	0.255583731627429	0.798127273371087	0.00265617339809417	8.45625488498322	0.702233492650972
4.25	12.15	0.307432531985741	0.797923907167254	0.00185873159788996	8.39943761986061	0.722973012794296
4.35	12.15	0.365207263537758	0.797666285356771	0.000917062939409704	8.34087939506132	0.746082905415103
4.45	12.15	0.427464639823851	0.797377278294295	-0.000102488245252512	8.28041258423786	0.77098585592954
4.55	12.15	0.492063314291646	0.797098901788302	-0.00111806294438202	8.21792607472106	0.796825325716658
4.65	12.15	0.556458672199907	0.796879570280443	-0.00204850407523624	8.15338286618741	0.822583468879963
4.75	12.15	0.618143765806697	0.796756764401353	-0.00282926792821646	8.08682608285819	0.847257506322679
4.85	12.15	0.675077554922269	0.796745152542539	-0.00342231398783006	8.01837123671297	0.870031021968908
4.95	12.15	0.725948995648084	0.796835886496995	-0.00381765820964102	7.94818748340969	0.890379598259234
5.05	12.15	0.770218766503368	0.797004783429923	-0.00402817465412908	7.87647395384607	0.908087506601347
5.15	12.15	0.80798474630317	0.797222873327512	-0.00408122642686833	7.80343746655293	0.923193898521268
5.25	12.15	0.839767393538349	0.79746419456267	-0.0040104321844241	7.72927569582937	0.93590695741534
5.35	12.15	0.866300194935398	0.797709337503773	-0.00384943989134819	7.65416700943959	0.946520077974159
5.45	12.15	0.888371023555391	0.797945736865659	-0.00362816943214545	7.57826611546058	0.955348409422156
5.55	12.15	0.906724164812496	0.79816635623693	-0.00337114182736191	7.50170377184857	0.962689665924998
5.65	12.15	0.922012569576259	0.798367995326868	-0.00309722444075257	7.42458881542015	0.968805027830504
5.75	12.15	0.934783826633163	0.798549833463116	-0.002820166065411	7.34701118680338	0.973913530653265
5.85	12.15	0.945485085268738	0.798712386363587	-0.00254946665328222	7.26904511843275	0.978194034107495
5.95	12.15	0.954476495441208	0.798856840515753	-0.00229130322172093	7.19075204910976	0.981790598176483
6.05	12.15	0.962046902202086	0.798984663750936	-0.00204936867420999	7.11218309195261	0.984818760880835
6.15	12.15	0.96842858367484	0.799097393924533	-0.00182556739082794	7.03338103240061	0.987371433469936
6.25	12.15	0.973809727155601	0.799196532749217	-0.00162056022238058	6.95438190469585	0.989523890862241
6.35	12.15	0.978344380228636	0.79928349743091	-0.00143417472904973	6.87521622049126	0.991337752091454
6.45	12.15	0.982160103722966	0.79935960206982	-0.00126570469790485	6.79590992420414	0.992864041489186
6.55	12.15	0.985363729218346	0.799426053400035	-0.00111412337319802	6.71648514011526	0.994145491687338
6.65	12.15	0.988045640910047	0.799483952935579	-0.000978231810490124	6.63696076347924	0.995218256364019
6.75	12.15	0.990282950467947	0.799534301721857	-0.000856759702544709	6.55735293566246	0.996113180187179
6.85	12.15	0.992141861846437	0.79957800601321	-0.000748432074601352	6.47767543297492	0.996856744738575
6.95	12.15	0.993679453240979	0.799615883205374	-0.000652011873201057	6.39793999071545	0.997471781296391
7.05	12.15	0.994945044208648	0.799648667785213	-0.000566325783109093	6.31815657781486	0.997978017683459
7.15	12.15	0.995981269241403	0.799677017220572	-0.00049027855213971	6.23833363298039	0.998392507696561
7.25	12.15	0.996824943730926	0.799701517756444	-0.000422859576488059	6.15847827004405	0.99872997749237
7.35	12.15	0.997507782252767	0.799722690087369	-0.000363144384802677	6.07859645797234	0.999003112901107
7.45	12.15	0.99805701032424	0.799740994869768	-0.000310292857205495	5.99869317944583	0.999222804129696
7.55	12.15	0.998495897445156	0.799756838036045	-0.000263545443490403	5.91877257086606	0.999398358978062
7.65	12.15	0.998844229878689	0.799770575874522	-0.000222218240892399	5.83883804594637	0.999537691951476
7.75	12.15	0.999118735183389	0.79978251984573	-0.000185697507808791	5.7588924045853	0.999647494073356
7.85	12.15	0.999333466160415	0.799792941113655	-0.000153433992644475	5.67893792842834	0.999733386464166
7.95	12.15	0.999500149038444	0.799802074779206	-0.000124937320194654	5.59897646433935	0.999800059615378
8.05	12.15	0.999628498947797	0.799810123809896	-9.97705852053152e-05	5.51900949688825	0.999851399579119
8.15	12.15	0.99972650471199	0.799817262666673	-7.75452397497223e-05	5.43903821088768	0.999890601884796
8.25	12.15	0.999800684470657	0.79982364063305	-5.79163190158751e-05	5.35906354495888	0.999920273788263
8.35	12.15	0.999856313464943	0.799829384855202	-4.05780238442296e-05	5.27908623706465	0.999942525385977
8.45	12.15	0.999897625333755	0.799834603104329	-2.52596602200276e-05	5.19910686290512	0.999959050133502
8.55	12.15	0.999927988391398	0.799839386274228	-1.17219261216775e-05	5.11912586802696	0.999971195356559
8.65	12.15	0.999950058517022	0.799843810627874	2.46470081199708e-07	5.0391435944464	0.999980023406809
8.75	12.15	0.999965910438862	0.799847939808127	1.08318787537994e-05	4.95916030253049	0.999986364175545
8.85	12.15	0.999977149313948	0.799851826627649	2.01984861341213e-05	4.87917618882045	0.999990859725579
8.95	12.15	0.999985004572392	0.799855514653602	2.84908200489173e-05	4.79919140041717	0.999994001828957
9.05	12.15	0.999990408009842	0.799859039603158	3.58360048094191e-05	4.71920604648414	0.999996163203937
9.15	12.15	0.999994058074712	0.799862430564992	4.2345784976664e-05	4.63922020735782	0.999997623229885
9.25	12.15	0.999996472214765	0.799865711062728	4.81183369281632e-05	4.55923394169326	0.999998588885906
9.35	12.15	0.999998029029856	0.799868899975078	5.32398862510244e-05	4.47924729201268	0.999999211611942
9.45	12.15	0.99999900183389	0.799872012327432	5.77861480183151e-05	4.39926028897	0.999999600733556
9.55	12.15	0.999999585069388	0.799875059968846	6.18236060443675e-05	4.31927295459379	0.999999834027755
9.65	12.15	0.999999914851062	0.799878052147511	6.54106462734581e-05	4.23928530472625	0.999999965940425
9.75	12.15	1.0000000847482	0.799880995997112	6.85985584412517e-05	4.15929735083661	1.00000003389928
9.85	12.15	1.00000015775527	0.799883896945409	7.14324192940602e-05	4.07930910135298	1.00000006310211
9.95	12.15	1.00000017525026	0.799886759055443	7.39518695718374e-05	3.99932056262811	1.00000007010011
10.05	12.15	1.00000016360426	0.799889585308785	7.61917962805394e-05	3.91933173962979	1.0000000654417
10.15	12.15	1.000000138984	0.799892377839308	7.81829304373917e-05	3.83934263642698	1.0000000555936
10.25	12.15	1.0000001107843	0.799895138124875	7.99523701063987e-05	3.75935325652619	1.00000004431372
10.35	12.15	1.00000008403645	0.799897867143625	8.15240372453245e-05	3.67936360309965	1.00000003361458
10.45	12.15	1.00000006106355	0.799900565500495	8.29190762823275e-05	3.5993736791363	1.00000002442542
10.55	12.15	1.00000004259119	0.799903233528988	8.41562015170983e-05	3.51938348753876	1.00000001703648
10.65	12.15	1.00000002847149	0.799905871372431	8.52519996666838e-05	3.43939303118283	1.0000000113886
10.75	12.15	1.00000001813837	0.799908479048296	8.62211931850449e-05	3.35940231295195	1.00000000725535
10.85	12.15	1.00000001088025	0.799911056498628	8.70768694306026e-05	3.27941133575468	1.0000000043521
10.95	12.15	1.00000000599237	0.799913603629278	8.78306800547705e-05	3.19942010253158	1.00000000239695
11.05	12.15	1.00000000285223	0.799916120339808	8.84930144987621e-05	3.11942861625519	1.00000000114089
11.15	12.15	1.00000000094831	0.799918606546168	8.90731510907265e-05	3.039436879926	1.00000000037932
11.25	12.15	0.999999999882202	0.799921062197263	8.95793885948309e-05	2.95944489656611	0.999999999952881
11.35	12.15	0.99999999935705	0.799923487286982	9.001916095321e-05	2.87945266921174	0.99999999974282
11.45	12.15	0.999999999160582	0.799925881862284	9.03991373657062e-05	2.79946020090526	0.999999999664233
11.55	12.15	0.999999999147396	0.799928246028465	9.07253097007726e-05	2.71946749468709	0.999999999658958
11.65	12.15	0.999999999223123	0.799930579952033	9.10030689798717e-05	2.63947455358786	0.999999999689249
11.75	12.15	0.999999999331594	0.799932883861851	9.12372722922921e-05	2.55948138062077	0.999999999732638
11.85	12.15	0.999999999445189	0.799935158048813	9.14323015369103e-05	2.4794879787743	0.999999999778076
11.95	12.15	0.999999999557899	0.799937402864603	9.15921149566942e-05	2.39949435100525	0.999999999823159
12.05	12.15	0.999999999680079	0.799939618719518	9.17202924660656e-05	2.31950050023219	0.999999999872032
12.15	12.15	0.999999999833428	0.799941806079839	9.18200755830124e-05	2.23950642932922	0.999999999933371
12.25	12.15	1.00000000004432	0.799943965464787	9.18944025981955e-05	2.15951214112029	1.00000000001773
12.35	12.15	1.00000000033352	0.79994609744324	9.19459395680533e-05	2.07951763837401	1.00000000013341
12.45	12.15	1.00000000070058	0.799948202630463	9.19771076264048e-05	1.99952292379926	1.00000000028023
12.55	12.15	1.00000000110254	0.79995028168494	9.19901070112405e-05	1.91952800004164	1.00000000044102
12.65	12.15	1.00000000142869	0.799952335305568	9.19869381611379e-05	1.83953286968112	1.00000000057148
12.75	12.15	1.0000000014778	0.799954364229377	9.19694201961071e-05	1.75953753523064	1.00000000059112
12.85	12.15	1.00000000094929	0.799956369229828	9.19392071885332e-05	1.67954199913568	1.00000000037971
12.95	12.15	0.999999999467031	0.799958351115738	9.18978026457973e-05	1.59954626377377	0.999999999786812
13.05	12.15	0.999999996660055	0.79996031073044	9.18465727232745e-05	1.51955033145272	0.999999998664022
13.15	12.15	0.999999992325986	0.799962248950493	9.178675893679e-05	1.43955420440516	0.999999996930394
13.25	12.15	0.999999986695377	0.799964166682641	9.17194911594417e-05	1.35955788477659	0.999999994678151
13.35	12.15	0.999999980790952	0.799966064857285	9.1645801690214e-05	1.27956137460359	0.999999992316381
13.45	12.15	0.999999976828852	0.799967944416248	9.15666409623362e-05	1.19956467578016	0.999999990731541
13.55	12.15	0.999999978534637	0.799969806293035	9.14828947152831e-05	1.11956779001271	0.999999991413855
13.65	12.15	0.999999991148016	0.799971651384871	9.13954011304683e-05	1.03957071877016	0.999999996459206
13.75	12.15	1.00000002078349	0.799973480519008	9.13049645455503e-05	0.959573463244204	1.0000000083134
13.85	12.15	1.00000007273704	0.799975294420604	9.12123597520976e-05	0.879576024347019	1.00000002909482
13.95	12.15	1.00000014834635	0.79997709369705	9.11183183192771e-05	0.799578402786371	1.00000005933854
14.05	12.15	1.0000002402176	0.799978878862171	9.10234867270185e-05	0.719580599267389	1.00000009608704
14.15	12.15	1.00000032613719	0.799980650431707	9.09283469969625e-05	0.639582614868299	1.00000013045487
14.25	12.15	1.00000036289411	0.799982409124232	9.08330963234084e-05	0.559584451612758	1.00000014515764
14.35	12.15	1.00000028258428	0.799984156192529	9.07374956082366e-05	0.479586113200771	1.00000011303371
14.45	12.15	0.999999995638069	0.799985893880795	9.06407198629063e-05	0.399587605751282	0.999999998255228
14.55	12.15	0.999999406430093	0.799987625943605	9.0541276687767e-05	0.319588938247908	0.999999762572037
14.65	12.15	0.999998448139028	0.79998935806762	9.04370989559485e-05	0.239590122178742	0.999999379255611
14.75	12.15	0.999997142310029	0.799991098231945	9.03259545300231e-05	0.159591169666754	0.999998856924012
14.85	12.15	0.999995683696565	0.799993463119126	9.02063354769931e-05	0.0795920892252294	0.999998273478626
14.95	12.15	0.999994540620943	0.399992903744156	9.01033230384378e-05	-0.000407243336980223	0.999997816248377
0.05	12.25	-4.54268059642992e-06	0.399996554243613	-0.000109184230444084	10.4590536533033	0.599998182927761
0.15	12.25	-5.02057136788402e-06	0.79998991997679	-0.000107531999717246	10.4110542121614	0.599997991771453
0.25	12.25	-5.2044398832001e-06	0.799983282106551	-0.000104186682926042	10.3630551842271	0.599997918224047
0.35	12.25	-4.34121357157417e-06	0.79997659984872	-9.90831245198508e-05	10.3150565514	0.599998263514571
0.45	12.25	-1.65813719374097e-06	0.799969866296665	-9.21157090730524e-05	10.2670582700947	0.599999336745123
0.55	12.25	3.57611984790242e-06	0.799963046676943	-8.31321973265755e-05	10.2190602735868	0.600001430447939
0.65	12.25	1.19124015587164e-05	0.799956097036759	-7.192507918252e-05	10.1710624756636	0.600004764960623
0.75	12.25	2.35107529170834e-05	0.799948960076158	-5.82275205118214e-05	10.1230647796275	0.600009404301167
0.85	12.25	3.77765163349451e-05	0.799941466133566	-4.17542819287478e-05	10.075067095905	0.600015110606534
0.95	12.25	5.22345825883974e-05	0.799933602948685	-2.20953451444047e-05	10.0270693862198	0.600020893833035
1.05	12.25	6.29772684940141e-05	0.799925094939048	1.37668099761177e-06	9.97907172086964	0.600025190907398
1.15	12.25	6.3328671658808e-05	0.799916226480012	2.93747067891668e-05	9.93107434471941	0.600025331468664
1.25	12.25	4.65464743942525e-05	0.799907021091633	6.26602776119493e-05	9.88307772114737	0.600018618589758
1.35	12.25	6.64917778800055e-06	0.799897567619404	0.000102077663644079	9.83508252363203	0.600002659671115
1.45	12.25	-5.99819363465051e-05	0.799887994778586	0.000148529618127242	9.78708958761777	0.599976007225461
1.55	12.25	-0.000152523037720248	0.799878432491879	0.000202937207684781	9.73909980264861	0.599938990784912
1.65	12.25	-0.000263535743857926	0.799868959564286	0.000266192203892726	9.69111393579932	0.599894585702457
1.75	12.25	-0.000377187986142338	0.799859536182749	0.000339108415572606	9.64313239112129	0.599849124805543
1.85	12.25	-0.000468462583973694	0.799849910499073	0.00042238204548984	9.59515492735153	0.59981261496641
1.95	12.25	-0.000504031485811033	0.799839472917656	0.00051659131784919	9.54718037794949	0.599798387405676
2.05	12.25	-0.000445393525578907	0.799827167918909	0.000622391342065632	9.49920644225742	0.599821842589768
2.15	12.25	-0.000253410553883381	0.799812965226148	0.000741654247496854	9.45122961694656	0.599898635778447
2.25	12.25	0.000115949368022705	0.799794930170725	0.00087682946993068	9.40324510104024	0.600046379747209
2.35	12.25	0.000695430541251478	0.799782500486408	0.00102854045005214	9.35524680660133	0.600278172216501
2.45	12.25	0.00157147511252313	0.79976902686021	0.00119689889600737	9.30722670566671	0.600628590045009
2.55	12.25	0.00283491066851869	0.799754961609417	0.00138278884554725	9.25917397815393	0.601133964267408
2.65	12.25	0.0045879643393061	0.799740646371111	0.00158683357681048	9.21107473171594	0.601835185735722
2.75	12.25	0.00694748541444145	0.799726623288994	0.00180919025391515	9.16291156622305	0.602778994165777
2.85	12.25	0.0100477919549231	0.799713670290768	0.0020493630310264	9.11466304996306	0.604019116781969
2.95	12.25	0.0140441661441402	0.799702856288637	0.0023059370329706	9.06630309743451	0.605617666457656
3.05	12.25	0.0191176637269767	0.799695600291437	0.00257620867282105	9.01780021460629	0.607647065490791
3.15	12.25	0.0254817712623083	0.799693709182644	0.00285569344491805	8.96911656066165	0.610192708504923
3.25	12.25	0.0333913620233351	0.799699359471601	0.00313749780097981	8.92020676072569	0.613356544809334
3.35	12.25	0.0431542005616086	0.799714969916846	0.00341156012809368	8.87101639366285	0.617261680224643
3.45	12.25	0.0551447459385545	0.799742885070676	0.00366380776781174	8.8214800797313	0.622057898375422
3.55	12.25	0.0698189583630862	0.799784762262353	0.00387535619112029	8.77151911821805	0.627927583345234
3.65	12.25	0.0877269103262546	0.799840548075688	0.00402200594940233	8.72103869736857	0.635090764130502
3.75	12.25	0.109516956739691	0.799906991902887	0.00407447226273947	8.66992484948589	0.643806782695876
3.85	12.25	0.135921065289678	0.799975850999457	0.00399996980662515	8.61804158823626	0.654368426115871
3.95	12.25	0.167706614213549	0.800032372325576	0.00376585050385046	8.56522906203753	0.66708264568542
4.05	12.25	0.205578327482438	0.800055258335039	0.00334573216715673	8.51130404619686	0.682231330992975
4.15	12.25	0.250020272771286	0.800019776593203	0.00272770639502688	8.45606450957184	0.700008109108515
4.25	12.25	0.301088284062972	0.799905129435742	0.00192274486525701	8.39929998028529	0.720435313625189
4.35	12.25	0.358199332105311	0.799704821375682	0.000969913858257135	8.34080852932912	0.743279732842124
4.45	12.25	0.420003233898684	0.79943512806518	-6.52659352191219e-05	8.28041910342136	0.768001293559474
4.55	12.25	0.484431848375643	0.79913503672976	-0.00110086690534548	8.21801508718566	0.793772739350257
4.65	12.25	0.548969410576887	0.798854798037794	-0.00205455823002184	8.15355278234754	0.819587764230755
4.75	12.25	0.611082990056119	0.798638240526025	-0.00285977451987964	8.08706876400037	0.844433196022447
4.85	12.25	0.668660464288635	0.798509003238376	-0.00347619131497893	8.0186734543727	0.867464185715454
4.95	12.25	0.72029863674446	0.798467525479203	-0.00389187620857447	7.94853317197116	0.888119454697784
5.05	12.25	0.765370335824504	0.798497610957159	-0.00411845113029916	7.87684654615378	0.906148134329802
5.15	12.25	0.803906367483629	0.798576374733257	-0.00418278925495431	7.8038217483476	0.921562546993452
5.25	12.25	0.836385916305172	0.798682140750612	-0.0041186416593137	7.729658931061	0.934554366522069
5.35	12.25	0.863523815156927	0.798798349929863	-0.00396019187231354	7.65453937242456	0.945409526062771
5.45	12.25	0.886105272135075	0.798914215855899	-0.00373809179144253	7.57862061768871	0.95444210885403
5.55	12.25	0.904881267730424	0.79902369129999	-0.00347763796834786	7.50203589915784	0.96195250709217
5.65	12.25	0.92051575513056	0.799123983298538	-0.00319842273606648	7.42489604961722	0.968206302052224
5.75	12.25	0.933568407699834	0.799214254709488	-0.00291482227422192	7.34729252436488	0.973427363079933
5.85	12.25	0.944497789775636	0.799294706017108	-0.00263685082728492	7.26930064528878	0.977799115910254
5.95	12.25	0.953674028900164	0.799366009659037	-0.0023710893981905	7.19098259357062	0.981469611560066
6.05	12.25	0.961394313442623	0.799428999082461	-0.00212153640268235	7.11238995648822	0.984557725377049
6.15	12.25	0.967897721415302	0.799484516983889	-0.00189031843759935	7.03356579479493	0.987159088566121
6.25	12.25	0.97337790459474	0.799533352471768	-0.00167825065008694	6.95454627569159	0.989351161837896
6.35	12.25	0.97799327352275	0.799576222727624	-0.00148526102395294	6.87536194519413	0.9911973094091
6.45	12.25	0.981874867479059	0.799613774016338	-0.00131070202742932	6.79603871621636	0.992749946991624
6.55	12.25	0.985132296328385	0.799646589214625	-0.00115357396116445	6.71659863950565	0.994052918531354
6.65	12.25	0.987858171704595	0.799675196094581	-0.00101268155544242	6.63706051173463	0.995143268681838
6.75	12.25	0.99013139965505	0.799700074277334	-0.000886741394596313	6.55744036249299	0.99605255986202
6.85	12.25	0.992019637067686	0.79972166047929	-0.000774453816475313	6.47775185121969	0.996807854827074
6.95	12.25	0.993581144469794	0.799740352335148	-0.00067454954770886	6.39800659664498	0.997432457787917
7.05	12.25	0.99486620790279	0.799756511241973	-0.000585818619848971	6.31821445490971	0.997946483161116
7.15	12.25	0.995918254956229	0.799770464620072	-0.000507127027423476	6.23838375783793	0.998367301982491
7.25	12.25	0.996774753854243	0.799782507878577	-0.000437425033274655	6.15852151947952	0.998709901541697
7.35	12.25	0.997467957771861	0.799792906264801	-0.000375749886390805	6.07863361667661	0.998987183108744
7.45	12.25	0.99802553722827	0.799801896694305	-0.000321224893418769	5.99872494777304	0.999210214891308
7.55	12.25	0.998471129632417	0.799809689601162	-0.000273056193842343	5.91879957247228	0.999388451852967
7.65	12.25	0.998824825384296	0.799816470814284	-0.000230528168718147	5.83886083510426	0.999529930153718
7.75	12.25	0.999103603250849	0.799822403447068	-0.000192998115548666	5.75891147307133	0.99964144130034
7.85	12.25	0.999321723211969	0.799827629779804	-0.000159890612616666	5.67895371192826	0.999728689284788
7.95	12.25	0.999491082000363	0.799832273112756	-0.000130691851180239	5.59898934835063	0.999796432800145
8.05	12.25	0.99962153469159	0.799836439569405	-0.000104944112254294	5.51901982212009	0.999848613876636
8.15	12.25	0.999721184605968	0.799840219831876	-8.224049608258e-05	5.439046278173	0.999888473842387
8.25	12.25	0.999796643216982	0.799843690794559	-6.22199658096355e-05	5.35906961970157	0.999918657286793
8.35	12.25	0.999853261538645	0.799846917124732	-4.45627350111496e-05	5.27909055325015	0.999941304615458
8.45	12.25	0.999895334452308	0.79984995272233	-2.89860093393712e-05	5.1991096267047	0.999958133780923
8.55	12.25	0.999926279533668	0.799852842073487	-1.5240078643933e-05	5.11912726102711	0.999970511813467
8.65	12.25	0.999948792084039	0.799855621495073	-3.10474857825878e-06	5.03914377653431	0.999979516833616
8.75	12.25	0.999964978209965	0.79985832026927	7.61390444691953e-06	4.95915941446563	0.999985991283986
8.85	12.25	0.999976467903161	0.799860961669397	1.70864734881758e-05	4.87917435452095	0.999990587161264
8.95	12.25	0.999984510133504	0.799863563879552	2.5462876301233e-05	4.79918872898807	0.999993804053401
9.05	12.25	0.999990051976121	0.799866140812128	3.28747455958534e-05	4.71920263401277	0.999996020790448
9.15	12.25	0.999993803751487	0.799868702828442	3.94375744091406e-05	4.63921613849996	0.999997521500595
9.25	12.25	0.999996292071107	0.799871257368438	4.5252635959128e-05	4.5592292910717	0.999998516828443
9.35	12.25	0.999997902559867	0.799873809496247	5.0408696741939e-05	4.47924212544835	0.999999161023947
9.45	12.25	0.99999891387917	0.799876362368717	5.49835409490829e-05	4.39925466456384	0.999999565551668
9.55	12.25	0.999999524512377	0.799878917634195	5.90453230275649e-05	4.31926692367611	0.999999809804951
9.65	12.25	0.999999873604574	0.799881475768843	6.2653764772176e-05	4.23927891268881	0.99999994944183
9.75	12.25	1.00000005697981	0.799884036357702	6.58612119530024e-05	4.15929063786094	1.00000002279192
9.85	12.25	1.00000013929653	0.799886598327227	6.87135647005168e-05	4.07930210304746	1.00000005571861
9.95	12.25	1.00000016315029	0.799889160135774	7.12510948734934e-05	3.99931331058464	1.00000006526012
10.05	12.25	1.00000015579513	0.799891719927879	7.35091625173874e-05	3.91932426191013	1.00000006231805
10.15	12.25	1.00000013403217	0.799894275657784	7.5518842767188e-05	3.83933495798732	1.00000005361287
10.25	12.25	1.00000010770745	0.799896825187004	7.73074732439459e-05	3.75934539958789	1.00000004308298
10.35	12.25	1.00000008216993	0.799899366360189	7.88991314525936e-05	3.6793555874729	1.00000003286797
10.45	12.25	1.00000005996383	0.79990189706309	8.03150505060883e-05	3.59936552250285	1.00000002398553
10.55	12.25	1.00000004196678	0.799904415265737	8.15739807068454e-05	3.51937520569885	1.00000001678671
10.65	12.25	1.00000002813412	0.799906919053783	8.26925039042214e-05	3.43938463827122	1.00000001125365
10.75	12.25	1.00000001796883	0.799909406650156	8.36853064664993e-05	3.35939382162685	1.00000000718753
10.85	12.25	1.00000001080481	0.799911876429133	8.45654163818441e-05	3.2794027573633	1.00000000432192
10.95	12.25	1.00000000596668	0.799914326924388	8.53444090456488e-05	3.19941144725521	1.00000000238667
11.05	12.25	1.00000000285055	0.799916756832392	8.60325859946334e-05	3.11941989323667	1.00000000114022
11.15	12.25	1.00000000095639	0.799919165012261	8.66391301239443e-05	3.03942809738171	1.00000000038256
11.25	12.25	0.99999999989265	0.799921550482899	8.717224058387e-05	2.95943606188458	0.99999999995706
11.35	12.25	0.999999999366408	0.799923912418245	8.76392500620002e-05	2.87944378904061	0.999999999746563
11.45	12.25	0.999999999167519	0.799926250141034	8.8046726923939e-05	2.79945128122806	0.999999999667008
11.55	12.25	0.999999999151645	0.799928563115746	8.84005641380793e-05	2.71945854089117	0.999999999660658
11.65	12.25	0.999999999224895	0.799930850940784	8.8706056892231e-05	2.63946557052456	0.999999999689958
11.75	12.25	0.9999999993313	0.799933113340514	8.8967970367847e-05	2.55947237265883	0.99999999973252
11.85	12.25	0.999999999443378	0.799935350156978	8.9190599015407e-05	2.47947894984734	0.999999999777351
11.95	12.25	0.999999999555315	0.799937561341788	8.93778184934607e-05	2.39948530465404	0.999999999822126
12.05	12.25	0.999999999677796	0.799939746948045	8.95331311918416e-05	2.31949143964239	0.999999999871118
12.15	12.25	0.999999999832969	0.799941907122525	8.96597062444296e-05	2.23949735736508	0.999999999933188
12.25	12.25	1.0000000000477	0.799944042098104	8.97604146830508e-05	2.15950306035479	1.00000000001908
12.35	12.25	1.00000000034305	0.799946152186632	8.98378603414429e-05	2.07950855111596	1.00000000013722
12.45	12.25	1.00000000071837	0.799948237772173	8.98944070307069e-05	1.9995138321176	1.00000000028735
12.55	12.25	1.00000000112941	0.799950299304918	8.99322023719693e-05	1.91951890578738	1.00000000045177
12.65	12.25	1.00000000146267	0.799952337295734	8.99531986833315e-05	1.83952377450716	1.00000000058507
12.75	12.25	1.00000000151199	0.799954352311599	8.99591712522663e-05	1.75952844060972	1.0000000006048
12.85	12.25	1.00000000096972	0.799956344971955	8.99517343738128e-05	1.67953290637675	1.00000000038789
12.95	12.25	0.999999999451159	0.799958315945849	8.99323555620669e-05	1.59953717403688	0.999999999780464
13.05	12.25	0.999999996577218	0.799960265949603	8.9902368574305e-05	1.51954124576262	0.999999998630887
13.15	12.25	0.999999992141745	0.799962195744117	8.98629858310367e-05	1.43954512366366	0.999999996856698
13.25	12.25	0.999999986381851	0.799964106130619	8.98153111285465e-05	1.35954880977355	0.99999999455274
13.35	12.25	0.999999980345073	0.799965997942894	8.97603533953436e-05	1.27955230602659	0.999999992138029
13.45	12.25	0.999999976299127	0.79996787203388	8.96990420291359e-05	1.19955561422258	0.999999990519651
13.55	12.25	0.999999978054054	0.799969729254626	8.96322436367743e-05	1.11955873598014	0.999999991221622
13.65	12.25	0.999999990965719	0.799971570425006	8.9560778751562e-05	1.03956167268508	0.999999996386288
13.75	12.25	1.00000002128076	0.799973396298636	8.94854351572536e-05	0.959564425449298	1.0000000085123
13.85	12.25	1.00000007440462	0.799975207529534	8.94069720029229e-05	0.879566995108151	1.00000002976185
13.95	12.25	1.00000015169274	0.799977004655664	8.93261063270523e-05	0.799569382296849	1.00000006067709
14.05	12.25	1.00000024557509	0.799978788123306	8.92434720241393e-05	0.719571587656427	1.00000009823004
14.15	12.25	1.00000033334123	0.799980558384287	8.91595421671612e-05	0.639573612217346	1.00000013333649
14.25	12.25	1.00000037083905	0.799982316100906	8.90745113579875e-05	0.559575457983745	1.00000014833562
14.35	12.25	1.00000028871386	0.79998406248396	8.89881477689854e-05	0.479577128679347	1.00000011548554
14.45	12.25	0.999999995516945	0.799985799759035	8.88996471815794e-05	0.399578630504811	0.999999998206778
14.55	12.25	0.999999393660223	0.799987531695492	8.88075536826964e-05	0.31957997259145	0.999999757464089
14.65	12.25	0.999998415013614	0.799989264035694	8.87098506184867e-05	0.239581166631727	0.999999366005445
14.75	12.25	0.999997081695037	0.799991004856856	8.86043611041703e-05	0.159582224968924	0.999998832678015
14.85	12.25	0.999995592621906	0.799993383003511	8.84896161146825e-05	0.0795831562644212	0.999998237048762
14.95	12.25	0.999994425844371	0.399992779205525	8.83900727233891e-05	-0.000416166155288911	0.999997770337748
0.05	12.35	-4.56683130057304e-06	0.399997389301502	-0.000103288514520459	10.4590600027673	0.59999817326748
0.15	12.35	-5.05337970503377e-06	0.799992444780373	-0.000101642478100531	10.4110604621917	0.599997978648118
0.25	12.35	-5.25001438539742e-06	0.799987546368552	-9.83060760125048e-05	10.3630612328157	0.599997899994246
0.35	12.35	-4.39702326371126e-06	0.799982687875214	-9.32155288006378e-05	10.3150622926378	0.599998241190694
0.45	12.35	-1.71118191687234e-06	0.799977900824167	-8.62658581606951e-05	10.2670635916946	0.599999315527233
0.55	12.35	3.5526493071691e-06	0.799973193118897	-7.73064778437728e-05	10.2190650540779	0.600001421059723
0.65	12.35	1.19556517688955e-05	0.799968569224179	-6.61364096022778e-05	10.1710665811906	0.600004782260708
0.75	12.35	2.36443775217987e-05	0.799964026909261	-5.25018835179916e-05	10.1230680606775	0.600009457751009
0.85	12.35	3.79763247011548e-05	0.799959514454701	-3.60857010046438e-05	10.0750693848335	0.60001519052988
0.95	12.35	5.28349981072929e-05	0.79995498597994	-1.64154796558322e-05	10.0270704886312	0.600021133999243
1.05	12.35	6.43031416021052e-05	0.79995029867236	7.10413642252216e-06	9.97907140532226	0.600025721256641
1.15	12.35	6.56447962079195e-05	0.799945851988864	3.51517617942018e-05	9.93107233770708	0.600026257918483
1.25	12.35	5.00202753412005e-05	0.799941800045928	6.85221518321011e-05	9.88307370216897	0.600020008110136
1.35	12.35	1.12711461567787e-05	0.799938389018792	0.000108077013152737	9.83507612071084	0.600004508458463
1.45	12.35	-5.45089697547402e-05	0.799935932692945	0.000154722518730294	9.78708037426897	0.599978196412098
1.55	12.35	-0.000146919268960273	0.799934775203761	0.000209372270602022	9.73908729716854	0.599941232292416
1.65	12.35	-0.000259083988757306	0.799935237411962	0.000272900015280499	9.69109760340342	0.599896366404497
1.75	12.35	-0.000375843041820369	0.799937545076898	0.000346097183603371	9.64311164881056	0.599849662783272
1.85	12.35	-0.000472862195474107	0.799941731624616	0.000429663774395214	9.59512915017572	0.59981085512181
1.95	12.35	-0.000517247708820531	0.799947508362915	0.000524294873014829	9.54714890210287	0.599793100916472
2.05	12.35	-0.000470084070776453	0.799954199113159	0.000630970103561618	9.49916855097075	0.599811966371689
2.15	12.35	-0.000290501922134196	0.799961274811557	0.000751347706790571	9.4511844819911	0.599883799231146
2.25	12.35	6.10925364440331e-05	0.799968682566376	0.000886401999536963	9.40319178934657	0.600024437014578
2.35	12.35	0.000616841935824386	0.799985742919451	0.00103718913314855	9.35518433045056	0.60024673677433
2.45	12.35	0.00146194643742588	0.800006413541034	0.00120504573266519	9.30715402315922	0.60058477857497
2.55	12.35	0.00268605912908697	0.800031653030548	0.00139039198750457	9.25908999565359	0.601074423651635
2.65	12.35	0.00438989851574391	0.800062343257866	0.00159351862089314	9.21097831036643	0.601755959406298
2.75	12.35	0.00668837665987989	0.800099572066391	0.00181438984368008	9.16280153922705	0.602675350663952
2.85	12.35	0.00971335078799488	0.800144667068481	0.00205237071311814	9.11453825250516	0.603885340315198
2.95	12.35	0.0136170045612808	0.800199228557887	0.0023059262700138	9.0661624124905	0.605446801824512
3.05	12.35	0.0185764972769619	0.800265153040328	0.00257225338650893	9.01764263994034	0.607430598910785
3.15	12.35	0.0248004147928977	0.800344623356001	0.00284681063941601	8.96894130444421	0.609920165917159
3.25	12.35	0.0325374882174225	0.800440030102784	0.00312272681516223	8.92001337504813	0.613014995286969
3.35	12.35	0.0420878676550229	0.8005537701888	0.00339009095201263	8.87080495639773	0.616835147062009
3.45	12.35	0.053816780604503	0.800687842530176	0.00363516742299982	8.82125143475336	0.621526712241801
3.55	12.35	0.0681694319824045	0.800843135312485	0.0038396529972733	8.77127518016512	0.627267772792962
3.65	12.35	0.0856842072590421	0.801018294416958	0.0039802122075775	8.72078281702142	0.634273682903617
3.75	12.35	0.106998324562065	0.801208123510278	0.00402869337054831	8.66966221567743	0.642799329824826
3.85	12.35	0.132836023729892	0.801401668328543	0.003953604469837	8.61777960831051	0.653134409491957
3.95	12.35	0.163965002953242	0.801580562043371	0.00372350761062645	8.5649776148646	0.665586001181297
4.05	12.35	0.201104666516362	0.801718838087911	0.00331276891211077	8.51107544840897	0.680441866606545
4.15	12.35	0.244774805343361	0.801785925375812	0.00270933475376007	8.45587300262307	0.697909922137344
4.25	12.35	0.295091952198625	0.801754126241081	0.00192284043880399	8.39916057816849	0.71803678087945
4.35	12.35	0.351555353614907	0.801609631800705	0.000989891359606415	8.3407352125758	0.740622141445963
4.45	12.35	0.412904339188911	0.801362404002824	-2.70327753741672e-05	8.28042261008932	0.765161735675564
4.55	12.35	0.477143762868943	0.80104800353898	-0.00104876115521201	8.21810084334606	0.790857505147577
4.65	12.35	0.541790235265673	0.800717551082288	-0.00199464766018309	8.15371964535264	0.816716094106269
4.75	12.35	0.604290798875919	0.800419990704366	-0.00279840174863615	8.08730906158512	0.841716319550368
4.85	12.35	0.662468435056769	0.800186751464424	-0.00341876467678095	8.01897433203805	0.864987374022708
4.95	12.35	0.714832435373674	0.800026618084253	-0.00384218858602422	7.94887877464892	0.885932974149469
5.05	12.35	0.760670265551297	0.799930718129964	-0.00407855070362157	7.87722034026487	0.904268106220519
5.15	12.35	0.799946364198621	0.799881832173899	-0.00415322938974903	7.80420840800772	0.919978545679448
5.25	12.35	0.833098298947744	0.799862340900598	-0.00409889629311383	7.73004551582389	0.933239319579098
5.35	12.35	0.860821483797836	0.799858451658559	-0.00394907762076761	7.65491581116366	0.944328593519134
5.45	12.35	0.88389764188465	0.799861178682491	-0.00373411457298995	7.57897967501803	0.95355905675386
5.55	12.35	0.903083726056272	0.799865557808618	-0.00347924025909465	7.50237283749149	0.961233490422509
5.65	12.35	0.919054098840946	0.799869340566465	-0.00320413953953075	7.42520816317636	0.967621639536378
5.75	12.35	0.932380039893334	0.799871830870169	-0.00292336604474464	7.34757866151787	0.972952015957334
5.85	12.35	0.943531140042597	0.799873075143861	-0.00264714671885892	7.26956078169322	0.977412456017039
5.95	12.35	0.952887184578491	0.799873385529317	-0.0023822787133312	7.19121748074358	0.981154873831396
6.05	12.35	0.960753439452829	0.799873100916721	-0.00213296151769613	7.11260084817636	0.984301375781132
6.15	12.35	0.967375561225654	0.799872491597529	-0.00190149833112274	7.0337542426359	0.986950224490262
6.25	12.35	0.972952482443846	0.79987173890514	-0.00168885293415261	6.95471398178967	0.989180992977539
6.35	12.35	0.97764682529376	0.799870947501998	-0.00149507406286688	6.87551065910299	0.991058730117504
6.45	12.35	0.981592984110778	0.79987016743462	-0.00131960915749209	6.79617016536152	0.992637193644311
6.55	12.35	0.984903247513067	0.799869415293915	-0.00116153079828433	6.71671448412995	0.993961299005227
6.65	12.35	0.987672375184108	0.799868690606295	-0.00101969673455131	6.63716231744666	0.995068950073643
6.75	12.35	0.989981004921972	0.799867986912219	-0.000892860699475399	6.55752958520935	0.995992401968789
6.85	12.35	0.991898197673352	0.799867298357166	-0.000779747443823957	6.47782983066326	0.996759279069341
6.95	12.35	0.993483358552539	0.799866622984881	-0.000679102143483623	6.39807455561638	0.997393343421016
7.05	12.35	0.994787711234323	0.799865963841615	-0.000589721689625567	6.31827350233909	0.997915084493729
7.15	12.35	0.99585545457781	0.799865328764359	-0.000510473326888081	6.23843489420668	0.998342181831124
7.25	12.35	0.996724693295298	0.799864729475591	-0.000440304573156622	6.15856564362447	0.998689877318119
7.35	12.35	0.997428207053318	0.799864180395028	-0.000378247226199982	6.07867153329492	0.998971282821327
7.45	12.35	0.997994102503663	0.799863697420205	-0.000323417442544298	5.99875737516394	0.999197641001465
7.55	12.35	0.99844637854567	0.799863296816503	-0.000275013282877067	5.91882715020752	0.999378551418268
7.65	12.35	0.998805425132176	0.799862994285033	-0.00023231069493898	5.83888413142853	0.99952217005287
7.75	12.35	0.999088469013362	0.799862804231698	-0.000194658603547888	5.75893099191091	0.999635387605345
7.85	12.35	0.999309975117478	0.799862739234547	-0.000161473563755982	5.6789698994393	0.999723990046991
7.95	12.35	0.999482009170081	0.799862809692411	-0.000132234282467767	5.59900259897507	0.999792803668033
8.05	12.35	0.999614565193549	0.799863023631238	-0.000106476208773983	5.51903048414191	0.99984582607742
8.15	12.35	0.999715860366469	0.799863386641948	-8.37863197769027e-05	5.43905465878362	0.999886344146588
8.25	12.35	0.999792599105611	0.799863901924316	-6.37981783607738e-05	5.35907598959367	0.999917039642245
8.35	12.35	0.999850207974394	0.799864570412577	-4.61873055277416e-05	5.27909515076539	0.999940083189758
8.45	12.35	0.999893042982677	0.799865390960858	-3.06668861285105e-05	5.19911266156441	0.999957217193071
8.55	12.35	0.999924570922798	0.799866360569296	-1.69838125672337e-05	5.11912891767646	0.999969828369119
8.65	12.35	0.999947526514963	0.799867474634056	-4.91506045365748e-06	5.03914421713084	0.999979010605985
8.75	12.35	0.999964047263651	0.799868727207455	5.73561540009353e-06	4.95915878154244	0.999985618905461
8.85	12.35	0.999975788025682	0.799870111257046	1.51406803733177e-05	4.87917277335374	0.999990315210273
8.95	12.35	0.999984017344366	0.799871618914599	2.34515323762696e-05	4.79918630969387	0.999993606937746
9.05	12.35	0.999989697606775	0.799873241708742	3.08009460558306e-05	4.71919947340643	0.99999587904271
9.15	12.35	0.999993551034335	0.799874970776418	3.73052678412476e-05	4.63921232173286	0.999997420413734
9.25	12.35	0.999996113426588	0.799876797050687	4.3066380822497e-05	4.55922489307524	0.999998445370635
9.35	12.35	0.999997777452972	0.799878711423438	4.81734582664933e-05	4.47923721220317	0.999999110981189
9.45	12.35	0.999998827137408	0.799880704882781	5.27045235270294e-05	4.39924929421388	0.999999530854963
9.55	12.35	0.999999465015157	0.799882768626395	5.67278337830257e-05	4.31926114750489	0.999999786006063
9.65	12.35	0.999999833269425	0.799884894151774	6.03031040224349e-05	4.23927277597383	0.99999993330777
9.75	12.35	1.00000002998409	0.79988707332587	6.34825867188417e-05	4.15928418062051	1.00000001199364
9.85	12.35	1.00000012148456	0.799889298436158	6.63120218090582e-05	4.07929536069283	1.00000004859382
9.95	12.35	1.00000015158537	0.799891562225418	6.88314705474823e-05	3.99930631448898	1.00000006063415
10.05	12.35	1.00000014842382	0.799893857912895	7.10760457078526e-05	3.91931703990461	1.00000005936953
10.15	12.35	1.00000012943491	0.799896179203881	7.30765498183664e-05	3.83932753479359	1.00000005177396
10.25	12.35	1.00000010491497	0.799898520289903	7.48600319394657e-05	3.75933779719483	1.00000004196599
10.35	12.35	1.00000008052935	0.799900875841514	7.6450272524145e-05	3.67934782546504	1.00000003221174
10.45	12.35	1.00000005904198	0.799903240995282	7.78682051918593e-05	3.59935761834651	1.00000002361679
10.55	12.35	1.00000004148117	0.799905611336511	7.91322830990784e-05	3.51936717499178	1.00000001659247
10.65	12.35	1.00000002790414	0.799907982878935	8.025879691062e-05	3.43937649496029	1.00000001116166
10.75	12.35	1.00000001788168	0.799910352042327	8.12621506354979e-05	3.35938557819819	1.00000000715267
10.85	12.35	1.00000001079204	0.799912715629026	8.21551007134186e-05	3.27939442500845	1.00000000431681
10.95	12.35	1.00000000598826	0.799915070799931	8.29489633142082e-05	3.19940303601656	1.00000000239531
11.05	12.35	1.00000000288424	0.799917415050477	8.36537939904628e-05	3.11941141213474	1.0000000011537
11.15	12.35	1.00000000099072	0.79991974618708	8.42785434635007e-05	3.0394195545269	1.00000000039629
11.25	12.35	0.999999999922406	0.79992206230428	8.48311927563105e-05	2.95942746457532	0.999999999968962
11.35	12.35	0.999999999389851	0.799924361762802	8.53188704874686e-05	2.87943514384968	0.999999999755941
11.45	12.35	0.99999999918465	0.799926643168652	8.57479547607055e-05	2.79944259407864	0.99999999967386
11.55	12.35	0.999999999163213	0.799928905353375	8.6124161804398e-05	2.71944981712407	0.999999999665285
11.65	12.35	0.999999999231881	0.799931147355468	8.6452623069296e-05	2.63945681495752	0.999999999692752
11.75	12.35	0.999999999334697	0.799933368402987	8.67379524803054e-05	2.55946358963917	0.999999999733879
11.85	12.35	0.999999999444162	0.799935567897278	8.69843051523699e-05	2.47947014329859	0.999999999777665
11.95	12.35	0.999999999554544	0.79993774539786	8.71954286234127e-05	2.39947647811745	0.999999999821818
12.05	12.35	0.999999999676761	0.799939900608342	8.73747078207641e-05	2.31948259631383	0.999999999870704
12.15	12.35	0.999999999833339	0.79994203336337	8.75252043642232e-05	2.23948850012799	0.999999999933336
12.25	12.35	1.00000000005157	0.799944143616584	8.76496910891146e-05	2.15949419180968	1.00000000002063
12.35	12.35	1.00000000035278	0.79994623142945	8.77506823397361e-05	2.07949967360672	1.00000000014111
12.45	12.35	1.00000000073606	0.799948296961168	8.78304605106126e-05	1.99950494775521	1.00000000029442
12.55	12.35	1.00000000115594	0.799950340459533	8.78910993146822e-05	1.91951001647124	1.00000000046237
12.65	12.35	1.00000000149608	0.799952362252901	8.79344841053291e-05	1.83951488194428	1.00000000059843
12.75	12.35	1.00000000154555	0.79995436274337	8.79623296326575e-05	1.75951954633223	1.00000000061822
12.85	12.35	1.00000000098974	0.79995634240112	8.79761955773391e-05	1.67952401175768	1.00000000039589
12.95	12.35	0.999999999435528	0.799958301759863	8.7977500341894e-05	1.59952828030465	0.999999999774211
13.05	12.35	0.999999996495914	0.79996024141297	8.79675335719963e-05	1.51953235401419	0.999999998598366
13.15	12.35	0.999999991961065	0.799962162009447	8.79474682007541e-05	1.43953623487643	0.999999996784426
13.25	12.35	0.99999998607455	0.799964064248438	8.79183727176891e-05	1.3595399248161	0.99999999442982
13.35	12.35	0.999999979908246	0.799965948870278	8.78812244528547e-05	1.27954342566796	0.999999991963298
13.45	12.35	0.999999975780397	0.7999678166419	8.78369244607415e-05	1.19954673914009	0.999999990312159
13.55	12.35	0.999999977583739	0.799969668334557	8.77863137096539e-05	1.11954986676556	0.999999991033496
13.65	12.35	0.999999990787762	0.799971504693218	8.7730189306757e-05	1.0395528098491	0.999999996315105
13.75	12.35	1.00000002176824	0.799973326400137	8.76693173625022e-05	0.959555569424787	1.00000000870729
13.85	12.35	1.00000007603747	0.799975134040333	8.76044368433701e-05	0.87955814625291	1.00000003041499
13.95	12.35	1.00000015496787	0.799976928084363	8.75362462558127e-05	0.799560540897792	1.00000006198715
14.05	12.35	1.0000002508167	0.799978708912874	8.74653633766371e-05	0.719562753937813	1.00000010032668
14.15	12.35	1.00000034038738	0.799980476915561	8.73922492455109e-05	0.63956478635672	1.00000013615495
14.25	12.35	1.00000037860775	0.799982232699993	8.73170931574224e-05	0.559566640139534	1.0000001514431
14.35	12.35	1.00000029470589	0.799983977436164	8.72396681861237e-05	0.479568319033088	1.00000011788235
14.45	12.35	0.999999995398222	0.799985713331643	8.7159188812121e-05	0.399569829317784	0.999999998159289
14.55	12.35	0.999999381181542	0.799987444170326	8.70742337910562e-05	0.319571180269078	0.999999752472617
14.65	12.35	0.999998382650746	0.799989175749005	8.69828353612551e-05	0.239572383778832	0.999999353060298
14.75	12.35	0.999997022486799	0.79999091624047	8.68828705515137e-05	0.159573452405184	0.999998808994719
14.85	12.35	0.999995503675448	0.7999933063431	8.67729082276526e-05	0.0795743949537688	0.999998201470179
14.95	12.35	0.999994313762643	0.399992658285295	8.66767839813702e-05	-0.000424917668698532	0.999997725505057
0.05	12.45	-4.5994244549669e-06	0.399998215444625	-9.90577694245761e-05	10.4590660486763	0.599998160230218
0.15	12.45	-5.09993170411133e-06	0.799994944786973	-9.74504033209306e-05	10.4110664100069	0.599997960027318
0.25	12.45	-5.32009955328722e-06	0.799991770700685	-9.41895289823196e-05	10.3630669817045	0.599997871960179
0.35	12.45	-4.49544515339806e-06	0.799988722111703	-8.9215358084488e-05	10.3150677380207	0.599998201821939
0.45	12.45	-1.83686290201776e-06	0.799985870227586	-8.24277177110644e-05	10.2670686227766	0.599999265254839
0.55	12.45	3.40592660163313e-06	0.799983266219572	-7.36828318865068e-05	10.2190695511778	0.600001362370641
0.65	12.45	1.17974195816935e-05	0.799980962111416	-6.27896921588264e-05	10.1710704128888	0.600004718967833
0.75	12.45	2.35089019609955e-05	0.79997901091445	-4.95053318115603e-05	10.1230710807468	0.600009403560784
0.85	12.45	3.80561263045929e-05	0.799977402760624	-3.34826464729952e-05	10.0750714270942	0.600015222450522
0.95	12.45	5.36479168152632e-05	0.799976038770856	-1.42467822517412e-05	10.0270713569438	0.600021459166726
1.05	12.45	6.5795529450199e-05	0.799975159169293	8.75794341368058e-06	9.97907086913554	0.60002631821178
1.15	12.45	6.8150574072321e-05	0.799975072390286	3.61982042355262e-05	9.93107012712418	0.600027260229629
1.25	12.45	5.38022586026128e-05	0.799976073838138	6.88580931437945e-05	9.88306949901787	0.600021520903441
1.35	12.45	1.63975245445702e-05	0.799978560740827	0.00010758440659299	9.83506955509825	0.600006559009818
1.45	12.45	-4.8262082189283e-05	0.799983022060442	0.000153262010500923	9.78707102239799	0.599980695167124
1.55	12.45	-0.000140184965991115	0.799989999596616	0.000206776142420605	9.73907468124746	0.599943926013604
1.65	12.45	-0.0002530170705406	0.800000031334426	0.000268967740893064	9.69108119426713	0.599898793171784
1.75	12.45	-0.000372175683276648	0.800013577091389	0.000340600669045823	9.6430908706819	0.599851129726689
1.85	12.45	-0.000473818055824832	0.800030927008816	0.000422375151338391	9.59510338477197	0.59981047277767
1.95	12.45	-0.000525224383341724	0.800052092014483	0.000515045192491999	9.54711748508301	0.599789910246663
2.05	12.45	-0.000487316703309024	0.800076691296549	0.000619660073834032	9.49913075040037	0.599805073318676
2.15	12.45	-0.000320514341878157	0.800104473571306	0.000737334110702002	9.45113947351365	0.599871794263249
2.25	12.45	7.09899634476876e-06	0.800139380650325	0.000868643953318228	9.40313872930254	0.600002839598538
2.35	12.45	0.000542483586493087	0.800183687033244	0.00101493913474168	9.35512229356143	0.600216993434597
2.45	12.45	0.00136074989887206	0.80023622348432	0.001177682621887	9.30708196008479	0.600544299959549
2.55	12.45	0.00254954869080898	0.800298146799745	0.00135720032085448	9.25900683318896	0.601019819476324
2.65	12.45	0.00420846912577967	0.800370808478742	0.00155361632149095	9.21088295070291	0.601683387650312
2.75	12.45	0.00645094028770905	0.800455700139875	0.00176673452537051	9.16269286947322	0.602580376115084
2.85	12.45	0.00940678277032719	0.80055452574971	0.00199578799645829	9.11441517150812	0.603762713108131
2.95	12.45	0.0132255165009696	0.800669234738799	0.00223915118513102	9.06602387516512	0.605290206600388
3.05	12.45	0.0180808941010763	0.800802016257237	0.00249399264367694	9.0174877223965	0.60723235764043
3.15	12.45	0.0241771786023757	0.800955246845105	0.00275583946056104	8.96876929609713	0.60967087144095
3.25	12.45	0.0317576476403698	0.801131361742041	0.00301803603629114	8.91982390593785	0.612703059056148
3.35	12.45	0.0411156465027288	0.801332597014432	0.00327109975768683	8.87059816910377	0.616446258601091
3.45	12.45	0.052608090326611	0.80156052380867	0.00350201277164031	8.82102820989743	0.621043236130644
3.55	12.45	0.0666704069973185	0.801815271607679	0.00369355483771	8.77103742100538	0.626668162798927
3.65	12.45	0.0838302145097898	0.802094332807008	0.00382388899573015	8.7205337895084	0.633532085803916
3.75	12.45	0.104714232754189	0.802390898742919	0.00386676095654202	8.66940692212419	0.641885693101676
3.85	12.45	0.130038968787799	0.802691870735908	0.00379283461336464	8.6175251421375	0.65201558751512
3.95	12.45	0.160571285056496	0.802976102119273	0.00357276598666177	8.56473340006236	0.664228514022599
4.05	12.45	0.197042389245393	0.803214056825066	0.00318243520148971	8.51085321780537	0.678816955698157
4.15	12.45	0.24000279744848	0.803370625867667	0.00261008686342728	8.45568633619966	0.696001118979392
4.25	12.45	0.289622788174095	0.803412554935273	0.00186390152925591	8.3990238472114	0.715849115269638
4.35	12.45	0.345476102959685	0.803319845796832	0.00097714700660974	8.34066190320435	0.738190441183874
4.45	12.45	0.406385071835973	0.803096742401468	7.58761493575612e-06	8.28042324128692	0.762554028734389
4.55	12.45	0.470424624572268	0.802775227893166	-0.000970628741393063	8.21818097229838	0.788169849828907
4.65	12.45	0.535145684271659	0.802406411402429	-0.00188096672087056	8.15387859551403	0.814058273708663
4.75	12.45	0.597981373405676	0.802043005494487	-0.00265949058581666	8.08753985709302	0.839192549362271
4.85	12.45	0.656697797026732	0.801722779720646	-0.00326536150907089	8.01926489304921	0.862679118810693
4.95	12.45	0.709724197583634	0.801461590836093	-0.00368391539091963	7.94921395731643	0.883889679033453
5.05	12.45	0.75626807653331	0.801256915771866	-0.00392303855678988	7.87758416786412	0.902507230613324
5.15	12.45	0.796230545158898	0.801096531391996	-0.00400586673310761	7.80458592579421	0.918492218063559
5.25	12.45	0.830008708219715	0.800966466870633	-0.00396300514489808	7.73042398237254	0.932003483287886
5.35	12.45	0.858278516432306	0.800855493297903	-0.00382630426542839	7.65528521889628	0.943311406572922
5.45	12.45	0.881817543780193	0.800756375760428	-0.0036248744268398	7.57933275854641	0.952727017512077
5.55	12.45	0.901387811327414	0.800665289733472	-0.00338312392716637	7.5027047727286	0.960555124530966
5.65	12.45	0.917673157330586	0.800580655179625	-0.00312024034993667	7.42551612970299	0.967069262932235
5.75	12.45	0.931255604482218	0.800502077651957	-0.00285052233754609	7.34786138449311	0.972502241792887
5.85	12.45	0.942615015010812	0.800429624199312	-0.00258410861310081	7.26981811729124	0.977046006004325
5.95	12.45	0.952140191730341	0.800363420147659	-0.00232781492310837	7.1914500716286	0.980856076692137
6.05	12.45	0.960143945562792	0.800303472610983	-0.00208592196086514	7.1128098530803	0.984057578225117
6.15	12.45	0.966878074058892	0.800249626386327	-0.00186084598215302	7.03394113285385	0.986751229623557
6.25	12.45	0.972546434288099	0.800201583905293	-0.00165367540157338	6.95488039317147	0.989018573715239
6.35	12.45	0.9773155720262	0.800158947935523	-0.00146458257164268	6.87565828768763	0.99092622881048
6.45	12.45	0.981323005038428	0.800121265648439	-0.00129313030722974	6.79630069611351	0.992529202015371
6.55	12.45	0.984683515302453	0.800088065015995	-0.00113849469970307	6.71682954412702	0.993873406120981
6.65	12.45	0.987493862736683	0.800058881188501	-0.000999623839188162	6.637263446754	0.994997545094673
6.75	12.45	0.989836299423106	0.800033273622734	-0.000875348734503778	6.55761822031375	0.995934519769242
6.85	12.45	0.991781197274599	0.800010835851601	-0.000764459250424351	6.47790729666479	0.996712478909839
6.95	12.45	0.993389032385696	0.799991199917816	-0.000665754814278539	6.39814206440071	0.997355612954278
7.05	12.45	0.994711907974582	0.799974037212298	-0.000578077144415412	6.31833215472728	0.997884763189833
7.15	12.45	0.995794748395514	0.799959057060889	-0.000500330312031503	6.23848568465217	0.998317899358205
7.25	12.45	0.996676258822684	0.799946004025626	-0.00043149198258561	6.15860946644666	0.998670503529074
7.35	12.45	0.997389717086681	0.799934654578592	-0.00037061859989993	6.07870918974319	0.998955886834673
7.45	12.45	0.997963643714066	0.79992481357587	-0.000316846483150456	5.99878958082574	0.999185457485626
7.55	12.45	0.998422381615429	0.799916310794427	-0.000269390233132854	5.9188545424317	0.999368952646171
7.65	12.45	0.998786606575946	0.799908997683492	-0.000227539430231908	5.83890727654724	0.999514642630378
7.75	12.45	0.999073782562842	0.799902744408585	-0.000190654309476919	5.75895039212314	0.999629513025137
7.85	12.45	0.999298571007701	0.799897437219445	-0.000158160886579782	5.67898599927477	0.99971942840308
7.95	12.45	0.999473200007228	0.7998929761447	-0.000129545857673693	5.59901579129644	0.999789280002891
8.05	12.45	0.99960779734112	0.799889272998412	-0.00010435148889551	5.51904111566951	0.999843118936448
8.15	12.45	0.999710689981716	0.799886249674945	-8.21706374879965e-05	5.4390630351453	0.999884275992686
8.25	12.45	0.999788672108253	0.79988383670339	-6.26419931056005e-05	5.35908237991394	0.999915468843301
8.35	12.45	0.999847243346888	0.799881972031054	-4.54455924337604e-05	5.27909979181559	0.999938897338755
8.45	12.45	0.999890818894492	0.799880600006243	-3.02986351031539e-05	5.19911576150017	0.999956327557797
8.55	12.45	0.999922913246557	0.799879670531287	-1.69516122261078e-05	5.11913065939086	0.999969165298623
8.65	12.45	0.99994629936453	0.799879138359561	-5.18474777369974e-06	5.03914476125282	0.999978519745812
8.75	12.45	0.999963145236433	0.799878962512259	5.19525469632698e-06	4.95915826910968	0.999985258094573
8.85	12.45	0.999975129875922	0.799879105793726	1.43581716759193e-05	4.87917132818867	0.999990051950369
8.95	12.45	0.999983540852586	0.799879534387081	2.24529408601731e-05	4.79918404051014	0.999993416341034
9.05	12.45	0.999989355443985	0.799880217514209	2.96100801912135e-05	4.71919647567184	0.999995742177594
9.15	12.45	0.999993307448866	0.799881127147218	3.59438625950218e-05	4.63920867931312	0.999997322979546
9.25	12.45	0.999995941607111	0.799882237760529	4.15542638930822e-05	4.55922067968126	0.999998376642844
9.35	12.45	0.999997657443759	0.799883526115063	4.65287018743656e-05	4.47923249266269	0.999999062977504
9.45	12.45	0.99999874420162	0.799884971067667	5.09435837736394e-05	4.39924412558684	0.999999497680648
9.55	12.45	0.999999408359045	0.799886553400639	5.48656790408755e-05	4.31925558006014	0.999999763343618
9.65	12.45	0.999999795055204	0.799888255667314	5.83533334316582e-05	4.239266854043	0.999999918022081
9.75	12.45	1.00000000457197	0.799890062050806	6.14575397004529e-05	4.15927794334372	1.00000000182879
9.85	12.45	1.00000010485531	0.799891958233874	6.42228794163525e-05	4.07928884266906	1.00000004194213
9.95	12.45	1.00000014090403	0.799893931278216	6.6688349178104e-05	3.99929954634289	1.00000005636161
10.05	12.45	1.00000014171276	0.799895969512266	6.88880838524217e-05	3.91931004878015	1.0000000566851
10.15	12.45	1.00000012533105	0.799898062426736	7.08519882299813e-05	3.83932034478366	1.00000005013242
10.25	12.45	1.00000010249116	0.799900200577245	7.26062877327482e-05	3.75933042971522	1.00000004099646
10.35	12.45	1.0000000791641	0.799902375493788	7.41740076342083e-05	3.67934029957979	1.00000003166564
10.45	12.45	1.00000005832561	0.799904579596627	7.55753895269853e-05	3.59934995105109	1.00000002333024
10.55	12.45	1.00000004114872	0.799906806118218	7.68282528296593e-05	3.5193593814596	1.00000001645949
10.65	12.45	1.00000002778812	0.799909049031268	7.79483081654465e-05	3.43936858875752	1.00000001111525
10.75	12.45	1.00000001787913	0.799911302982105	7.89494289923085e-05	3.35937757147091	1.00000000715165
10.85	12.45	1.0000000108419	0.799913563229554	7.98438867691707e-05	3.27938632864605	1.00000000433676
10.95	12.45	1.00000000605608	0.799915825588797	8.06425545936334e-05	3.19939485979435	1.00000000242243
11.05	12.45	1.00000000295193	0.79991808637994	8.13550834835231e-05	3.11940316483879	1.00000000118077
11.15	12.45	1.00000000104993	0.799920342381	8.19900550639987e-05	3.03941124406323	1.00000000041997
11.25	12.45	0.9999999999703	0.799922590785019	8.25551137936859e-05	2.95941909806574	0.99999999998812
11.35	12.45	0.999999999426447	0.799924829161011	8.30570816316883e-05	2.87942672771593	0.999999999770579
11.45	12.45	0.999999999211265	0.799927055418352	8.35020574229648e-05	2.7994341341164	0.999999999684506
11.55	12.45	0.999999999181584	0.799929267774473	8.38955032521647e-05	2.71944131856817	0.999999999672634
11.65	12.45	0.999999999243722	0.799931464725447	8.42423195128524e-05	2.63944828253955	0.999999999697489
11.75	12.45	0.999999999341543	0.799933645019324	8.45469101647927e-05	2.55945502763835	0.999999999736617
11.85	12.45	0.999999999447386	0.799935807631844	8.48132396703693e-05	2.47946155558689	0.999999999778954
11.95	12.45	0.99999999955549	0.799937951744409	8.5044882641497e-05	2.39946786819963	0.999999999822196
12.05	12.45	0.999999999676917	0.79994007672408	8.52450672160838e-05	2.31947396736301	0.999999999870767
12.15	12.45	0.999999999834504	0.799942182105315	8.54167130233534e-05	2.2394798550174	0.999999999933802
12.25	12.45	1.00000000005591	0.79994426757347	8.55624644201342e-05	2.1594855331409	1.00000000002236
12.35	12.45	1.00000000036269	0.799946332949789	8.5684719582091e-05	2.07949100373508	1.00000000014508
12.45	12.45	1.00000000075367	0.799948378177882	8.57856560014053e-05	1.99949626881244	1.00000000030147
12.55	12.45	1.00000000118211	0.79995040331168	8.58672527511209e-05	1.91950133038592	1.00000000047284
12.65	12.45	1.00000000152894	0.799952408504857	8.59313099070928e-05	1.83950619046028	1.00000000061158
12.75	12.45	1.00000000157849	0.799954394001778	8.59794654773785e-05	1.75951085102535	1.00000000063139
12.85	12.45	1.00000000100934	0.799956360129912	8.60132102074137e-05	1.67951531405086	1.00000000040373
12.95	12.45	0.999999999420144	0.799958307293608	8.60339006447811e-05	1.59951958148177	0.999999999768057
13.05	12.45	0.999999996416148	0.799960235968742	8.6042771079611e-05	1.51952365523263	0.999999998566459
13.15	12.45	0.999999991783948	0.799962146697386	8.6040944954332e-05	1.43952753717852	0.999999996713579
13.25	12.45	0.999999985773472	0.799964040081118	8.60294465469722e-05	1.3595312291393	0.999999994309389
13.35	12.45	0.999999979480465	0.799965916770941	8.60092137302251e-05	1.27953473285377	0.999999991792186
13.45	12.45	0.999999975272648	0.799967777451514	8.5981112178792e-05	1.19953804994147	0.999999990109059
13.55	12.45	0.999999977123674	0.799969622817708	8.59459510237557e-05	1.11954118185279	0.99999999084947
13.65	12.45	0.999999990614127	0.799971453542715	8.59044984237846e-05	1.03954412981406	0.999999996245651
13.75	12.45	1.00000002224594	0.799973270240313	8.58574939234101e-05	0.959546894783892	1.00000000889837
13.85	12.45	1.00000007763563	0.799975073429203	8.5805651997481e-05	0.87954947744978	1.00000003105425
13.95	12.45	1.00000015817187	0.799976863515054	8.57496487999443e-05	0.799551878307203	1.00000006326875
14.05	12.45	1.00000025594268	0.799978640815244	8.56900826466447e-05	0.719554097873668	1.00000010237707
14.15	12.45	1.00000034727602	0.799980405659513	8.5627399603155e-05	0.639556137087562	1.00000013891041
14.25	12.45	1.00000038620071	0.799982158602633	8.55617810825371e-05	0.559557997915453	1.00000015448028
14.35	12.45	1.00000030056077	0.799983900775314	8.54930028121564e-05	0.479559684126908	1.00000012022431
14.45	12.45	0.999999995281887	0.79998563436802	8.54202959817276e-05	0.399561202080306	0.999999998112755
14.55	12.45	0.999999368993076	0.79998736317925	8.5342272268694e-05	0.319562561191864	0.99999974759723
14.65	12.45	0.999998351047746	0.79998909305922	8.52570112667152e-05	0.239563773548034	0.999999340419099
14.75	12.45	0.999996964680148	0.799990832274066	8.51624426099411e-05	0.159564851916485	0.999998785872059
14.85	12.45	0.999995416849076	0.799993233069838	8.50571720596136e-05	0.0795658052433661	0.99999816673963
14.95	12.45	0.999994204365216	0.399992540947359	8.49644167550423e-05	-0.000433497922089787	0.999997681746086
0.05	12.55	-4.63956951293419e-06	0.399999016096981	-9.64593641594836e-05	10.4590718904462	0.599998144172195
0.15	12.55	-5.1593815544982e-06	0.79999736960184	-9.49228507535501e-05	10.4110721569835	0.599997936247378
0.25	12.55	-5.41381565086648e-06	0.799995868739205	-9.18036940628047e-05	10.3630725363026	0.59999783447374
0.35	12.55	-4.63412955575242e-06	0.799994575944044	-8.70485562309525e-05	10.3150729992328	0.599998146348178
0.45	12.55	-2.02499940649994e-06	0.799993600301597	-8.05658268846451e-05	10.2670734837934	0.599999190000237
0.55	12.55	3.17209467529326e-06	0.799993033463388	-7.22218666609755e-05	10.2190738968235	0.60000126883787
0.65	12.55	1.15327975207406e-05	0.799992971441438	-6.18327533298085e-05	10.1710741167997	0.600004613119008
0.75	12.55	2.32741952299123e-05	0.799993530563189	-4.91510037850967e-05	10.1230740021984	0.600009309678092
0.85	12.55	3.82745147585095e-05	0.799994613348384	-3.38440326595536e-05	10.0750734036424	0.600015309805903
0.95	12.55	5.43315873743753e-05	0.799996428166348	-1.54919158106852e-05	10.0270721990972	0.60002173263495
1.05	12.55	6.72659695951258e-05	0.799999163544933	6.45572241790831e-06	9.97907035511569	0.600026906387838
1.15	12.55	7.07384438894888e-05	0.8000032350899	3.26627245205651e-05	9.93106799451989	0.600028295377556
1.25	12.55	5.77622413116699e-05	0.800009054441767	6.38578286912451e-05	9.8830654396982	0.600023104896525
1.35	12.55	2.18288825623599e-05	0.800017154029837	0.000100843594433221	9.83506321124001	0.600008731553025
1.45	12.55	-4.15199234857031e-05	0.800028179544919	0.000144462887645892	9.78706198422101	0.599983392030606
1.55	12.55	-0.000132668972270001	0.800042850516619	0.00019555662560808	9.73906248715461	0.599946932411092
1.65	12.55	-0.00024574258250937	0.800061902665043	0.000254921919200096	9.69106533352582	0.599901702966996
1.75	12.55	-0.000366682827239734	0.800086015665025	0.000323285381994842	9.64307078768137	0.599853326869104
1.85	12.55	-0.000472110361360396	0.800115734130644	0.000401314184573244	9.5950784819811	0.599811155855456
1.95	12.55	-0.000529583205975936	0.800151375867606	0.000489681294277427	9.54708711913751	0.59978816671761
2.05	12.55	-0.000500363398839222	0.800192738444785	0.000589145959854659	9.49909421673969	0.599799854640464
2.15	12.55	-0.000348454542561429	0.800241435766151	0.000700522205911823	9.45109602162778	0.599860618182975
2.25	12.55	-3.71670388915632e-05	0.800299223445241	0.000825028031984132	9.40308755240663	0.599985133184443
2.35	12.55	0.000478509699892198	0.800369499288323	0.000963727455870857	9.35506249453924	0.600191403879957
2.45	12.55	0.00127165662393555	0.80045172569219	0.00111727804607302	9.30701257387822	0.600508662649574
2.55	12.55	0.0024284216070011	0.800547454333111	0.00128626528766288	9.25892685563583	0.6009713686428
2.65	12.55	0.00404707634975086	0.800658413206027	0.00147083826620609	9.21079135418539	0.6016188305399
2.75	12.55	0.00623957038788589	0.800786436783485	0.00167070898295807	9.16258862016617	0.602495828155154
2.85	12.55	0.00913390263223971	0.800933519648941	0.00188501490366033	9.11429725688514	0.603653561052896
2.95	12.55	0.0128772977818161	0.801101839390808	0.00211208859091649	9.06589134609411	0.605150919112726
3.05	12.55	0.0176405979889911	0.801293732859568	0.00234915022347667	9.01733975419944	0.607056239195596
3.15	12.55	0.023624368160391	0.801511616896768	0.0025919171041477	8.9686052743064	0.609449747264156
3.25	12.55	0.0310671974402019	0.801757826605448	0.00283412169374908	8.91964354394285	0.612426878976081
3.35	12.55	0.0402565411033797	0.802034321575408	0.00306694236576453	8.87040166583936	0.616102616441352
3.45	12.55	0.0515420593073429	0.802342184876504	0.00327838166593268	8.82081645537368	0.620616823722937
3.55	12.55	0.0653505577786069	0.80268081544601	0.00345268376590945	8.77081225441592	0.626140223111443
3.65	12.55	0.0822000247850894	0.803046708734499	0.00356997565306834	8.72029830664945	0.632880009914036
3.75	12.55	0.102707575579365	0.803431773219569	0.00360644707945129	8.66916581287927	0.641083030231746
3.85	12.55	0.127582249269671	0.803821312486749	0.00353552771807161	8.61728501176905	0.651032899707869
3.95	12.55	0.157589147361479	0.804192199029331	0.00333059693828332	8.56450298917984	0.663035658944592
4.05	12.55	0.19346849211953	0.804512389149033	0.00296961569514621	8.51064339114534	0.677387396847812
4.15	12.55	0.23579631030882	0.804743521340809	0.00244150096985402	8.455509678887	0.694318524123528
4.25	12.55	0.284788953532896	0.804848169762488	0.00175298976171001	8.39889372466424	0.713915581413158
4.35	12.55	0.340085506677556	0.804801398717579	0.000933492671591245	8.34059094941658	0.736034202671022
4.45	12.55	0.400582823392847	0.804602540249632	3.49247118395817e-05	8.28042145386218	0.760233129357139
4.55	12.55	0.46442082971444	0.804280087971459	-0.000875249503927756	8.21825384838399	0.785768331885776
4.65	12.55	0.529185025066967	0.803884439277967	-0.00172650999784969	8.15402588964359	0.811674010026787
4.75	12.55	0.592300174662821	0.803470785580566	-0.00245903415537539	8.08775542751986	0.836920069865128
4.85	12.55	0.651484315851253	0.803081716279859	-0.00303367316309792	8.01953772488552	0.860593726340501
4.95	12.55	0.705095873485693	0.802738735985938	-0.00343526109588966	7.9495300106295	0.882038349394277
5.05	12.55	0.752269875038995	0.802444526047304	-0.0036696832491939	7.87792845543271	0.900907950015598
5.15	12.55	0.792848974564993	0.802191039296946	-0.00375736239201814	7.80494428054068	0.917139589825997
5.25	12.55	0.827192235943154	0.80196742689677	-0.00372611176540384	7.73078422380663	0.930876894377262
5.35	12.55	0.855956782813202	0.801764734161108	-0.00360530246250033	7.65563769153281	0.942382713125281
5.45	12.55	0.87991559892671	0.8015773656596	-0.00342205259357264	7.57967037927072	0.951966239570684
5.55	12.55	0.89983480384017	0.801402650753583	-0.0031992908176061	7.50302277400422	0.959933921536068
5.65	12.55	0.91640656623563	0.801239773985843	-0.00295518146132057	7.42581166200677	0.966562626494252
5.75	12.55	0.930222527154633	0.801088786301641	-0.00270336773361557	7.34813309052984	0.972089010861853
5.85	12.55	0.94177180857144	0.800949941434868	-0.00245360922057325	7.2700657414486	0.976708723428576
5.95	12.55	0.951451364177646	0.800823348793912	-0.00221253862116572	7.19167413219809	0.980580545671058
6.05	12.55	0.959580828700705	0.800708848274063	-0.00198438563364977	7.11301138282769	0.983832331480282
6.15	12.55	0.966417551183278	0.800606010925599	-0.00177159954012262	7.03412148225378	0.986567020473311
6.25	12.55	0.972169836632895	0.800514196063035	-0.00157535144569861	6.95504108614997	0.988867934653158
6.35	12.55	0.977007771712588	0.800432623426954	-0.00139592245704667	6.87580091900025	0.990803108685035
6.45	12.55	0.98107169153473	0.800360439675782	-0.00123299462176415	6.79642686053795	0.992428676613892
6.55	12.55	0.984478627176427	0.800296771208178	-0.00108586389737916	6.71694078932694	0.993791450870571
6.65	12.55	0.987327144068029	0.800240762097489	-0.000953593007071059	6.637361243394	0.994930857627212
6.75	12.55	0.98970095338083	0.800191598966953	-0.000835119170354373	6.55770394452618	0.995880381352332
6.85	12.55	0.991671614268086	0.800148525607921	-0.000729328597162805	6.47798222120931	0.996668645707234
6.95	12.55	0.993300575104152	0.800110850109391	-0.000635106849522498	6.39820735582655	0.997320230041661
7.05	12.55	0.994640739846974	0.800077946829338	-0.000551371882309174	6.31838887458305	0.99785629593879
7.15	12.55	0.995737695367629	0.800049255006826	-0.000477094780980082	6.2385347933363	0.998295078147052
7.25	12.55	0.996630696921346	0.800024275326558	-0.000411311852926438	6.15865182869553	0.998652278768538
7.35	12.55	0.99735348016155	0.800002565353351	-0.000353130715506604	6.07874558104908	0.99894139206462
7.45	12.55	0.997934947160651	0.799983734454882	-0.00030173227993742	5.99882069429133	0.99917397886426
7.55	12.55	0.998399758915763	0.799967438615565	-0.000256369986851874	5.91888099572255	0.999359903566305
7.65	12.55	0.998768856246673	0.799953375393807	-0.000216367256418646	5.83892961871547	0.999507542498669
7.75	12.55	0.999059923650914	0.799941279171294	-0.000181113831756786	5.75896911015502	0.999623969460366
7.85	12.55	0.999287805677826	0.799930916775082	-0.000150061490042009	5.67900152427169	0.99971512227113
7.95	12.55	0.999464882063916	0.799922083506911	-0.000122719449559618	5.59902850423838	0.999785952825566
8.05	12.55	0.999601405751057	0.799914599586375	-9.8649696483421e-05	5.51905135273833	0.999840562300423
8.15	12.55	0.999705806630607	0.79990830699435	-7.7462380651962e-05	5.43907109260375	0.999882322652243
8.25	12.55	0.999784963155424	0.799903066694212	-5.88113780741763e-05	5.35908851854962	0.999913985262169
8.35	12.55	0.999844443641718	0.799898756199921	-4.23900802407541e-05	5.27910424096703	0.999937777456687
8.45	12.55	0.999888718998984	0.799895267458756	-2.79274454777969e-05	5.1991187226877	0.999955487599594
8.55	12.55	0.999921348673551	0.79989250501481	-1.51843297572535e-05	5.11913230957791	0.99996853946942
8.65	12.55	0.999945141695192	0.799890384420314	-3.95010201727039e-06	5.03914525576453	0.999978056678077
8.75	12.55	0.999962294826424	0.799888830863799	5.9604586651878e-06	4.95915774423634	0.99998491793057
8.85	12.55	0.999974509899021	0.799887777986224	1.47099924030404e-05	4.87916990350084	0.999989803959608
8.95	12.55	0.999983092464844	0.799887166858975	2.24411262824036e-05	4.79918182091173	0.999993236985938
9.05	12.55	0.999989033881573	0.799886945100603	2.92787946120741e-05	4.7191935532159	0.999995613552629
9.15	12.55	0.99999307889938	0.799887066111797	3.53323270188468e-05	4.63920513480394	0.999997231559752
9.25	12.55	0.999995780717567	0.799887488411126	4.06973206296916e-05	4.55921658408461	0.999998312287027
9.35	12.55	0.99999754534925	0.799888175056398	4.54573124579874e-05	4.47922790834472	0.9999990181397
9.45	12.55	0.999998666976815	0.79988909313879	4.96852682808222e-05	4.39923910740023	0.999999466790726
9.55	12.55	0.99999935581065	0.799890213339104	5.34449037703476e-05	4.31925017629468	0.99999974232426
9.65	12.55	0.999999759787336	0.799891509537046	5.67918530923305e-05	4.23926110725634	0.999999903914934
9.75	12.55	0.999999981268346	0.799892958466213	5.97746996579175e-05	4.15927189108626	0.999999992507338
9.85	12.55	1.00000008973232	0.799894539408406	6.24358824596456e-05	4.07928251811583	1.00000003589293
9.95	12.55	1.00000013129745	0.799896233922071	6.48124913392435e-05	3.99929297884375	1.00000005251898
10.05	12.55	1.00000013576814	0.799898025600794	6.69369627728168e-05	3.91930326433859	1.00000005430726
10.15	12.55	1.00000012177381	0.79989989985789	6.88376874867489e-05	3.83931336647314	1.00000004870952
10.25	12.55	1.00000010045741	0.799901843734207	7.05395398571169e-05	3.75932327804121	1.00000004018297
10.35	12.55	1.00000007807755	0.79990384572648	7.20643385978729e-05	3.67933299279438	1.00000003123102
10.45	12.55	1.00000005780868	0.799905895633936	7.3431246745212e-05	3.59934250542663	1.00000002312347
10.55	12.55	1.00000004095927	0.799907984421204	7.46571187184266e-05	3.51935181152658	1.00000001638371
10.65	12.55	1.00000002777485	0.799910104095747	7.5756801082126e-05	3.43936090751156	1.00000001110994
10.75	12.55	1.00000001795056	0.799912247598357	7.67433929134962e-05	3.35936979055301	1.00000000718022
10.85	12.55	1.00000001094515	0.79991440870526	7.76284711480071e-05	3.27937845849962	1.00000000437806
10.95	12.55	1.00000000616246	0.79991658194065	7.84222855655332e-05	3.19938690980225	1.00000000246498
11.05	12.55	1.0000000030475	0.799918762498541	7.91339273953853e-05	3.11939514344291	1.000000001219
11.15	12.55	1.00000000112932	0.799920946172954	7.97714752436338e-05	3.03940315886919	1.00000000045173
11.25	12.55	1.00000000003278	0.79992312929548	8.03421213347401e-05	2.95941095593447	1.00000000001311
11.35	12.55	0.999999999473579	0.799925308679613	8.0852280860336e-05	2.87941853484404	0.999999999789432
11.45	12.55	0.999999999245477	0.799927481570801	8.13076867100408e-05	2.79942589610679	0.999999999698191
11.55	12.55	0.999999999205421	0.799929645601962	8.17134716194936e-05	2.71943304049215	0.999999999682168
11.65	12.55	0.999999999259487	0.799931798753551	8.20742395068621e-05	2.63943996899161	0.999999999703795
11.75	12.55	0.9999999993512	0.799933939317872	8.239412746075e-05	2.55944668278452	0.99999999974048
11.85	12.55	0.999999999452623	0.799936065867056	8.26768596779419e-05	2.47945318320757	0.999999999781049
11.95	12.55	0.999999999557871	0.799938177224348	8.29257944869477e-05	2.3994594717275	0.999999999823148
12.05	12.55	0.999999999678082	0.799940272438304	8.31439653492161e-05	2.31946554991673	0.999999999871233
12.15	12.55	0.999999999836348	0.799942350759627	8.33341167134642e-05	2.23947141943162	0.999999999934539
12.25	12.55	1.00000000006065	0.79994441162025	8.34987353318934e-05	2.15947708199301	1.00000000002426
12.35	12.55	1.00000000037275	0.799946454614667	8.36400776381125e-05	2.07948253936909	1.0000000001491
12.45	12.55	1.00000000077115	0.799948479483141	8.37601937255674e-05	1.99948779336045	1.00000000030846
12.55	12.55	1.00000000120791	0.799950486096832	8.38609481951402e-05	1.91949284578734	1.00000000048316
12.65	12.55	1.00000000156123	0.799952474444797	8.394403836518e-05	1.83949769847921	1.00000000062449
12.75	12.55	1.00000000161079	0.799954444622774	8.40110100839945e-05	1.75950235326635	1.00000000064432
12.85	12.55	1.00000000102852	0.799956396823802	8.40632715005051e-05	1.67950681197318	1.00000000041141
12.95	12.55	0.999999999405005	0.799958331330347	8.41021052583835e-05	1.59951107641241	0.999999999762002
13.05	12.55	0.99999999633792	0.79996024850757	8.41286796005803e-05	1.51951514837821	0.999999998535168
13.15	12.55	0.999999991610391	0.79996214879676	8.41440589967869e-05	1.43951902963602	0.999999996644157
13.25	12.55	0.999999985478611	0.799964032707481	8.41492151428398e-05	1.35952272190567	0.999999994191445
13.35	12.55	0.999999979061715	0.799965900806424	8.41450389769466e-05	1.27952622683434	0.999999991624686
13.45	12.55	0.99999997477586	0.799967753700553	8.41323542225808e-05	1.19952954595694	0.999999989910344
13.55	12.55	0.999999976673833	0.79996959201249	8.41119323068309e-05	1.11953268064465	0.999999990669533
13.65	12.55	0.999999990444795	0.799971416347413	8.4084507254726e-05	1.03953563204852	0.999999996177918
13.75	12.55	1.00000002271386	0.799973227254107	8.40507874655308e-05	0.959538401054648	1.00000000908555
13.85	12.55	1.00000007919918	0.799975025188155	8.40114588629682e-05	0.879540988280368	1.00000003167967
13.95	12.55	1.00000016130493	0.799976810493326	8.39671716949868e-05	0.799543394154736	1.00000006452197
14.05	12.55	1.00000026095336	0.799978583426516	8.39185016768061e-05	0.719545619136495	1.00000010438134
14.15	12.55	1.00000035400763	0.799980344260086	8.3865877154587e-05	0.639547664120315	1.00000014160305
14.25	12.55	1.00000039361848	0.799982093498283	8.38094692589308e-05	0.559549531055218	1.00000015744739
14.35	12.55	1.00000030627898	0.799983832234386	8.37490542504315e-05	0.479551223733354	1.00000012251159
14.45	12.55	0.999999995167929	0.799985562642972	8.36838781634881e-05	0.399552748589501	0.999999998067172
14.55	12.55	0.999999357093696	0.799987288537489	8.36125839324145e-05	0.31955411517743	0.999999742837478
14.65	12.55	0.99999832020153	0.799989015820859	8.35332970300059e-05	0.239555335773523	0.999999328080612
14.75	12.55	0.999996908269167	0.79999075285059	8.34439984286337e-05	0.159556423349784	0.999998763307667
14.85	12.55	0.999995332133545	0.799993163116357	8.33433298295862e-05	0.0795573869892356	0.999998132853418
14.95	12.55	0.999994097640125	0.399992427154636	8.32538932718386e-05	-0.000441907054400909	0.99999763905605
0.05	12.65	-4.68562330151981e-06	0.399999774977319	-9.54276719851672e-05	10.4590776245411	0.599998125750679
0.15	12.65	-5.22921071520355e-06	0.79999966945487	-9.39925315160902e-05	10.4110778014869	0.599997908315714
0.25	12.65	-5.52662492999939e-06	0.799999755112784	-9.10776579270381e-05	10.3630779988854	0.599997789350028
0.35	12.65	-4.80382762848248e-06	0.800000124261152	-8.6637286146454e-05	10.3150781845932	0.599998078468949
0.45	12.65	-2.25369090814292e-06	0.800000918822469	-8.0590223888428e-05	10.2670782914415	0.599999098523637
0.55	12.65	2.90871185162591e-06	0.800002263847757	-7.28152575446129e-05	10.2190782185996	0.600001163484741
0.65	12.65	1.13107289194055e-05	0.800004291750673	-6.31390506765963e-05	10.1710778336568	0.600004524291568
0.75	12.65	2.3231692082976e-05	0.800007146652583	-5.13196511890579e-05	10.1230769797406	0.600009292676833
0.85	12.65	3.83363901835182e-05	0.80001091172382	-3.70673257509857e-05	10.0750754892649	0.600015334556073
0.95	12.65	5.47461894112818e-05	0.800015752501708	-1.99919143397397e-05	10.0270732168258	0.600021898475764
1.05	12.65	6.86325388602733e-05	0.800021800752328	4.35400096151053e-07	9.97907009520058	0.600027453015544
1.15	12.65	7.3309152792946e-05	0.800029722838932	2.48207953350522e-05	9.93106620820078	0.600029323661117
1.25	12.65	6.17483614848892e-05	0.800040014208308	5.38398269070887e-05	9.88306183657382	0.600024699344594
1.35	12.65	2.73412328176482e-05	0.800053321491337	8.8235669777941e-05	9.83505745448355	0.600010936493127
1.45	12.65	-3.45927560292349e-05	0.800070428191038	0.000128789095908026	9.78705368812648	0.599986162897588
1.55	12.65	-0.000124783383516607	0.800092215292038	0.000176278136084493	9.7390512173257	0.599950086646593
1.65	12.65	-0.000237805763209331	0.800119604617451	0.000231437592024336	9.691050609449	0.599904877694716
1.75	12.65	-0.000360126045585773	0.800153491819283	0.000294929286232463	9.64305208672303	0.599855949581766
1.85	12.65	-0.000468937823354222	0.800194677366444	0.000367333478612263	9.59505524303364	0.599812424870658
1.95	12.65	-0.000532465597730018	0.800243783853456	0.000449161843926859	9.54705874488381	0.599787013760908
2.05	12.65	-0.000512651154456611	0.800301132068535	0.000540909128960579	9.49906007728159	0.599794939538217
2.15	12.65	-0.000370913933779365	0.8003674800534	0.000643564016483523	9.45105543119405	0.599851634426488
2.25	12.65	-7.01515047454957e-05	0.800444277773735	0.000758283409674877	9.40303972921274	0.599971939398102
2.35	12.65	0.000426178855707165	0.800538847210251	0.00088574393454114	9.35500661019944	0.600170471542283
2.45	12.65	0.00119582713212102	0.800648192629204	0.00102651387317634	9.30694777388487	0.600478330852848
2.55	12.65	0.00232389508065829	0.800774383847742	0.00118107849981738	9.25885223230038	0.600929558032263
2.65	12.65	0.00390719655096934	0.800919443548148	0.0013495568717677	9.21070597474143	0.601562878620388
2.75	12.65	0.00605619318630499	0.801085495678527	0.00153161968133842	9.16249155127751	0.602422477274522
2.85	12.65	0.0088972473442528	0.80127475623103	0.00172637981149596	9.11418759316392	0.603558898937701
2.95	12.65	0.012575630347828	0.801489537324539	0.00193220765422832	9.06576824954745	0.605030252139131
3.05	12.65	0.0172597521003684	0.801732212519236	0.00214647105816066	9.0172025099945	0.606903900840147
3.15	12.65	0.0231470953358315	0.802005122862242	0.0023651987809219	8.96845336831575	0.609258838134333
3.25	12.65	0.0304723269322665	0.802310396917847	0.00258266453977906	8.91947676834621	0.612188930772907
3.35	12.65	0.0395179411789544	0.802649638917245	0.0027908976564724	8.87022025973545	0.615807176471582
3.45	12.65	0.0506274339217693	0.803023414477635	0.00297915102350468	8.82062128701505	0.620250973568708
3.55	12.65	0.0642202055517145	0.803430438995408	0.00313340478941259	8.77060504905581	0.625688082220686
3.65	12.65	0.0808058559538024	0.803866366003797	0.00323606275648638	8.72008191715664	0.632322342381521
3.75	12.65	0.1009929493321	0.804322119326851	0.00326610978951418	8.66894451662004	0.64039717973284
3.85	12.65	0.125483549579223	0.804781882198304	0.00320012271594035	8.61706479407222	0.650193419831689
3.95	12.65	0.155040364874273	0.805221234785285	0.00301459860971034	8.56429174006961	0.662016145949709
4.05	12.65	0.190410163403334	0.805606543659256	0.00268995104332369	8.51045090267818	0.676164065361334
4.15	12.65	0.232189517824355	0.805897327158485	0.00221605261479566	8.45534730125937	0.692875807129742
4.25	12.65	0.280633187837645	0.806053253629864	0.00159828725134077	8.39877355080838	0.712253275135058
4.35	12.65	0.335436005763643	0.806045666724756	0.000861977024480367	8.34052448764417	0.734174402305457
4.45	12.65	0.395559845898636	0.805869875101594	5.25304913825183e-05	8.2804179320582	0.758223938359455
4.55	12.65	0.459203058328825	0.805551157541988	-0.000770357740968901	8.21831852193259	0.78368122333153
4.65	12.65	0.523984453075935	0.805138726972395	-0.00154355261838557	8.15415886914877	0.809593781230374
4.75	12.65	0.587325005836746	0.804689154542016	-0.00221272949859611	8.08795146108759	0.834930002334698
4.85	12.65	0.646903405056288	0.804248438150085	-0.00274154797607484	8.01978704606647	0.858761362022515
4.95	12.65	0.70101725179337	0.803842338109584	-0.00311500992442407	7.94981996473302	0.880406900717348
5.05	12.65	0.748737813852169	0.803477579550177	-0.00333718650948214	7.87824537825097	0.899495125540868
5.15	12.65	0.789855392447463	0.803149434558765	-0.00342557826450369	7.80527513199255	0.915942156978985
5.25	12.65	0.824694382172365	0.802849606739909	-0.0034047429186496	7.73111769369394	0.929877752868946
5.35	12.65	0.853894291423265	0.802571081257795	-0.00330099357244278	7.65596473490573	0.941557716569306
5.45	12.65	0.878223325054001	0.802309745816501	-0.00313886752740382	7.57998429533528	0.9512893300216
5.55	12.65	0.898450764417382	0.802064054313177	-0.00293927946919316	7.50331899538097	0.959380305766953
5.65	12.65	0.915275876104516	0.801834011490129	-0.00271892054240957	7.42608740440573	0.966110350441806
5.75	12.65	0.929298658811828	0.801620221412767	-0.00249042008225666	7.34838696843387	0.971719463524731
5.85	12.65	0.941016340236544	0.801423259904682	-0.00226288553469525	7.27029741074074	0.976406536094617
5.95	12.65	0.950833030240712	0.801243366344184	-0.00204256695897532	7.19188398725419	0.980333212096285
6.05	12.65	0.9590743596362	0.801080358411754	-0.00183350325717602	7.11320031480565	0.98362974385448
6.15	12.65	0.966002554503528	0.800933670581306	-0.00163808384035252	7.03429069438303	0.986401021801411
6.25	12.65	0.971829824902722	0.80080244460163	-0.00145750536099993	6.9551919572878	0.988731929961089
6.35	12.65	0.976729364276721	0.800685629481422	-0.00129212714077667	6.87593490577709	0.990691745710688
6.45	12.65	0.980843978976621	0.800582070148162	-0.00114173926396554	6.79654542920259	0.992337591590649
6.55	12.65	0.984292673383516	0.800490577266822	-0.00100576007059135	6.71704536984124	0.993717069353406
6.65	12.65	0.987175598462733	0.800409977753578	-0.000883378851557545	6.63745319985619	0.994870239385093
6.75	12.65	0.989577748691263	0.800339148623673	-0.00077365715846704	6.55778455737196	0.995831099476505
6.85	12.65	0.991571729661465	0.800277037732857	-0.000675599453369759	6.47805267777082	0.996628691864586
6.95	12.65	0.993219848956285	0.800222674834705	-0.000588201363756796	6.39826874671811	0.997287939582514
7.05	12.65	0.994575720236829	0.800175175824498	-0.000510481763136822	6.31844219406244	0.997830288094732
7.15	12.65	0.995685519416811	0.800133742400776	-0.000441503283971496	6.23858094229984	0.998274207766725
7.25	12.65	0.996588992403701	0.800097658796247	-0.000380384638399965	6.15869161934307	0.998635596961481
7.35	12.65	0.997320284517255	0.800066286757198	-0.000326307200561879	6.07877974253292	0.998928113806902
7.45	12.65	0.997908640297625	0.80003905958993	-0.000278517623614491	5.99884987886598	0.99916345611905
7.55	12.65	0.998379007086293	0.800015475828037	-0.000236327766378103	5.91890578506037	0.999351602834517
7.65	12.65	0.99875256494169	0.79999509288449	-0.00019911284091874	5.83895053015992	0.999501025976676
7.75	12.65	0.999047197928345	0.799977520920185	-0.000166308428998977	5.75898660276071	0.999618879171338
7.85	12.65	0.999277916686604	0.799962417068808	-0.000137406824708195	5.67901600453561	0.999711166674642
7.95	12.65	0.9994572387781	0.799949480094854	-0.000111953022895515	5.59904033146627	0.99978289551124
8.05	12.65	0.999595531116065	0.79993844551938	-8.95405743385348e-05	5.51906084401762	0.999838212446426
8.15	12.65	0.999701317464482	0.799929081219792	-6.98074580409602e-05	5.43907852737409	0.999880526985793
8.25	12.65	0.999781553255742	0.799921183491184	-5.24320703385767e-05	5.35909414277509	0.999912621302297
8.35	12.65	0.99984186963275	0.799914573545059	-3.71293952513276e-05	5.27910827092311	0.9999367478531
8.45	12.65	0.9998867885207	0.799909094414284	-2.36473950363663e-05	5.19912134838158	0.99995471540828
8.55	12.65	0.999919910568817	0.799904608229566	-1.17636424785038e-05	5.11913369782439	0.999967964227527
8.65	12.65	0.999944077897244	0.799900993831408	-1.28220407397836e-06	5.03914555294142	0.999977631158897
8.75	12.65	0.999961513687739	0.799898144681904	7.96922495733978e-06	4.9591570787441	0.999984605475096
8.85	12.65	0.999973940736662	0.799895967042291	1.61419391349944e-05	4.87916838795122	0.999989576294665
8.95	12.65	0.999982681127098	0.799894378384398	2.33686032656343e-05	4.79917955406936	0.999993072450839
9.05	12.65	0.999988739167182	0.799893306006902	2.97654067870247e-05	4.71919062171605	0.999995495666873
9.15	12.65	0.999992869684151	0.799892685829844	3.54340049020693e-05	4.63920161466827	0.99999714787366
9.25	12.65	0.999995633664075	0.799892461344284	4.04632606123949e-05	4.55921254205563	0.99999825346563
9.35	12.65	0.999997443093929	0.799892582696126	4.49308020879055e-05	4.47922340305788	0.999998977237572
9.45	12.65	0.999998596705136	0.799893005886435	4.8904409915142e-05	4.39923419041145	0.999999438682055
9.55	12.65	0.999999308145516	0.799893692072246	5.24432486222726e-05	4.31924489297954	0.999999723258206
9.65	12.65	0.999999727928369	0.7998946069548	5.55989564536988e-05	4.23925549759553	0.999999891171348
9.75	12.65	0.999999960330625	0.799895720243234	5.84166065675411e-05	4.15926599035081	0.99999998413225
9.85	12.65	1.00000007624242	0.799897005184149	6.09355527146346e-05	4.07927635746414	1.00000003049697
9.95	12.65	1.00000012281254	0.799898438148213	6.31901709444179e-05	3.99928658584125	1.00000004912502
10.05	12.65	1.00000013059061	0.799899998266781	6.5210508794435e-05	3.91929666340969	1.00000005223624
10.15	12.65	1.00000011873932	0.799901667111932	6.70228520030633e-05	3.83930657929403	1.00000004749573
10.25	12.65	1.00000009877906	0.799903428414851	6.86502184133918e-05	3.75931632388114	1.00000003951163
10.35	12.65	1.00000007723234	0.799905267817539	7.01127874512204e-05	3.67932588881219	1.00000003089293
10.45	12.65	1.00000005745568	0.799907172653997	7.14282731634346e-05	3.59933526692829	1.00000002298227
10.55	12.65	1.0000000408814	0.799909131757201	7.26122476807717e-05	3.51934445218901	1.00000001635256
10.65	12.65	1.00000002783781	0.799911135288868	7.36784214409956e-05	3.43935343957722	1.00000001113512
10.75	12.65	1.00000001807437	0.799913174589184	7.46388857685163e-05	3.35936222499919	1.00000000722975
10.85	12.65	1.00000001108462	0.799915242044182	7.55043226966667e-05	3.27937080518577	1.00000000443385
10.95	12.65	1.00000000629411	0.79991733096864	7.62841863607332e-05	3.19937917759845	1.00000000251764
11.05	12.65	1.00000000316085	0.799919435502608	7.69868599259039e-05	3.11938734034194	1.00000000126434
11.15	12.65	1.00000000122132	0.79992155052	7.76197911573932e-05	3.03939529208439	1.00000000048853
11.25	12.65	1.0000000001043	0.79992367154771	7.81896097686341e-05	2.95940303198541	1.00000000004172
11.35	12.65	0.999999999527222	0.79992579469412	7.87022288866154e-05	2.87941055963156	0.999999999810889
11.45	12.65	0.999999999284409	0.799927916585695	7.91629329560066e-05	2.79941787497887	0.999999999713764
11.55	12.65	0.999999999232694	0.799930034310916	7.95764538778077e-05	2.7194249783018	0.999999999693078
11.65	12.65	0.999999999277764	0.799932145370399	7.99470370427195e-05	2.63943187014787	0.999999999711105
11.75	12.65	0.999999999362699	0.799934247632735	8.02784987125755e-05	2.55943855129747	0.99999999974508
11.85	12.65	0.999999999459213	0.799936339295088	8.05742758613794e-05	2.47944502272807	0.999999999783685
11.95	12.65	0.999999999561244	0.799938418848247	8.08374695641352e-05	2.39945128558245	0.999999999824498
12.05	12.65	0.999999999679965	0.799940485045343	8.10708828539611e-05	2.31945734114035	0.999999999871986
12.15	12.65	0.999999999838681	0.799942536873975	8.12770536994653e-05	2.23946319079323	0.999999999935473
12.25	12.65	1.00000000006568	0.799944573531288	8.14582838296892e-05	2.15946883602186	1.00000000002627
12.35	12.65	1.00000000038287	0.79994659440175	8.16166639254669e-05	2.07947427837647	1.00000000015315
12.45	12.65	1.00000000078848	0.799948599037325	8.1754095547055e-05	1.99947951945956	1.00000000031539
12.55	12.65	1.00000000123332	0.799950587139958	8.18723102733298e-05	1.91948456091112	1.00000000049333
12.65	12.65	1.00000000159294	0.799952558546283	8.1972886315445e-05	1.83948940439644	1.00000000063718
12.75	12.65	1.00000000164246	0.799954513214422	8.20572629289853e-05	1.75949405159618	1.00000000065698
12.85	12.65	1.00000000104728	0.799956451212873	8.21267529625474e-05	1.67949850419841	1.00000000041891
12.95	12.65	0.999999999390111	0.79995837271116	8.21825539213282e-05	1.59950276389154	0.999999999756044
13.05	12.65	0.999999996261226	0.799960277971788	8.22257580405289e-05	1.51950683235649	0.99999999850449
13.15	12.65	0.99999999144039	0.799962167342495	8.22573620479532e-05	1.43951071125541	0.999999996576156
13.25	12.65	0.999999985189956	0.799964041247396	8.22782772691933e-05	1.3595144022138	0.999999994075982
13.35	12.65	0.999999978651977	0.799965900174763	8.22893408145476e-05	1.27951790679223	0.999999991460791
13.45	12.65	0.999999974290003	0.799967744659199	8.22913283481673e-05	1.1995212264455	0.999999989716001
13.55	12.65	0.999999976234185	0.799969575255891	8.22849681852901e-05	1.11952436246964	0.999999990493674
13.65	12.65	0.999999990279745	0.79997139250642	8.22709554457348e-05	1.03952731594411	0.999999996111898
13.75	12.65	1.00000002317203	0.799973196898564	8.22499631557928e-05	0.959530087685793	1.00000000926881
13.85	12.65	1.00000008072822	0.799974988828493	8.22226449685454e-05	0.879532678244919	1.00000003229129
13.95	12.65	1.00000016436726	0.799976768581506	8.21896219456514e-05	0.799535087986888	1.0000000657469
14.05	12.65	1.0000002658491	0.799978536357202	8.21514443329348e-05	0.71953731731409	1.00000010633964
14.15	12.65	1.00000036058278	0.79998029237349	8.21085202376973e-05	0.639539367079379	1.00000014423311
14.25	12.65	1.00000040086174	0.799982037086709	8.20610082995536e-05	0.559541239215378	1.0000001603447
14.35	12.65	1.00000031186108	0.799983771554852	8.20086833614268e-05	0.479542937536863	1.00000012474443
14.45	12.65	0.999999995056336	0.799985497938114	8.19508045693497e-05	0.399544468553619	0.999999998022534
14.55	12.65	0.999999345482123	0.799987220065499	8.18860445605084e-05	0.319545841953927	0.999999738192849
14.65	12.65	0.999998290108618	0.799988943892177	8.18125732863323e-05	0.239547070199579	0.999999316043447
14.75	12.65	0.999996853247224	0.799990677865311	8.1728421848292e-05	0.159548166461843	0.99999874129889
14.85	12.65	0.999995249518536	0.799993096416378	8.16322669703392e-05	0.0795491399570725	0.999998099807414
14.95	12.65	0.999993993574049	0.399992316869285	8.15460992620583e-05	-0.000450145294912767	0.999997597429619
0.05	12.75	-4.73529390217254e-06	0.400000476798066	-9.5865051082873e-05	10.4590833425017	0.599998105882439
0.15	12.75	-5.3053242112642e-06	0.800001797504904	-9.45591198752263e-05	10.4110834368188	0.599997877870315
0.25	12.75	-5.65102287076689e-06	0.800003350472407	-9.19054622139108e-05	10.3630834663525	0.599997739590852
0.35	12.75	-4.99309875895598e-06	0.800005254648076	-8.78659920216879e-05	10.3150833964455	0.599998002760496
0.45	12.75	-2.51259716881061e-06	0.800007681985173	-8.23708764495021e-05	10.2670831553781	0.599998994961133
0.55	12.75	2.59956748764108e-06	0.800010789353837	-7.53147687728591e-05	10.2190826354445	0.600001039826995
0.65	12.75	1.10077141732184e-05	0.800014746276354	-6.65464789427589e-05	10.1710816943171	0.600004403085669
0.75	12.75	2.30165694902994e-05	0.800019738813996	-5.58541713887392e-05	10.1230801614274	0.600009206627796
0.85	12.75	3.82524182555319e-05	0.800025952135918	-4.29519510212083e-05	10.075077852612	0.600015300967302
0.95	12.75	5.52881299023648e-05	0.80003342034228	-2.74841342662478e-05	10.0270745989928	0.600022115251961
1.05	12.75	6.99431792653457e-05	0.800042548330702	-9.00389888020895e-06	9.97907030364533	0.600027977271706
1.15	12.75	7.57393218624343e-05	0.800053972005557	1.3031631753115e-05	9.93106501666082	0.600030295728745
1.25	12.75	6.55848574468116e-05	0.800068295012089	3.92343007257189e-05	9.88305897943699	0.600026233942979
1.35	12.75	3.27390185761767e-05	0.800086277739716	7.02734749495158e-05	9.83505262355284	0.60001309560743
1.45	12.75	-2.76950848477122e-05	0.80010883372068	0.000106849628436656	9.78704653067451	0.599988921966061
1.55	12.75	-0.000116771805621911	0.800136993677213	0.000149658178520973	9.73904133632917	0.599953291277751
1.65	12.75	-0.000229500186145308	0.800171851212237	0.000199349991043662	9.69103756621166	0.599908199925542
1.75	12.75	-0.000352866761234374	0.800214494268449	0.000256497139315482	9.64303540546078	0.599858853295506
1.85	12.75	-0.00046461305634832	0.800265925433413	0.000321573663613861	9.59503441654409	0.599814154777461
1.95	12.75	-0.000533370945449834	0.800326964436384	0.000394968917441412	9.54703323965244	0.59978665162182
2.05	12.75	-0.000520829011082993	0.800398129860367	0.000477096967125104	9.4990293306346	0.599791668395567
2.15	12.75	-0.000386854517936706	0.800479507015723	0.000568743502943861	9.45101881385251	0.599845258192825
2.25	12.75	-0.00010045792131669	0.800575600430317	0.000670829883634978	9.40299656346697	0.599959816831473
2.35	12.75	0.000381327191659527	0.800690356612947	0.00078403608478541	9.35495617588612	0.600152530876664
2.45	12.75	0.00113183568885622	0.800822971548556	0.000908897592670288	9.30688929483274	0.600452734275542
2.55	12.75	0.00223567912585615	0.800975422767295	0.00104574991647095	9.25878490746588	0.600894271650342
2.65	12.75	0.00378891986355269	0.801149863839338	0.00119463186983242	9.21062898635272	0.601515567945421
2.75	12.75	0.00590098828012902	0.801348527797447	0.00135519051761941	9.16240408457691	0.602360395312052
2.85	12.75	0.00869696735800343	0.801573715149974	0.00152657278051925	9.11408886334558	0.603478786943201
2.95	12.75	0.0123205529906469	0.801827765963948	0.00170726685606558	9.06565753812228	0.604928221196259
3.05	12.75	0.0169381824140858	0.802112999362894	0.00189488469014838	9.01707921471794	0.606775272965634
3.15	12.75	0.0227448315021113	0.802431601179352	0.00208588028150805	8.96831707150961	0.609097932600845
3.25	12.75	0.0299719613448054	0.802785430713444	0.00227520111976559	8.91932732907515	0.611988784537922
3.35	12.75	0.0388979827261538	0.803175701423204	0.00245587860503655	8.87005793574483	0.615559193090461
3.45	12.75	0.0498612726915096	0.803602468044867	0.00261858369925575	8.82044689198161	0.619944509076604
3.55	12.75	0.0632750169102054	0.804063828967126	0.00275121321230478	8.77042014848775	0.625310006764082
3.65	12.75	0.0796416803169024	0.80455474299041	0.0028386370839013	8.7198890605778	0.631856672126761
3.75	12.75	0.0995624075573784	0.805065399881658	0.00286282974274064	8.66874749227098	0.639824963022951
3.85	12.75	0.123732958036731	0.805579240694762	0.00280371358244043	8.61686887292058	0.649493183214693
3.95	12.75	0.152913325439296	0.806071083552416	0.0026411067010406	8.56410384749426	0.661165330175718
4.05	12.75	0.187854812061315	0.806506408930123	0.00235808150658797	8.5102796224111	0.675141924824526
4.15	12.75	0.22917013232645	0.806843497783518	0.00194565791378537	8.45520258995823	0.69166805293058
4.25	12.75	0.277145320815148	0.807040137022681	0.00140799430643748	8.3986660485265	0.710858128326059
4.35	12.75	0.331521636249627	0.807064995381431	0.000766298399947553	8.3404643820599	0.732608654499851
4.45	12.75	0.391316242192111	0.806910205021492	5.9187174838374e-05	8.28041348883271	0.756526496876844
4.55	12.75	0.454778508880743	0.806598215286405	-0.000662023399771778	8.21837459231875	0.781911403552297
4.65	12.75	0.519558049641812	0.806176810804981	-0.00134247532934209	8.15427582072943	0.807823219856725
4.75	12.75	0.58307541391629	0.805703116464907	-0.0019343609414294	8.08812492334556	0.833230165566516
4.85	12.75	0.642977935830249	0.805225374980309	-0.00240508079458426	8.02000859296854	0.857191174332099
4.95	12.75	0.697512314998807	0.804772398010382	-0.00274047335959944	7.95007850687663	0.879004925999523
5.05	12.75	0.745695210190612	0.804353919414953	-0.00294312125748797	7.87852881304572	0.898278084076245
5.15	12.75	0.787271321708839	0.803967747579422	-0.00302760621510035	7.80557180787633	0.914908528683536
5.25	12.75	0.822534350101995	0.803607601414605	-0.00301499503042586	7.73141742378614	0.929013740040798
5.35	12.75	0.852107833254736	0.803268071183909	-0.00292816893997874	7.65625930778189	0.940843133301894
5.45	12.75	0.876755255858871	0.802946346457836	-0.00278865896393228	7.58026757457785	0.950702102343549
5.55	12.75	0.897248229133476	0.802641935264462	-0.00261494967413896	7.50358675245614	0.958899291653391
5.65	12.75	0.91429190235701	0.802355668766223	-0.00242188746849722	7.42633701856247	0.965716760942804
5.75	12.75	0.928493345708902	0.80208876042091	-0.00222077626833681	7.34861708957882	0.971397338283561
5.85	12.75	0.940356698893183	0.801842194444888	-0.00201982239807695	7.2705076418255	0.976142679557273
5.95	12.75	0.950292194263576	0.801616441983053	-0.00182470216785024	7.19207461259137	0.980116877705431
6.05	12.75	0.95863059872802	0.801411405698768	-0.00163912249142661	7.11337208165959	0.983452239491208
6.15	12.75	0.965638316470469	0.801226489448949	-0.00146531282123214	7.0344446449492	0.986255326588188
6.25	12.75	0.971530901929647	0.801060718059641	-0.0013044280016151	6.95532930376511	0.988612360771859
6.35	12.75	0.976484208393366	0.800912862872783	-0.00115686359752705	6.87605694015324	0.990593683357346
6.45	12.75	0.980643157842234	0.800781551542934	-0.00102249499370328	6.79665345992789	0.992257263136894
6.55	12.75	0.984128444723602	0.800665354621416	-0.000900854424844313	6.71714067876598	0.993651377889441
6.65	12.75	0.987041579306173	0.800562848908198	-0.0007912595536124	6.63753701412662	0.994816631722469
6.75	12.75	0.989468657984309	0.800472660810308	-0.000692905273079066	6.55785803218249	0.995787463193724
6.85	12.75	0.99148318673917	0.800393493883941	-0.000604928137753419	6.47811688687182	0.996593274695668
6.95	12.75	0.993148214264578	0.800324144547503	-0.0005264507102595	6.39832467837267	0.997259285705831
7.05	12.75	0.994517968047713	0.80026350932187	-0.000456611333538356	6.31849075075538	0.997807187219085
7.15	12.75	0.995639134930776	0.800210586230271	-0.00039458342681438	6.23862294296257	0.99825565397231
7.25	12.75	0.996551887641092	0.800164472332152	-0.000339587320234051	6.15872780320059	0.998620755056437
7.35	12.75	0.997290728880409	0.800124358825364	-0.000290896829083901	6.07881077393246	0.998916291552164
7.45	12.75	0.997885202759604	0.800089524733812	-0.000247842165079839	5.99887635263305	0.999154081103842
7.55	12.75	0.998360507735014	0.800059329886805	-0.000209810338276375	5.91892823206396	0.999344203094006
7.65	12.75	0.998738034162916	0.800033207670762	-0.000176243878758039	5.83896942286798	0.999495213665166
7.75	12.75	0.999035841909434	0.80001065787149	-0.000146638471079469	5.75900236063885	0.999614336763773
7.85	12.75	0.99926908821066	0.799991239811664	-0.000120539922448569	5.67902899919404	0.999707635284264
7.95	12.75	0.999450412487454	0.799974565907135	-9.75407614760487e-05	5.59905089149723	0.999780164994982
8.05	12.75	0.999590282578167	0.799960295710184	-7.72766748694238e-05	5.51906925949189	0.999836113031267
8.15	12.75	0.999697305488535	0.799948130468663	-5.94229242678685e-05	5.4390850539842	0.999878922195414
8.25	12.75	0.99977850499624	0.799937808203975	-4.36908397429377e-05	5.35909900562533	0.999911401998496
8.35	12.75	0.999839568084528	0.799929099292688	-2.98244530854039e-05	5.2791116679756	0.999935827233811
8.45	12.75	0.999885062064934	0.799921802525521	-1.75973107886912e-05	5.19912345357327	0.999954024825973
8.55	12.75	0.999918624274352	0.799915741610553	-6.80948962945162e-06	5.1191346638735	0.999967449709741
8.65	12.75	0.999943126319555	0.799910762083622	2.71517334753237e-06	5.03914551386403	0.999977250527822
8.75	12.75	0.999960814940445	0.799906728588308	1.11316334895003e-05	4.95915615210247	0.999984325976178
8.85	12.75	0.999973431639126	0.799903522487417	1.85759760526195e-05	4.87916667685563	0.99998937265565
8.95	12.75	0.999982313257042	0.799901039770289	2.51675451440932e-05	4.79917714895501	0.999992925302817
9.05	12.75	0.999988475669893	0.799899189221997	3.10108729171804e-05	4.71918760191573	0.999995390267957
9.15	12.75	0.999992682710209	0.799897890823343	3.619741998745e-05	4.63919804980057	0.999997073084084
9.25	12.75	0.99999550232574	0.799897074353523	4.08071387730495e-05	4.55920849324726	0.999998200930296
9.35	12.75	0.999997351846541	0.799896678170135	4.49098722700591e-05	4.47921892401758	0.999998940738616
9.45	12.75	0.999998534074327	0.799896648144102	4.85666008450286e-05	4.39922932837147	0.999999413629731
9.55	12.75	0.999999265733708	0.799896936729678	5.18305497827095e-05	4.31923968951945	0.999999706293483
9.65	12.75	0.99999969964515	0.799897502152182	5.47481695234325e-05	4.23924998936192	0.99999987985806
9.75	12.75	0.999999941801176	0.799898307698322	5.73600009243616e-05	4.15926020968506	0.99999997672047
9.85	12.75	1.00000006435648	0.799899321095888	5.97014364924916e-05	4.07927033294931	1.00000002574259
9.95	12.75	1.00000011538338	0.799900513971342	6.18033883023062e-05	3.999280342778	1.00000004615335
10.05	12.75	1.00000012609936	0.799901861375356	6.36928726779152e-05	3.91929022423006	1.00000005043974
10.15	12.75	1.00000011614512	0.799903341367608	6.53935207459936e-05	3.83929996392107	1.00000004645805
10.25	12.75	1.00000009737932	0.799904934653388	6.69260233135012e-05	3.75930955004118	1.00000003895173
10.35	12.75	1.00000007656089	0.79990662426535	6.83085178890211e-05	3.67931897230607	1.00000003062436
10.45	12.75	1.00000005720949	0.799908395284844	6.95569247469222e-05	3.59932822186687	1.0000000228838
10.55	12.75	1.00000004086824	0.799910234597745	7.06852383954397e-05	3.51933729119778	1.0000000163473
10.65	12.75	1.00000002793947	0.799912130680494	7.17057800600657e-05	3.43934617397402	1.00000001117579
10.75	12.75	1.00000001822109	0.799914073412556	7.26294161920487e-05	3.35935486494876	1.00000000728844
10.85	12.75	1.00000001123761	0.799916053911919	7.34657475012166e-05	3.27936335983429	1.00000000449504
10.95	12.75	1.00000000643379	0.799918064390823	7.4223272354279e-05	3.19937165519063	1.00000000257352
11.05	12.75	1.00000000327909	0.799920098029081	7.49095280185086e-05	3.11937974832316	1.00000000131164
11.15	12.75	1.00000000131643	0.79992214886283	7.55312127596177e-05	3.03938763718991	1.00000000052657
11.25	12.75	1.0000000001779	0.799924211686725	7.60942914160217e-05	2.95939532031832	1.00000000007116
11.35	12.75	0.999999999582372	0.799926281967961	7.66040866695125e-05	2.87940279673103	0.999999999832949
11.45	12.75	0.999999999324497	0.799928355770494	7.70653580874839e-05	2.79941006588005	0.999999999729799
11.55	12.75	0.999999999260895	0.799930429688297	7.74823705449033e-05	2.71941712758842	0.999999999704358
11.65	12.75	0.999999999296806	0.799932500786452	7.78589535213182e-05	2.63942398199854	0.999999999718722
11.75	12.75	0.999999999374839	0.799934566549133	7.81985526073633e-05	2.55943062952652	0.999999999749936
11.85	12.75	0.999999999466339	0.799936624833527	7.85042741713499e-05	2.47943707082161	0.999999999786536
11.95	12.75	0.99999999956506	0.799938673829048	7.87789242976424e-05	2.39944330673035	0.999999999826024
12.05	12.75	0.999999999682197	0.799940712021132	7.90250426249401e-05	2.31944933826455	0.999999999872879
12.15	12.75	0.999999999841262	0.799942738159039	7.92449318677251e-05	2.23945516657294	0.999999999936505
12.25	12.75	1.00000000007082	0.799944751227243	7.94406835873875e-05	2.15946079291601	1.00000000002833
12.35	12.75	1.00000000039295	0.799946750419943	7.96142006258172e-05	2.07946621864381	1.00000000015718
12.45	12.75	1.00000000080557	0.799948735118502	7.97672166775904e-05	1.99947144517659	1.00000000032223
12.55	12.75	1.00000000125829	0.799950704871504	7.99013133064591e-05	1.91947647398829	1.00000000050332
12.65	12.75	1.00000000162404	0.799952659377368	8.00179346790088e-05	1.83948130659271	1.00000000064962
12.75	12.75	1.00000000167348	0.799954598469348	8.01184003141214e-05	1.75948594453225	1.00000000066939
12.85	12.75	1.00000000106561	0.799956522102849	8.02039161606885e-05	1.67949038936876	1.00000000042625
12.95	12.75	0.999999999375454	0.799958430344722	8.0275584346742e-05	1.59949464267544	0.999999999750182
13.05	12.75	0.999999996186063	0.799960323364031	8.03344120968449e-05	1.51949870602798	0.999999998474425
13.15	12.75	0.999999991273936	0.799962201423283	8.03813204011391e-05	1.43950258099248	0.999999996509574
13.25	12.75	0.99999998490749	0.799964064868576	8.04171531524017e-05	1.35950626910648	0.999999993962996
13.35	12.75	0.999999978251227	0.799965914116489	8.04426874162922e-05	1.2795097718497	0.999999991300491
13.45	12.75	0.999999973815044	0.799967749635294	8.04586452682875e-05	1.19951309060188	0.999999989526018
13.55	12.75	0.999999975804693	0.799969571918228	8.04657070369359e-05	1.1195162265885	0.999999990321877
13.65	12.75	0.999999990118953	0.799971381448194	8.04645246271463e-05	1.03951918082152	0.999999996047581
13.75	12.75	1.00000002362047	0.799973178656501	8.04557318835332e-05	0.959521954052366	1.00000000944819
13.85	12.75	1.00000008222284	0.799974963884051	8.04399468496451e-05	0.879524546767573	1.00000003288913
13.95	12.75	1.0000001673591	0.799976737361498	8.0417758458539e-05	0.799526959271952	1.00000006694364
14.05	12.75	1.00000027063037	0.799978499234695	8.03896889099904e-05	0.719529191914224	1.00000010825215
14.15	12.75	1.0000003670021	0.79998024967036	8.03561238128531e-05	0.639531245507569	1.00000014680084
14.25	12.75	1.00000040793125	0.799981989079828	8.0317207331099e-05	0.559533121969566	1.0000001631725
14.35	12.75	1.00000031730767	0.799983718488243	8.0272711133306e-05	0.479534825137852	1.00000012692307
14.45	12.75	0.999999994947095	0.799985440043169	8.02219059042702e-05	0.399536361595987	0.999999997978838
14.55	12.75	0.999999334156935	0.799987157590023	8.01634925433564e-05	0.319537741163864	0.999999733662774
14.65	12.75	0.999998260765164	0.799988877135993	8.00956841806586e-05	0.239538976484308	0.999999304306066
14.75	12.75	0.999996799607006	0.799990607216416	8.00165609008634e-05	0.159540080922896	0.999998719842803
14.85	12.75	0.999995168992709	0.799993032905092	7.99248335887944e-05	0.079541063825855	0.999998067597084
14.95	12.75	0.999993892152381	0.399992210052905	7.98418853959973e-05	-0.000458212959667172	0.999997556860952
0.05	12.85	-4.78576268314986e-06	0.400001107648398	-9.76441312953439e-05	10.4590891290751	0.599998085694927
0.15	12.85	-5.38352774259419e-06	0.800003711404232	-9.6492164153983e-05	10.4110891493055	0.599997846588903
0.25	12.85	-5.7808887415061e-06	0.800006583832349	-9.41506338168631e-05	10.363089028264	0.599997687644503
0.35	12.85	-5.19526056314386e-06	0.800009867436659	-9.05891391724597e-05	10.3150887292423	0.599997921895775
0.45	12.85	-2.79968334526812e-06	0.800013760842939	-8.57502156879884e-05	10.267088176696	0.599998880126662
0.55	12.85	2.2336112249104e-06	0.800018447649536	-7.95471460601534e-05	10.2190872571543	0.60000089344449
0.65	12.85	1.06086374834489e-05	0.800024125932035	-7.18565364102169e-05	10.1710858200606	0.600004243454993
0.75	12.85	2.27163018000384e-05	0.800031015089348	-6.25041203230959e-05	10.1230836831129	0.60000908652072
0.85	12.85	3.83428008451445e-05	0.800039277460834	-5.12095641141631e-05	10.0750806444007	0.600015337120338
0.95	12.85	5.56760747594959e-05	0.800049204039075	-3.76584985315941e-05	10.0270765158152	0.600022270429904
1.05	12.85	7.11176801301149e-05	0.800060990886463	-2.1500000735174e-05	9.97907117649227	0.600028447072052
1.15	12.85	7.79790819103012e-05	0.80007547007424	-2.26888920394862e-06	9.93106464510131	0.600031191632764
1.25	12.85	6.91502566632114e-05	0.800093306595619	2.05651060846898e-05	9.88305712902919	0.600027660102665
1.35	12.85	3.77990840700543e-05	0.800115353675211	4.75809568666294e-05	9.83504902226201	0.600015119633628
1.45	12.85	-2.1160280145205e-05	0.80014263611104	7.93819932878717e-05	9.78704086718967	0.599991535887942
1.55	12.85	-0.000109076943037897	0.800176315508617	0.000116562966691894	9.73903326052674	0.599956369222785
1.65	12.85	-0.000221358193183512	0.800217636007176	0.000159673366456661	9.69102669189723	0.599911456722727
1.75	12.85	-0.000345467838274754	0.800267853515896	0.000209184612065982	9.64302131509701	0.59986181286469
1.85	12.85	-0.000459643784377369	0.800328151914325	0.000265473147910108	9.59501666693956	0.599816142486249
1.95	12.85	-0.000532926842697736	0.800399542515455	0.000328840244504694	9.54701136626308	0.599786829262921
2.05	12.85	-0.000527212150855086	0.800482733032749	0.000399600244794642	9.49900284632394	0.599789115139658
2.15	12.85	-0.000402275544146526	0.800578124067112	0.000478228421110641	9.45098720037843	0.599839089782341
2.25	12.85	-0.000123568172733363	0.800688441177102	0.000565436932934049	9.40295923582466	0.599950572730907
2.35	12.85	0.000344558545436265	0.800821140969487	0.000661965823191199	9.35491250276192	0.600137823418174
2.45	12.85	0.00107851210498551	0.80097365048836	0.000768312466388606	9.30683862469055	0.600431404841994
2.55	12.85	0.0021620428799708	0.80114831564582	0.00088471154184154	9.2587265560923	0.600864817151988
2.65	12.85	0.00369028236805891	0.801347424428261	0.0010111354851659	9.21056225763103	0.601476112947224
2.75	12.85	0.00577174196859087	0.801573306200898	0.00114723312137733	9.16232828948598	0.602308696787436
2.85	12.85	0.00853046799121223	0.801828303587545	0.00129223307581025	9.11400334313829	0.603412187196485
2.95	12.85	0.0121089021186748	0.802114733700597	0.00144480970323322	9.06556169560414	0.60484356084747
3.05	12.85	0.0166719120737546	0.802434815988408	0.00160290428731949	9.01697255700165	0.606668764829502
3.15	12.85	0.0224124725774891	0.802790548769495	0.00176349517605695	8.96819926808967	0.608964989030996
3.25	12.85	0.0295594722581762	0.803183508446618	0.00192231370344045	8.91919828968532	0.61182378890327
3.35	12.85	0.0383880232349798	0.803614529278082	0.00207351044334369	8.86991791286319	0.615355209293992
3.45	12.85	0.0492323349179429	0.804083199623152	0.00220929302428948	8.8202966125618	0.619692933967177
3.55	12.85	0.0625004862589637	0.804587086836766	0.00231958826423899	8.77026097769517	0.625000194503585
3.65	12.85	0.0786890118306337	0.805120591334199	0.0023918338085925	8.71972319567635	0.631475604732254
3.75	12.85	0.0983927866778378	0.805673364809415	0.0024110798045272	8.66857817551547	0.639357114671135
3.85	12.85	0.122302068290131	0.806228372448285	0.00236066764733244	8.6167005963892	0.648920827316052
3.95	12.85	0.151174113533361	0.806760021474902	0.00222380859873191	8.56394249932853	0.660469645413344
4.05	12.85	0.185763256773907	0.807233362531746	0.00198632261568254	8.51013249564362	0.674305302709563
4.15	12.85	0.22669466997042	0.807606022114916	0.0016404953067747	8.45507815228562	0.690677867988168
4.25	12.85	0.274279366205391	0.807834617493388	0.00118939550212668	8.39857337488725	0.709711746482156
4.35	12.85	0.328296447404239	0.80788592695956	0.000650214014688301	8.34041220920298	0.731318578961696
4.45	12.85	0.387808976189146	0.807749615708779	5.47387633410709e-05	8.28040897766068	0.755123590475658
4.55	12.85	0.451109649183703	0.807445723838624	-0.000554360135677933	8.21842205160694	0.780443859673481
4.65	12.85	0.515875465586738	0.807020564082061	-0.00113102842731016	8.15437576665277	0.806350186234695
4.75	12.85	0.579528691878041	0.806531293620979	-0.0016346887536417	8.08827381563128	0.831811476751216
4.85	12.85	0.639692214680338	0.80602756522874	-0.00203723149576302	8.02019936985029	0.855876885872135
4.95	12.85	0.69457110808883	0.805540330477781	-0.00232595656796216	7.95030174363937	0.877828443235532
5.05	12.85	0.743136410161552	0.805081525413893	-0.00250235551080793	7.8787741275184	0.897254564064621
5.15	12.85	0.785094139568184	0.804650870007651	-0.00257823691704683	7.80582912955792	0.914037655827274
5.25	12.85	0.820711576175736	0.804243654164725	-0.00257110831643999	7.73167788908542	0.928284630470294
5.35	12.85	0.850598221150244	0.803855775651751	-0.00250020411803195	7.65651572547757	0.940239288460098
5.45	12.85	0.875513117985262	0.803485538595124	-0.00238375654536614	7.58051453318156	0.950205247194105
5.55	12.85	0.896229522236287	0.803133398894456	-0.0022375052949188	7.50382049113223	0.958491808894515
5.65	12.85	0.91345734144761	0.802800967062338	-0.00207415203422241	7.42655517695841	0.965382936579044
5.75	12.85	0.927809487496565	0.80249006150286	-0.00190341067197648	7.34881842076891	0.971123794998626
5.85	12.85	0.939795856227045	0.802202100142464	-0.00173236566475418	7.27069173882984	0.975918342490818
5.95	12.85	0.949831797523183	0.801937830952754	-0.00156594336335503	7.19224167266793	0.979932719009273
6.05	12.85	0.958252378529449	0.801697298712077	-0.00140738337358149	7.11352271569422	0.98330095141178
6.15	12.85	0.965327503818723	0.801479940161269	-0.00125865515942819	7.03457973006597	0.986131001527489
6.25	12.85	0.971275530175104	0.801284728978844	-0.00112080091725856	6.95544987320151	0.988510212070042
6.35	12.85	0.976274539739437	0.801110324061663	-0.000994205004446158	6.87616410333278	0.990509815895775
6.45	12.85	0.980471227632058	0.800955198593268	-0.000878798914035053	6.79674834603761	0.992188491052823
6.55	12.85	0.983987705445848	0.800817742235827	-0.0007742135056395	6.71722439812473	0.993595082178339
6.65	12.85	0.986926624218167	0.800696336668904	-0.000679889909932909	6.63761063274172	0.994770649687267
6.75	12.85	0.989375006248603	0.800589408161855	-0.000595158972191914	6.55792255591909	0.995750002499441
6.85	12.85	0.991407115273399	0.800495461860972	-0.000519297217818596	6.47817325252165	0.99656284610936
6.95	12.85	0.993086624832033	0.800413102262626	-0.000451565548076927	6.39837374959601	0.997234649932813
7.05	12.85	0.994468280965889	0.800341043655682	-0.000391235372119646	6.31853331740074	0.997787312386356
7.15	12.85	0.995599203027931	0.800278113526326	-0.00033760568396721	6.2386597226698	0.998239681211172
7.25	12.85	0.996519925791721	0.800223251193458	-0.000290013670661124	6.15875944449349	0.998607970316688
7.35	12.85	0.997265255699681	0.800175503345097	-0.000247840743352316	6.07883786022924	0.998906102279872
7.45	12.85	0.997864991939069	0.800134017677563	-0.000210515367045096	5.99889940676709	0.999145996775628
7.55	12.85	0.998344547147871	0.800098035488566	-0.000177513684636422	5.9189477210276	0.999337818859148
7.65	12.85	0.99872549132785	0.80006688381433	-0.000148358652803444	5.83898576258015	0.99949019653114
7.75	12.85	0.999026034731269	0.800039967513706	-0.000122618204229078	5.7590159206015	0.999610413892507
7.85	12.85	0.999261460152026	0.800016761566132	-9.99028029306284e-05	5.67904010694879	0.99970458406081
7.95	12.85	0.999444511496576	0.799996803753438	-7.98626526174591e-05	5.59905983682704	0.999777804598631
8.05	12.85	0.99958574322306	0.799979687827229	-6.2184740201855e-05	5.51907629833695	0.999834297289224
8.15	12.85	0.999693833841112	0.79996505721424	-4.65898409917435e-05	5.43909041205772	0.999877533536445
8.25	12.85	0.999775865880787	0.799952599278716	-3.28295718806742e-05	5.35910288172724	0.999910346352315
8.35	12.85	0.999837574360385	0.799942040137032	-2.06835497344081e-05	5.2791142370102	0.999935029744154
8.45	12.85	0.999883565657577	0.799933140004374	-9.9566921354177e-06	5.19912486928226	0.999953426263031
8.55	12.85	0.999917508705759	0.799925689043015	-4.76682562241684e-07	5.11913506129959	0.999967003482304
8.65	12.85	0.99994230051981	0.799919503675992	7.90838818249204e-06	5.03914501156219	0.999976920207924
8.75	12.85	0.999960208149505	0.799914423327111	1.53321998172993e-05	4.95915485411708	0.999984083259802
8.85	12.85	0.999972989231481	0.799910307547373	2.19122003731641e-05	4.87916467448218	0.999989195692593
8.95	12.85	0.999981993343257	0.799907033488654	2.77514283715465e-05	4.79917452230473	0.999992797337303
9.05	12.85	0.999988246348146	0.799904493687502	3.29401663093377e-05	4.71918442130114	0.999995298539258
9.15	12.85	0.999992519858148	0.799902594124188	3.75574337626909e-05	4.63919437695905	0.999997007943259
9.25	12.85	0.999995387838462	0.79990125252477	4.16723300522481e-05	4.55920438241885	0.999998155135385
9.35	12.85	0.999997272240335	0.799900396877483	4.53452363765713e-05	4.47921442289213	0.999998908896134
9.45	12.85	0.999998479388161	0.799899964136941	4.86288882955985e-05	4.39922447891927	0.999999391755265
9.55	12.85	0.999999228671284	0.799899899093106	5.1569328786469e-05	4.31923452871821	0.999999691468514
9.65	12.85	0.999999674909887	0.799900153384229	5.42067525358036e-05	4.239244549832	0.999999869963955
9.75	12.85	0.999999925584727	0.799900684635712	5.65762513338617e-05	4.15925452024362	0.999999970233891
9.85	12.85	1.00000005394847	0.799901455708759	5.87084702038364e-05	4.07926441909311	1.00000002157939
9.95	12.85	1.00000010887607	0.799902434045007	6.06301834809538e-05	3.99927422710363	1.00000004355043
10.05	12.85	1.00000012216613	0.799903591094727	6.23647991402809e-05	3.91928392679933	1.00000004886645
10.15	12.85	1.00000011387568	0.799904901817985	6.39327994655472e-05	3.83929350257847	1.00000004555027
10.25	12.85	1.00000009615839	0.799906344249451	6.53521251100402e-05	3.75930294068971	1.00000003846336
10.35	12.85	1.00000007597973	0.799907899118665	6.66385093421143e-05	3.67931222914667	1.00000003039189
10.45	12.85	1.00000005700197	0.799909549518684	6.78057683739802e-05	3.59932135760637	1.00000002280079
10.55	12.85	1.00000004086533	0.799911280616829	6.88660532378859e-05	3.51933031722949	1.00000001634613
10.65	12.85	1.00000002803705	0.799913079402265	6.98300680572228e-05	3.43933910053463	1.00000001121482
10.75	12.85	1.00000001835764	0.799914934465502	7.0707258952974e-05	3.35934770125475	1.00000000734306
10.85	12.85	1.00000001137889	0.799916835805841	7.15059775132173e-05	3.27935611420059	1.00000000455156
10.95	12.85	1.00000000656251	0.799918774663039	7.22336221248782e-05	3.19936433513394	1.00000000262501
11.05	12.85	1.00000000338809	0.799920743370155	7.28967601567849e-05	3.11937236065204	1.00000000135524
11.15	12.85	1.00000000140426	0.799922735224771	7.35012335909055e-05	3.0393801880834	1.0000000005617
11.25	12.85	1.00000000024605	0.799924744376209	7.40522503156469e-05	2.95938781539466	1.00000000009842
11.35	12.85	0.999999999633607	0.799926765726721	7.45544631306777e-05	2.87939524110784	0.999999999853443
11.45	12.85	0.999999999361884	0.799928794844775	7.50120380350711e-05	2.79940246422704	0.999999999744754
11.55	12.85	0.999999999287309	0.79993082788887	7.54287134412818e-05	2.71940948417373	0.999999999714924
11.65	12.85	0.999999999314721	0.799932861540646	7.58078514187807e-05	2.63941630072955	0.999999999725888
11.75	12.85	0.999999999386312	0.799934892945829	7.61524821669012e-05	2.55942291398573	0.999999999754525
11.85	12.85	0.999999999473108	0.79993691966234	7.64653426278093e-05	2.47942932429848	0.999999999789243
11.95	12.85	0.999999999568715	0.799938939614321	7.67489100715707e-05	2.39943553224934	0.999999999827486
12.05	12.85	0.999999999684375	0.799940951051511	7.70054312880614e-05	2.31944153861013	0.99999999987375
12.15	12.85	0.999999999843822	0.799942952513306	7.72369480364207e-05	2.23944734431174	0.999999999937529
12.25	12.85	1.00000000007592	0.799944942796783	7.74453192202095e-05	2.15945295041661	1.00000000003037
12.35	12.85	1.00000000040288	0.799946920928459	7.76322401978741e-05	2.07945835809441	1.00000000016115
12.45	12.85	1.00000000082236	0.799948886139193	7.77992595865398e-05	1.99946356860087	1.00000000032895
12.55	12.85	1.00000000128278	0.79995083784216	7.79477938181836e-05	1.91946858325966	1.00000000051311
12.65	12.85	1.0000000016545	0.799952775613606	7.80791397464725e-05	1.83947340344721	1.0000000006618
12.75	12.85	1.00000000170382	0.799954699176249	7.81944854867751e-05	1.75947803058028	1.00000000068153
12.85	12.85	1.00000000108351	0.799956608385243	7.82949198224503e-05	1.67948246610573	1.0000000004334
12.95	12.85	0.99999999936103	0.799958503216246	7.8381440461989e-05	1.59948671149154	0.999999999744412
13.05	12.85	0.999999996112423	0.799960383755193	7.84549616309857e-05	1.51949076821714	0.999999998444969
13.15	12.85	0.999999991111017	0.799962250188584	7.85163215589308e-05	1.4394946377605	0.999999996444407
13.25	12.85	0.999999984631195	0.799964102792788	7.85662904895704e-05	1.35949832157829	0.999999993852478
13.35	12.85	0.999999977859434	0.799965941920124	7.86055799390148e-05	1.27950182107568	0.999999991143774
13.45	12.85	0.999999973350942	0.799967767979228	7.86348535583736e-05	1.19950513756297	0.999999989340377
13.55	12.85	0.999999975385314	0.799969581407404	7.86547394097245e-05	1.1195082722001	0.999999990154125
13.65	12.85	0.999999989962393	0.799971382634354	7.86658423992912e-05	1.03951122593609	0.999999995984957
13.75	12.85	1.00000002405919	0.799973172039871	7.86687538735322e-05	0.959513999460967	1.00000000962367
13.85	12.85	1.00000008368317	0.799974949914137	7.86640533346427e-05	0.879516593201309	1.00000003347327
13.95	12.85	1.00000017028076	0.79997671643736	7.86522950233957e-05	0.799519007404685	1.0000000681123
14.05	12.85	1.00000027529766	0.799978471705519	7.86339708487051e-05	0.719521242369073	1.00000011011906
14.15	12.85	1.00000037326632	0.799980215837692	7.8609441956644e-05	0.639523298870335	1.00000014930653
14.25	12.85	1.00000041482784	0.799981949203384	7.85788362961081e-05	0.559525178812544	1.00000016593114
14.35	12.85	1.00000032261944	0.799983672797564	7.85419208235551e-05	0.479526886056598	1.00000012904778
14.45	12.85	0.999999994840195	0.799985388757149	7.84979763534702e-05	0.399528427258753	0.999999997936078
14.55	12.85	0.999999323116576	0.799987100945045	7.84457307597098e-05	0.319529812367755	0.99999972924663
14.65	12.85	0.999998232166966	0.799988815420433	7.83834391476226e-05	0.239531054203203	0.999999292866786
14.75	12.85	0.999996747340555	0.799990540805556	7.8309229522736e-05	0.159532166320139	0.999998698936222
14.85	12.85	0.999995090543753	0.799992972519491	7.82218461294141e-05	0.0795331581912969	0.999998036217501
14.95	12.85	0.999993793359294	0.399992106666711	7.81420689209616e-05	-0.00046611044803925	0.999997517343718
0.05	12.95	-4.83369787461085e-06	0.400001655044843	-0.000100610565135786	10.4590950605177	0.59999806652085
0.15	12.95	-5.45836658661184e-06	0.800005372689471	-9.96338912252689e-05	10.4110950165947	0.599997816653365
0.25	12.95	-5.90658111795887e-06	0.800009389786927	-9.76487771354904e-05	10.363094765143	0.599997637367553
0.35	12.95	-5.39415326374834e-06	0.800013868791518	-9.46324816769189e-05	10.3150942678631	0.599997842338695
0.45	12.95	-3.08968398700131e-06	0.80001903135209	-9.05406326525826e-05	10.267093446144	0.599998764126405
0.55	12.95	1.84550761886475e-06	0.800025084517982	-8.53059576576354e-05	10.2190921818763	0.600000738203048
0.65	12.95	1.01378362391581e-05	0.800032252299066	-7.88310822222277e-05	10.1710903179235	0.600004055134496
0.75	12.95	2.2241507424727e-05	0.800040798049818	-7.0971358884865e-05	10.1230876627976	0.60000889660297
0.85	12.95	3.83185541734592e-05	0.800050761399106	-6.14997684945179e-05	10.0750839986803	0.600015327421669
0.95	12.95	5.61930069183606e-05	0.80006264647918	-5.01482520646318e-05	10.0270791189454	0.600022477202767
1.05	12.95	7.22011013983553e-05	0.800076733285276	-3.66281955940172e-05	9.97907288453442	0.600028880440559
1.15	12.95	7.99498474389058e-05	0.800093791192318	-2.05795920521978e-05	9.93106528971017	0.600031979938976
1.25	12.95	7.2287702689734e-05	0.800114568789108	-1.57410977679261e-06	9.88305651228098	0.600028915081076
1.35	12.95	4.22825160050934e-05	0.80014000063042	2.08614645778562e-05	9.83504691446678	0.600016913006402
1.45	12.95	-1.53207718143027e-05	0.800171206160904	4.72179088362328e-05	9.78703700574466	0.599993871691274
1.55	12.95	-0.000102129453344719	0.800209456948831	7.79735741921864e-05	9.73902735056777	0.599959148218662
1.65	12.95	-0.000213899964428153	0.800256123267762	0.000113562728114811	9.69101840901538	0.599914440014229
1.75	12.95	-0.00033851378900021	0.800312601433999	0.000154348184363441	9.64301030987157	0.5998645944844
1.85	12.95	-0.000454634213200218	0.800380223235403	0.000200611122749623	9.59500257031407	0.59981814631472
1.95	12.95	-0.000531607536909213	0.800460138761306	0.000252574596443999	9.54699379363195	0.599787356985236
2.05	12.95	-0.00053129564198866	0.800553146503379	0.000310449521098771	9.49898139625147	0.599787481743205
2.15	12.95	-0.000413194995772504	0.800659543841957	0.000374407217316616	9.45096144262812	0.599834722001691
2.25	12.95	-0.000145880123180545	0.800783881003146	0.000444964145723596	9.40292871742402	0.599941647950728
2.35	12.95	0.000312514939945468	0.800930512651927	0.000522895274720273	9.35487672254364	0.600125005975978
2.45	12.95	0.00103372329483771	0.801099030592924	0.000608655576883525	9.30679703185314	0.600413489317935
2.55	12.95	0.00210099988815549	0.801291654517847	0.000702407359072634	9.25867858986932	0.600840399955262
2.65	12.95	0.00360904733603265	0.801510726239356	0.000804093246935221	9.21050735239993	0.601443618934413
2.75	12.95	0.00566576607800127	0.801758601097028	0.000913400129458651	9.16226588769953	0.6022663064312
2.85	12.95	0.00839442159265952	0.802037619763804	0.00102968384257869	9.11393291433269	0.603357768637064
2.95	12.95	0.0119364804872801	0.802350054400809	0.00115186366565392	9.06548276218232	0.604774592194912
3.05	12.95	0.0164555794462112	0.802698021148794	0.00127828169764344	9.01688472915917	0.606582231778484
3.15	12.95	0.0221431166006774	0.803083345594477	0.00140652221803546	8.96810229098462	0.608857246640271
3.25	12.95	0.0292259454852724	0.803507356238644	0.00153318825929623	8.91909210646879	0.611690378194109
3.35	12.95	0.0379765565448937	0.803970565409299	0.00165363853526383	8.86980274750399	0.615190622617957
3.45	12.95	0.0487258294643009	0.804472175976866	0.00176170084853349	8.82017307618167	0.61949033178572
3.55	12.95	0.0618777382061992	0.805009328598729	0.00184940262790206	8.77013020072556	0.62475109528248
3.65	12.95	0.0779240135977627	0.80557599095213	0.00190680018819052	8.7195869845047	0.631169605439105
3.75	12.95	0.097454395018328	0.806161420036096	0.00192204759194036	8.66843918493881	0.638981758007331
3.85	12.95	0.121154534616103	0.806748263736656	0.00188191502932141	8.61656249651971	0.648461813846441
3.95	12.95	0.149779193768844	0.807310695855748	0.00177301344676894	8.56381009676532	0.659911677507538
4.05	12.95	0.184084727198276	0.807813550357948	0.00158393870094296	8.51001174572999	0.67363389087931
4.15	12.95	0.224705819485775	0.808214080509542	0.00130831792519182	8.45497598009885	0.68988232779431
4.25	12.95	0.27197309312655	0.808468118532766	0.000948260173766328	8.39849722384329	0.70878923725062
4.35	12.95	0.325695839232306	0.808541042604636	0.000517088031780189	8.34036928025893	0.730278335692923
4.45	12.95	0.384974265090835	0.80842057294153	3.98457030720168e-05	8.2804052228521	0.753989706036334
4.55	12.95	0.448136755186665	0.808124739480274	-0.000449520707379198	8.21846112264663	0.779254702074666
4.65	12.95	0.512883654372519	0.807698497331645	-0.000914063335612573	8.15445822267117	0.805153461749008
4.75	12.95	0.576639984782134	0.807198806338182	-0.00132093790604554	8.08839687487464	0.830655993912854
4.85	12.95	0.637009899427666	0.806676243052449	-0.00164712125405081	8.02035731780543	0.854803959771066
4.95	12.95	0.692165199562565	0.806163321708187	-0.00188192855702873	7.95048686602247	0.876866079825026
5.05	12.95	0.741039788481684	0.805673650428415	-0.00202616410048418	7.87897786401813	0.896415915392674
5.15	12.95	0.783307788163762	0.80520843754478	-0.00208907097639396	7.80604313000684	0.913323115265505
5.25	12.95	0.819214419912461	0.804764225757158	-0.00208461987770621	7.73189476887138	0.927685767964984
5.35	12.95	0.849357259709665	0.804337982448269	-0.00202828063504164	7.65672946684265	0.939742903883866
5.45	12.95	0.874491374071227	0.803928946244976	-0.00193478350732131	7.5807205872203	0.949796549628491
5.55	12.95	0.895391136550146	0.803538385051551	-0.00181688321786979	7.50401567961731	0.958156454620058
5.65	12.95	0.912770215885208	0.803168589743804	-0.00168489509374048	7.42673748983546	0.965108086354083
5.75	12.95	0.927246236526545	0.802821916833046	-0.00154672179659787	7.34898678014975	0.970898494610618
5.85	12.95	0.939333775480086	0.802500178937943	-0.00140813600320247	7.2708457724185	0.975733510192034
5.95	12.95	0.949452361663469	0.802204385103726	-0.00127315888123811	7.19238151754202	0.979780944665388
6.05	12.95	0.957940581997323	0.801934725078354	-0.00114444095755062	7.11364885908063	0.983176232798929
6.15	12.95	0.96507121001156	0.801690685516449	-0.00102359976297559	7.03469288587889	0.986028484004624
6.25	12.95	0.971064901160469	0.801471216202709	-0.00091149816255415	6.955550889567	0.988425960464188
6.35	12.95	0.97610156676202	0.80127489772481	-0.0008084632398893	6.87625389530434	0.990440626704808
6.45	12.95	0.98032935766103	0.801100087105131	-0.000714452874453007	6.7968278479662	0.992131743064412
6.55	12.95	0.983871549307814	0.8009450334808	-0.000629179464243241	6.71729453093385	0.993548619723126
6.65	12.95	0.986831729965539	0.800807964224172	-0.000552200058124138	6.63767228227071	0.994732691986215
6.75	12.95	0.989297682954462	0.800687145552677	-0.000482980920188653	6.55797655934798	0.995719073181785
6.85	12.95	0.991344295117926	0.80058092273225	-0.000420943022314733	6.47822039060785	0.99653771804717
6.95	12.95	0.993035754066457	0.800487744755988	-0.000365493516657485	6.39841474302595	0.997214301626583
7.05	12.95	0.994427232679241	0.800406177647499	-0.00031604701580668	6.31856882600236	0.997770893071696
7.15	12.95	0.995566206493526	0.800334909690533	-0.00027203953123907	6.23869034656759	0.99822648259741
7.25	12.95	0.996493508568746	0.800272751106843	-0.000232937169203533	6.1587857265384	0.998597403427498
7.35	12.95	0.99724419569156	0.80021863005453	-0.000198241117376449	6.0788602892223	0.998897678276624
7.45	12.95	0.997848277350752	0.800171586308951	-0.000167490035837054	5.9989184211326	0.999139310940301
7.55	12.95	0.998331342813382	0.800130763600412	-0.000140260657472342	5.91896371269279	0.999332537125353
7.65	12.95	0.998715110256436	0.800095401294659	-0.000116167177307233	5.83899908089198	0.999486044102574
7.75	12.95	0.999017913988931	0.800064825890538	-9.48598459940336e-05	5.75902687616505	0.999607165595573
7.85	12.95	0.999255140387587	0.800038442656336	-7.60230638478637e-05	5.67904897531093	0.999702056155035
7.95	12.95	0.99943961956034	0.800015727614529	-5.93731849636845e-05	5.59906686195724	0.999775847824136
8.05	12.95	0.999581977427794	0.79999622000547	-4.46561792207558e-05	5.51908169587745	0.999832790971118
8.15	12.95	0.999690951490788	0.799979515303312	-3.16452547286707e-05	5.43909437232966	0.999876380596315
8.25	12.95	0.999773672750133	0.799965258817037	-2.01385109311868e-05	5.35910557248968	0.999909469100053
8.35	12.95	0.999835915853346	0.799953139881142	-9.95666993868822e-06	5.27911580597585	0.999934366341338
8.45	12.95	0.999882319409027	0.799942886621185	-9.40916407623661e-07	5.19912544639866	0.999952927763611
8.55	12.95	0.999916578420793	0.799934261266784	7.04913491882838e-06	5.1191347608074	0.999966631368317
8.65	12.95	0.99994161087048	0.799927055976405	1.41373337409326e-05	5.03914393384446	0.999976644348192
8.75	12.95	0.999959700571103	0.799921089134364	2.04327462521041e-05	4.95915308735409	0.999983880228441
8.85	12.95	0.999972618480095	0.799916202078506	2.60312648726521e-05	4.8791622961271	0.999989047392038
8.95	12.95	0.999981724693966	0.799912256216992	3.10170781582133e-05	4.79917160039512	0.999992689877586
9.05	12.95	0.999988053329034	0.799909130494458	3.54640062647459e-05	4.71918101562104	0.999995221331613
9.15	12.95	0.999992382429579	0.79990671916951	3.94367082010718e-05	4.63919054006587	0.999996952971831
9.25	12.95	0.999995290939893	0.7999049298686	4.29917683993453e-05	4.55920016054838	0.999998116375957
9.35	12.95	0.999997204638419	0.799903681884022	4.61786705258874e-05	4.47920985675431	0.999998881855368
9.45	12.95	0.999998432770049	0.799902904687178	4.90406669216721e-05	4.39921960439638	0.99999937310802
9.55	12.95	0.999999196936077	0.799902536630657	5.16155518160304e-05	4.31922937747625	0.999999678774431
9.65	12.95	0.999999653618995	0.799902523816138	5.39363468500753e-05	4.23923914985509	0.999999861447598
9.75	12.95	0.999999911538727	0.799902819107208	5.60319066793263e-05	4.15924889630047	0.999999964615491
9.85	12.95	1.00000004486388	0.799903381269132	5.79274525407273e-05	4.07925859314359	1.00000001794555
9.95	12.95	1.00000010314043	0.799904174219168	5.96450408976068e-05	3.99926821865276	1.00000004125617
10.05	12.95	1.00000011865396	0.799905166373696	6.12039741422121e-05	3.91927775320517	1.00000004746158
10.15	12.95	1.00000011181143	0.799906330079531	6.2621159575042e-05	3.83928717931986	1.00000004472457
10.25	12.95	1.00000009501521	0.799907641118697	6.39114226463647e-05	3.7592964815988	1.00000003800608
10.35	12.95	1.00000007540551	0.799909078277243	6.50877795972683e-05	3.67930564661097	1.00000003016221
10.45	12.95	1.00000005676585	0.799910622969745	6.61616745930525e-05	3.59931466274423	1.00000002270634
10.55	12.95	1.00000004081928	0.799912258912303	6.71431854890669e-05	3.51932352004256	1.00000001632771
10.65	12.95	1.00000002808886	0.799913971837782	6.80412022881943e-05	3.43933221004035	1.00000001123555
10.75	12.95	1.00000001845193	0.799915749247674	6.88635817500906e-05	3.35934072560153	1.00000000738077
10.85	12.95	1.00000001148408	0.799917580195887	6.96172812012582e-05	3.27934906076808	1.00000000459363
10.95	12.95	1.00000000666197	0.799919455100225	7.0308474319727e-05	3.19935721062033	1.00000000266479
11.05	12.95	1.00000000347426	0.79992136557795	7.09426512786304e-05	3.11936517115018	1.0000000013897
11.15	12.95	1.00000000147482	0.799923304302216	7.15247053711839e-05	3.03937293914727	1.00000000058993
11.25	12.95	1.00000000030149	0.799925264876668	7.20590079168527e-05	2.95938051209743	1.0000000001206
11.35	12.95	0.999999999675707	0.799927241725789	7.25494730605585e-05	2.87938788809277	0.999999999870283
11.45	12.95	0.999999999392852	0.799929229998927	7.2999613885194e-05	2.79939506575207	0.999999999757141
11.55	12.95	0.999999999309312	0.799931225486186	7.34125909357798e-05	2.71940204415069	0.999999999723725
11.65	12.95	0.999999999329676	0.79993322454466	7.37912543578731e-05	2.6394088227586	0.99999999973187
11.75	12.95	0.999999999395851	0.799935224033629	7.41381803667953e-05	2.55941540138584	0.99999999975834
11.85	12.95	0.999999999478652	0.799937221257495	7.44557029508724e-05	2.47942178013431	0.999999999791461
11.95	12.95	0.999999999571619	0.799939213915613	7.4745941404511e-05	2.39942795935504	0.999999999828648
12.05	12.95	0.999999999686104	0.799941200057852	7.50108242794933e-05	2.31943393961049	0.999999999874442
12.15	12.95	0.999999999846099	0.799943178045438	7.525211024314e-05	2.23943972164103	0.99999999993844
12.25	12.95	1.00000000008078	0.799945146516233	7.54714062298609e-05	2.15944530633535	1.00000000003231
12.35	12.95	1.00000000041255	0.799947104354062	7.56701832179697e-05	2.07945069470441	1.00000000016502
12.45	12.95	1.00000000083878	0.799949050661524	7.58497899568001e-05	1.99945588785874	1.00000000033551
12.55	12.95	1.00000000130675	0.799950984736189	7.6011464805804e-05	1.91946088698895	1.0000000005227
12.65	12.95	1.0000000016843	0.799952906049766	7.61563459356602e-05	1.83946569334947	1.00000000067372
12.75	12.95	1.00000000173349	0.799954814230204	7.62854800934796e-05	1.75947030824507	1.00000000069339
12.85	12.95	1.00000000110095	0.799956709046445	7.63998301220356e-05	1.67947473301983	1.00000000044038
12.95	12.95	0.999999999346832	0.799958590395535	7.65002816036807e-05	1.59947896904737	0.999999999738733
13.05	12.95	0.999999996040299	0.79996045829151	7.65876489787346e-05	1.51948301772055	0.99999999841612
13.15	12.95	0.999999990951623	0.799962312854914	7.66626817079236e-05	1.43948688043778	0.999999996380649
13.25	12.95	0.999999984361051	0.799964154301393	7.67260711232425e-05	1.35949055858254	0.999999993744421
13.35	12.95	0.999999977476566	0.799965982927086	7.67784585496662e-05	1.27949405349223	0.999999990990626
13.45	12.95	0.999999972897656	0.799967799088239	7.68204450903532e-05	1.19949736641381	0.999999989159062
13.55	12.95	0.999999974976001	0.799969603172762	7.6852602926347e-05	1.11950049844709	0.999999989990401
13.65	12.95	0.999999989810038	0.799971395563039	7.68754867830606e-05	1.039503450483	0.999999995924015
13.75	12.95	1.00000002448822	0.799973176592714	7.68896427026869e-05	0.959506223154627	1.00000000979529
13.85	12.95	1.00000008510936	0.799974946506143	7.68956091863158e-05	0.879508816832537	1.00000003404374
13.95	12.95	1.00000017313255	0.799976705437592	7.68939036331805e-05	0.799511231710658	1.00000006925302
14.05	12.95	1.00000027985153	0.799978453437321	7.68849857764237e-05	0.719513468039356	1.00000011194061
14.15	12.95	1.00000037937624	0.799980190580569	7.68691906435093e-05	0.639515526559713	1.0000001517505
14.25	12.95	1.00000042155245	0.799981917198417	7.68466285162264e-05	0.559517409163996	1.00000016862098
14.35	12.95	1.00000032779715	0.799983634258543	7.68170603211522e-05	0.479519119736906	1.00000013111886
14.45	12.95	0.999999994735626	0.799985343889399	7.67797757985088e-05	0.399520665006444	0.99999999789425
14.55	12.95	0.99999931235936	0.799987049972634	7.67335286543379e-05	0.31952205504757	0.999999724943744
14.65	12.95	0.999998204309484	0.799988758619591	7.66766148886035e-05	0.239523302852517	0.999999281723794
14.75	12.95	0.999996696439293	0.799990478538326	7.66072094524765e-05	0.159524422161054	0.999998678575717
14.85	12.95	0.999995014158432	0.799992915198678	7.6524089216447e-05	0.0795254225691252	0.999998005663373
14.95	12.95	0.999993697177799	0.399992006671699	7.64474354769354e-05	-0.000473838239482954	0.99999747887112
0.05	13.05	-4.87522436582709e-06	0.400002108220458	-0.000104586028456161	10.4591012030548	0.599998049910254
0.15	13.05	-5.52373150558219e-06	0.800006748039429	-0.000103801966612036	10.4111011060798	0.599997790507398
0.25	13.05	-6.01743603618003e-06	0.800011711399764	-0.000102209466613078	10.3631007468224	0.599997593025585
0.35	13.05	-5.57116257508406e-06	0.800017175893822	-9.97929310822906e-05	10.315100085851	0.59999777153497
0.45	13.05	-3.34869285011338e-06	0.800023379753278	-9.65206450626125e-05	10.2670990423019	0.59999866052286
0.55	13.05	1.50584442234447e-06	0.800030544619753	-9.23438541977847e-05	10.219097494635	0.600000602337769
0.65	13.05	9.76676454823538e-06	0.80003890849959	-8.71910059977727e-05	10.1710952806086	0.600003906705819
0.75	13.05	2.19833999405154e-05	0.800048736001259	-8.09556632017549e-05	10.1230922005576	0.600008793359976
0.85	13.05	3.82110479037331e-05	0.800060169480865	-7.3476213445144e-05	10.0750880253181	0.600015284419161
0.95	13.05	5.63960920333781e-05	0.800073690466502	-6.45323031628911e-05	10.027082534589	0.600022558436813
1.05	13.05	7.30442265846438e-05	0.800089531368665	-5.39032988383601e-05	9.97907557284705	0.600029217690634
1.15	13.05	8.1563579291309e-05	0.800108612132828	-4.13445203845131e-05	9.93106711554552	0.600032625431717
1.25	13.05	7.48478313292089e-05	0.800131708360096	-2.65367856129329e-05	9.88305731869496	0.600029939132532
1.35	13.05	4.59305722578382e-05	0.800159806507218	-9.12530484711604e-06	9.8350465195813	0.600018372228903
1.45	13.05	-1.05708227736166e-05	0.800194093968777	1.12533155534771e-05	9.78703520186638	0.59999577167089
1.55	13.05	-9.64752911154616e-05	0.800235926087813	3.49473197487837e-05	9.73902390510525	0.599961409883554
1.65	13.05	-0.000207824150885858	0.800286770552599	6.22650180864977e-05	9.69101306708608	0.599916870339646
1.75	13.05	-0.000332830530658678	0.800348132960385	9.34528516397402e-05	9.64300279827051	0.599866867787736
1.85	13.05	-0.000450491125274238	0.80042146825031	0.000128686962204545	9.59499260167984	0.59981980354989
1.95	13.05	-0.000530480906711233	0.800508064985341	0.000168095363183324	9.54698106883487	0.599787807637315
2.05	13.05	-0.000535223786046467	0.800608872490873	0.000211805489386419	9.4989656063616	0.599785910485581
2.15	13.05	-0.0004251824293565	0.80072497283688	0.000259749654083953	9.45094228467695	0.599829927028257
2.25	13.05	-0.000162986986385455	0.800858201216467	0.000312297137599685	9.40290584611198	0.599934805205446
2.35	13.05	0.000286093413687547	0.801016471283109	0.000370193672846178	9.35484974305154	0.600114437365475
2.45	13.05	0.000996517257990122	0.801197672449586	0.000433782336968736	9.30676553648626	0.600398606903196
2.55	13.05	0.00205080273028404	0.801404331748634	0.000503190030391622	9.25864214995206	0.600820321092114
2.65	13.05	0.00354296946496264	0.801638894199102	0.000578366411628176	9.21046553508819	0.601417187785985
2.75	13.05	0.00558031072195189	0.801903792497072	0.00065907030227819	9.16221826827348	0.602232124288781
2.85	13.05	0.00828544543910844	0.802201399681492	0.000744823748996763	9.11387909040558	0.603314178175643
2.95	13.05	0.0117990710900034	0.80253397465231	0.000834838184401717	9.06542237284945	0.604719628436001
3.05	13.05	0.0162838630906689	0.802903572167613	0.000927912328250933	9.01681748123448	0.606513545236268
3.15	13.05	0.0219299904974125	0.803311903832906	0.00102229928464931	8.96802799467143	0.608771996198965
3.25	13.05	0.0289627206508412	0.803760128285339	0.00111554082569628	8.91901072321996	0.611585088260336
3.35	13.05	0.0376525006026419	0.804248532745119	0.00120427076837321	8.86971445312031	0.615061000241057
3.45	13.05	0.0483276142722303	0.80477604663753	0.00128399864586655	8.82007834207975	0.619331045708892
3.55	13.05	0.0613888334527326	0.805339503957937	0.00134890279706488	8.77002989528391	0.624555533381093
3.65	13.05	0.0773241360530216	0.805932556448776	0.00139169222915648	8.71948249366993	0.630929654421209
3.75	13.05	0.0967192359270899	0.806544165705853	0.00140364084647127	8.66833254570974	0.638687694370836
3.85	13.05	0.120256146484302	0.807156730308556	0.00137494997676228	8.61645652725294	0.648102458593721
3.95	13.05	0.148687591836894	0.807744221390521	0.00129563249337429	8.56370849374997	0.659475036734758
4.05	13.05	0.182771352379445	0.808271262236171	0.00115708409593776	8.50991909756953	0.673108540951778
4.15	13.05	0.223149324796186	0.808694753442118	0.000954341567169692	8.45489763609365	0.689259729918474
4.25	13.05	0.270167202924364	0.808969837814199	0.000688673438203029	8.39843895246506	0.708066881169745
4.35	13.05	0.32365768200746	0.809060714264951	0.000369676913513877	8.34033668647255	0.729463072802984
4.45	13.05	0.382750013623227	0.808953493956932	1.57507333921433e-05	8.28040296992641	0.753100005449291
4.55	13.05	0.445800803164024	0.808664550422043	-0.00034791586126784	8.21849211075693	0.77832032126561
4.65	13.05	0.510529264145707	0.808237711171337	-0.00069370304254986	8.1545229598395	0.804211705658283
4.75	13.05	0.574363293317244	0.807729755005823	-0.000996897786548614	8.08849326557466	0.829745317326898
4.85	13.05	0.634892944733682	0.807192006779978	-0.00124005442320488	8.0204809639611	0.853957177893473
4.95	13.05	0.690264192002053	0.806658275370058	-0.00141497267052042	7.95063178447129	0.876105676800821
5.05	13.05	0.739381728425272	0.806143573536315	-0.00152212259231478	7.87913738564888	0.895752691370109
5.15	13.05	0.781894341917256	0.805650370207346	-0.00156837378988322	7.80621072991444	0.912757736766902
5.25	13.05	0.818029566096714	0.805176267714544	-0.00156419560736602	7.73206466453138	0.927211826438686
5.35	13.05	0.848375285985324	0.804719127014242	-0.00152120766702861	7.65689693896573	0.93935011439413
5.45	13.05	0.873683211097748	0.804278952640736	-0.00145047707704997	7.58088206435704	0.949473284439099
5.55	13.05	0.894728454907845	0.803857664458534	-0.00136157822542312	7.50416866385882	0.957891381963138
5.65	13.05	0.912227577291647	0.803458088788784	-0.00126224128370487	7.4268803991992	0.964891030916659
5.75	13.05	0.926801891035189	0.803082997060376	-0.00115837464219368	7.34911876382158	0.970720756414076
5.85	13.05	0.938969665426715	0.802734498984837	-0.00105428174830022	7.27096653302204	0.975587866170686
5.95	13.05	0.949153740887075	0.802413793359036	-0.000952949872845475	7.19249115714082	0.97966149635483
6.05	13.05	0.957695502321518	0.802121168094097	-0.000856339599773939	7.11374775425037	0.983078200928607
6.15	13.05	0.964870009162121	0.80185613425785	-0.000765640513491499	7.03478159091263	0.985948003664848
6.25	13.05	0.970899751413703	0.801617609741751	-0.000681481150963491	6.95563006404907	0.988359900565481
6.35	13.05	0.975966101820173	0.801404102509875	-0.000604093429885331	6.87632425147483	0.990386440728069
6.45	13.05	0.980218374887381	0.801213869301914	-0.000533437233749947	6.79689011350363	0.992087349954952
6.55	13.05	0.98378077639708	0.801045041791552	-0.000469292516873351	6.71734942340988	0.993512310558832
6.65	13.05	0.98675764338482	0.800895720802962	-0.000411326078845652	6.63772049225609	0.994703057353928
6.75	13.05	0.989237366563447	0.800764042975118	-0.000359139157669013	6.55801873982323	0.995694946625379
6.85	13.05	0.991295329408044	0.800648225346727	-0.000312300792019705	6.47825715089989	0.996518131763218
6.95	13.05	0.992996128565041	0.800546593088448	-0.000270370780471125	6.39844664594423	0.997198451426016
7.05	13.05	0.994395275892317	0.800457594830838	-0.000232915120712773	6.31859638719676	0.997758110356927
7.15	13.05	0.99554052921633	0.800379809137554	-0.000199516063501283	6.23871403539379	0.998216211686532
7.25	13.05	0.9964729574976	0.800311944844903	-0.000169778342721363	6.15880596791298	0.99858918299904
7.35	13.05	0.997227815084804	0.800252837297175	-0.000143332715225079	6.07887746609475	0.998891126033921
7.45	13.05	0.997835277076439	0.800201441961679	-0.000119837627883193	5.99893287730833	0.999134110830576
7.55	13.05	0.998321071544725	0.800156826490991	-9.89795991819568e-05	5.91897575581926	0.99932842861789
7.65	13.05	0.99870703287876	0.800118161989171	-8.04727352038707e-05	5.83900898547726	0.999482813151504
7.75	13.05	0.99901159249864	0.800084714009406	-6.40576791522026e-05	5.75903488653934	0.999604636999456
7.85	13.05	0.999250217719541	0.800055833643571	-4.95002065700423e-05	5.67905530847197	0.999700087087816
7.95	13.05	0.999435805893197	0.800030948942138	-3.65896157734305e-05	5.59907171026209	0.999774322357279
8.05	13.05	0.99957903860008	0.800009556815169	-2.51370184404744e-05	5.51908522955864	0.999831615440032
8.15	13.05	0.999688699222692	0.799991215502134	-1.49736028864224e-05	5.43909674182513	0.999875479689077
8.25	13.05	0.999771956413594	0.799975537652776	-5.94892021565027e-06	5.35910691058348	0.999908782565438
8.35	13.05	0.999834615570325	0.799962184029502	2.07077345489057e-06	5.27911622975217	0.99993384622813
8.45	13.05	0.99988134028787	0.799950857820271	9.20409651362238e-06	5.19912505901556	0.999952536115148
8.55	13.05	0.999915845765508	0.799941299535609	1.55560297741466e-05	5.11913365309892	0.999966338306203
8.65	13.05	0.99994106621886	0.799933282454543	2.12193049816394e-05	5.03914218576131	0.999976426487544
8.75	13.05	0.999959298435949	0.799926608578914	2.62756906669262e-05	4.95915076925429	0.99998371937438
8.85	13.05	0.99997232368393	0.799921105052794	3.07971748934123e-05	4.87915946992774	0.999988929473572
8.95	13.05	0.999981510201977	0.799916621003832	3.48470468934993e-05	4.79916832059707	0.999992604080791
9.05	13.05	0.999987898497815	0.799913024764228	3.84808808199684e-05	4.71917733021771	0.999995159399126
9.15	13.05	0.999992271600739	0.79991020143102	4.17474263367923e-05	4.63918649134684	0.999996908640296
9.25	13.05	0.999995212317845	0.79990805072831	4.46894109919792e-05	4.55919578580841	0.999998084927138
9.35	13.05	0.999997149400793	0.79990648513695	4.73442603377989e-05	4.47920518891721	0.999998859760317
9.45	13.05	0.99999839436723	0.799905428260094	4.97447413939224e-05	4.39921467256288	0.999999357746892
9.55	13.05	0.999999170543439	0.799904813396514	5.19195358352676e-05	4.31922420740416	0.999999668217376
9.65	13.05	0.999999635711538	0.799904582296244	5.38937485123014e-05	4.23923376437944	0.999999854284615
9.75	13.05	0.999999899563147	0.799904684075956	5.56893574206717e-05	4.15924331570046	0.999999959825259
9.85	13.05	1.00000003698761	0.799905074274173	5.73256104304513e-05	4.0792528354628	1.00000001479504
9.95	13.05	1.00000009806105	0.799905714028724	5.88193743631462e-05	3.99926229997815	1.00000003922442
10.05	13.05	1.00000011545561	0.799906569360716	6.01854411650852e-05	3.91927168791003	1.00000004618224
10.15	13.05	1.00000010985746	0.799907610551565	6.14367959368308e-05	3.83928098027518	1.00000004394298
10.25	13.05	1.00000009386871	0.799908811601156	6.25848510910795e-05	3.75929016035709	1.00000003754748
10.35	13.05	1.00000007477089	0.799910149756404	6.36396505032443e-05	3.67929921356609	1.00000002990835
10.45	13.05	1.00000005644634	0.799911605101443	6.46100472418272e-05	3.59930812727035	1.00000002257854
10.55	13.05	1.00000004068641	0.799913160201004	6.55038580754101e-05	3.51931689061496	1.00000001627456
10.65	13.05	1.00000002806062	0.799914799790375	6.63279976629966e-05	3.43932549434051	1.00000001122425
10.75	13.05	1.00000001847744	0.799916510505629	6.70885949254865e-05	3.3593339306086	1.00000000739098
10.85	13.05	1.00000001153292	0.799918280648798	6.77910939333562e-05	3.2793421928385	1.00000000461317
10.95	13.05	1.00000000671689	0.799920099983497	6.84403413497667e-05	3.19935027555725	1.00000000268676
11.05	13.05	1.00000000352622	0.799921959556865	6.90406621189825e-05	3.11935817426408	1.00000000141049
11.15	13.05	1.00000000151974	0.799923851544366	6.95959249961228e-05	3.03936588530881	1.0000000006079
11.25	13.05	1.00000000033811	0.799925769114396	7.01095993148112e-05	2.95937340578381	1.00000000013524
11.35	13.05	0.999999999704255	0.799927706310057	7.05848041473013e-05	2.87938073342827	0.999999999881702
11.45	13.05	0.999999999414245	0.79992965794588	7.10243508335383e-05	2.79938786654367	0.999999999765698
11.55	13.05	0.999999999324671	0.799931619517389	7.14307798997424e-05	2.71939480391936	0.999999999729868
11.65	13.05	0.999999999340107	0.799933587121951	7.18063930004043e-05	2.63940154476692	0.999999999736043
11.75	13.05	0.999999999402369	0.799935557389289	7.21532806911611e-05	2.55940808866236	0.999999999760948
11.85	13.05	0.999999999482224	0.79993752742047	7.24733464843111e-05	2.47941443549506	0.99999999979289
11.95	13.05	0.999999999573264	0.7999394947342	7.27683277945916e-05	2.39942058542271	0.999999999829306
12.05	13.05	0.99999999968704	0.799941457219507	7.30398141394558e-05	2.31942653883138	0.999999999874816
12.15	13.05	0.999999999847864	0.799943413093974	7.32892629678405e-05	2.23943229630023	0.999999999939145
12.25	13.05	1.00000000008527	0.799945360866783	7.35180134261262e-05	2.15943785857029	1.00000000003411
12.35	13.05	1.00000000042186	0.799947299306139	7.37272983296332e-05	2.07944322651703	1.00000000016874
12.45	13.05	1.00000000085476	0.799949227410442	7.39182544868234e-05	1.99944840112641	1.0000000003419
12.55	13.05	1.00000000133014	0.799951144383012	7.40919316320491e-05	1.91945338347442	1.00000000053206
12.65	13.05	1.00000000171341	0.799953049610057	7.42493000117418e-05	1.83945817470983	1.00000000068536
12.75	13.05	1.00000000176245	0.799954942641661	7.43912568895287e-05	1.75946277604004	1.00000000070498
12.85	13.05	1.00000000111794	0.799956823175661	7.45186320637044e-05	1.67946718871933	1.00000000044718
12.95	13.05	0.999999999332854	0.79995869104396	7.46321927314807e-05	1.59947141403854	0.999999999733142
13.05	13.05	0.999999995969684	0.799960546200715	7.4732648051037e-05	1.51947545331422	0.999999998387874
13.15	13.05	0.999999990795739	0.79996238871126	7.48206539030439e-05	1.43947930787439	0.999999996318296
13.25	13.05	0.999999984097033	0.799964218740139	7.48968184410398e-05	1.35948297903747	0.999999993638813
13.35	13.05	0.999999977102585	0.79996603653592	7.49617090401527e-05	1.2794864680803	0.999999990841034
13.45	13.05	0.999999972455132	0.799967842410175	7.50158609814604e-05	1.19948977619295	0.999999988982053
13.55	13.05	0.999999974576703	0.799969636708363	7.50597876564849e-05	1.11949290442087	0.999999989830681
13.65	13.05	0.999999989661858	0.799971419771819	7.50939910515009e-05	1.03949585360205	0.999999995864743
13.75	13.05	1.00000002490761	0.799973191893719	7.51189696769357e-05	0.959498624317265	1.00000000996304
13.85	13.05	1.00000008650157	0.799974953277781	7.51352190738497e-05	0.879501216885318	1.00000003460063
13.95	13.05	1.00000017591482	0.799976704017092	7.51432180876758e-05	0.799503631450265	1.00000007036593
14.05	13.05	1.00000028429259	0.799978444120572	7.51433927776704e-05	0.719505868218161	1.00000011371704
14.15	13.05	1.00000038533273	0.799980173623635	7.51360507520189e-05	0.639507927897993	1.00000015413309
14.25	13.05	1.00000042810609	0.799981892822533	7.51212834520821e-05	0.559509812372056	1.00000017124244
14.35	13.05	1.00000033284161	0.799983602660708	7.5098844717026e-05	0.479511525549512	1.00000013313665
14.45	13.05	0.999999994633375	0.799985305260485	7.5068032209116e-05	0.399513074229269	0.99999999785335
14.55	13.05	0.999999301883476	0.799987004523676	7.50276244930684e-05	0.31951446860997	0.99999972075339
14.65	13.05	0.999998177187858	0.799988706614096	7.49759575144136e-05	0.239515721852441	0.999999270875143
14.75	13.05	0.999996646894057	0.799990420324682	7.4911252288859e-05	0.159516847876528	0.999998658757623
14.85	13.05	0.999994939822631	0.799992860884122	7.48323176572415e-05	0.079517856398164	0.999997975929052
14.95	13.05	0.9999936035898	0.399991910028794	7.47587410664337e-05	-0.000481396890466378	0.99999744143592
0.05	13.15	-4.90661071286202e-06	0.400002458595173	-0.000109372049545228	10.4591076115441	0.599998037355715
0.15	13.15	-5.57332188180447e-06	0.800007810640378	-0.000108793375813819	10.4111074735288	0.599997770671247
0.25	13.15	-6.10180302772291e-06	0.800013502947139	-0.000107620415187941	10.3631070309741	0.599997559278789
0.35	13.15	-5.70625978457198e-06	0.800019723900513	-0.00010584412212248	10.3151062437151	0.599997717496086
0.45	13.15	-3.548197718641e-06	0.800026724530302	-0.000103445013093544	10.2671050293409	0.599998580720913
0.55	13.15	1.23333005502558e-06	0.800034739870841	-0.000100392435390928	10.2191032638962	0.600000493332022
0.65	13.15	9.41821643672367e-06	0.800044023135169	-9.66410288868688e-05	10.1711007816595	0.600003767286575
0.75	13.15	2.15708968666033e-05	0.800054869013196	-9.21256682288027e-05	10.1230973783678	0.600008628358747
0.85	13.15	3.80359093930664e-05	0.800067333852532	-8.67543333107724e-05	10.0750928168001	0.600015214363757
0.95	13.15	5.6743211051782e-05	0.80008192444619	-8.03650880870899e-05	10.0270868638639	0.600022697284421
1.05	13.15	7.36923289856738e-05	0.800099124748417	-7.2816269876024e-05	9.9790793539979	0.600029476931594
1.15	13.15	8.26920637103326e-05	0.800119694891449	-6.39767920440405e-05	9.9310702520768	0.600033076825484
1.25	13.15	7.6643830876066e-05	0.800144464844736	-5.363829825016e-05	9.88305969761049	0.60003065753235
1.35	13.15	4.85122244081567e-05	0.800174467769135	-4.15767005929348e-05	9.83504801029531	0.600019404889763
1.45	13.15	-7.20011021339641e-06	0.800210945061571	-2.75693950268373e-05	9.78703565611698	0.599997119955915
1.55	13.15	-9.24821741923921e-05	0.800255316368676	-1.14100197535117e-05	9.73902315792219	0.599963007130323
1.65	13.15	-0.000203604877080721	0.800309125034546	7.07474348864449e-06	9.69101093901405	0.599918558049168
1.75	13.15	-0.000329059084629349	0.800373962338218	2.80091559036936e-05	9.64299909878604	0.599868376366148
1.85	13.15	-0.000448121944978057	0.80045137343084	5.14575243362149e-05	9.59498713328761	0.599820751222009
1.95	13.15	-0.000530624662091396	0.800542725074605	7.74238533181711e-05	9.54697363009632	0.599787750135163
2.05	13.15	-0.000538895135567564	0.800648876872619	0.000105874810884392	9.49895598943924	0.599784441945773
2.15	13.15	-0.000434947266410375	0.800771720434815	0.000136824165533734	9.45093028228567	0.599826021093436
2.25	13.15	-0.000180686525191189	0.800913066421049	0.000170498581955389	9.40289124662378	0.599927725389923
2.35	13.15	0.000262804778654189	0.801078836902361	0.000207299939372174	9.35483229161798	0.600105121911462
2.45	13.15	0.000965834977662615	0.801268791841998	0.000247538397773436	9.30674494418264	0.600386333991065
2.55	13.15	0.00201066368287394	0.801485314009983	0.00029133477004133	9.25861812530578	0.60080426547315
2.65	13.15	0.00349109363555786	0.801730885466724	0.000338664171637912	9.21043778529944	0.601396437454223
2.75	13.15	0.00551407219307474	0.802007971031153	0.000389376409404942	9.16218650584179	0.60220562887723
2.85	13.15	0.00820175863058593	0.802318979510462	0.000443183790460767	9.11384304259536	0.603280703452234
2.95	13.15	0.0116942707499712	0.802666195484894	0.000499620531504189	9.06538179438778	0.604677708299988
3.05	13.15	0.0161535523199084	0.803051677231128	0.000557979303861912	9.01677217169747	0.606461420927963
3.15	13.15	0.0217688391181191	0.803477109643024	0.000617225238909008	8.96797782237167	0.608707535647248
3.25	13.15	0.0287642008511365	0.803943589130342	0.000675886445622159	8.91895565766921	0.611505680340455
3.35	13.15	0.0374085524205911	0.80445130217898	0.000731921831393445	8.86965460833977	0.614963420968236
3.45	13.15	0.048028246043931	0.804999038623284	0.000782572626108534	8.82001403297463	0.619211298417572
3.55	13.15	0.0610216889433973	0.805583456960692	0.000824215546283621	8.76996170862766	0.624408675577359
3.65	13.15	0.0768741094642901	0.806198003915633	0.000852255489488661	8.71941137337426	0.630749643785716
3.75	13.15	0.096168296953823	0.806831414579888	0.000861125335223955	8.66825988816655	0.638467318781529
3.85	13.15	0.119583651350941	0.807465843357324	0.000844496311934887	8.61638427568875	0.647833460540376
3.95	13.15	0.147871480941266	0.808074987126573	0.000795829634185049	8.56363921017566	0.659148592376506
4.05	13.15	0.181790700915784	0.808623119186498	0.000709385657373968	8.50985597796683	0.672716280366314
4.15	13.15	0.221988580448888	0.80906662391852	0.000581701370159	8.45484442313819	0.688795432179555
4.25	13.15	0.2688219319995	0.809359844486107	0.000413314148034	8.39839969936166	0.7075287727998
4.35	13.15	0.322140669938759	0.80946582732339	0.000210192117696818	8.34031534802461	0.728856267975504
4.45	13.15	0.381095421484746	0.809369274344174	-1.58845522251296e-05	8.28040285138235	0.752438168593899
4.55	13.15	0.444063619044781	0.809085220970705	-0.000248585820090414	8.21851528155854	0.777625447617912
4.65	13.15	0.508778498898185	0.808656678980698	-0.000469879048481218	8.15456980041734	0.803511399559274
4.75	13.15	0.572670243886709	0.808140440419404	-0.000663567845115425	8.08856231006392	0.829068097554683
4.85	13.15	0.633318645386664	0.807588629558254	-0.000818213860053644	8.02056910942693	0.853327458154665
4.95	13.15	0.688850652347011	0.807036307861317	-0.000928479785436274	7.95073480009841	0.875540260938804
5.05	13.15	0.738149308551446	0.806499817032024	-0.000994758943080076	7.87925055407028	0.895259723420579
5.15	13.15	0.780844524700466	0.805982800883475	-0.00102165982907206	7.80632944005226	0.912337809880186
5.25	13.15	0.81715057696687	0.805483818076202	-0.00101613343868923	7.7321848380011	0.926860230786748
5.35	13.15	0.847648023268512	0.805001490075611	-0.00098584014376455	7.65701525717204	0.939059209307405
5.45	13.15	0.873085974376672	0.804536424389948	-0.000938024079625515	7.58099602609135	0.949234389750669
5.55	13.15	0.894240025025161	0.804091012246038	-0.000878903003448571	7.50427652946539	0.957696010010064
5.65	13.15	0.911828850643332	0.803668434225396	-0.00081345262646229	7.4269810759472	0.964731540257333
5.75	13.15	0.926476500877253	0.803271710053723	-0.000745437960665473	7.34921167287937	0.970590600350901
5.85	13.15	0.938704004828281	0.802903104461126	-0.000677569761885236	7.27105148239759	0.975481601931313
5.95	13.15	0.948936691494287	0.802563893005307	-0.000611704023779035	7.19256823229978	0.979574676597715
6.05	13.15	0.95751805787542	0.802254378140292	-0.000549037765195246	7.11381722995276	0.983007223150168
6.15	13.15	0.964724895391909	0.801974038673821	-0.000490279232607556	7.03484386335516	0.985889958156764
6.25	13.15	0.970781088082091	0.801721727063774	-0.000435785692928491	6.95568560044042	0.988312435232837
6.35	13.15	0.975869121278055	0.801495863972256	-0.000385669877128054	6.87637355365359	0.990347648511222
6.45	13.15	0.980139195984899	0.801294605888156	-0.000339879519756157	6.79693369240954	0.99205567839396
6.55	13.15	0.983716226279931	0.801115978036294	-0.000298255325929228	6.71738778170575	0.993486490511973
6.65	13.15	0.986705118150582	0.800957973514739	-0.000260572372555519	6.63775411294221	0.994682047260233
6.75	13.15	0.989194722360816	0.8008186234105	-0.000226569155972052	6.55804807918342	0.995677888944327
6.85	13.15	0.991260796943163	0.8006960436976	-0.000195967616586018	6.47828263453163	0.996504318777265
6.95	13.15	0.992968245464477	0.800588464424901	-0.000168486673244246	6.39846866695112	0.997187298185791
7.05	13.15	0.994372832685319	0.800494245868333	-0.000143851143801684	6.31861530587019	0.997749133074128
7.15	13.15	0.995522525759806	0.800411885373788	-0.000121797418371375	6.23873017989649	0.998209010303923
7.25	13.15	0.996458567481873	0.800340017746609	-0.000102076867567387	6.15881963561439	0.998583426992749
7.35	13.15	0.997216356866273	0.800277411318371	-8.44576857748706e-05	6.07888892530821	0.998886542746509
7.45	13.15	0.99782618952918	0.800222961249591	-6.87256650280027e-05	5.99894236925335	0.999130475811672
7.55	13.15	0.99831389394731	0.800175681190575	-5.46842486332744e-05	5.91898349668478	0.999325557578924
7.65	13.15	0.998701388087431	0.800134694097028	-4.21541090690387e-05	5.83901516849998	0.999480555234972
7.75	13.15	0.999007172828436	0.800099222755422	-3.09724213906478e-05	5.75903968403901	0.999602869131375
7.85	13.15	0.999246773079218	0.800068580398694	-2.09919507296025e-05	5.67905887380511	0.999698709231687
7.95	13.15	0.999433133811192	0.800042161663954	-1.20800367485702e-05	5.59907417966978	0.999773253524477
8.05	13.15	0.999576975846822	0.800019434051809	-4.11753156908901e-06	5.51908672389452	0.999830790338729
8.15	13.15	0.999687114786007	0.799999929980578	3.00226957611946e-06	5.43909736815647	0.999874845914403
8.25	13.15	0.999770745623635	0.79998323948053	9.37467868364583e-06	5.35910676366374	0.999908298249454
8.35	13.15	0.99983369520168	0.799969003540545	1.5084628436379e-05	5.27911539336668	0.999933478080672
8.45	13.15	0.999880644491699	0.799956908095548	2.02076373700288e-05	5.1991236072046	0.99995225779668
8.55	13.15	0.999915322705304	0.799946678628426	2.48107193804631e-05	5.11913165126399	0.999966129082122
8.65	13.15	0.99994067530091	0.799938075349605	2.8953233637889e-05	5.03913969166142	0.999976270120364
8.75	13.15	0.99995900804053	0.799930888912166	3.26876729753817e-05	4.95914783389972	0.999983603216212
8.85	13.15	0.999972109316274	0.799924936617589	3.60603905691243e-05	4.87915613837897	0.99998884372651
8.95	13.15	0.999981352993377	0.799920059066925	3.91122660005607e-05	4.79916463267657	0.999992541197351
9.05	13.15	0.999987783997285	0.799916117213084	4.18793124072037e-05	4.71917332114221	0.999995113598914
9.15	13.15	0.999992188806392	0.799912989772163	4.43932274592935e-05	4.63918219228745	0.999996875522557
9.25	13.15	0.999995152904925	0.799910570954552	4.66818909486473e-05	4.55919122438545	0.99999806116197
9.35	13.15	0.999997107110063	0.799908768479259	4.87698123843855e-05	4.47920038963647	0.999998842844025
9.45	13.15	0.999998364523311	0.799907501838744	5.0678532059994e-05	4.39920965719935	0.999999345809324
9.55	13.15	0.999999149677808	0.799906700784095	5.24269789812089e-05	4.31921899533898	0.999999659871123
9.65	13.15	0.999999621269291	0.79990630400392	5.40317894627714e-05	4.23922837289514	0.999999848507717
9.75	13.15	0.999999889676361	0.799906257973089	5.55075895235441e-05	4.1592377602395	0.999999955870544
9.85	13.15	1.00000003030132	0.799906515950035	5.6867244759488e-05	4.07924712985343	1.00000001212053
9.95	13.15	1.00000009360057	0.799907037104116	5.81220806478015e-05	3.99925645663167	1.00000003744023
10.05	13.15	1.00000011252595	0.799907785756276	5.92820764128771e-05	3.91926571799292	1.00000004501038
10.15	13.15	1.0000001079678	0.799908730718741	6.03560352425637e-05	3.83927489385909	1.00000004318712
10.25	13.15	1.00000009267594	0.799909844720865	6.1351733426131e-05	3.75928396654961	1.00000003707038
10.35	13.15	1.00000007403785	0.799911103910042	6.22760508216936e-05	3.67929292062464	1.00000002961514
10.45	13.15	1.00000005601112	0.799912487417924	6.31350847826523e-05	3.59930174270142	1.00000002240445
10.55	13.15	1.00000004043999	0.799913976983344	6.39342495586223e-05	3.51931042126053	1.000000016176
10.65	13.15	1.00000002793074	0.799915556624641	6.46783628443555e-05	3.43931894645343	1.00000001117229
10.75	13.15	1.00000001841707	0.799917212354655	6.53717211669653e-05	3.35932730991828	1.00000000736683
10.85	13.15	1.00000001151212	0.799918931933032	6.60181653984821e-05	3.27933550460821	1.00000000460485
10.95	13.15	1.00000000671708	0.799920704650563	6.66211377244843e-05	3.19934352463421	1.00000000268683
11.05	13.15	1.00000000353626	0.799922521141609	6.71837310959015e-05	3.11935136512322	1.00000000141451
11.15	13.15	1.00000000153325	0.799924373220625	6.77087322004562e-05	3.03935902209109	1.0000000006133
11.25	13.15	1.00000000035165	0.799926253739714	6.81986587543358e-05	2.95936649232979	1.00000000014066
11.35	13.15	0.99999999971616	0.79992815646434	6.86557918230261e-05	2.87937377330761	0.999999999886464
11.45	13.15	0.999999999423831	0.799930075964758	6.90822039610219e-05	2.79938086308105	0.999999999769533
11.55	13.15	0.999999999331795	0.799932007521157	6.94797835541731e-05	2.71938776021734	0.999999999732718
11.65	13.15	0.999999999344889	0.799933947040589	6.98502559987093e-05	2.63939446372613	0.999999999737956
11.75	13.15	0.999999999405083	0.799935890984156	7.01952020607964e-05	2.55940097299934	0.999999999762033
11.85	13.15	0.99999999948328	0.799937836303127	7.05160738918908e-05	2.47940728775814	0.999999999793312
11.95	13.15	0.999999999573279	0.799939780382744	7.08142088503034e-05	2.39941340800608	0.999999999829312
12.05	13.15	0.999999999686931	0.799941720992768	7.10908416153299e-05	2.31941933398769	0.999999999874772
12.15	13.15	0.999999999848945	0.799943656243823	7.1347114670683e-05	2.23942506615184	0.999999999939578
12.25	13.15	1.00000000008926	0.799945584548904	7.15840874083889e-05	2.15943060511938	1.0000000000357
12.35	13.15	1.00000000043073	0.79994750458933	7.18027440224913e-05	2.07943595165469	1.00000000017229
12.45	13.15	1.00000000087025	0.799949415284781	7.20040002773782e-05	1.99944110664092	1.0000000003481
12.55	13.15	1.00000000135293	0.799951315766958	7.2188709307378e-05	1.91944607105874	1.00000000054117
12.65	13.15	1.00000000174181	0.799953205356635	7.23576664860161e-05	1.83945084596848	1.00000000069672
12.75	13.15	1.0000000017907	0.79995508354393	7.25116134945267e-05	1.75945543249547	1.00000000071628
12.85	13.15	1.00000000113447	0.79995694997149	7.26512417499798e-05	1.67945983181779	1.00000000045379
12.95	13.15	0.999999999319094	0.799958804420244	7.27771953974081e-05	1.59946404515563	0.999999999727637
13.05	13.15	0.999999995900572	0.799960646797137	7.28900742082957e-05	1.51946807375998	0.999999998360229
13.15	13.15	0.999999990643351	0.799962477123589	7.29904368817204e-05	1.43947191889807	0.99999999625734
13.25	13.15	0.999999983839113	0.799964295523133	7.30788052349886e-05	1.35947558183172	0.999999993535645
13.35	13.15	0.999999976737446	0.799966102205788	7.31556699315081e-05	1.27947906378482	0.999999990694979
13.45	13.15	0.999999972023315	0.799967897446556	7.32214979766996e-05	1.19948236589725	0.999999988809326
13.55	13.15	0.999999974187362	0.799969681555704	7.32767418401024e-05	1.11948548916608	0.999999989674945
13.65	13.15	0.999999989517821	0.799971454840078	7.33218489061427e-05	1.03948843438179	0.999999995807128
13.75	13.15	1.00000002531739	0.799973217558321	7.33572685059197e-05	0.959491202077685	1.00000001012696
13.85	13.15	1.00000008785997	0.799974969878925	7.33834517978187e-05	0.879493792525165	1.00000003514399
13.95	13.15	1.00000017862797	0.799976711858757	7.34008378308029e-05	0.799496205822353	1.00000007145119
14.05	13.15	1.00000028862151	0.799978443469963	7.34098179133721e-05	0.719498442134426	1.0000001154486
14.15	13.15	1.00000039113672	0.799980164712306	7.3410671273693e-05	0.639500502141074	1.00000015645469
14.25	13.15	1.00000043448984	0.799981875850937	7.34034696660481e-05	0.55950238771655	1.00000017379594
14.35	13.15	1.0000003377537	0.799983577808254	7.33879590393621e-05	0.479504102795236	1.00000013510148
14.45	13.15	0.999999994533432	0.799985272702926	7.33634441997831e-05	0.399505654246195	0.999999997813373
14.55	13.15	0.999999291686996	0.799986964458459	7.33287277706614e-05	0.319507052389307	0.999999716674798
14.65	13.15	0.999998150796917	0.799988659291571	7.32821848307582e-05	0.23950831055004	0.999999260318767
14.75	13.15	0.99999659869512	0.799990366079279	7.32220816869799e-05	0.159509442823754	0.999998639478048
14.85	13.15	0.999994867521394	0.799992809519874	7.31472585724062e-05	0.079510459043212	0.999997947008558
14.95	13.15	0.999993512576148	0.399991816698969	7.30767141530666e-05	-0.00048878703161102	0.999997405030459
0.05	13.25	-4.92446521741124e-06	0.40000270007353	-0.000114754829959709	10.4591143283944	0.599998030213913
0.15	13.25	-5.60240862277481e-06	0.800008541721978	-0.000114389539995888	10.4111141619733	0.599997759036551
0.25	13.25	-6.15262188210293e-06	0.800014732764433	-0.000113653192139259	10.3631136619568	0.599997538951247
0.35	13.25	-5.78905166236633e-06	0.800021467329384	-0.00011254295875929	10.315112787835	0.599997684379335
0.45	13.25	-3.67101107242789e-06	0.800029002876677	-0.000111051664085374	10.2671114564123	0.599998531595571
0.55	13.25	1.07055035053881e-06	0.800037579913164	-0.000109167262762425	10.2191095424762	0.60000042822014
0.65	13.25	9.23722851722086e-06	0.800047456404783	-0.000106870873009129	10.1711068783449	0.600003694891407
0.75	13.25	2.14273857501799e-05	0.800058917517316	-0.000104134264298409	10.1231032565378	0.6000085709543
0.85	13.25	3.78101840995874e-05	0.800072141854026	-0.00010091827820719	10.0750984368445	0.60001512407364
0.95	13.25	5.68302548615891e-05	0.800087395058409	-9.71752767077833e-05	10.0270921795082	0.600022732101945
1.05	13.25	7.40109009755708e-05	0.800105402777433	-9.28496493462593e-05	9.97908431197409	0.60002960436039
1.15	13.25	8.32779094759002e-05	0.800126875493572	-8.78744812765826e-05	9.93107479393091	0.60003331116379
1.25	13.25	7.75710842847402e-05	0.800152656909771	-8.21731897538502e-05	9.88306375636865	0.600031028433714
1.35	13.25	4.98222368253813e-05	0.800183801517421	-7.56669407373453e-05	9.8350515096978	0.60001992889473
1.45	13.25	-5.54409289314975e-06	0.800221581226282	-6.82840095926281e-05	9.78703851093118	0.599997782362843
1.55	13.25	-9.06351315232323e-05	0.800267455368461	-5.99691382401688e-05	9.73902527497884	0.599963745947391
1.65	13.25	-0.000201879162549959	0.800323015961454	-5.0692749422073e-05	9.69101221899026	0.59991924833498
1.75	13.25	-0.000327960497693245	0.800389911982077	-4.04593272253281e-05	9.64299943866997	0.599868815800923
1.85	13.25	-0.000448388929424346	0.80046975437567	-2.9315947321225e-05	9.59498642938532	0.59982064442823
1.95	13.25	-0.000533303561988123	0.800563985861857	-1.73671346853525e-05	9.54697178202574	0.599786678575205
2.05	13.25	-0.000545347398027311	0.800673687451068	-4.78081197909698e-06	9.49895290671848	0.599781861040789
2.15	13.25	-0.000444617830827577	0.800800011290231	8.52472578613959e-06	9.45092587131101	0.599822152867669
2.25	13.25	-0.000192821973141124	0.800944693165009	2.26410141898416e-05	9.40288538952313	0.599922871210744
2.35	13.25	0.000244914642142667	0.801115664744489	3.76391217978447e-05	9.35482486348047	0.600097965856857
2.45	13.25	0.00094209840654633	0.801311057103236	5.37595256093574e-05	9.30673581353574	0.600376839362619
2.55	13.25	0.00198038589570485	0.801533537326786	7.10977804944375e-05	9.25860714370513	0.600792154358282
2.65	13.25	0.00345303242253308	0.801785703416901	8.96493869550452e-05	9.21042480159449	0.601381212969013
2.75	13.25	0.00546658484900305	0.802070139075407	0.000109358277328617	9.16217137213609	0.602186633939601
2.85	13.25	0.00814282284609091	0.802389361902818	0.000130135084246255	9.1138256183598	0.603257129138436
2.95	13.25	0.0116214340347631	0.802745754861481	0.000151849930933111	9.06536195177427	0.604648573613905
3.05	13.25	0.0160638373490335	0.803141464586981	0.000174307565831956	9.01674980345918	0.606425534939613
3.15	13.25	0.0216586106760052	0.803578252234828	0.000197208417373404	8.96795285355433	0.608663444270402
3.25	13.25	0.0286289932110266	0.804057274002081	0.000220096004401602	8.91892806235841	0.611451597284411
3.35	13.25	0.0372428569520165	0.804578753068183	0.00024229035973991	8.86962443291329	0.614897142780807
3.45	13.25	0.0478252664122377	0.805141483872585	0.000262808988085778	8.81998142734622	0.619130106564895
3.55	13.25	0.0607730881447318	0.805742085929573	0.000280282090344801	8.76992696665063	0.624309235257893
3.65	13.25	0.0765698038537642	0.806373909246251	0.000292878478396885	8.71937498254049	0.630627921541506
3.75	13.25	0.0957964021295943	0.807025517223331	0.000298273595222362	8.66822258647862	0.638318560851838
3.85	13.25	0.119130753414558	0.807678795982883	0.000293710006998588	8.61634710951103	0.647652301365823
3.95	13.25	0.147323480112991	0.808307049004544	0.000276216846357838	8.5636035806114	0.658929392045196
4.05	13.25	0.181134509036409	0.808873993063615	0.000243051905699029	8.50982365537811	0.672453803614563
4.15	13.25	0.221214863610476	0.809335248456929	0.000192383379913515	8.45481750231609	0.68848594544419
4.25	13.25	0.267928762799519	0.809644156293181	0.000124117131756881	8.39838046701391	0.707171505119808
4.35	13.25	0.321137342750596	0.809762554791185	4.06168619796875e-05	8.34030604739125	0.728454937100238
4.45	13.25	0.380004975526371	0.809673886680339	-5.30522789860611e-05	8.28040536125079	0.752001990210548
4.55	13.25	0.442922340366043	0.809392169958783	-0.000149662244200322	8.21853077299366	0.777168936146417
4.65	13.25	0.507631451365157	0.808959970672621	-0.000241137474131743	8.15459847138842	0.803052580546063
4.75	13.25	0.571563698621253	0.808434385997848	-0.000320226918171304	8.08860329508579	0.828625479448501
4.85	13.25	0.632292040294047	0.807868500895306	-0.000381893905120412	8.02062060576774	0.852916816117619
4.95	13.25	0.687931005029565	0.807298686982246	-0.000423945116915425	7.95079436970558	0.875172402011826
5.05	13.25	0.737349569925719	0.806742616211458	-0.000446828330252619	7.87931550013187	0.894939827970288
5.15	13.25	0.780165392071506	0.806205072925228	-0.000452881503400739	7.80639715066502	0.912066156828603
5.25	13.25	0.81658413247835	0.805685496104738	-0.000445425659836519	7.73225302825158	0.92663365299134
5.35	13.25	0.847181572569889	0.805183141569843	-0.000427994704109095	7.65708209241787	0.938872629027956
5.45	13.25	0.872705114970626	0.804699048268383	-0.000403826799899153	7.58106014631276	0.949082045988251
5.55	13.25	0.893930655572094	0.804235879417484	-0.000375611191507535	7.50433700926557	0.957572262228838
5.65	13.25	0.911578248252058	0.80379696467817	-0.000345422616602893	7.42703735292142	0.964631299300823
5.75	13.25	0.92627374171613	0.803385380153719	-0.000314766357153622	7.34926346789286	0.970509496686452
5.85	13.25	0.938539993100386	0.803003379572279	-0.000284673259514928	7.27109872545989	0.975415997240154
5.95	13.25	0.948803992239314	0.802652181164038	-0.000255806034152532	7.19261100018054	0.979521596895726
6.05	13.25	0.95741065604211	0.802332000673896	-0.000228556462246601	7.11385569696879	0.982964262416844
6.15	13.25	0.964637948024313	0.802042213848618	-0.000203125369398883	7.03487826430301	0.985855179209725
6.25	13.25	0.970710700657837	0.801781563257418	-0.000179584154272962	6.95571620366443	0.988284280263135
6.35	13.25	0.975812158850037	0.801548359438344	-0.000157919933493617	6.87640064207318	0.990324863540015
6.45	13.25	0.980093129487069	0.801340652806638	-0.000138067481395967	6.79695755054816	0.992037251794827
6.55	13.25	0.983679009954267	0.801156369128819	-0.000119931155218029	6.71740868711635	0.993471603981707
6.65	13.25	0.986675092752226	0.800993410000232	-0.000103399540782568	6.63777233078356	0.99467003710089
6.75	13.25	0.989170538955844	0.800849723467364	-8.83549734068663e-05	6.55806385901466	0.995668215582338
6.85	13.25	0.9912413568367	0.800723350891693	-7.46795428657474e-05	6.47829620864335	0.99649654273468
6.95	13.25	0.992952652647137	0.800612455772769	-6.22587393210176e-05	6.39848024974326	0.997181061058855
7.05	13.25	0.994360355971443	0.800515339350619	-5.09835491856164e-05	6.3186250939294	0.997744142388577
7.15	13.25	0.995512568446153	0.80043044681094	-4.07515530487467e-05	6.23873835252879	0.998205027378461
7.25	13.25	0.996450642873734	0.800356367011655	-3.14673954102733e-05	6.15882635566279	0.998580257149494
7.35	13.25	0.997210068415495	0.800291827900445	-2.30428687878149e-05	6.07889434013749	0.998884027366198
7.45	13.25	0.997821214628433	0.800235689203605	-1.53967685149605e-05	5.99894661182079	0.999128485851373
7.55	13.25	0.998309970649023	0.800186933520752	-8.45461670852369e-06	5.91898668664167	0.999323988259609
7.65	13.25	0.998698304182756	0.800144656625592	-2.14831652096632e-06	5.83901741328663	0.999479321673102
7.75	13.25	0.999004756846014	0.800108057529166	3.58422681194287e-06	5.75904107994862	0.999601902738405
7.85	13.25	0.999244886856713	0.800076428683019	8.79949619387692e-06	5.6790595070005	0.999697954742685
7.95	13.25	0.999431666362776	0.800049146571253	1.35487519684535e-05	5.59907412714341	0.99977266654511
8.05	13.25	0.99957583830324	0.800025662846487	1.78784131307213e-05	5.51908605436603	0.999830335321296
8.15	13.25	0.999686236225062	0.80000549609886	2.18304265109249e-05	5.4390961429056	0.999874494490025
8.25	13.25	0.999770069641113	0.799988224299475	2.54426216388549e-05	5.3591050372979	0.999908027856445
8.35	13.25	0.999833177098247	0.799973477926048	2.87490499624753e-05	5.27911321452455	0.999933270839299
8.45	13.25	0.9998802489719	0.799960933756622	3.17803072708087e-05	5.19912101919774	0.99995209958876
8.55	13.25	0.99991502200161	0.799950309300938	3.45638388622092e-05	5.1191286926593	0.999966008800644
8.65	13.25	0.999940447649702	0.799941357830508	3.71242267892529e-05	5.03913639680783	0.999976179059881
8.75	13.25	0.999958836448631	0.799933863962442	3.94834589009788e-05	4.95914423340254	0.999983534579453
8.85	13.25	0.999971980566467	0.799927639750051	4.16611795170069e-05	4.87915225952572	0.999988792226587
8.95	13.25	0.99998125684577	0.799922521233102	4.36749218478472e-05	4.79916049981799	0.999992502738308
9.05	13.25	0.9999877125505	0.799918365401639	4.55403223723538e-05	4.71916895603221	0.9999950850202
9.15	13.25	0.999992135988637	0.799915047529933	4.72713175428963e-05	4.6391776143856	0.999996854395455
9.25	13.25	0.99999511407015	0.799912458839774	4.88803235487862e-05	4.55918645112543	0.99999804562806
9.35	13.25	0.999997078718788	0.799910504455704	5.03783998662578e-05	4.47919543666386	0.999998831487515
9.45	13.25	0.99999834389137	0.79990910161809	5.17753974122495e-05	4.39920453858183	0.999999337556548
9.55	13.25	0.999999134779354	0.799908178123203	5.30800922887729e-05	4.31921372375169	0.999999653911742
9.65	13.25	0.999999610582953	0.799907670962839	5.43003061396996e-05	4.2392229597841	0.999999844233181
9.75	13.25	0.999999882065608	0.799907525138804	5.54430140803712e-05	4.15923221596526	0.999999952826243
9.85	13.25	1.00000002492181	0.799907692630497	5.65144412835173e-05	4.07924146381734	1.00000000996872
9.95	13.25	1.00000008982866	0.799908131496323	5.75201491398074e-05	3.99925067738676	1.00000003593146
10.05	13.25	1.00000010990391	0.799908805091975	5.84651120482153e-05	3.91925983334106	1.00000004396156
10.15	13.25	1.00000010616184	0.799909681390562	5.93537856137616e-05	3.83926891093622	1.00000004246474
10.25	13.25	1.00000009144438	0.7999107323916	6.01901671547125e-05	3.75927789190044	1.00000003657775
10.35	13.25	1.00000007320698	0.79991193360725	6.09778493571718e-05	3.67928676026803	1.00000002928279
10.45	13.25	1.0000000554571	0.799913263615854	6.17200676839409e-05	3.59929550218766	1.00000002218284
10.55	13.25	1.00000004007529	0.799914703673879	6.24197422646263e-05	3.51930410572155	1.00000001603012
10.65	13.25	1.00000002769406	0.799916237378701	6.30795148761561e-05	3.43931256064675	1.00000001107762
10.75	13.25	1.0000000182659	0.799917850375445	6.37017815041187e-05	3.35932085826555	1.00000000730636
10.85	13.25	1.0000000114173	0.799919530102037	6.42887209942125e-05	3.27932899122902	1.00000000456692
10.95	13.25	1.00000000665885	0.799921265567554	6.48423202602587e-05	3.19933695337577	1.00000000266354
11.05	13.25	1.00000000350139	0.79992304715915	6.53643964011458e-05	3.11934473958643	1.00000000140056
11.15	13.25	1.00000000151299	0.799924866474105	6.58566161135345e-05	3.03935234565348	1.00000000060519
11.25	13.25	1.00000000034029	0.799926716173267	6.63205126572283e-05	2.95935976816574	1.00000000013612
11.35	13.25	0.999999999710028	0.799928589853396	6.67575007582535e-05	2.87936700440617	0.999999999884011
11.45	13.25	0.999999999420574	0.799930481935576	6.71688895898427e-05	2.79937405226173	0.99999999976823
11.55	13.25	0.999999999329922	0.799932387567742	6.75558941258537e-05	2.71938091014409	0.999999999731969
11.65	13.25	0.999999999343474	0.799934302539386	6.7919645044078e-05	2.63938757691975	0.999999999737389
11.75	13.25	0.9999999994036	0.799936223206794	6.82611973568822e-05	2.55939405184853	0.99999999976144
11.85	13.25	0.999999999481547	0.799938146427473	6.85815379283802e-05	2.47940033452939	0.999999999792619
11.95	13.25	0.999999999571472	0.799940069502502	6.88815920361325e-05	2.39940642485252	0.999999999828589
12.05	13.25	0.999999999685646	0.799941990125784	6.91622290512874e-05	2.31941232295705	0.999999999874258
12.15	13.25	0.999999999849256	0.799943906339332	6.94242673926958e-05	2.23941802919363	0.999999999939702
12.25	13.25	1.0000000000927	0.799945816493772	6.96684787867167e-05	2.15942354409139	1.00000000003708
12.35	13.25	1.00000000043912	0.799947719213503	6.98955919087333e-05	2.07942886832895	1.00000000017565
12.45	13.25	1.00000000088524	0.799949613366001	7.01062955056868e-05	1.9994340027091	1.00000000035409
12.55	13.25	1.00000000137512	0.799951498034855	7.03012408873167e-05	1.91943894813718	1.00000000055005
12.65	13.25	1.0000000017695	0.799953372496308	7.04810440027967e-05	1.8394437056029	1.0000000007078
12.75	13.25	1.00000000181824	0.799955236199057	7.06462869923959e-05	1.75944827616527	1.0000000007273
12.85	13.25	1.00000000115053	0.799957088747061	7.07975194347653e-05	1.67945266094028	1.00000000046021
12.95	13.25	0.99999999930555	0.799958929885005	7.09352593985121e-05	1.59945686108994	0.99999999972222
13.05	13.25	0.999999995832958	0.799960759485695	7.10599946469589e-05	1.5194608778108	0.999999998333183
13.15	13.25	0.999999990494445	0.799962577538343	7.11721843794559e-05	1.43946471231916	0.999999996197778
13.25	13.25	0.999999983587263	0.799964384135904	7.1272262088588e-05	1.35946836582901	0.999999993434905
13.35	13.25	0.999999976381107	0.799966179459179	7.13606399493592e-05	1.27947183951907	0.999999990552443
13.45	13.25	0.999999971602147	0.799967963754954	7.14377151693643e-05	1.19947513448594	0.999999988640859
13.55	13.25	0.999999973807917	0.799969737305807	7.15038779580803e-05	1.11947825168453	0.999999989523167
13.65	13.25	0.999999989377893	0.799971500390851	7.1559519929749e-05	1.03948119186331	0.999999995751157
13.75	13.25	1.0000000257176	0.799973253240307	7.16050402268521e-05	0.959483955513098	1.00000001028704
13.85	13.25	1.00000008918475	0.799974995993014	7.16408447506729e-05	0.879486542862412	1.0000000356739
13.95	13.25	1.00000018127242	0.79997672867472	7.16673320052247e-05	0.79948895396746	1.00000007250897
14.05	13.25	1.00000029283899	0.79997845122548	7.16848578931975e-05	0.71949118895606	1.0000001171356
14.15	13.25	1.00000039678922	0.799980163613684	7.16936726856624e-05	0.639493248481479	1.00000015871569
14.25	13.25	1.00000044070485	0.799981866077221	7.16938279184838e-05	0.559495134411935	1.00000017628194
14.35	13.25	1.00000034253433	0.799983559520722	7.16850611253686e-05	0.479496850707843	1.00000013701373
14.45	13.25	0.999999994435789	0.799985246061752	7.16666837033441e-05	0.399498404307742	0.999999997774315
14.55	13.25	0.99999928176788	0.799986929647127	7.16375217246887e-05	0.319499805650376	0.999999712707152
14.65	13.25	0.9999981251312	0.799988616546996	7.15959887292364e-05	0.239501068221975	0.99999925005248
14.75	13.25	0.999996551832219	0.799990315721738	7.15403956535402e-05	0.159502206288922	0.999998620732888
14.85	13.25	0.999994797238962	0.799992761052735	7.14696136293927e-05	0.0795032297977011	0.999997918895585
14.95	13.25	0.999993424116685	0.399991726643347	7.14020578616038e-05	-0.000496009365046585	0.999997369646674
0.05	13.35	-4.9266068267803e-06	0.400002829269181	-0.000120510628046766	10.4591213828078	0.599998029357269
0.15	13.35	-5.60737882398421e-06	0.800008930535761	-0.00012036180197658	10.4111212009518	0.59999775704847
0.25	13.35	-6.16318757667754e-06	0.800015382282172	-0.000120068764946469	10.3631206700311	0.599997534724969
0.35	13.35	-5.80766267232582e-06	0.800022379327261	-0.000119634674246099	10.3151197495483	0.599997676934931
0.45	13.35	-3.69919062682992e-06	0.800030180254822	-0.000119064567674186	10.2671183562389	0.599998520323749
0.55	13.35	1.03190956011966e-06	0.800039027158059	-0.000118365132040773	10.2191163647088	0.600000412763824
0.65	13.35	9.18252630193373e-06	0.800049180400693	-0.000117544427526662	10.1711136069759	0.600003673010521
0.75	13.35	2.13412881973557e-05	0.800060942102228	-0.000116611428131172	10.1231098753918	0.600008536515279
0.85	13.35	3.78793772532104e-05	0.800074373959035	-0.00011557975485958	10.0751049280337	0.600015151750901
0.95	13.35	5.67336109114103e-05	0.80008999585298	-0.000114519345434785	10.0270985260753	0.600022693444365
1.05	13.35	7.39025998556978e-05	0.800108311735861	-0.000113463654445168	9.97909049724354	0.600029561039942
1.15	13.35	8.32032668730762e-05	0.800130098423238	-0.000112410127633473	9.93108079833967	0.600033281306749
1.25	13.35	7.75218828406849e-05	0.800156205764954	-0.000111416075443475	9.88306955964474	0.600031008753136
1.35	13.35	4.97590121791922e-05	0.800187695913897	-0.000110552208843155	9.83505709137335	0.600019903604872
1.45	13.35	-5.70094363541552e-06	0.800225849291167	-0.000109903092613671	9.78704385091358	0.599997719622546
1.55	13.35	-9.10222900006822e-05	0.800272136366248	-0.000109570549143028	9.73903035453201	0.599963591084
1.65	13.35	-0.000202708072092903	0.800328164160167	-0.000109675167964717	9.69101702207582	0.599918916771163
1.75	13.35	-0.000329534540472257	0.800395599529553	-0.000110355911494502	9.64300395359694	0.599868186183811
1.85	13.35	-0.000451115890260683	0.800476068050484	-0.000111768533445089	9.59499065090563	0.599819553643896
1.95	13.35	-0.000537656893314928	0.800571016393172	-0.000114084799671933	9.54697571417038	0.599784937242674
2.05	13.35	-0.000551554727737666	0.800681529296853	-0.000117490175984765	9.49895656369003	0.599779378108905
2.15	13.35	-0.000451973720627245	0.800808238151131	-0.00012214786083719	9.45092926038694	0.599819210511749
2.25	13.35	-0.000205030175954802	0.800955193346309	-0.000128097479731385	9.40288853081982	0.599917987929618
2.35	13.35	0.00023084665121241	0.801127051988246	-0.000135265670893233	9.35482777495788	0.600092338660485
2.45	13.35	0.000925678462938752	0.801323755078297	-0.000143606450897619	9.30673848976346	0.600370271385176
2.55	13.35	0.00196108851446619	0.801547783988516	-0.000153136210788235	9.25860958308745	0.600784435405786
2.65	13.35	0.00343027897626417	0.801801793145392	-0.000163876496307109	9.21042700339135	0.601372111590506
2.75	13.35	0.00543963966104141	0.802088461893399	-0.000175803755789514	9.1621733358106	0.602175855864417
2.85	13.35	0.00811074822608904	0.802410434168594	-0.000188814631496494	9.11382734240348	0.603244299290436
2.95	13.35	0.0115830518118349	0.802770239245885	-0.000202705656301804	9.06536343201488	0.604633220724734
3.05	13.35	0.0160176776603727	0.803170184193109	-0.000217160601940174	9.0167510315861	0.606407071064149
3.15	13.35	0.021602845911948	0.803612201055724	-0.000231740651140005	8.96795381646579	0.608641138364779
3.25	13.35	0.0285613597710353	0.804097621562782	-0.000245876583010697	8.91892874286832	0.611424543908414
3.35	13.35	0.0371605698843208	0.804626838253655	-0.000258864911415108	8.86962481242452	0.614864227953728
3.45	13.35	0.0477249359765945	0.805198791127301	-0.00026987156645853	8.81998149120312	0.619089974390638
3.55	13.35	0.0606506545831631	0.805810195798594	-0.000277947917466598	8.76992671291329	0.624260261833265
3.65	13.35	0.0764205185247379	0.806454414747476	-0.000282064953546232	8.71937443473564	0.630568207409895
3.75	13.35	0.0956149005460444	0.807119898440277	-0.000281171997223024	8.66822181028844	0.638245960218418
3.85	13.35	0.118911287499161	0.8077882485534	-0.000274285550952856	8.6163462321386	0.647564514999664
3.95	13.35	0.147060396582617	0.808432269121294	-0.000260610284601049	8.56360280954441	0.658824158633047
4.05	13.35	0.180823061137269	0.809014933499159	-0.0002396860013883	8.50982329058617	0.672329224454908
4.15	13.35	0.220852393294681	0.809490877857365	-0.000211540886097219	8.45481793334952	0.688340957317872
4.25	13.35	0.267516152808826	0.809812276557226	-0.000176814991078222	8.39838214581123	0.70700646112353
4.35	13.35	0.320680404931572	0.809939752249577	-0.000136806859990142	8.34030943139109	0.728272161972629
4.45	13.35	0.379515195788069	0.809855695058179	-9.34025743428569e-05	8.28041083135186	0.751806078315228
4.55	13.35	0.442416347223237	0.809573482232717	-4.88776676780321e-05	8.21853854502262	0.776966538889295
4.65	13.35	0.507128930119077	0.809135644957945	-5.60888897887312e-06	8.15460853053582	0.802851572047631
4.75	13.35	0.571084194539135	0.808599888887884	3.42315163755174e-05	8.08861538061525	0.828433677815654
4.85	13.35	0.631851736846918	0.808020398069489	6.89241524430991e-05	8.02063425509918	0.852740694738767
4.95	13.35	0.687540604435124	0.807434862470889	9.7347425151004e-05	7.95080900604869	0.87501624177405
5.05	13.35	0.737013793058389	0.806862224709111	0.000119010404581867	7.87933053191313	0.894805517223356
5.15	13.35	0.77988384380377	0.806308316342792	0.00013399208189268	7.80641205259227	0.911953537521508
5.25	13.35	0.816352856404276	0.805773331157419	0.000142818850726024	7.73226738825683	0.92654114256171
5.35	13.35	0.84699465136593	0.805256995326509	0.000146315014222533	7.65709562466238	0.938797860546372
5.45	13.35	0.87255594282048	0.804760580887238	0.000145456622643059	7.58107268004575	0.949022377128192
5.55	13.35	0.893812777411411	0.804286806259525	0.000141249430632905	7.50434846545222	0.957525110964564
5.65	13.35	0.911485820092037	0.803838935176054	0.000134640654880684	7.42704771806994	0.964594328036815
5.75	13.35	0.926201721615374	0.803419904222716	0.000126464874971512	7.3492727706707	0.97048068864615
5.85	13.35	0.938484167441358	0.803031790402205	0.000117418629386334	7.27110701842592	0.975393666976543
5.95	13.35	0.948760915080065	0.802675623735771	0.000108055978393776	7.19261834687955	0.979504366032026
6.05	13.35	0.957377551384664	0.802351437011563	9.87974785881974e-05	7.11386216360727	0.982951020553865
6.15	13.35	0.964612603474347	0.802058438062415	8.99464273573703e-05	7.03488391489735	0.985845041389739
6.25	13.35	0.970691366931602	0.801795221390229	8.1707982184675e-05	6.95572109759768	0.988276546772641
6.35	13.35	0.9757974612889	0.801559970777037	7.42083374517883e-05	6.87640483319424	0.99031898451556
6.45	13.35	0.980081993241283	0.801350630587698	6.75123560582535e-05	6.7969610871754	0.992032797296513
6.55	13.35	0.983670598282181	0.80116503948087	6.16388954291571e-05	6.71741161250982	0.993468239312873
6.65	13.35	0.986668756942945	0.801001028583866	5.657359980782e-05	6.63777468380776	0.994667502777178
6.75	13.35	0.989165778112855	0.800856489666986	5.22792407241586e-05	6.55806567482777	0.995666311245142
6.85	13.35	0.991237785811833	0.800729419648186	4.87038464202546e-05	6.47829751932573	0.996495114324733
6.95	13.35	0.992949976602088	0.800617947271725	4.57869273442086e-05	6.39848108482753	0.997179990640835
7.05	13.35	0.994358350272798	0.8005203468351	4.34641156343206e-05	6.31862548082353	0.997743340109119
7.15	13.35	0.995511062823973	0.800435042800477	4.16705180657603e-05	6.23873831684009	0.998204425129589
7.25	13.35	0.996449508973847	0.800360608195236	4.03430490672976e-05	6.15882592143782	0.998579803589539
7.35	13.35	0.997209210045788	0.800295758945509	3.94219722940742e-05	6.07889353003547	0.998883684018315
7.45	13.35	0.997820560139846	0.800239345692069	3.88518413824019e-05	5.99894544723715	0.999128224055939
7.55	13.35	0.99830946700575	0.80019034419036	3.85819951348519e-05	5.91898518779625	0.9993237868023
7.65	13.35	0.99869791236732	0.800147845065447	3.85667310791817e-05	5.83901559928835	0.999479164946928
7.75	13.35	0.999004448317458	0.800111043450591	3.87652544319628e-05	5.75903896884556	0.999601779326983
7.85	13.35	0.999244640837642	0.800079228863809	3.91414771987122e-05	5.67905711582188	0.999697856335057
7.95	13.35	0.99943146777665	0.800051775550868	3.96637232657991e-05	5.59907147193793	0.99977258711066
8.05	13.35	0.999575676219548	0.800028133433975	4.03043809152371e-05	5.51908315023932	0.999830270487819
8.15	13.35	0.999686102698909	0.800007819740876	4.10395323783795e-05	5.4390930040583	0.999874441079563
8.25	13.35	0.999769958856902	0.799990411345436	4.18485807209645e-05	5.35910167706514	0.999907983542761
8.35	13.35	0.999833084745766	0.799975537818482	4.27138881237371e-05	5.27910964541683	0.999933233898306
8.45	13.35	0.999880171798131	0.799962875167789	4.36204338352385e-05	5.19911725294296	0.999952068719252
8.55	13.35	0.999914957493767	0.799952140231596	4.4555496872728e-05	5.11912474024558	0.999965982997507
8.65	13.35	0.999940393814853	0.799943085682418	4.55083658415975e-05	5.03913226852652	0.999976157525941
8.75	13.35	0.999958791663175	0.799935495592998	4.64700764194857e-05	4.9591399388909	0.99998351666527
8.85	13.35	0.999971943475187	0.799929181515019	4.74331759109502e-05	4.8791478078089	0.999988777390075
8.95	13.35	0.999981226295234	0.799923979021677	4.83915135654537e-05	4.79915589934978	0.999992490518093
9.05	13.35	0.999987687545621	0.799919744666681	4.93400550270094e-05	4.71916421473439	0.999995075018248
9.15	13.35	0.999992115664363	0.799916353315147	5.02747189308061e-05	4.63917273968551	0.999996846265745
9.25	13.35	0.999995097672632	0.799913695805178	5.11922338061303e-05	4.55918144999175	0.999998039069053
9.35	13.35	0.999997065592206	0.79991167690197	5.20900132287626e-05	4.47919031564039	0.999998826236882
9.45	13.35	0.999998333467934	0.799910213510042	5.29660474095522e-05	4.39919930381919	0.999999333387174
9.55	13.35	0.999999126570935	0.799909233112888	5.38188096310456e-05	4.31920838103712	0.999999650628374
9.65	13.35	0.99999960417349	0.799908672411863	5.46471756502605e-05	4.23921751456913	0.999999841669396
9.75	13.35	0.999999877103837	0.799908476140095	5.54503547616444e-05	4.15922667339144	0.999999950841535
9.85	13.35	1.00000002111418	0.799908596029301	5.62278311489093e-05	4.07923582874012	1.00000000844567
9.95	13.35	1.00000008693245	0.799908989910372	5.69793140870325e-05	3.99924495439742	1.00000003477298
10.05	13.35	1.00000010772055	0.799909620930674	5.77046960364271e-05	3.91925402678703	1.00000004308822
10.15	13.35	1.00000010453066	0.799910456873165	5.84040175370028e-05	3.83926302493963	1.00000004181226
10.25	13.35	1.00000009023677	0.799911469564263	5.90774379290636e-05	3.75927193037513	1.00000003609471
10.35	13.35	1.00000007232114	0.799912634358979	5.97252110624599e-05	3.67928072693512	1.00000002892846
10.45	13.35	1.0000000548133	0.799913929693277	6.03476653390388e-05	3.5992894005897	1.00000002192532
10.55	13.35	1.00000003961176	0.799915336694852	6.09451873087084e-05	3.51929793923543	1.0000000158447
10.65	13.35	1.00000002736346	0.799916838844835	6.15182083107511e-05	3.4393063324954	1.00000001094539
10.75	13.35	1.00000001803237	0.799918421683451	6.20671936428137e-05	3.35931457152854	1.00000000721295
10.85	13.35	1.00000001125394	0.799920072554097	6.25926338243669e-05	3.27932264885224	1.00000000450157
10.95	13.35	1.00000000654569	0.799921780380604	6.30950375342692e-05	3.19933055818008	1.00000000261828
11.05	13.35	1.00000000342379	0.799923535473313	6.35749259879447e-05	3.11933829427558	1.00000000136952
11.15	13.35	1.0000000014603	0.799925329360137	6.40328284152711e-05	3.03934585282123	1.00000000058412
11.25	13.35	1.00000000030485	0.799927154639291	6.44692784357564e-05	2.95935323030237	1.00000000012194
11.35	13.35	0.999999999686346	0.799929004850787	6.48848111695277e-05	2.8793604239043	0.999999999874538
11.45	13.35	0.999999999404756	0.799930874364224	6.52799608903929e-05	2.7993674314217	0.999999999761902
11.55	13.35	0.99999999931921	0.799932758280634	6.56552591263203e-05	2.71937425117879	0.999999999727684
11.65	13.35	0.999999999335945	0.799934652346684	6.60112331418174e-05	2.63938088195907	0.999999999734378
11.75	13.35	0.999999999397964	0.79993655287932	6.63484046064236e-05	2.55938732294344	0.999999999759186
11.85	13.35	0.999999999477045	0.799938456699806	6.66672885688981e-05	2.47939357365569	0.999999999790818
11.95	13.35	0.999999999567853	0.799940361075613	6.69683925155409e-05	2.3993996339143	0.999999999827141
12.05	13.35	0.99999999968319	0.79994226366933	6.72522155926255e-05	2.31940550378992	0.999999999873276
12.15	13.35	0.999999999848797	0.799944162493614	6.75192478769416e-05	2.23941118356772	0.999999999939519
12.25	13.35	1.00000000009559	0.799946055871408	6.77699697386711e-05	2.15941667371418	1.00000000003824
12.35	13.35	1.00000000044704	0.799947942400853	6.80048511799901e-05	2.07942197484793	1.00000000017882
12.45	13.35	1.00000000089971	0.799949820924363	6.82243511385164e-05	1.99942708771436	1.00000000035988
12.55	13.35	1.00000000139669	0.799951690501476	6.84289167582252e-05	1.91943201316386	1.00000000055868
12.65	13.35	1.00000000179648	0.799953550385257	6.86189825009981e-05	1.83943675213357	1.00000000071859
12.75	13.35	1.00000000184507	0.799955400001946	6.87949692183298e-05	1.75944130563233	1.00000000073803
12.85	13.35	1.00000000116614	0.799957238933687	6.89572831284021e-05	1.67944567472834	1.00000000046646
12.95	13.35	0.999999999292225	0.799959066903905	6.9106314930074e-05	1.59944986053812	0.99999999971689
13.05	13.35	0.999999995766836	0.799960883764663	6.92424392506035e-05	1.51945386421511	0.999999998306735
13.15	13.35	0.999999990349004	0.799962689484869	6.9366014845107e-05	1.43945768693468	0.999999996139602
13.25	13.35	0.999999983341452	0.799964484137543	6.94773860311459e-05	1.35946132987192	0.999999993336581
13.35	13.35	0.999999976033515	0.799966267883774	6.95768858096598e-05	1.27946479416826	0.999999990413406
13.45	13.35	0.999999971191561	0.799968040950643	6.96648409853965e-05	1.19946808088409	0.999999988476624
13.55	13.35	0.999999973438303	0.799969803600662	6.97415789844356e-05	1.1194711909384	0.999999989375321
13.65	13.35	0.999999989242039	0.799971556092079	6.98074352214628e-05	1.03947412504328	0.999999995696816
13.75	13.35	1.0000000261083	0.79997329863292	6.98627582885443e-05	0.959476883652134	1.00000001044332
13.85	13.35	1.00000009047612	0.799975031338017	6.99079085246358e-05	0.879479466955126	1.00000003619045
13.95	13.35	1.00000018384861	0.799976754207182	6.99432436299425e-05	0.799481874970637	1.00000007353944
14.05	13.35	1.00000029694581	0.79997846715312	6.99690838922294e-05	0.71948410779269	1.00000011877832
14.15	13.35	1.00000040229131	0.79998017011719	6.99856504376527e-05	0.639486166051043	1.00000016091653
14.25	13.35	1.00000044675237	0.799981863313901	6.99929743755886e-05	0.559488051609915	1.00000017870095
14.35	13.35	1.00000034718451	0.799983547633446	6.9990784589561e-05	0.479489768456618	1.00000013887381
14.45	13.35	0.999999994340437	0.799985225194878	6.99783987445789e-05	0.399491323598521	0.999999997736175
14.55	13.35	0.999999272123978	0.799986899969996	6.995466594174e-05	0.319492727590913	0.999999708849591
14.65	13.35	0.999998100184956	0.799988578282944	6.99180376637923e-05	0.239493994076966	0.999999240073982
14.75	13.35	0.999996506294572	0.799990269176821	6.98668689252111e-05	0.159495137489655	0.999998602517829
14.85	13.35	0.999994728958803	0.799992715432375	6.98000613519586e-05	0.0794961678861263	0.999997891583521
14.95	13.35	0.999993338190283	0.399991639823281	6.97354522497331e-05	-0.000503064661990026	0.999997335276113
0.05	13.45	-4.91228175045468e-06	0.400002845705268	-0.000126411608482536	10.4591287903443	0.5999980350873
0.15	13.45	-5.58752890082358e-06	0.800008975748258	-0.000126477380082952	10.4111286060576	0.59999776498844
0.25	13.45	-6.13312964131452e-06	0.800015449512318	-0.000126623771952796	10.3631280708718	0.599997546748143
0.35	13.45	-5.76257391762753e-06	0.800022457208968	-0.000126859864693541	10.3151271446632	0.599997694970433
0.45	13.45	-3.63350967149336e-06	0.800030251875806	-0.000127202688504797	10.2671257448487	0.599998546596131
0.55	13.45	1.12631012929806e-06	0.800039069298997	-0.000127677579219484	10.219123747026	0.600000450524052
0.65	13.45	9.32289992698923e-06	0.800049162826295	-0.000128320806559133	10.1711209844877	0.600003729159971
0.75	13.45	2.15518192781076e-05	0.800060813594177	-0.000129184976730088	10.1231172508346	0.600008620727711
0.85	13.45	3.79104314471972e-05	0.800074177742905	-0.000130351622736526	10.0751123074928	0.600015164172579
0.95	13.45	5.63411038936245e-05	0.800089769307196	-0.00013195462238214	10.0271059230783	0.600022536441557
1.05	13.45	7.33929073728082e-05	0.800107839612135	-0.000134115709245078	9.97909792901384	0.600029357162949
1.15	13.45	8.24917624664199e-05	0.80012934211388	-0.000136949000598736	9.93108828462653	0.600032996704987
1.25	13.45	7.64913688337401e-05	0.800155093230396	-0.000140629595049127	9.88307712772259	0.600030596547533
1.35	13.45	4.82923960427146e-05	0.800186136703394	-0.000145371004483214	9.83506477713884	0.600019316958417
1.45	13.45	-7.7202612518328e-06	0.800223734157906	-0.000151413194558209	9.78705169999021	0.599996911895499
1.55	13.45	-9.37047339286606e-05	0.800269335482838	-0.000159015642257324	9.7390384233872	0.599962518106429
1.65	13.45	-0.000206145554454818	0.800324524729333	-0.00016844998288566	9.69102537897462	0.599917541778218
1.75	13.45	-0.000333782534824878	0.800390944238521	-0.000179990576325875	9.6430126792154	0.59986648698607
1.85	13.45	-0.000456177628344437	0.8004701986828	-0.000193901828678305	9.59499983832375	0.599817528948662
1.95	13.45	-0.000543520147867718	0.800563726400254	-0.000210420387883749	9.54698546804556	0.599782591940853
2.05	13.45	-0.000558470654602257	0.800672624871227	-0.000229751145132011	9.49896700110937	0.599776611738159
2.15	13.45	-0.000460920654349989	0.800798081235284	-0.000252323414958015	9.45094052539481	0.59981563173826
2.25	13.45	-0.000211990849871133	0.800941752790646	-0.000278288583403562	9.40290075988	0.599915203660052
2.35	13.45	0.00022345005053169	0.801111514007183	-0.00030754417818978	9.35484109862287	0.600089380020213
2.45	13.45	0.000918634238691881	0.801305545278294	-0.000340270675836642	9.30675305771194	0.600367453695477
2.55	13.45	0.00195497453448811	0.801526568929789	-0.000376649225891166	9.25862554484664	0.600781989813795
2.65	13.45	0.00342547900439068	0.801777345585871	-0.000416765565884335	9.21044451252039	0.601370191601756
2.75	13.45	0.00543646528294671	0.802060694316742	-0.000460546553429099	9.16219254587045	0.602174586113179
2.85	13.45	0.0081094898865389	0.802379416683466	-0.000507717194296451	9.11384839941288	0.603243795954616
2.95	13.45	0.0115839917947879	0.802736222253885	-0.000557760942715164	9.06538646507635	0.604633596717915
3.05	13.45	0.0160210927683011	0.803133627720696	-0.000609871172682064	9.0167761417958	0.60640843710732
3.15	13.45	0.021609016030024	0.803573806313705	-0.000662889428731372	8.96798106372931	0.60864360641201
3.25	13.45	0.0285705937841128	0.804058357879755	-0.000715231212063505	8.91895813015485	0.611428237513645
3.35	13.45	0.0371732590987437	0.804587956614408	-0.000764803696862656	8.86965626707382	0.614869303639497
3.45	13.45	0.0477416441719614	0.805161813538138	-0.0008089244265018	8.8200148431132	0.619096657668785
3.55	13.45	0.0606722503818995	0.80577686786538	-0.000844257892074321	8.76996166983449	0.62426890015276
3.65	13.45	0.076448346921768	0.806426608132433	-0.000866799520332091	8.7194105556002	0.630579338768707
3.75	13.45	0.0956509729127506	0.807099451997812	-0.00087195420880321	8.66825847868376	0.6382603891651
3.85	13.45	0.118958440868571	0.80777674447578	-0.000854775869616057	8.61638263386168	0.647583376347428
3.95	13.45	0.147122335495656	0.808430756165532	-0.000810445002246817	8.56363792072052	0.658848934198262
4.05	13.45	0.180904160777349	0.809023634524759	-0.000735041954134242	8.50985588580407	0.67236166431094
4.15	13.45	0.22095713942108	0.809508949282939	-0.000626595230875173	8.45484662561942	0.688382855768432
4.25	13.45	0.267648165605365	0.809837708922069	-0.000486229684544693	8.39840546974153	0.707059266242146
4.35	13.45	0.320841174463774	0.809969490897913	-0.000319043843942416	8.34032597478398	0.728336469785509
4.45	13.45	0.379702914029679	0.809886001100951	-0.000134231232769193	8.28041940625095	0.751881165611871
4.55	13.45	0.442625402784799	0.809600461658823	5.59057588926719e-05	8.21853836914061	0.77705016111392
4.65	13.45	0.507350514796966	0.809155802725025	0.000237966156277676	8.15459937290355	0.802940205918786
4.75	13.45	0.571307982144373	0.808610566379313	0.000399876797955198	8.08859762428187	0.828523192857749
4.85	13.45	0.63206800733754	0.80802001776079	0.000532886794855816	8.02060885179691	0.852827202935016
4.95	13.45	0.687741956495638	0.80742297516662	0.00063251957480962	7.95077733451644	0.875096782598255
5.05	13.45	0.737195894195812	0.806839394369529	0.00069839609825224	7.87929420283692	0.894878357678325
5.15	13.45	0.780045221690751	0.806275892970941	0.00073328160641399	7.80637271270511	0.912018088676301
5.25	13.45	0.816494121145934	0.805733169438809	0.000741850486121021	7.73222656370678	0.926597648458374
5.35	13.45	0.847117594923342	0.805211175463082	0.000729556622579917	7.6570546213499	0.938847037969337
5.45	13.45	0.872662804514549	0.804711174441438	0.000701801152351762	7.58103253898464	0.94906512180582
5.55	13.45	0.893905773657082	0.804235708560466	0.00066342785165841	7.50430996029367	0.957562309462833
5.65	13.45	0.911566911714074	0.803787766044893	0.000618488363916415	7.4270113792163	0.96462676468563
5.75	13.45	0.926272544286183	0.803369966154295	0.000570192671078935	7.3492389225804	0.970509017714473
5.85	13.45	0.938546051783674	0.802984068399546	0.000520967729611285	7.27107582062795	0.975418420713469
5.95	13.45	0.94881494332017	0.802630811369727	0.000472567304519751	7.19258983298	0.979525977328068
6.05	13.45	0.957424619395864	0.802309976232872	0.000426196563515296	7.11383627542688	0.982969847758346
6.15	13.45	0.964653473589367	0.802020563884858	0.000382631083442452	7.03486053074448	0.985861389435747
6.25	13.45	0.970726707063513	0.801761005772914	0.000342320780778175	6.95570005475222	0.988290682825405
6.35	13.45	0.975827871093137	0.801529362499641	0.000305475804521033	6.87638594520748	0.990331148437255
6.45	13.45	0.980108020084528	0.801323489625874	0.000272134915225496	6.79694415678853	0.992043208033811
6.55	13.45	0.983692746107694	0.801141165484035	0.000242218451473638	6.71739644100945	0.993477098443078
6.65	13.45	0.986687490682205	0.8009801836999	0.00021556847823448	6.63776107756498	0.994674996272882
6.75	13.45	0.989181525624028	0.800838416292509	0.000191978649515793	6.55805344966034	0.995672610249611
6.85	13.45	0.99125093868493	0.800713853820668	0.000171216016080019	6.47828650321169	0.996500375473972
6.95	13.45	0.992960890656561	0.800604628439501	0.000153036635059072	6.39847111939513	0.997184356262624
7.05	13.45	0.994367346201935	0.800509024696383	0.000137196476003643	6.31861642195268	0.997746938480774
7.15	13.45	0.995518427192969	0.800425481824932	0.000123458800477748	6.23873003463575	0.998207370877188
7.25	13.45	0.996455495625437	0.80035259035419	0.000111598928892815	6.15881829977462	0.998582198250175
7.35	13.45	0.997214041880894	0.800289085088411	0.000101407096306423	6.07888646582386	0.998885616752358
7.45	13.45	0.997824431198101	0.800233835925866	9.26899317466162e-05	5.99893884952278	0.99912977247924
7.55	13.45	0.998312544755337	0.800185837547382	8.52709643631144e-05	5.91897897677387	0.999325017902135
7.65	13.45	0.998700340114039	0.80014419868354	7.89904590881433e-05	5.8390097052883	0.999480136045616
7.75	13.45	0.999006347651707	0.800108131438631	7.37048059873863e-05	5.75903333133304	0.999602539060683
7.85	13.45	0.999246114050697	0.800076940983838	6.92856277349881e-05	5.67905168243574	0.999698445620279
7.95	13.45	0.999432600191377	0.800050015814252	6.56187246798704e-05	5.59906619758586	0.999773040076551
8.05	13.45	0.999576538394066	0.800026818682276	6.26029420276352e-05	5.51907799625896	0.999830615357626
8.15	13.45	0.999686752473917	0.800006878261165	6.01490181898858e-05	5.43908793744864	0.999874700989567
8.25	13.45	0.999770443228053	0.799989781553189	5.81784547029215e-05	5.359096669789	0.999908177291221
8.35	13.45	0.999833441551507	0.79997516702944	5.66224331142895e-05	5.27910467377268	0.999933376620603
8.45	13.45	0.999880431220845	0.799962718470105	5.54207954829865e-05	5.19911229700297	0.999952172488338
8.55	13.45	0.999915143377925	0.799952159463478	5.45210968261481e-05	5.1191197833555	0.99996605735117
8.65	13.45	0.999940524810376	0.799943248515102	5.38777334608001e-05	5.03912729686287	0.99997620992415
8.75	13.45	0.999958882205463	0.799935774715671	5.34511476769503e-05	4.95913494107053	0.999983552882185
8.85	13.45	0.999972004615394	0.799929553916261	5.32071068563099e-05	4.87914277454611	0.999988801846158
8.95	13.45	0.999981266395626	0.799924425360152	5.31160537024521e-05	4.79915082315623	0.99999250655825
9.05	13.45	0.999987712855292	0.79992024872358	5.31525235561725e-05	4.71915908965739	0.999995085142117
9.15	13.45	0.999992130790448	0.799916901520421	5.32946240544145e-05	4.63916756108054	0.999996852316179
9.25	13.45	0.999995105961537	0.799914276829513	5.35235725679625e-05	4.55917621432531	0.999998042384615
9.35	13.45	0.999997069434426	0.79991228130713	5.38232863456565e-05	4.4791850203197	0.999998827773771
9.45	13.45	0.999998334538847	0.799910833450454	5.41800209836163e-05	4.39919394704546	0.999999333815539
9.55	13.45	0.999999126018661	0.799909862081775	5.45820524059958e-05	4.3192029616795	0.999999650407464
9.65	13.45	0.999999602763574	0.799909305026221	5.50193983145163e-05	4.23921203205671	0.99999984110543
9.75	13.45	0.999999875329162	0.799909107958924	5.5483574932374e-05	4.15922112762099	0.999999950131665
9.85	13.45	1.00000001927726	0.799909223400568	5.59673852932613e-05	4.07923021999739	1.0000000077109
9.95	13.45	1.00000008520607	0.799909609842233	5.64647356085379e-05	3.99923928329025	1.00000003408243
10.05	13.45	1.00000010619172	0.799910230983587	5.69704764174873e-05	3.91924829418847	1.00000004247669
10.15	13.45	1.00000010323186	0.799911055069536	5.74802656719933e-05	3.83925723193985	1.00000004129274
10.25	13.45	1.00000008916761	0.799912054312843	5.7990450920826e-05	3.75926607824063	1.00000003566704
10.35	13.45	1.00000007146304	0.799913204391815	5.84979683127942e-05	3.67927481707432	1.00000002858522
10.45	13.45	1.00000005413913	0.799914484013013	5.90002560797047e-05	3.59928343452389	1.00000002165565
10.55	13.45	1.00000003909185	0.799915874530852	5.94951806797344e-05	3.51929191857422	1.00000001563674
10.65	13.45	1.00000002696913	0.799917359616463	5.99809737615421e-05	3.4393002589161	1.00000001078765
10.75	13.45	1.0000000177378	0.79991892496953	6.04561784493327e-05	3.35930844675872	1.00000000709512
10.85	13.45	1.000000011037	0.79992055806733	6.09196036605771e-05	3.27931647465507	1.0000000044148
10.95	13.45	1.00000000638807	0.799922247946158	6.1370285199575e-05	3.19932433634202	1.00000000255523
11.05	13.45	1.00000000331073	0.799923985010912	6.1807452618574e-05	3.11933202659592	1.00000000132429
11.15	13.45	1.0000000013802	0.799925760868956	6.22305010344694e-05	3.03933954110341	1.00000000055208
11.25	13.45	1.00000000024876	0.799927568185263	6.26389671100081e-05	2.95934687634659	1.0000000000995
11.35	13.45	0.999999999647458	0.799929400555842	6.30325085026155e-05	2.87935402950137	0.999999999858983
11.45	13.45	0.999999999377965	0.79993125239716	6.34108863273933e-05	2.79936099834786	0.999999999751186
11.55	13.45	0.999999999300733	0.799933118849335	6.37739501271736e-05	2.7193677811914	0.999999999720293
11.65	13.45	0.999999999323022	0.799934995691408	6.41216249163995e-05	2.63937437679302	0.999999999729209
11.75	13.45	0.999999999388653	0.799936879267008	6.44539000795666e-05	2.55938078430822	0.999999999755461
11.85	13.45	0.999999999470092	0.799938766419053	6.47708197062703e-05	2.47938700323291	0.999999999788037
11.95	13.45	0.999999999562631	0.799940654432359	6.50724743100711e-05	2.39939303335578	0.999999999825052
12.05	13.45	0.999999999679699	0.799942540983055	6.53589934928424e-05	2.31939887471612	0.999999999871879
12.15	13.45	0.99999999984766	0.799944424094003	6.56305396738844e-05	2.23940452756655	0.999999999939064
12.25	13.45	1.000000000098	0.799946302095395	6.58873024722417e-05	2.1594099923401	1.0000000000392
12.35	13.45	1.00000000045452	0.799948173589997	6.61294937769349e-05	2.07941526962138	1.00000000018181
12.45	13.45	1.0000000009137	0.799950037422502	6.63573432937371e-05	1.99942036012138	1.00000000036548
12.55	13.45	1.00000000141768	0.799951892652623	6.6571094492644e-05	1.91942526465599	1.00000000056707
12.65	13.45	1.00000000182277	0.799953738531733	6.67710008759856e-05	1.839429984128	1.00000000072911
12.75	13.45	1.00000000187122	0.799955574482714	6.69573224739102e-05	1.75943451951225	1.00000000074849
12.85	13.45	1.00000000118131	0.799957400082858	6.71303226197233e-05	1.67943887184346	1.00000000047252
12.95	13.45	0.999999999279122	0.799959215049433	6.72902650740047e-05	1.59944304220548	0.999999999711649
13.05	13.45	0.999999995702204	0.7999610192272	6.74374117541363e-05	1.51944703171993	0.999999998280882
13.15	13.45	0.999999990207014	0.799962812576751	6.75720213750127e-05	1.43945084153132	0.999999996082806
13.25	13.45	0.999999983101647	0.799964595161862	6.76943494643298e-05	1.35945447278477	0.999999993240659
13.35	13.45	0.999999975694621	0.799966367133462	6.78046502091624e-05	1.27945792659235	0.999999990277848
13.45	13.45	0.999999970791491	0.799968128707456	6.79031803411701e-05	1.19946120398527	0.999999988316597
13.55	13.45	0.999999973078452	0.799969880133969	6.7990204838391e-05	1.11946430585291	0.999999989231381
13.65	13.45	0.999999989110225	0.799971621657275	6.80660032077589e-05	1.03946723287659	0.99999999564409
13.75	13.45	1.00000002648953	0.799973353469427	6.81308737837743e-05	0.959469985477343	1.00000001059581
13.85	13.45	1.00000009173431	0.799975075666932	6.8185131618709e-05	0.879472563811553	1.00000003669372
13.95	13.45	1.00000018635703	0.799976788228837	6.82290938702174e-05	0.799474967863851	1.00000007454281
14.05	13.45	1.00000030094276	0.799978491045266	6.82630454406268e-05	0.719477197698022	1.0000001203771
14.15	13.45	1.00000040764413	0.799980184034878	6.82871785031775e-05	0.639479253923233	1.00000016305765
14.25	13.45	1.00000045263368	0.799981867392692	6.83015038799756e-05	0.559481138401745	1.00000018105347
14.35	13.45	1.00000035170527	0.799983541997787	6.83057418461603e-05	0.479482855148633	1.00000014068211
14.45	13.45	0.999999994247371	0.799985209973309	6.82992162562922e-05	0.39948441123948	0.999999997698948
14.55	13.45	0.999999262753035	0.799986875317708	6.8280799011106e-05	0.319485817343824	0.999999705101214
14.65	13.45	0.999998075952165	0.79998854440972	6.82489791682261e-05	0.239487087258011	0.999999230380866
14.75	13.45	0.9999964620709	0.799990226374538	6.82021553860923e-05	0.159488235577222	0.99999858482836
14.85	13.45	0.99999466266364	0.799992672611397	6.81392594684259e-05	0.0794892724662433	0.999997865065456
14.95	13.45	0.999993254774883	0.399991556200408	6.80775566216467e-05	-0.000509953760554455	0.999997301909953
0.05	13.55	-4.88280825294456e-06	0.400002751874785	-0.000132232127972439	10.4591365528655	0.599998046876699
0.15	13.55	-5.54518192112193e-06	0.800008685303081	-0.000132505949492869	10.4111363788954	0.599997781927232
0.25	13.55	-6.06696030697067e-06	0.800014948489861	-0.000133077959823896	10.3631358655364	0.599997573215877
0.35	13.55	-5.66266398208536e-06	0.800021722863793	-0.000133963598576514	10.3151349733889	0.599997734934407
0.45	13.55	-3.49364693159204e-06	0.800029252327468	-0.000135192180234581	10.2671336212404	0.599998602541227
0.55	13.55	1.29943507550931e-06	0.800037765248176	-0.000136808201287569	10.2191316867464	0.60000051977403
0.65	13.55	9.48701745336196e-06	0.800047508848251	-0.000138877252489212	10.171129006286	0.600003794806981
0.75	13.55	2.15986487854038e-05	0.800058771550913	-0.000141496751524235	10.1231253785304	0.600008639459514
0.85	13.55	3.78760090562847e-05	0.800071603079706	-0.000144809397880757	10.0751205713436	0.600015150403623
0.95	13.55	5.60726140931984e-05	0.800086581197812	-0.000149001924091603	10.0271143619459	0.600022429045637
1.05	13.55	7.26240961379465e-05	0.800103996952377	-0.000154278494692467	9.97910659263876	0.600029049638455
1.15	13.55	8.11755614664577e-05	0.800124665840947	-0.000160873868365122	9.93109723384783	0.600032470224587
1.25	13.55	7.45042957782729e-05	0.800149396644544	-0.000169084870802877	9.88308643678283	0.600029801718311
1.35	13.55	4.54786569481871e-05	0.800179203914214	-0.000179262276419645	9.8350745371836	0.600018191462779
1.45	13.55	-1.14953724913151e-05	0.800215310421028	-0.000191794556649669	9.7870620211336	0.599995401851003
1.55	13.55	-9.85117862965335e-05	0.800259116850477	-0.00020709249648617	9.73904943594948	0.599960595285481
1.65	13.55	-0.000211951298126995	0.800312148824017	-0.000225573327988972	9.69103723403058	0.599915219480749
1.75	13.55	-0.000340411115327803	0.800375982759322	-0.000247643483135002	9.64302554839725	0.599863835553869
1.85	13.55	-0.000463266878516349	0.800452151429282	-0.000273680598457338	9.59501391278884	0.599814693248593
1.95	13.55	-0.000550449474960525	0.800542010583023	-0.000304019124912026	9.54700095621039	0.599779820210016
2.05	13.55	-0.000564337876053993	0.800646437843527	-0.000338970763241227	9.49898412430854	0.599774264849578
2.15	13.55	-0.000466396893743998	0.800767341917726	-0.000378966756330165	9.45095953064159	0.599813441242502
2.25	13.55	-0.000216980699267024	0.80090622337397	-0.000424273174320947	9.40292192148245	0.599913207720293
2.35	13.55	0.000222984184967135	0.801069030024827	-0.000475028492240759	9.35486468651248	0.600089193673987
2.45	13.55	0.000923157412189159	0.801255593685693	-0.000531586761330022	9.30677934801037	0.600369262964876
2.55	13.55	0.00196521033414033	0.801468447125646	-0.000594314672644536	9.25865484066444	0.600786084133656
2.65	13.55	0.0034425311758662	0.801710378123031	-0.000663397458796659	9.21047713023548	0.601377012470346
2.75	13.55	0.0054617549628385	0.801984270886054	-0.000738742087856659	9.16222880246703	0.602184701985135
2.85	13.55	0.00814473327498507	0.802293039007056	-0.000819933043672703	9.11388859862742	0.603257893309994
2.95	13.55	0.0116312152124361	0.802639553543326	-0.000906178291606349	9.06543088099446	0.604652486084974
3.05	13.55	0.0160826831683912	0.803026546575339	-0.00099622343752084	9.01682499857394	0.606433073267356
3.15	13.55	0.0216878137925633	0.803456462762814	-0.00108823253369373	8.96803450993565	0.608675125517025
3.25	13.55	0.0286700385123526	0.803931224910184	-0.00117963956368151	8.91901620617214	0.611468015404941
3.35	13.55	0.0372975994607254	0.804451867383856	-0.00126697784147023	8.86971886408449	0.61491903978429
3.45	13.55	0.0478962176979173	0.805017971570531	-0.00134570188215625	8.82008165248643	0.619158487079167
3.55	13.55	0.0608638238580785	0.805626814891264	-0.00141003138719934	8.77003212250907	0.624345529543231
3.65	13.55	0.0766854758373543	0.806272133172521	-0.00145287255852157	8.71948375272121	0.630674190334942
3.75	13.55	0.0959442820441572	0.806942428397783	-0.00146590863049112	8.66833311787234	0.638377712817663
3.85	13.55	0.1193206446296	0.807618892741379	-0.0014399932759692	8.61645694069044	0.64772825785184
3.95	13.55	0.147567718551644	0.808273353698567	-0.00136600685408993	8.56370960253872	0.659027087420658
4.05	13.55	0.181447172144854	0.80886722942574	-0.00123630356383823	8.50992213422797	0.672578868857941
4.15	13.55	0.221609812054507	0.809353174467184	-0.00104672723886933	8.45490420167462	0.688643924821803
4.25	13.55	0.268416389741597	0.809681307656071	-0.000798866274243311	8.39845090530145	0.707366555896639
4.35	13.55	0.321720501372263	0.809810617575648	-0.000501820875872797	8.34035590650163	0.728688200548905
4.45	13.55	0.380675375539308	0.809722739595923	-0.000172513739790042	8.28043101740444	0.752270150215723
4.55	13.55	0.443659240866927	0.809431370177442	0.000166170282456387	8.21852985758115	0.777463696346771
4.65	13.55	0.508404023871108	0.808980267979176	0.000489264799526363	8.15457031690076	0.803361609548443
4.75	13.55	0.572336800352353	0.808428880236791	0.000774418480888955	8.08854912006896	0.828934720140941
4.85	13.55	0.633033256466944	0.807833260647282	0.00100572148702754	8.02054336393294	0.853213302586778
4.95	13.55	0.688616161494148	0.807232842456097	0.00117545894505187	7.9506983037957	0.875446464597659
5.05	13.55	0.737964995545443	0.806648028443734	0.00128364776304006	7.87920553693017	0.895185998218177
5.15	13.55	0.780707036434615	0.806085708331425	0.00133608909673252	7.80627830031433	0.912282814573846
5.25	13.55	0.817054868312464	0.805546654388361	0.00134193451358613	7.73212990982605	0.926821947324986
5.35	13.55	0.847588152565873	0.805030688258162	0.00131152497223175	7.65695863721281	0.939035261026349
5.45	13.55	0.87305571427338	0.804538770761826	0.00125485548588977	7.58093947002488	0.949222285709352
5.55	13.55	0.894233303707146	0.804073027941755	0.00118069444695857	7.50422141174277	0.957693321482859
5.65	13.55	0.911840051679636	0.803635983871907	0.0010962203256252	7.42692839698933	0.964736020671854
5.75	13.55	0.926500647890638	0.803229801000039	0.00100699728962079	7.34916209626392	0.970600259156255
5.85	13.55	0.938736853667076	0.802855827170519	0.000917136056585362	7.2710053871549	0.97549474146683
5.95	13.55	0.948974750714426	0.802514454853425	0.000829531859670281	7.19252576953652	0.97958990028577
6.05	13.55	0.957558557166401	0.802205191423173	0.00074611411097687	7.11377837699446	0.983023422866561
6.15	13.55	0.964765719844559	0.80192683402939	0.00066807394382445	7.03480847173093	0.985906287937824
6.25	13.55	0.970820693522811	0.801677673013813	0.000596056009335014	6.95565343620057	0.988328277409124
6.35	13.55	0.975906442590191	0.80145568082735	0.000530312299392	6.8763443298587	0.990362577036076
6.45	13.55	0.980173556932417	0.801258667700311	0.000470821338615852	6.79690709437682	0.992069422772967
6.55	13.55	0.983747256284799	0.801084399931586	0.000417378206591317	6.71736348594834	0.99349890251392
6.65	13.55	0.986732678999861	0.800930684015668	0.000369661139989437	6.63773180084337	0.994693071599944
6.75	13.55	0.989218845998142	0.800795422662764	0.000327279908995677	6.55802744641726	0.995687538399257
6.85	13.55	0.991281634276241	0.800676649172426	0.000289810312069469	6.47826339714257	0.996512653710496
6.95	13.55	0.99298602538241	0.800572545913522	0.000256818262657562	6.39845056487729	0.997194410152964
7.05	13.55	0.99438783010014	0.800481451585989	0.000227876168749362	6.3185981045641	0.997755132040056
7.15	13.55	0.995535037350496	0.800401860857373	0.00020257366829319	6.23871367057258	0.998214014940198
7.25	13.55	0.996468893835582	0.800332419033081	0.0001805242766072	6.15880363454272	0.998587557534233
7.35	13.55	0.997224789812985	0.8002719136733	0.000161369109943907	6.0788732724795	0.998889915925194
7.45	13.55	0.997833003607689	0.800219264502739	0.000144778549413981	5.99892692666162	0.999133201443076
7.55	13.55	0.998319341093414	0.800173512539596	0.000130452483473502	5.91896814640989	0.999327736437366
7.65	13.55	0.998705694783475	0.800133809068518	0.000118119595754508	5.83899981072147	0.99948227791339
7.75	13.55	0.999010539088245	0.80009940486657	0.000107536037950968	5.75902423507239	0.999604215635298
7.85	13.55	0.999249372760869	0.800069639939992	9.84837317835248e-05	5.67904326422123	0.999699749104348
7.95	13.55	0.999435115851608	0.800043933923186	9.0768473140523e-05	5.59905835253507	0.999774046340643
8.05	13.55	0.999578466097773	0.800021777219521	8.42179593917826e-05	5.51907063315267	0.999831386439109
8.15	13.55	0.999688218202759	0.800002722911948	7.86798223486701e-05	5.43908097716054	0.999875287281104
8.25	13.55	0.99977154861679	0.799986379439077	7.40197213349211e-05	5.35909004385891	0.999908619446716
8.35	13.55	0.999834268011606	0.799972404009486	7.01195309706456e-05	5.27909832311885	0.999933707204642
8.45	13.55	0.999881043484808	0.79996049671332	6.68756437876391e-05	5.19910617076618	0.999952417393923
8.55	13.55	0.999915592523638	0.799950395282136	6.41973980001062e-05	5.11911383786668	0.999966237009455
8.65	13.55	0.999940850822153	0.799941870444067	6.20056337559179e-05	5.03912149472483	0.999976340328861
8.75	13.55	0.999959116125606	0.799934721820068	6.02313766700969e-05	4.95912925034427	0.999983646450243
8.85	13.55	0.999972170336995	0.799928774308257	5.88146444958353e-05	4.87913716803233	0.999988868134798
8.95	13.55	0.999981382143864	0.799923874905365	5.77033708149371e-05	4.79914527776297	0.999992552857546
9.05	13.55	0.999987792400786	0.799919889917714	5.68524385926229e-05	4.71915358584506	0.999995116960315
9.15	13.55	0.999992184434343	0.799916702517619	5.62228160923662e-05	4.63916208237632	0.999996873773737
9.25	13.55	0.999995141328006	0.799914210604925	5.57807869692014e-05	4.55917074689931	0.999998056531202
9.35	13.55	0.999997092102283	0.799912324937533	5.54972670171175e-05	4.47917955261601	0.999998836840913
9.45	13.55	0.999998348540125	0.799910967498061	5.53471998244823e-05	4.39918846946176	0.99999933941605
9.55	13.55	0.999999134228276	0.799910070067785	5.53090239741237e-05	4.31919746628937	0.99999965369131
9.65	13.55	0.999999607200748	0.799909572982231	5.53642049239306e-05	4.2392065123696	0.999999842880299
9.75	13.55	0.999999877388109	0.799909424045335	5.54968250449809e-05	4.15921557837495	0.999999950955244
9.85	13.55	1.00000001990177	0.799909577582585	5.569322550837e-05	4.07922463698056	1.00000000796071
9.95	13.55	1.00000008502009	0.79990999361534	5.59416946552544e-05	3.99923366318724	1.00000003400804
10.05	13.55	1.0000001055958	0.799910637140983	5.6232197307726e-05	3.91924263444839	1.00000004223832
10.15	13.55	1.0000001024734	0.799911477505525	5.65561403989794e-05	3.83925153066302	1.00000004098936
10.25	13.55	1.00000008839138	0.799912487856635	5.69061704928243e-05	3.75926033408147	1.00000003535655
10.35	13.55	1.00000007074681	0.799913644667055	5.72759992215375e-05	3.67926902915805	1.00000002829872
10.45	13.55	1.00000005351843	0.799914927319191	5.76602530933633e-05	3.5992776023752	1.00000002140737
10.55	13.55	1.00000003857677	0.799916317743043	5.80543444679045e-05	3.51928604205616	1.00000001543071
10.65	13.55	1.00000002655548	0.799917800100616	5.84543608735316e-05	3.43929433817768	1.00000001062219
10.75	13.55	1.00000001741424	0.79991936051075	5.88569701345852e-05	3.35930248219006	1.0000000069657
10.85	13.55	1.00000001078946	0.799920986809191	5.92593391093437e-05	3.27931046684889	1.00000000431579
10.95	13.55	1.00000000620234	0.799922668339233	5.96590640982133e-05	3.19931828606061	1.00000000248093
11.05	13.55	1.00000000317379	0.799924395769017	6.00541113211991e-05	3.11932593474278	1.00000000126952
11.15	13.55	1.00000000128085	0.799926160931978	6.04427658081029e-05	3.0393334086989	1.00000000051234
11.25	13.55	1.00000000017772	0.799927956687388	6.08235876874987e-05	2.95934070450693	1.00000000007109
11.35	13.55	0.999999999597322	0.799929776798471	6.11953746153249e-05	2.87934781942066	0.999999999838929
11.45	13.55	0.999999999342931	0.799931615825614	6.15571294883414e-05	2.79935475128251	0.999999999737172
11.55	13.55	0.999999999276359	0.799933469032939	6.1908032675362e-05	2.7193614984468	0.999999999710543
11.65	13.55	0.999999999305979	0.799935332306223	6.22474180355704e-05	2.63936805971201	0.999999999722392
11.75	13.55	0.999999999376532	0.799937202080978	6.2574752204078e-05	2.55937443426115	0.999999999750613
11.85	13.55	0.999999999461267	0.799939075279089	6.28896166693882e-05	2.47938062160917	0.999999999784507
11.95	13.55	0.999999999556194	0.799940949253133	6.31916921530235e-05	2.39938662155645	0.999999999822478
12.05	13.55	0.999999999675432	0.799942821737185	6.34807451079111e-05	2.31939243414768	0.999999999870173
12.15	13.55	0.999999999846016	0.799944690803495	6.37566158269614e-05	2.23939805963555	0.999999999938406
12.25	13.55	1.00000000010003	0.79994655482411	6.4019208091769e-05	2.1594034984486	1.00000000004001
12.35	13.55	1.00000000046165	0.799948412437015	6.42684800150556e-05	2.07940875116306	1.00000000018466
12.45	13.55	1.00000000092726	0.799950262516284	6.45044359015314e-05	1.99941381847836	1.00000000037091
12.55	13.55	1.00000000143812	0.799952104145831	6.47271189897511e-05	1.91941870119618	1.00000000057525
12.65	13.55	1.00000000184839	0.79995393659664	6.49366048568632e-05	1.83942340020294	1.00000000073936
12.75	13.55	1.00000000189668	0.799955759307158	6.51329954422146e-05	1.75942791645547	1.00000000075867
12.85	13.55	1.00000000119603	0.799957571866654	6.53164136219519e-05	1.67943225096926	1.00000000047841
12.95	13.55	0.999999999266249	0.799959374001204	6.54869984195629e-05	1.59943640480808	0.9999999997065
13.05	13.55	0.999999995639059	0.799961165561607	6.56449010042676e-05	1.51944037907296	0.999999998255624
13.15	13.55	0.999999990068459	0.79996294651201	6.57902818108811e-05	1.4394441748875	0.999999996027383
13.25	13.55	0.999999982867814	0.799964716917543	6.59233091697945e-05	1.35944779337568	0.999999993147126
13.35	13.55	0.999999975364368	0.799966476928434	6.60441598708296e-05	1.27945123562805	0.999999990145747
13.45	13.55	0.999999970401865	0.799968226757891	6.61530218668653e-05	1.19945450265361	0.999999988160746
13.55	13.55	0.999999972728291	0.799969966651222	6.62500988407563e-05	1.11945759531831	0.999999989091316
13.65	13.55	0.999999988982413	0.799971696845559	6.63356154513276e-05	1.03946051427827	0.999999995592965
13.75	13.55	1.00000002686136	0.799973417523156	6.64098206976086e-05	0.95946325992717	1.00000001074455
13.85	13.55	1.00000009295954	0.799975128767795	6.64729852058141e-05	0.879465832392091	1.00000003718382
13.95	13.55	1.00000018879818	0.799976830542897	6.65253863542844e-05	0.79946823162795	1.00000007551927
14.05	13.55	1.00000030483071	0.799978522720693	6.65672743391566e-05	0.71947045767181	1.00000012193228
14.15	13.55	1.00000041284886	0.799980205201443	6.65988129667232e-05	0.639472511115119	1.00000016513954
14.25	13.55	1.00000045835016	0.799981878164507	6.66199932406856e-05	0.559474393820193	1.00000018334006
14.35	13.55	1.00000035609771	0.799983542481135	6.66305271587873e-05	0.47947610983072	1.00000014243908
14.45	13.55	0.999999994156582	0.799985200281131	6.66297449200864e-05	0.39947766628987	0.999999997662633
14.55	13.55	0.999999253652694	0.79998685559124	6.66165411921906e-05	0.319479073979158	0.999999701461078
14.65	13.55	0.999998052426541	0.799988514845363	6.65894423900906e-05	0.239480346844353	0.999999220970617
14.75	13.55	0.99999641914944	0.79999018725016	6.65468904997038e-05	0.1594814996385	0.999998567659776
14.85	13.55	0.999994598335476	0.799992632545354	6.64878472755832e-05	0.0794825426310292	0.99999783933419
14.95	13.55	0.999993173847522	0.399991475736682	6.64290118539041e-05	-0.000516677563790671	0.999997269539009
0.05	13.65	-4.84098658373661e-06	0.400002552930042	-0.00013775475463864	10.4591446588546	0.599998063605367
0.15	13.65	-5.48552887821396e-06	0.800008075620321	-0.000138225750917197	10.4111445074195	0.599997805788449
0.25	13.65	-5.97491035419695e-06	0.800013907487726	-0.000139200499329672	10.3631440408695	0.599997610035858
0.35	13.65	-5.52604584779579e-06	0.800020216605065	-0.000140701615605353	10.3151432209418	0.599997789581661
0.45	13.65	-3.30568431102266e-06	0.800027231795398	-0.000142771183201542	10.2671419685806	0.599998677726275
0.55	13.65	1.53389854364621e-06	0.800035165646401	-0.000145472789589971	10.2191401647332	0.600000613559417
0.65	13.65	9.74585593078305e-06	0.800044246798704	-0.000148899674308561	10.1711376505731	0.600003898342372
0.75	13.65	2.1833353213624e-05	0.800054728596341	-0.000153189645104566	10.1231342314	0.600008733341285
0.85	13.65	3.77731330753251e-05	0.800066742457643	-0.000158542110758877	10.0751296857713	0.60001510925323
0.95	13.65	5.54598638496835e-05	0.800080766777616	-0.000165196056521823	10.0271238046908	0.60002218394554
1.05	13.65	7.15251619968278e-05	0.800096961315655	-0.000173426379939832	9.97911644404433	0.600028610064799
1.15	13.65	7.93373463991524e-05	0.800116218130354	-0.000183577900336848	9.93110759125188	0.60003173493856
1.25	13.65	7.16753981614054e-05	0.800139277864637	-0.000196069815901224	9.88309741963309	0.600028670159265
1.35	13.65	4.14381734579552e-05	0.800167093847744	-0.000211384000360406	9.83508628998435	0.600016575269383
1.45	13.65	-1.68967785250208e-05	0.800200818226722	-0.000230046568021561	9.78707471588283	0.59999324128859
1.55	13.65	-0.000105294210080477	0.800241768315199	-0.000252607766110008	9.7390632735791	0.599957882315968
1.65	13.65	-0.000219941168258163	0.800291372126682	-0.00027961982375402	9.6910524446759	0.599912023532697
1.75	13.65	-0.000349180004860228	0.800351096340099	-0.0003116146178409	9.6430423904186	0.599860327998056
1.85	13.65	-0.000472097156506899	0.800422358753926	-0.000349085927665607	9.5950326705845	0.599811161137397
1.95	13.65	-0.000558406156599662	0.800506402699201	-0.000392480471783278	9.54702193768746	0.59977663753736
2.05	13.65	-0.000570559801651108	0.800604110412626	-0.000442200231865331	9.49900766303503	0.59977177607934
2.15	13.65	-0.000468912657025089	0.800716953960155	-0.000498651272073528	9.4509859880063	0.59981243493719
2.25	13.65	-0.000212051397568556	0.800845521332327	-0.000562249521126648	9.40295166604002	0.599915179440973
2.35	13.65	0.000234140213813477	0.800998120246713	-0.000633395474022091	9.35489811126299	0.600093656085525
2.45	13.65	0.000942640202353162	0.801172810417838	-0.000712650297758668	9.30681688813295	0.600377056080941
2.55	13.65	0.00199511767846814	0.801372317515723	-0.000800636393636325	9.25869695679779	0.600798047071387
2.65	13.65	0.00348523965992891	0.801599477037184	-0.000897658616647086	9.21052430367464	0.601394095863972
2.75	13.65	0.00552013946926069	0.801857236711099	-0.001003617034908	9.16228151846898	0.602208055787704
2.85	13.65	0.00822225751600709	0.802148587404083	-0.00111798787479971	9.11394732639468	0.603288903006403
2.95	13.65	0.0117320137233314	0.80247651884025	-0.00123975522115767	9.06549605043751	0.604692805489333
3.05	13.65	0.0162116912369201	0.802843945986268	-0.0013672797426745	9.01689697113799	0.606484676494768
3.15	13.65	0.0218509693042076	0.803253571364071	-0.00149811333521895	8.96811354052249	0.608740387721683
3.25	13.65	0.028874571442375	0.803707650505889	-0.00162876753869299	8.91910239331031	0.61154982857695
3.35	13.65	0.037552420768903	0.804207614388813	-0.00175444460867571	8.86981208562088	0.615020968307561
3.45	13.65	0.04821240759932	0.804753480856948	-0.0018687505726952	8.8201814844538	0.619284963039728
3.55	13.65	0.0612551897325924	0.805342963621942	-0.00196343313915205	8.77013773999041	0.624502075893037
3.65	13.65	0.0771690908524243	0.805970177302315	-0.00202822757737341	8.71959381424756	0.63086763634097
3.75	13.65	0.0965408154713107	0.806623874290898	-0.00205095169186276	8.66844564017134	0.638616326188524
3.85	13.65	0.120054151162511	0.807285298191187	-0.00201805761445431	8.61656917954235	0.648021660465004
3.95	13.65	0.148464392312642	0.807926087515911	-0.00191589139438833	8.5638179686436	0.659385756925057
4.05	13.65	0.182532476528325	0.808507262313259	-0.0017328642972276	8.51002218896023	0.67301299061133
4.15	13.65	0.222903540232067	0.808981016096064	-0.00146250795094876	8.45499079092254	0.689161416092827
4.25	13.65	0.269925819323446	0.809297205274424	-0.00110690908620988	8.398518488838	0.707970327729378
4.35	13.65	0.323432988323874	0.809415039876651	-0.000679404536080078	8.34039910982131	0.72937319532955
4.45	13.65	0.382553138372861	0.809316986080335	-0.000205047536803922	8.2804453624937	0.753021255349144
4.55	13.65	0.445639686525519	0.809017989075943	0.00028223942831488	8.21851253173241	0.778255874610208
4.65	13.65	0.510407548782419	0.808563017805662	0.000745566698054358	8.15452076246586	0.804163019512968
4.75	13.65	0.574280556197568	0.808012258306382	0.00115216304751524	8.08846923669227	0.829712222479027
4.85	13.65	0.634845988930213	0.807421898638857	0.0014790660853354	8.02043723370101	0.853938395572085
4.95	13.65	0.690248621843176	0.806831070759969	0.00171561930772726	7.95057152514642	0.876099448737271
5.05	13.65	0.739393096988904	0.806259688013931	0.00186261661947895	7.87906438305322	0.895757238795562
5.15	13.65	0.781928620512166	0.8057141041763	0.00192925820340736	7.80612893540988	0.912771448204866
5.25	13.65	0.818083111059067	0.805194530771983	0.0019294514222526	7.73197781777639	0.927233244423627
5.35	13.65	0.848444623541579	0.804700185262242	0.00187859377893768	7.65680830866499	0.939377849416632
5.45	13.65	0.873764876347287	0.804231383013747	0.00179134128526563	7.58079431259301	0.949505950538915
5.55	13.65	0.894818969612296	0.803789596055001	0.00168037489151443	7.50408381263631	0.957927587844918
5.65	13.65	0.912323543142095	0.803376731016531	0.00155593595196802	7.42679986756259	0.964929417256838
5.75	13.65	0.926900134676575	0.802994408114853	0.00142585121813285	7.34904344522105	0.97076005387063
5.85	13.65	0.939067377172418	0.802643531280404	0.00129581417624423	7.27089688936824	0.975626950868967
5.95	13.65	0.949248572578064	0.802324154628359	0.00116976325294372	7.19242731380785	0.979699429031226
6.05	13.65	0.957785612985601	0.80203554807323	0.00105026354633049	7.11368958694563	0.983114245194241
6.15	13.65	0.964954062779593	0.801776360426213	0.000938846181313898	7.03472880014642	0.985981625111837
6.25	13.65	0.970976878678792	0.80154480789305	0.000836288798233419	6.95558223602709	0.988390751471517
6.35	13.65	0.976035839496219	0.801338847620055	0.000742836670393241	6.87628090600754	0.990414335798487
6.45	13.65	0.980280594750134	0.801156319106016	0.000658371306258933	6.79685074040359	0.992112237900053
6.55	13.65	0.983835612820525	0.800995050096982	0.000582535810918301	6.71731350917199	0.99353424512821
6.65	13.65	0.986805425559251	0.800852930415711	0.000514826186339357	6.63768753882556	0.9947221702237
6.75	13.65	0.989278558739482	0.800727959720815	0.00045465657874393	6.55798827710559	0.995711423495793
6.85	13.65	0.991330480624142	0.800618275449168	0.000401405004697833	6.47822874444897	0.996532192249657
6.95	13.65	0.9930258320141	0.800522166431065	0.000354444671825596	6.39841990102926	0.99721033280564
7.05	13.65	0.994420137296625	0.800438076583792	0.00031316480000807	6.31857095022621	0.99776805491865
7.15	13.65	0.995561143171023	0.80036460202694	0.000276983874965799	6.23868959347342	0.998224457268409
7.25	13.65	0.996489890586471	0.800300484058133	0.00024535750993403	6.15878224714382	0.998595956234589
7.35	13.65	0.99724159457229	0.800244599716768	0.000217782516660814	6.07885422907306	0.998896637828916
7.45	13.65	0.997846384066127	0.800195951127385	0.000193798355982954	5.99890992017237	0.999138553626451
7.55	13.65	0.998329937622592	0.800153654424892	0.000172986817588681	5.91895290509389	0.999331975049037
7.65	13.65	0.998714039399915	0.800116928786533	0.000154970541749937	5.83898609489328	0.999485615759966
7.75	13.65	0.999017071813662	0.80008508590145	0.00013941082095647	5.75901183394778	0.999606828725465
7.85	13.65	0.999254455762699	0.8000575200744	0.000126004991018164	5.67903199293023	0.99970178230508
7.95	13.65	0.999439045666539	0.800033699069213	0.000114483627567083	5.59904804933691	0.999775618266616
8.05	13.65	0.999581484184007	0.800013155735477	0.000104607695734607	5.51906115686798	0.999832593673603
8.15	13.65	0.999690520026093	0.799995480421416	9.61657512576316e-05	5.43907220482467	0.999876208010437
8.25	13.65	0.999773291446165	0.799980314149087	8.89712564529095e-05	5.35908186859287	0.999909316578466
8.35	13.65	0.999835577577717	0.799967342511956	8.28600492789795e-05	5.27909065220898	0.999934231031087
8.45	13.65	0.999882019638318	0.799956290244792	7.76879864177662e-05	5.19909892394104	0.999952807855327
8.55	13.65	0.999916314015726	0.799946916411331	7.33287692472811e-05	5.11910694575752	0.99996652560629
8.65	13.65	0.999941379318332	0.799939010153728	6.96719536907091e-05	5.03911489749549	0.999976551727333
8.75	13.65	0.999959499553374	0.799932386948384	6.66211396029875e-05	4.95912289647615	0.99998379982135
8.85	13.65	0.999972445658246	0.79992688531497	6.40923319116819e-05	4.8791310132502	0.999988978263298
8.95	13.65	0.999981577634075	0.799922363929266	6.20124640569926e-05	4.79913928408827	0.99999263105363
9.05	13.65	0.999987929508426	0.79991869909325	6.03180729514577e-05	4.71914772076377	0.99999517180337
9.15	13.65	0.999992279285831	0.799915782520951	5.89541143247154e-05	4.63915631810948	0.999996911714332
9.25	13.65	0.999995205935877	0.799913519401838	5.78729073841803e-05	4.55916505976515	0.999998082374351
9.35	13.65	0.999997135326931	0.799911826708027	5.70331977848039e-05	4.4791739224734	0.999998854130772
9.45	13.65	0.999998376848761	0.79991063171501	5.63993283010371e-05	4.39918287922574	0.999999350739504
9.55	13.65	0.999999152288505	0.799909870709339	5.59405072252355e-05	4.31919190151029	0.999999660915402
9.65	13.65	0.999999618340519	0.799909487859692	5.56301649864361e-05	4.23920096086813	0.999999847336208
9.75	13.65	0.999999883948705	0.79990943423073	5.544538986308e-05	4.15921002992619	0.999999953579482
9.85	13.65	1.00000002350602	0.799909666921747	5.53664346874292e-05	4.07921908304093	1.00000000940241
9.95	13.65	1.00000008677406	0.799910148314245	5.5376286685282e-05	3.9992280966588	1.00000003470962
10.05	13.65	1.00000010623875	0.799910845414682	5.54602933709304e-05	3.9192370494756	1.0000000424955
10.15	13.65	1.00000010248806	0.799911729280312	5.5605837938582e-05	3.83924592245763	1.00000004099523
10.25	13.65	1.000000088084	0.799912774517655	5.58020583367789e-05	3.75925469877175	1.0000000352336
10.35	13.65	1.00000007030451	0.799913958844301	5.60396045071752e-05	3.67926336365912	1.0000000281218
10.45	13.65	1.00000005304967	0.799915262706111	5.63104290293414e-05	3.59927190427737	1.00000002121987
10.55	13.65	1.00000003813946	0.799916668942744	5.66076068683935e-05	3.5192803095289	1.00000001525578
10.65	13.65	1.00000002617615	0.799918162495365	5.69251803102494e-05	3.43928856988696	1.00000001047046
10.75	13.65	1.00000001710087	0.79991973015119	5.72580257183016e-05	3.3592966772272	1.00000000684035
10.85	13.65	1.00000001053976	0.799921360320127	5.76017390988487e-05	3.27930462466921	1.0000000042159
10.95	13.65	1.00000000600899	0.799923042839489	5.79525378687371e-05	3.19931240643059	1.00000000240359
11.05	13.65	1.00000000302763	0.79992476880308	5.83071764513974e-05	3.11932001769444	1.00000000121105
11.15	13.65	1.00000000117264	0.799926530411669	5.86628738444997e-05	3.03932745449041	1.00000000046906
11.25	13.65	1.00000000009908	0.799928320841918	5.90172513025361e-05	2.95933471358852	1.00000000003963
11.35	13.65	0.999999999541079	0.799930134131664	5.93682787622467e-05	2.87934179240517	0.999999999816432
11.45	13.65	0.99999999930323	0.799931965079123	5.9714228665326e-05	2.79934868891988	0.999999999721292
11.55	13.65	0.999999999248558	0.799933809154573	6.00536361122644e-05	2.71935540160189	0.999999999699423
11.65	13.65	0.999999999286509	0.79993566242263	6.03852644459097e-05	2.63936192934545	0.999999999714604
11.75	13.65	0.999999999362751	0.799937521473935	6.07080754736975e-05	2.55936827141272	0.9999999997451
11.85	13.65	0.99999999945135	0.799939383364999	6.10212035892708e-05	2.47937442738331	0.99999999978054
11.95	13.65	0.999999999549067	0.799941245565143	6.1323933318128e-05	2.39938039710973	0.999999999819627
12.05	13.65	0.99999999967074	0.799943105909603	6.16156797565162e-05	2.31938618067798	0.999999999868296
12.15	13.65	0.999999999844097	0.799944962558139	6.18959714572871e-05	2.23939177837258	0.999999999937639
12.25	13.65	1.00000000010183	0.799946813958376	6.21644354632686e-05	2.15939719064583	1.00000000004073
12.35	13.65	1.00000000046852	0.799948658813349	6.2420784123219e-05	2.07940241809067	1.00000000018741
12.45	13.65	1.00000000094047	0.799950496052936	6.26648034237535e-05	1.99940746141722	1.00000000037619
12.55	13.65	1.00000000145804	0.799952324808683	6.28963426235378e-05	1.9194123214327	1.00000000058322
12.65	13.65	1.00000000187338	0.799954144392004	6.3115304925634e-05	1.83941699902477	1.00000000074935
12.75	13.65	1.0000000019215	0.799955954275373	6.33216391068077e-05	1.75942149514786	1.0000000007686
12.85	13.65	1.00000000121035	0.799957754076475	6.35153319766744e-05	1.67942581081211	1.00000000048414
12.95	13.65	0.999999999253615	0.799959543544832	6.36964017190251e-05	1.59942994707352	0.999999999701446
13.05	13.65	0.9999999955774	0.799961322550285	6.3864892235795e-05	1.51943390502348	0.99999999823096
13.15	13.65	0.999999989933321	0.799963091072157	6.40208687858718e-05	1.43943768577439	0.999999995973328
13.25	13.65	0.999999982639916	0.799964849187282	6.41644152789648e-05	1.35944129043767	0.999999993055966
13.35	13.65	0.999999975042698	0.799966597054437	6.42956335966693e-05	1.27944472009	0.999999990017079
13.45	13.65	0.999999970022606	0.799968334892393	6.44146451229902e-05	1.19944797572498	0.999999988009042
13.55	13.65	0.999999972387742	0.799970062949063	6.45215942239864e-05	1.11945105819118	0.999999988955097
13.65	13.65	0.999999988858563	0.799971781461096	6.46166524734231e-05	1.03945396812492	0.999999995543425
13.75	13.65	1.00000002722385	0.799973490606973	6.47000211504418e-05	0.959456705897396	1.00000001088954
13.85	13.65	1.00000009415207	0.799975190463234	6.47719278534564e-05	0.879459271610783	1.00000003766083
13.95	13.65	1.0000001911726	0.799976880982671	6.48326114551372e-05	0.799461665194205	1.00000007646904
14.05	13.65	1.00000030861055	0.799978562024217	6.48822885639477e-05	0.719463886661429	1.00000012344422
14.15	13.65	1.00000041790676	0.799980233473908	6.49210955842405e-05	0.63946593658898	1.0000001671627
14.25	13.65	1.00000046390324	0.799981895499194	6.494900450866e-05	0.559467816841181	1.0000001855613
14.35	13.65	1.00000036036297	0.79998354896669	6.49657196608693e-05	0.479469531491129	1.00000014414519
14.45	13.65	0.999999994068067	0.79998519601534	6.49705779830896e-05	0.399471087748933	0.999999997627227
14.55	13.65	0.999999244820499	0.799986840701765	6.49624970595276e-05	0.319472496505799	0.9999996979282
14.65	13.65	0.999998029601539	0.799988489515543	6.49400406022978e-05	0.239473771853188	0.999999211840616
14.75	13.65	0.999996377517962	0.799990151744143	6.49016937208262e-05	0.159474928697692	0.999998551007185
14.85	13.65	0.999994535955616	0.799992595192714	6.48464479795821e-05	0.079475977410407	0.999997814382246
14.95	13.65	0.999993095384361	0.399991398394378	6.47904427008163e-05	-0.000523237037960979	0.999997238153744
0.05	13.75	-4.79083968989624e-06	0.400002256412715	-0.000142775515074497	10.4591530840815	0.599998083664124
0.15	13.75	-5.41479032076579e-06	0.800007170119857	-0.000143428696136641	10.4111529666237	0.599997834083872
0.25	13.75	-5.86721377215808e-06	0.800012366094435	-0.000144774733860001	10.3631525702289	0.599997653114491
0.35	13.75	-5.36840506450316e-06	0.800017994984401	-0.000146844237069768	10.3151518582202	0.599997852637974
0.45	13.75	-3.09308768804023e-06	0.800024266836663	-0.000149692406927855	10.2671507544449	0.599998762764925
0.55	13.75	1.78482166529138e-06	0.800031376597541	-0.000153401299474683	10.2191491441999	0.600000713928666
0.65	13.75	9.96602012435719e-06	0.800039534481452	-0.000158088350910927	10.1711468750648	0.60000398640805
0.75	13.75	2.18609427730173e-05	0.800048986331703	-0.000163924503772377	10.1231437622582	0.600008744377109
0.85	13.75	3.75684594241248e-05	0.800059757128075	-0.000171164873976035	10.0751395975799	0.60001502738377
0.95	13.75	5.48966315806364e-05	0.800072320431914	-0.000180095731215813	10.027134186911	0.600021958652632
1.05	13.75	7.02028569732777e-05	0.80008690380208	-0.000191048959812428	9.97912740550347	0.600028081142789
1.15	13.75	7.70372842659448e-05	0.800104229780324	-0.000204470896766152	9.93111926506942	0.600030814913706
1.25	13.75	6.81277149167101e-05	0.800124997001068	-0.000220894814171126	9.88310996699514	0.600027251085967
1.35	13.75	3.63977114286667e-05	0.800150084084793	-0.000240921065741643	9.83509990467642	0.600014559084571
1.45	13.75	-2.35640417310672e-05	0.800180548036789	-0.000265197223114472	9.78708962712486	0.599990574383307
1.55	13.75	-0.000113526188355739	0.800217589135105	-0.000294395679569273	9.7390797474698	0.599954589524658
1.65	13.75	-0.000229394763259762	0.800262495997939	-0.000329186781582757	9.69107078420799	0.599908242094696
1.75	13.75	-0.000359154120890936	0.800316572266414	-0.000370211864987484	9.64306293416764	0.599856338351644
1.85	13.75	-0.000481461521807282	0.800381045615719	-0.000418065837312719	9.59505579063956	0.599807415391277
1.95	13.75	-0.000565466086976609	0.800456936826599	-0.000473299576922376	9.54704803706026	0.599773813565209
2.05	13.75	-0.000572794374861148	0.80054475176379	-0.00053642749208097	9.49903716888144	0.599770882250056
2.15	13.75	-0.000464663947758067	0.800646241272732	-0.000607863339982918	9.45101935082054	0.599814134420897
2.25	13.75	-0.000200968205824315	0.800762655515079	-0.000688233631465495	9.40298938262226	0.59991961271767
2.35	13.75	0.000257376459775674	0.800899763901712	-0.000778133981455903	9.35494070657224	0.60010295058391
2.45	13.75	0.000979501269706441	0.801057418913387	-0.000878331811951695	9.30686492052992	0.600391800507883
2.55	13.75	0.00204790705480163	0.801237929795548	-0.000989818328245408	9.25875104556631	0.600819162821921
2.65	13.75	0.00355741565770866	0.801443998015872	-0.00111300894158806	9.21058510030309	0.601422966263083
2.75	13.75	0.00561619580976337	0.801678471275685	-0.00124779449202997	9.16234968047265	0.602246478323905
2.85	13.75	0.00834768867208902	0.801944285397444	-0.00139358177281141	9.11402349331998	0.603339075468836
2.95	13.75	0.0118934138778547	0.80224444476855	-0.00154919811219842	9.0655808159679	0.604757365551142
3.05	13.75	0.0164169732180656	0.802581964794449	-0.00171270035481042	9.01699084618146	0.606566789287226
3.15	13.75	0.0221096992375044	0.802959742763388	-0.0018811146124469	8.96821690312349	0.608843879695002
3.25	13.75	0.0291984270448537	0.803380326250426	-0.00205011504088453	8.91921542144771	0.611679370817941
3.35	13.75	0.0379557818224702	0.803845531628492	-0.00221364907021191	8.86993466890723	0.615182312728988
3.45	13.75	0.0487130692739884	0.804355841288177	-0.00236353196386017	8.82031311109534	0.619485227709595
3.55	13.75	0.0618751428221568	0.80490948437871	-0.0024890672577533	8.77027735691126	0.624750057128863
3.65	13.75	0.0779352227116988	0.805501097727438	-0.00257680631849481	8.71973966214176	0.63117408908468
3.75	13.75	0.0974852364518441	0.806119906703611	-0.00261064164944578	8.66859507291757	0.638994094580738
3.85	13.75	0.121213642470401	0.806747526106099	-0.00257252197051832	8.61671849050353	0.648485456988161
3.95	13.75	0.149878244831873	0.807355846802536	-0.00244413761923747	8.56396226564786	0.659951297932749
4.05	13.75	0.184237877806579	0.807906087439103	-0.0022098586607485	8.51015538308045	0.673695151122632
4.15	13.75	0.224927925229263	0.808350772036459	-0.00186088427199276	8.45510578330721	0.689971170091705
4.25	13.75	0.272276557196716	0.808640502854738	-0.00139990078344018	8.39860763788872	0.708910622878686
4.35	13.75	0.326086559281478	0.808735889789903	-0.000844702327714688	8.34045501523028	0.730434623712591
4.45	13.75	0.385447986995432	0.808621406034212	-0.000228741744773094	8.28046189928052	0.754179194798173
4.55	13.75	0.448677654828895	0.808314122344188	0.000402827903319669	8.2184859275367	0.779471061931558
4.65	13.75	0.513466456503609	0.807860490231596	0.00100119518181706	8.15445040633093	0.805386582601444
4.75	13.75	0.577235277558882	0.807320972487484	0.00152340893038287	8.08835792818999	0.830894111023553
4.85	13.75	0.637590518213829	0.80675083434554	0.00193987730706922	8.02029075855311	0.855036207285532
4.95	13.75	0.692711051532271	0.806187571478386	0.00223748862108768	7.95039769406491	0.877084420612908
5.05	13.75	0.741539632570621	0.8056493054277	0.00241824195694851	7.87887184737276	0.896615853028248
5.15	13.75	0.783758219057093	0.805140767342508	0.00249502931347768	7.80592610687185	0.913503287622837
5.25	13.75	0.819617366986208	0.804660789196322	0.00248664984803303	7.73177210045606	0.927846946794483
5.35	13.75	0.84971734296896	0.80420741078931	0.00241355680484597	7.65660569627881	0.939886937187584
5.45	13.75	0.874813904050331	0.80377992745517	0.00229496903775588	7.58059929313831	0.949925561620133
5.55	13.75	0.89568095945178	0.803378935922776	0.00214732602057431	7.50389947721764	0.958272383780712
5.65	13.75	0.913031256081295	0.803005619109568	0.00198375613106649	7.4266281242962	0.965212502432518
5.75	13.75	0.9274814779783	0.802661032581814	0.00181417470890006	7.34888526537717	0.97099259119132
5.85	13.75	0.939545451959225	0.802345672549089	0.00164570000094958	7.27075254191584	0.97581818078369
5.95	13.75	0.949642201449129	0.80205932948371	0.00148317842154843	7.19229656727949	0.979856880579652
6.05	13.75	0.958110025010905	0.801801133579443	0.00132970025988351	7.11357187221859	0.983244010004362
6.15	13.75	0.965221566223446	0.801569694612325	0.00118704982765273	7.03462333576291	0.986088626489379
6.25	13.75	0.97119744819972	0.801363267419297	0.00105607210192727	6.95548812124052	0.988478979279888
6.35	13.75	0.976217597840689	0.80117990463829	0.000936957996120583	6.87619718771805	0.990487039136276
6.45	13.75	0.980430194525094	0.801017580439399	0.000829459170523344	6.79677645982198	0.992172077810037
6.55	13.75	0.983958533726641	0.800874282058332	0.000733045759749918	6.71724773319855	0.993583413490656
6.65	13.75	0.986906204258917	0.800748072374144	0.000647019758089343	6.63762938015937	0.994762481703567
6.75	13.75	0.989360966827971	0.800637129130665	0.000570594924466705	6.55793690620246	0.995744386731188
6.85	13.75	0.991397663336379	0.800539766604748	0.000502951914093135	6.47818339569069	0.996559065334552
6.95	13.75	0.99308041744279	0.800454444776518	0.000443275359324141	6.39837987486453	0.997232166977116
7.05	13.75	0.994464323452965	0.800379770020555	0.000390777964045222	6.31853561257773	0.997785729381186
7.15	13.75	0.995596768289286	0.800314490332872	0.000344715365298922	6.23865837335261	0.998238707315714
7.25	13.75	0.996518490618295	0.800257487262982	0.000304394512745472	6.15875463315048	0.998607396247318
7.35	13.75	0.997264450748796	0.800207766060373	0.000269177564441959	6.07882976526166	0.998905780299518
7.45	13.75	0.997864562635442	0.800164445054959	0.000238482740337526	5.99888820162251	0.999145825054177
7.55	13.75	0.998344323319043	0.800126744938946	0.000211783166387196	5.91893357341695	0.999337729327617
7.65	13.75	0.998725363807957	0.800093978370607	0.000188604443062303	5.83896883383078	0.999490145523183
7.75	13.75	0.999025937509326	0.800065540151769	0.000168521454896286	5.75899636516169	0.99961037500373
7.85	13.75	0.999261356914651	0.800040898115874	0.000151154780550426	5.67901807204582	0.999704542765861
7.95	13.75	0.999444385634376	0.80001958478796	0.000136166948991541	5.59903546227109	0.99977775425375
8.05	13.75	0.99958559054653	0.800001189828399	0.000123258706277919	5.5190497164565	0.999834236218612
8.15	13.75	0.99969365739524	0.799985353240477	0.000112165399467225	5.43906174774856	0.999877462958096
8.25	13.75	0.999775672364789	0.799971759303259	0.00010265354345291	5.35907225259554	0.999910268945915
8.35	13.75	0.999837371755661	0.799960131179211	9.45176081349533e-05	5.27908175359024	0.999934948702264
8.45	13.75	0.999883361747089	0.799950226141789	8.75770438484931e-05	5.19909063531063	0.999953344698835
8.55	13.75	0.999917310234602	0.799941831365304	8.16735502298403e-05	5.11909917402953	0.999966924093841
8.65	13.75	0.999942112802031	0.799934760220928	7.66685847722335e-05	5.039107562104	0.999976845120812
8.75	13.75	0.99996003497191	0.799928849024857	7.24411023349842e-05	4.9591159277929	0.999984013988764
8.85	13.75	0.999972832942579	0.79992395418774	6.8885513430208e-05	4.87912435118555	0.999989133177031
8.95	13.75	0.999981855045788	0.799919949718873	6.59098475102863e-05	4.79913287685761	0.999992742018315
9.05	13.75	0.999988126137795	0.799916725042702	6.34341065336734e-05	4.71914152380262	0.999995250455118
9.15	13.75	0.999992417069872	0.799914183089043	6.13887942954671e-05	4.63915029312171	0.999996966827949
9.25	13.75	0.999995301276256	0.799912238623447	5.97136065736835e-05	4.55915917388991	0.999998120510503
9.35	13.75	0.999997200376923	0.799910816787029	5.83562685522289e-05	4.47916814755753	0.999998880150769
9.45	13.75	0.999998420528658	0.79990985181941	5.7271505773893e-05	4.39917719118964	0.999999368211463
9.55	13.75	0.999999181080093	0.799909285941448	5.64201361709714e-05	4.31918627979622	0.999999672432037
9.65	13.75	0.999999636903318	0.799909068377448	5.57682709965106e-05	4.23919538796117	0.999999854761327
9.75	13.75	0.9999998955937	0.799909154498903	5.52866138804479e-05	4.1592044909388	0.99999995823748
9.85	13.75	1.00000003055647	0.79990950507479	5.4949847457427e-05	4.07921356535332	1.00000001222259
9.95	13.75	1.00000009083761	0.799910085614449	5.47360979021204e-05	3.99922258960787	1.00000003633505
10.05	13.75	1.00000010841072	0.799910865791915	5.46264689469613e-05	3.91923154408619	1.00000004336429
10.15	13.75	1.00000010350151	0.799911818941131	5.46046369579054e-05	3.83924041121057	1.0000000414006
10.25	13.75	1.00000008841944	0.799912921613503	5.4656500042446e-05	3.75924917540368	1.00000003536777
10.35	13.75	1.00000007026908	0.799914153189818	5.47698744052547e-05	3.6792578229898	1.00000002810763
10.45	13.75	1.00000005283357	0.79991549553996	5.4934232131189e-05	3.59926634206085	1.00000002113343
10.55	13.75	1.0000000378556	0.799916932724471	5.51404749644142e-05	3.51927472232503	1.00000001514224
10.65	13.75	1.00000002588757	0.799918450732692	5.5380739421352e-05	3.43928295495065	1.00000001035503
10.75	13.75	1.00000001683941	0.799920037253108	5.56482290161068e-05	3.35929103241272	1.00000000673576
10.85	13.75	1.00000001031848	0.799921681471789	5.59370698929159e-05	3.27929894834761	1.00000000412739
10.95	13.75	1.00000000583028	0.799923373895455	5.62421866331255e-05	3.19930669741827	1.00000000233211
11.05	13.75	1.00000000288832	0.799925106196218	5.65591954114921e-05	3.11931427519138	1.00000000115533
11.15	13.75	1.00000000106709	0.799926871075155	5.68843120908582e-05	3.03932167802661	1.00000000042684
11.25	13.75	1.00000000002101	0.799928662142417	5.72142729780993e-05	2.95932890297768	1.0000000000084
11.35	13.75	0.999999999484496	0.799930473811915	5.75462666053195e-05	2.87933594770437	0.999999999793798
11.45	13.75	0.999999999262896	0.799932301208569	5.78778748287541e-05	2.79934281039462	0.999999999705158
11.55	13.75	0.999999999220129	0.799934140086708	5.82070218960726e-05	2.71934948969568	0.999999999688052
11.65	13.75	0.999999999266538	0.799935986758208	5.85319304352895e-05	2.63935598465337	0.999999999706615
11.75	13.75	0.999999999348626	0.799937838029047	5.88510832047744e-05	2.55936229465834	0.999999999739451
11.85	13.75	0.999999999441234	0.799939691143354	5.91631899762222e-05	2.47936841939862	0.999999999776493
11.95	13.75	0.999999999541849	0.799941543733894	5.94671586268119e-05	2.39937435881768	0.99999999981674
12.05	13.75	0.999999999666021	0.799943393778341	5.9762069981447e-05	2.31938011307719	0.999999999866409
12.15	13.75	0.999999999842168	0.799945239560444	6.00471558191665e-05	2.23938568252408	0.999999999936867
12.25	13.75	1.00000000010359	0.799947079635647	6.03217795708597e-05	2.15939106766149	1.00000000004144
12.35	13.75	1.00000000047525	0.79994891280065	6.05854193806999e-05	2.07939626912316	1.0000000001901
12.45	13.75	1.00000000095338	0.799950738066453	6.08376531078469e-05	1.9994012876513	1.00000000038135
12.55	13.75	1.00000000147752	0.799952554634749	6.10781450136265e-05	1.91940612407772	1.00000000059101
12.65	13.75	1.00000000189777	0.79995436187734	6.13066338934481e-05	1.83941077930817	1.00000000075911
12.75	13.75	1.00000000194569	0.79995615931851	6.15229224131781e-05	1.75941525430972	1.00000000077828
12.85	13.75	1.00000000122426	0.799957946620164	6.17268675757499e-05	1.67941955010048	1.0000000004897
12.95	13.75	0.999999999241231	0.799959723569326	6.19183722865947e-05	1.59942366774056	0.999999999696492
13.05	13.75	0.999999995517225	0.79996149006742	6.2097378137491e-05	1.51942760832218	0.99999999820689
13.15	13.75	0.999999989801583	0.799963246120121	6.22638596177216e-05	1.43943137295589	0.999999995920633
13.25	13.75	0.999999982417914	0.79996499182593	6.24178201464713e-05	1.35943496274885	0.999999992967165
13.35	13.75	0.999999974729546	0.799966727361088	6.25592901820671e-05	1.27943837877119	0.999999989891818
13.45	13.75	0.999999969653631	0.799968452957875	6.26883276703229e-05	1.19944162200761	0.999999987861452
13.55	13.75	0.999999972056726	0.799970168873955	6.28050204496167e-05	1.11944469329513	0.99999998882269
13.65	13.75	0.999999988738635	0.799971875351909	6.29094894849746e-05	1.0394475932555	0.999999995495454
13.75	13.75	1.00000002757705	0.799973572572248	6.30018905386617e-05	0.95945032224207	1.00000001103082
13.85	13.75	1.00000009531216	0.799975260609534	6.30824101719795e-05	0.879452880336341	1.00000003812487
13.95	13.75	1.00000019348085	0.799976939410755	6.31512504984836e-05	0.799455267445418	1.00000007739234
14.05	13.75	1.00000031228322	0.799978608825967	6.32085960856535e-05	0.719457483563064	1.00000012491329
14.15	13.75	1.00000042281914	0.799980268731007	6.32545572805844e-05	0.639459529253564	1.00000016912766
14.25	13.75	1.00000046929441	0.799981919285006	6.32890881778533e-05	0.559461406385093	1.00000018771777
14.35	13.75	1.00000036450223	0.799983561353008	6.33118863218477e-05	0.479463119060892	1.00000014580089
14.45	13.75	0.99999999398182	0.799985197085465	6.3322296013608e-05	0.399464674557299	0.999999997592728
14.55	13.75	0.999999236253898	0.799986830570346	6.33192580997151e-05	0.319466083872905	0.999999694501559
14.65	13.75	0.999998007470363	0.799988468353338	6.33013736649859e-05	0.239467361241131	0.999999202988145
14.75	13.75	0.999996337163776	0.799990119801982	6.3267170854428e-05	0.15946852171781	0.99999853486551
14.85	13.75	0.999994475504678	0.799992560514769	6.32156709871598e-05	0.0794695757727383	0.999997790201871
14.95	13.75	0.999993019360704	0.399991324136081	6.3162460049032e-05	-0.000529633211041567	0.999997207744281
0.05	13.85	-4.73653213492171e-06	0.40000187195391	-0.000147108468244844	10.4591617925523	0.599998105387146
0.15	13.85	-5.34008947561377e-06	0.800005998935944	-0.000147925012919944	10.4111617194917	0.59999786396421
0.25	13.85	-5.75704541629057e-06	0.80001037574435	-0.000149602936982748	10.3631614144607	0.599997697181833
0.35	13.85	-5.21205646618483e-06	0.800015131191529	-0.000152181218974865	10.3151608428787	0.599997915177414
0.45	13.85	-2.88685220371146e-06	0.800020450627111	-0.000155728087617531	10.2671599323245	0.599998845259119
0.55	13.85	2.03202454866629e-06	0.800026502676272	-0.000160343520762516	10.2191585736039	0.600000812809819
0.65	13.85	1.02229787611537e-05	0.800033466981791	-0.000166166598810805	10.171156621995	0.600004089191504
0.75	13.85	2.20382038841082e-05	0.800041539769276	-0.000173391229465986	10.1231539033219	0.600008815281554
0.85	13.85	3.72259511651903e-05	0.800050859276976	-0.000182321982094063	10.0751502267664	0.600014890380466
0.95	13.85	5.39765094377735e-05	0.800061669926702	-0.000193286088112425	10.0271454176667	0.600021590603775
1.05	13.85	6.86314315439884e-05	0.8000741267947	-0.000206663035214152	9.97913937169109	0.600027452572618
1.15	13.85	7.44102410446619e-05	0.800089000706194	-0.000222992398723963	9.93113212971982	0.600029764096418
1.25	13.85	6.40698632224517e-05	0.800106890725762	-0.00024290433080076	9.88312392891662	0.600025627945289
1.35	13.85	3.06381209782191e-05	0.80012856765554	-0.000267096511433566	9.83511520191752	0.600012255248391
1.45	13.85	-3.11227313173501e-05	0.800154959867877	-0.000296315462201754	9.78710653975545	0.599987550907473
1.55	13.85	-0.000122714191729787	0.800187113926486	-0.000331332391625087	9.73909859909483	0.599950914323308
1.65	13.85	-0.000239667128117414	0.800226136222642	-0.000372912172580613	9.69109194175878	0.599904133148753
1.75	13.85	-0.000369489829635658	0.80027311858265	-0.000421781567468152	9.64308680591797	0.599852204068146
1.85	13.85	-0.000490313500785382	0.800329050835916	-0.000478610045271946	9.59508282309754	0.599803874599686
1.95	13.85	-0.000570850303855609	0.800394710271031	-0.000544026845724279	9.54707871294377	0.599771659878458
2.05	13.85	-0.000572472483436823	0.80047052641295	-0.000618681483569534	9.49907201047376	0.599771011006625
2.15	13.85	-0.000454216392204319	0.800557141762578	-0.000703062898433944	9.45105890973457	0.599818313443118
2.25	13.85	-0.000176456694504374	0.800655902661799	-0.000798187348188204	9.40303424373748	0.599929417322198
2.35	13.85	0.000296715301995005	0.800773985623551	-0.000904679619775176	9.35499150409258	0.600118686120798
2.45	13.85	0.00103612316037422	0.800910158972692	-0.00102342195340335	9.30692235750985	0.60041444926415
2.55	13.85	0.00212551621699265	0.801066342697469	-0.00115593512362034	9.25881589789842	0.600850206486797
2.65	13.85	0.00366117617199256	0.801245025068603	-0.00130265744501794	9.21065818224282	0.601464470468797
2.75	13.85	0.0057525793240551	0.801448858477987	-0.00146346934861158	9.16243181518076	0.602301031729622
2.85	13.85	0.00852449154151484	0.801680607316982	-0.00163776964817637	9.11411548761029	0.603409796616606
2.95	13.85	0.0121199648956342	0.801943172434483	-0.0018243131630463	9.06568342898322	0.604847985958254
3.05	13.85	0.0167044922790768	0.802239554878898	-0.00202094698655012	9.01710474532503	0.606681796911631
3.15	13.85	0.0224717968033681	0.80257273989265	-0.00222427374003901	8.96834260230647	0.608988718721347
3.25	13.85	0.029651754552144	0.802945477287582	-0.00242924030388496	8.91935319669055	0.611860701820858
3.35	13.85	0.0385208413586068	0.803359909682192	-0.00262865469517724	8.87008444594088	0.615408336543443
3.45	13.85	0.0494151622691113	0.803816973370332	-0.00281265704709441	8.8204743198549	0.619766064907645
3.55	13.85	0.0627453700474383	0.804315472597592	-0.00296821567112425	8.77044874975126	0.625098148018975
3.65	13.85	0.0790113222839461	0.804850721866815	-0.00307879340017698	8.71991909770728	0.631604528913578
3.75	13.85	0.0988118440700125	0.805412699782632	-0.00312443550695994	8.66877927787954	0.639524737628005
3.85	13.85	0.122841280519401	0.805983829851678	-0.00308265164623895	8.61690282895374	0.64913651220776
3.95	13.85	0.151860057388392	0.806536886090633	-0.00293054114785323	8.56414057180247	0.660744022955357
4.05	13.85	0.186623012361772	0.807034147295326	-0.0026485206725377	8.51031994397929	0.674649204944709
4.15	13.85	0.227750870100509	0.807429587838348	-0.00222558709189383	8.45524758303498	0.691100348040203
4.25	13.85	0.275543105485298	0.807675919762434	-0.00166519104905496	8.39871697056504	0.710217242194119
4.35	13.85	0.329759508151561	0.807736650117643	-0.000989724493743587	8.34052251061403	0.731903803260624
4.45	13.85	0.389438337027514	0.807599636083245	-0.000241047016962941	8.28047986578219	0.755775334811006
4.55	13.85	0.452847786657059	0.807284966605172	0.000524698091013796	8.21844973403798	0.781139114662824
4.65	13.85	0.517648294635818	0.806840664960894	0.00124730967769744	8.15435949348631	0.807059317854327
4.75	13.85	0.581259308934524	0.806326679137561	0.00187440585336211	8.08821607925406	0.83250372357381
4.85	13.85	0.641315276861884	0.805795908516136	0.00237056216643388	8.02010550150798	0.856526110744753
4.95	13.85	0.696042414883281	0.805282516702132	0.00272087363852662	7.95017903274914	0.878416965953312
5.05	13.85	0.744435226432513	0.804801241809175	0.002928954095626	7.87863073713434	0.897774090573005
5.15	13.85	0.786219486890449	0.804353902064253	0.00301152020119768	7.80567309282145	0.914487794756179
5.25	13.85	0.821675648318906	0.803937008527564	0.00299216655020264	7.73151637260206	0.928670259327563
5.35	13.85	0.851419833521192	0.803546795392841	0.00289615580460129	7.65635461549398	0.940567933408477
5.45	13.85	0.876212782683181	0.803181160854548	0.002746951167058	7.58035830358647	0.950485113073273
5.55	13.85	0.896826492020045	0.802839638073366	0.00256441931524111	7.50367226894777	0.958730596808018
5.65	13.85	0.913968264140575	0.802522633981629	0.00236426878483812	7.42641691928772	0.96558730565623
5.75	13.85	0.928248107247446	0.802230680542165	0.00215823984669884	7.34869113616263	0.971299242898978
5.85	13.85	0.940173266596664	0.801963967224297	0.00195466098933279	7.27057570956691	0.976069306638666
5.95	13.85	0.950156907881301	0.801722156542826	0.00175911955094069	7.19213665429962	0.98006276315252
6.05	13.85	0.958532401653928	0.801504391080368	0.00157510593194421	7.11342810400392	0.983412960661571
6.15	13.85	0.965568376419592	0.801309397505563	0.00140456770444189	7.03449469391453	0.986227350567837
6.25	13.85	0.971482239784661	0.801135620842838	0.00124835558662655	6.95537345606103	0.988592895913864
6.35	13.85	0.97645136242787	0.800981351489764	0.00110656671541835	6.87609529811971	0.990580544971148
6.45	13.85	0.980621893181272	0.800844828666928	0.000978800430821933	6.79668614823428	0.992248757272509
6.55	13.85	0.984115508774458	0.800724316553271	0.00086434407483164	6.71716784184092	0.993646203509783
6.65	13.85	0.987034499550115	0.800618155580596	0.000762305025363965	6.63755881373438	0.994813799820046
6.75	13.85	0.989465576821335	0.800524793692341	0.000671702558488145	6.55787464488628	0.995786230728534
6.85	13.85	0.991482727760637	0.800442802647392	0.00059153029625703	6.47812850132501	0.996593091104255
6.95	13.85	0.993149374677803	0.800370883808983	0.000520797452741587	6.3983314924885	0.997259749871121
7.05	13.85	0.994520032601098	0.800307866937301	0.00045855500168978	6.3184929688546	0.997808013040439
7.15	13.85	0.995641607382016	0.800252704603228	0.000403911257988044	6.23862077300789	0.998256642952806
7.25	13.85	0.996554436473159	0.800204464083616	0.000356040130463372	6.15872145421525	0.998621774589264
7.35	13.85	0.997293144556189	0.800162318010945	0.000314184386812776	6.07880045367716	0.998917257822476
7.45	13.85	0.997887364303082	0.800125534617304	0.00027765559995466	5.99886226559007	0.999154945721233
7.55	13.85	0.998362356837269	0.800093468106049	0.000245831956357852	5.91891057775235	0.999344942734908
7.65	13.85	0.99873955534459	0.800065549472622	0.000218154754341518	5.83894839449274	0.999495822137836
7.75	13.85	0.999037047540412	0.800041277953577	0.000194124166192304	5.75897814406062	0.999614819016165
7.85	13.85	0.999270007404099	0.800020213189579	0.000173294656164351	5.67900177219387	0.99970800296164
7.95	13.85	0.999451083060794	0.800001968127403	0.000155270317210526	5.59902082330354	0.999780433224318
8.05	13.85	0.999590745416932	0.799986202648514	0.000139700297547098	5.51903651053327	0.999836298166773
8.15	13.85	0.999697600766991	0.799972617889485	0.000126274424109348	5.43904977583023	0.999879040306797
8.25	13.85	0.999778669807841	0.799960951206046	0.000114719085472072	5.3590613410795	0.999911467923136
8.35	13.85	0.999839635118575	0.799950971727441	0.000104793406670835	5.27907175128676	0.99993585404743
8.45	13.85	0.999885059036721	0.799942476444505	9.62857277813888e-05	5.1990814107359	0.999954023614689
8.55	13.85	0.999918573876445	0.799935286776713	8.90103851360423e-05	5.11909061299106	0.999967429550578
8.65	13.85	0.999943046513047	0.799929245565132	8.28047857525989e-05	5.03909956555385	0.999977218605219
8.75	13.85	0.999960719448177	0.799924214441966	7.7526760434349e-05	4.95910840992462	0.999984287779271
8.85	13.85	0.99997333053873	0.799920071531246	7.30521783406488e-05	4.87911723775172	0.999989332215492
8.95	13.85	0.999982213601056	0.799916709439747	6.92728047281662e-05	4.79912610368621	0.999992885440423
9.05	13.85	0.999988382083775	0.799914033501139	6.60943832372406e-05	4.71913503549185	0.99999535283351
9.15	13.85	0.999992597937525	0.799911960240905	6.34349240310715e-05	4.63914404189445	0.99999703917501
9.25	13.85	0.999995427703822	0.799910416033191	6.12231805280836e-05	4.5591531185904	0.999998171081529
9.35	13.85	0.999997287706175	0.799909335924595	5.93972974336583e-05	4.4791622527745	0.99999891508247
9.45	13.85	0.99999848006416	0.799908662603064	5.79036143003813e-05	4.39917142649125	0.999999392025664
9.55	13.85	0.999999221074725	0.799908345493052	5.66956096380127e-05	4.31918061906393	0.99999968842989
9.65	13.85	0.99999966332326	0.799908339960574	5.57329715340238e-05	4.23918980881056	0.999999865329304
9.75	13.85	0.999999912707201	0.799908606614259	5.49807817859029e-05	4.15919897421676	0.99999996508288
9.85	13.85	1.00000004138302	0.799909110690083	5.44088015522697e-05	4.07920809470212	1.00000001655321
9.95	13.85	1.0000000974875	0.79990982150953	5.39908474516892e-05	3.99921715108761	1.000000038995
10.05	13.85	1.00000011233932	0.799910712002046	5.37042478156785e-05	3.91922612584813	1.00000004493573
10.15	13.85	1.0000001056978	0.799911758283971	5.35293699603939e-05	3.83923500321461	1.00000004227912
10.25	13.85	1.00000008954432	0.799912939287124	5.34492098765582e-05	3.75924376917424	1.00000003581773
10.35	13.85	1.00000007075577	0.799914236431221	5.34490369077525e-05	3.67925241140489	1.00000002830231
10.45	13.85	1.00000005295962	0.799915633334772	5.35160863202607e-05	3.59926091916974	1.00000002118385
10.55	13.85	1.00000003779385	0.799917115560022	5.36392938240404e-05	3.51926928319083	1.00000001511754
10.65	13.85	1.00000002574186	0.799918670387916	5.38090664301883e-05	3.43927749551411	1.00000001029674
10.75	13.85	1.00000001666901	0.799920286619498	5.40170849253098e-05	3.35928554937451	1.0000000066676
10.85	13.85	1.00000001015475	0.799921954400681	5.42561336196129e-05	3.27929343906637	1.0000000040619
10.95	13.85	1.00000000568767	0.799923665067655	5.45199536158261e-05	3.19930115982237	1.00000000227507
11.05	13.85	1.00000000277152	0.799925411010385	5.4803116398501e-05	3.11930870770239	1.00000000110861
11.15	13.85	1.00000000097552	0.799927185552237	5.51009148029226e-05	3.03931607949285	1.00000000039021
11.25	13.85	0.999999999951617	0.799928982843584	5.54092690450822e-05	2.95932327261655	0.999999999980647
11.35	13.85	0.999999999433329	0.799930797767967	5.57246454677346e-05	2.87933028505214	0.999999999773332
11.45	13.85	0.999999999225978	0.799932625859131	5.60439863792181e-05	2.79933711526276	0.999999999690391
11.55	13.85	0.999999999193897	0.79993446322767	5.63646493194375e-05	2.7193437621328	0.999999999677559
11.65	13.85	0.99999999924802	0.799936306496254	5.66843543720747e-05	2.63935022491197	0.999999999699208
11.75	13.85	0.999999999335498	0.7999381527422	5.70011384594564e-05	2.55935650316585	0.999999999734199
11.85	13.85	0.999999999431827	0.799939999446678	5.73133155560111e-05	2.47936259673208	0.999999999772731
11.95	13.85	0.999999999535153	0.799941844449604	5.76194420686209e-05	2.3993685056816	0.999999999814061
12.05	13.85	0.999999999661687	0.799943685909697	5.7918286551692e-05	2.31937423028421	0.999999999864675
12.15	13.85	0.999999999840502	0.79994552226889	5.82088032749795e-05	2.23937977097807	0.999999999936201
12.25	13.85	1.00000000010548	0.799947352220785	5.849010898215e-05	2.15938512834277	1.00000000004219
12.35	13.85	1.00000000048195	0.799949174682614	5.87614624850115e-05	2.07939030307559	1.00000000019278
12.45	13.85	1.00000000096609	0.79995098877039	5.9022246620349e-05	1.99939529597108	1.00000000038644
12.55	13.85	1.00000000149659	0.799952793777161	5.92719522428419e-05	1.91940010790358	1.00000000059863
12.65	13.85	1.00000000192159	0.799954589153987	5.9510163973146e-05	1.83940473981298	1.00000000076864
12.75	13.85	1.00000000196928	0.799956374493747	5.97365474346731e-05	1.75940919269315	1.00000000078771
12.85	13.85	1.00000000123779	0.799958149517499	5.99508378687578e-05	1.6794134675828	1.00000000049512
12.95	13.85	0.999999999229104	0.799959914063095	6.0152830055458e-05	1.59941756555735	0.999999999691642
13.05	13.85	0.999999995458532	0.799961668075419	6.03423696066209e-05	1.51942148771983	0.999999998183413
13.15	13.85	0.999999989673226	0.799963411597065	6.05193459064084e-05	1.43942523518774	0.99999999586929
13.25	13.85	0.999999982201765	0.799965144757671	6.06836868872718e-05	1.35942880907178	0.999999992880706
13.35	13.85	0.999999974424847	0.799966867759347	6.08353560833977e-05	1.27943221044251	0.999999989769939
13.45	13.85	0.999999969294854	0.799968580855466	6.09743519683257e-05	1.1994354402819	0.999999987717942
13.55	13.85	0.999999971735156	0.799970284320176	6.11007093957805e-05	1.1194384994209	0.999999988694062
13.65	13.85	0.999999988622586	0.799971978408094	6.12145018980699e-05	1.03944138847159	0.999999995449034
13.75	13.85	1.00000002792105	0.799973663307251	6.13158425301906e-05	0.959444107773923	1.00000001116842
13.85	13.85	1.00000009644009	0.799975339095239	6.1404879318248e-05	0.879446657392714	1.00000003857603
13.95	13.85	1.00000019572352	0.799977005717811	6.14817798371169e-05	0.799449037216623	1.00000007828941
14.05	13.85	1.00000031584971	0.799978663020326	6.15466985759102e-05	0.719451247222525	1.00000012633988
14.15	13.85	1.00000042758738	0.799980310872248	6.15997215140894e-05	0.639453287964993	1.00000017103495
14.25	13.85	1.00000047452524	0.799981949427797	6.16407862891303e-05	0.559455161317782	1.0000001898101
14.35	13.85	1.00000036851675	0.799983579553331	6.16695848082654e-05	0.479456871414893	1.0000001474067
14.45	13.85	0.999999993897835	0.799985203413016	6.16854695724551e-05	0.399458425598123	0.999999997559134
14.55	13.85	0.999999227950242	0.799986825127505	6.16874052066152e-05	0.319459834971092	0.999999691180097
14.65	13.85	0.999997986025969	0.799988451298897	6.1674030394317e-05	0.239461113905434	0.999999194410388
14.75	13.85	0.99999629807374	0.799990091373972	6.16439163294091e-05	0.159462277601924	0.999998519229496
14.85	13.85	0.99999441696261	0.799992528475498	6.15961141144216e-05	0.0794633366260906	0.999997766785044
14.95	13.85	0.999992945751011	0.399991252924647	6.15456630910079e-05	-0.000535867171447009	0.999997178300405
0.05	13.95	-4.68218431772002e-06	0.400001410952549	-0.00015058948648055	10.4591707377244	0.599998127126273
0.15	13.95	-5.26728841958215e-06	0.80000459708333	-0.000151547204972117	10.4111707182447	0.599997893084632
0.25	13.95	-5.6533946472443e-06	0.800007995835437	-0.00015351064853507	10.3631705231954	0.599997738642141
0.35	13.95	-5.07062535811964e-06	0.800011710718661	-0.000156526753144216	10.3151701205863	0.599997971749857
0.45	13.95	-2.70919434370977e-06	0.800015899024452	-0.000160675553497556	10.2671694424633	0.599998916322262
0.55	13.95	2.22787747196911e-06	0.800020700364277	-0.0001660734341378	10.2191683861331	0.600000891150989
0.65	13.95	1.03820892242058e-05	0.800026262619832	-0.000172881228490454	10.171166815878	0.60000415283569
0.75	13.95	2.20161845592706e-05	0.800032744993906	-0.000181320492681892	10.1231645701979	0.600008806473824
0.85	13.95	3.67162549523038e-05	0.800040312880574	-0.000191702548352783	10.0751614774484	0.600014686501981
0.95	13.95	5.312372596386e-05	0.800048920911651	-0.000204384817420282	10.0271573827651	0.600021249490385
1.05	13.95	6.69425967049565e-05	0.800058933627428	-0.000219821521850542	9.97915220689268	0.600026777038682
1.15	13.95	7.1546834729842e-05	0.800070917775391	-0.000238622118964192	9.93114602617655	0.600028618733892
1.25	13.95	5.97053824081106e-05	0.800085392683675	-0.000261485286290927	9.88313911745341	0.600023882152963
1.35	13.95	2.45514284865043e-05	0.800103009450113	-0.000289178679812215	9.83513195760783	0.600009820571395
1.45	13.95	-3.89408272852436e-05	0.800124546067547	-0.000322520281405614	9.7871251849399	0.599984423669086
1.55	13.95	-0.000131946005850778	0.800150866565286	-0.000362351981383129	9.73911950480352	0.59994722159766
1.65	13.95	-0.000249546961784667	0.800182861729388	-0.00040950549634601	9.69111552722043	0.599900181215286
1.75	13.95	-0.000378698030430622	0.800221374765592	-0.000464768612265944	9.64311353619231	0.599848520787828
1.85	13.95	-0.000496920265460113	0.800267114327148	-0.000528864284294341	9.59511320577809	0.599801231893816
1.95	13.95	-0.000572318512706498	0.800320549737654	-0.000602459843586368	9.54711329614638	0.599771072594917
2.05	13.95	-0.000565547978369356	0.800381792750408	-0.000686221980890781	9.49911138303726	0.599773780808652
2.15	13.95	-0.000434546668171583	0.800450460944804	-0.000780933801035839	9.45110369353589	0.599826181332731
2.25	13.95	-0.000145027810955792	0.800530761203535	-0.000888188349820494	9.4030851545544	0.599941988875618
2.35	13.95	0.000350885462258394	0.80062386545251	-0.00100848706172307	9.35504929032237	0.600140354184903
2.45	13.95	0.00111256406958894	0.800733883732255	-0.00114285071492105	9.3069878167201	0.600445025627836
2.55	13.95	0.00222833152492826	0.800860407270077	-0.00129319457755441	9.25888995506574	0.600891332609971
2.65	13.95	0.00379714084147939	0.801005515062316	-0.00145983035150069	9.21074180146861	0.601518856336592
2.75	13.95	0.0059301677130924	0.801171432681388	-0.00164270647750417	9.16252597102748	0.602372067085237
2.85	13.95	0.00875384106218909	0.801360579047269	-0.00184131363416283	9.11422114330896	0.603501536424876
2.95	13.95	0.0124132129116744	0.8015756000203	-0.00205442470135025	9.06580150313922	0.60496528516467
3.05	13.95	0.0170762963255053	0.801819330430376	-0.00227977134634169	9.01723606127819	0.606830518530202
3.15	13.95	0.0229400119914352	0.802094692252602	-0.00251364317488861	8.96848781539755	0.609176004796574
3.25	13.95	0.0302382844338956	0.802404499819148	-0.00275039339187493	8.91951269353851	0.612095313773558
3.35	13.95	0.039252671324293	0.802751117017802	-0.00298185069891286	8.8702582088697	0.615701068529717
3.45	13.95	0.0503255417241835	0.803135886609349	-0.00319666787682151	8.82066174973775	0.620130216689673
3.55	13.95	0.0638750183293007	0.803558228746813	-0.00337969323475846	8.77064844290422	0.62555000733172
3.65	13.95	0.080409369375147	0.804014301270683	-0.00351154279174969	8.72012857888692	0.632163747750059
3.75	13.95	0.100535958417587	0.804495168190367	-0.00356868200559253	8.66899470445645	0.640214383367035
3.85	13.95	0.124956089172913	0.80498460524196	-0.00352447430740972	8.61711870363587	0.649982435669165
3.95	13.95	0.154432616258961	0.805457068974216	-0.00335174451785377	8.56434953394783	0.661773046503584
4.05	13.95	0.189713982640824	0.805876989833166	-0.00302728514089008	8.51051274835022	0.67588559305633
4.15	13.95	0.231400651899809	0.806201185129067	-0.00253819725400453	8.45541340491307	0.692560260759924
4.25	13.95	0.279753997152131	0.806386113438904	-0.00188890091260875	8.39884416817775	0.711901598860852
4.35	13.95	0.334478084381735	0.80639988341099	-0.00110636335453557	8.34059989267219	0.733791233752694
4.45	13.95	0.394545468872346	0.806235184456326	-0.000240461581675675	8.28049833558432	0.757818187548938
4.55	13.95	0.458164267650171	0.805915913227998	0.000642500557630618	8.2184039559308	0.783265707060068
4.65	13.95	0.522959231541949	0.805491500933107	0.00147212995769158	8.15424907659526	0.809183692616779
4.75	13.95	0.586351316410568	0.805020266668876	0.00218795168916707	8.08804583907322	0.834540526564227
4.85	13.95	0.64601307668373	0.804550998361545	0.00274989044763603	8.01988466973859	0.858405230673492
4.95	13.95	0.700231807134515	0.804112602417054	0.00314204049411949	7.94991968262636	0.880092722853806
5.05	13.95	0.748067257195345	0.803714695162951	0.00336994563212384	7.8783459404386	0.899226902878138
5.15	13.95	0.789299580399607	0.803354813467383	0.00345403832145678	7.80537530807537	0.915719832159843
5.25	13.95	0.824245799749667	0.803026178807954	0.00342230869910737	7.73121635414745	0.929698319899867
5.35	13.95	0.853541059818251	0.802722600846805	0.00330428376864203	7.6560608909432	0.9414164239273
5.45	13.95	0.877951713983871	0.802440237220711	0.00312709754551885	7.58007710683252	0.951180685593548
5.55	13.95	0.898246955065477	0.802177417671404	0.00291351615391744	7.50340776071003	0.959298782026191
5.65	13.95	0.91512702159236	0.801933775770797	0.00268138272548072	7.42617154366787	0.966050808636944
5.75	13.95	0.929193411311668	0.801709416094883	0.00244390905548815	7.34846600700069	0.971677364524667
5.85	13.95	0.940945024932463	0.801504373707574	0.00221036727873554	7.27037096597854	0.976378009972985
5.95	13.95	0.950787610717776	0.801318364128822	0.0019868934802035	7.1919517587608	0.98031504428711
6.05	13.95	0.959048294920981	0.801150732737084	0.00177724608924195	7.1132620773089	0.983619317968393
6.15	13.95	0.96599061075234	0.801000510329753	0.00158345040536239	7.0343462921668	0.986396244300936
6.25	13.95	0.971827878229181	0.800866508505107	0.00140631228837765	6.95524129918202	0.988731151291673
6.35	13.95	0.976734214047608	0.800747416807795	0.00124581002532634	6.87597796007395	0.990693685619043
6.45	13.95	0.980853180501578	0.800641884150886	0.00110138374202651	6.79658221818133	0.992341272200631
6.55	13.95	0.984304392965525	0.800548579357643	0.000972143676080329	6.71707596383223	0.99372175718621
6.65	13.95	0.987188490575331	0.800466231914381	0.000857016670014531	6.63747771093693	0.994875396230132
6.75	13.95	0.989590853488054	0.800393656523147	0.000754846900194169	6.55780313287414	0.995836341395222
6.85	13.95	0.991584388402282	0.800329765532058	0.000664463390310508	6.47806549380712	0.996633755360913
6.95	13.95	0.993231634825386	0.800273572891994	0.000584723807094264	6.39827600192917	0.997292653930154
7.05	13.95	0.994586382178058	0.800224192551035	0.000514541561580849	6.3184441037534	0.997834552871223
7.15	13.95	0.995694936871826	0.80018083344851	0.000452901325234201	6.23857773309471	0.99827797474873
7.25	13.95	0.996597139130284	0.800142792632485	0.000398866633214983	6.15868352444132	0.998638855652114
7.35	13.95	0.997327199942905	0.800109447528083	0.000351582188971128	6.07876699761163	0.998930879977162
7.45	13.95	0.997914407109965	0.800080248020361	0.000310272714463033	5.99883271863563	0.999165762843986
7.55	13.95	0.998383733970634	0.800054708760181	0.000274239635633507	5.91888444045403	0.999353493588254
7.65	13.95	0.998756373548877	0.800032401927486	0.000242856495204312	5.83892522611459	0.999502549419551
7.75	13.95	0.99905021329786	0.800012950572566	0.00021556370204311	5.75895755653546	0.999620085319144
7.85	13.95	0.999280260466572	0.79999602258229	0.000191863025464858	5.67898342450294	0.999712104186629
7.95	13.95	0.999459024681172	0.799981325273044	0.000171312102021499	5.59900441630988	0.999783609872469
8.05	13.95	0.999596862133204	0.79996860058509	0.000153519123706021	5.51902178227049	0.999838744853282
8.15	13.95	0.999702284430714	0.799957620837923	0.000138137808685353	5.43903649723421	0.999880913772285
8.25	13.95	0.999782234425838	0.799948184998981	0.000124862709257677	5.35904931214147	0.999912893770335
8.35	13.95	0.999842330982048	0.799940115415269	0.000113424881034985	5.27906079760129	0.999936932392819
8.45	13.95	0.999887084537802	0.799933254957787	0.000103587917184831	5.19907138041474	0.999954833815121
8.55	13.95	0.999920085353084	0.799927464531144	9.51443389316939e-05	5.11908137391304	0.999968034141233
8.65	13.95	0.999944166414972	0.799922620903553	8.79123259864466e-05	5.03909100292137	0.999977666565989
8.75	13.95	0.999961543076717	0.7999186148165	8.17327664129528e-05	4.9591004240983	0.999984617230687
8.85	13.95	0.99997393157941	0.799915349337208	7.64666036705561e-05	4.87910974233633	0.999989572631764
8.95	13.95	0.999982648638731	0.799912738421555	7.1992457825695e-05	4.79911902384262	0.999993059455492
9.05	13.95	0.999988694264601	0.799910705658147	6.82044985182946e-05	4.71912830645168	0.999995477705841
9.15	13.95	0.999992819919623	0.799909183169061	6.50105480518924e-05	4.63913760765571	0.999997127967849
9.25	13.95	0.999995584018602	0.799908110645312	6.23303940288108e-05	4.55914693077448	0.999998233607441
9.35	13.95	0.999997396634655	0.799907434498576	6.00942921529833e-05	4.47915626962633	0.999998958653862
9.45	13.95	0.999998555116943	0.799907107113413	5.82416412556828e-05	4.39916561200639	0.999999422046777
9.55	13.95	0.999999272150502	0.799907086186522	5.67198136165017e-05	4.31917494222763	0.999999708860201
9.65	13.95	0.999999697608541	0.799907334141652	5.54831250451322e-05	4.23918424293545	0.999999879043416
9.75	13.95	0.999999935369421	0.799907817610506	5.44919302476185e-05	4.15919349636724	0.999999974147768
9.85	13.95	1.0000000561	0.799908506971504	5.37118301411725e-05	4.07920268519461	1.00000002244
9.95	13.95	1.00000010684841	0.799909375939379	5.31129788794967e-05	3.99921179305714	1.00000004273936
10.05	13.95	1.00000011814554	0.7999104011998	5.26694794263183e-05	3.91922080487275	1.00000004725822
10.15	13.95	1.00000010918665	0.799911562083653	5.2358857393842e-05	3.83922970699017	1.00000004367466
10.25	13.95	1.00000009155375	0.79991284027684	5.21616039005903e-05	3.75923848723281	1.0000000366215
10.35	13.95	1.00000007184433	0.799914219561456	5.20607790335283e-05	3.67924713487105	1.00000002873773
10.45	13.95	1.00000005349295	0.799915685585193	5.20416684314027e-05	3.59925564054972	1.00000002139718
10.55	13.95	1.00000003800632	0.799917225655761	5.20914861593771e-05	3.51926399618989	1.00000001520253
10.65	13.95	1.00000002577991	0.79991882855779	5.21991179705166e-05	3.43927219487843	1.00000001031196
10.75	13.95	1.00000001662127	0.799920484389764	5.23548995315303e-05	3.35928023075419	1.00000000664851
10.85	13.95	1.00000001007263	0.799922184418904	5.25504249714164e-05	3.27928809889667	1.00000000402905
10.95	13.95	1.00000000559923	0.799923920951993	5.27783816395671e-05	3.19929579522059	1.00000000223969
11.05	13.95	1.00000000269062	0.799925687220567	5.30324074519247e-05	3.11930331637833	1.00000000107625
11.15	13.95	1.00000000090776	0.799927477278722	5.33069676513246e-05	3.03931065967098	1.00000000036311
11.25	13.95	0.999999999898034	0.799929285912395	5.35972483264482e-05	2.95931782296821	0.999999999959214
11.35	13.95	0.999999999392689	0.799931108558609	5.38990643188633e-05	2.8793248046365	0.999999999757076
11.45	13.95	0.999999999196103	0.799932941233784	5.42087794294676e-05	2.79933160347532	0.999999999678441
11.55	13.95	0.999999999172407	0.799934780469972	5.4523237266112e-05	2.71933821866043	0.999999999668963
11.65	13.95	0.999999999232723	0.799936623258172	5.48397011717018e-05	2.63934464969359	0.999999999693089
11.75	13.95	0.999999999324581	0.799938466997928	5.51558020131821e-05	2.55935089635806	0.999999999729832
11.85	13.95	0.999999999423956	0.799940309452495	5.54694926586719e-05	2.47935695867906	0.999999999769583
11.95	13.95	0.999999999529535	0.799942148708837	5.57790082786404e-05	2.39936283688875	0.999999999811814
12.05	13.95	0.999999999658107	0.79994398314209	5.60828316418749e-05	2.31936853139508	0.999999999863243
12.15	13.95	0.999999999839342	0.799945811383788	5.6379662704784e-05	2.23937404275413	0.999999999935737
12.25	13.95	1.00000000010766	0.799947632293572	5.66683919050215e-05	2.15937937164565	1.00000000004306
12.35	13.95	1.00000000048874	0.799949444933991	5.69480766545696e-05	2.0793845188516	1.0000000001955
12.45	13.95	1.00000000097867	0.799951248548142	5.72179205869984e-05	1.9993894852376	1.00000000039147
12.55	13.95	1.0000000015153	0.799953042540034	5.74772551142074e-05	1.91939427173728	1.00000000060612
12.65	13.95	1.00000000194489	0.799954826457464	5.77255230325259e-05	1.83939887933945	1.00000000077795
12.75	13.95	1.00000000199229	0.799956599977482	5.79622638674e-05	1.75940330907803	1.00000000079692
12.85	13.95	1.00000000125096	0.799958362894175	5.81871008033561e-05	1.67940756202406	1.00000000050038
12.95	13.95	0.999999999217242	0.7999601151086	5.83997290878342e-05	1.59941163927867	0.999999999686897
13.05	13.95	0.999999995401316	0.799961856620129	5.85999060357305e-05	1.51941554196496	0.999999998160527
13.15	13.95	0.999999989548226	0.799963587518152	5.8787442705455e-05	1.43941927121555	0.999999995819291
13.25	13.95	0.999999981991426	0.799965307972206	5.89621976201726e-05	1.35942282815199	0.999999992796571
13.35	13.95	0.999999974128531	0.799967018218171	5.91240727504737e-05	1.27942621385169	0.999999989651413
13.45	13.95	0.999999968946186	0.799968718537497	5.92730119174981e-05	1.19942942929961	0.999999987578475
13.55	13.95	0.999999971422943	0.799970409227161	5.94090012490978e-05	1.11943247532576	0.999999988569177
13.65	13.95	0.999999988510369	0.799972090559462	5.95320706393784e-05	1.03943535253709	0.999999995404148
13.75	13.95	1.0000000282559	0.799973762735087	5.9642293821341e-05	0.959438061264298	1.00000001130236
13.85	13.95	1.00000009753613	0.799975425839315	5.97397832885312e-05	0.87944060155921	1.00000003901445
13.95	13.95	1.00000019790123	0.799977079820929	5.98246747440157e-05	0.79944297329538	1.00000007916049
14.05	13.95	1.00000031931104	0.79997872452451	5.98970949331204e-05	0.719445176435692	1.00000012772442
14.15	13.95	1.0000004322129	0.7999803598167	5.99571075125642e-05	0.639447211527351	1.00000017288516
14.25	13.95	1.00000047959734	0.799981985849979	6.00046353817181e-05	0.559449080451252	1.00000019183894
14.35	13.95	1.00000037240781	0.799983603494701	6.00393662058949e-05	0.479450787372659	1.00000014896313
14.45	13.95	0.999999993816109	0.799985214930749	6.00606617358463e-05	0.39945233969795	0.999999997526444
14.55	13.95	0.999999219906789	0.799986824312622	6.00675110635269e-05	0.319453748633366	0.999999687962715
14.65	13.95	0.999997965261069	0.799988438298986	6.00585908177149e-05	0.239455028684975	0.999999186104428
14.75	13.95	0.999996260234272	0.799990066414886	6.00325153605293e-05	0.159456195194184	0.999998504093709
14.85	13.95	0.999994360308699	0.799992499041379	5.99883656812587e-05	0.0794572588192875	0.99999774412348
14.95	13.95	0.999992874528916	0.399991184723138	5.99406413867393e-05	-0.0005419400669671	0.999997149811567
0.05	14.05	-4.63128550593036e-06	0.400000886228552	-0.000153079260452547	10.4591798639085	0.599998147485798
0.15	14.05	-5.20173119699593e-06	0.800003004080401	-0.000154153242166629	10.4111799057668	0.599997919307521
0.25	14.05	-5.56544567953939e-06	0.800005293986495	-0.00015635042400422	10.3631798363437	0.599997773821728
0.35	14.05	-4.95988386760907e-06	0.800007831479411	-0.000159724840679852	10.3151796267006	0.599998016046453
0.45	14.05	-2.5860407778506e-06	0.800010742716735	-0.000164366770549587	10.2671792140317	0.599998965583689
0.55	14.05	2.33580615734713e-06	0.800014133511561	-0.000170406891436506	10.2191785031219	0.600000934322463
0.65	14.05	1.04199951196475e-05	0.800018112535449	-0.000178023924084605	10.1711773685631	0.600004167998048
0.75	14.05	2.18920985846511e-05	0.800022793154053	-0.000187456136044863	10.1231756627784	0.600008756839434
0.85	14.05	3.63007804756014e-05	0.800028284377195	-0.000199013716343327	10.0751732323145	0.60001452031219
0.95	14.05	5.20966726693142e-05	0.800034549434153	-0.000213068997025198	10.0271699453938	0.600020838669068
1.05	14.05	6.51589398294265e-05	0.800041738923923	-0.000230140070911492	9.97916575213279	0.600026063575932
1.15	14.05	6.86103267632093e-05	0.800050431739859	-0.000250898437078556	9.93116076642328	0.600027444130705
1.25	14.05	5.52991037401631e-05	0.800061020867973	-0.000276081711235331	9.88315530908498	0.600022119641496
1.35	14.05	1.85300671316008e-05	0.80007401078177	-0.000306495383862407	9.83514990461393	0.600007412026853
1.45	14.05	-4.64633639568992e-05	0.800090004416872	-0.000342997937913391	9.78714524187327	0.599981414654417
1.55	14.05	-0.00014047881258132	0.800109657892489	-0.000386470443190919	9.7391420781986	0.599943808474968
1.65	14.05	-0.0002580909935866	0.800133617976194	-0.000437780300622709	9.69114107493616	0.599896763602565
1.75	14.05	-0.000385628737024581	0.800162448773906	-0.0004977496351689	9.64314256476631	0.59984574850519
1.85	14.05	-0.000499925746140834	0.800196556613837	-0.000567139165359207	9.5951462664853	0.599800029701544
1.95	14.05	-0.000568483331255428	0.800236112984978	-0.000646654706586713	9.54715098124161	0.599772606667498
2.05	14.05	-0.000551805355795527	0.80028095013384	-0.000736985319680943	9.49915432676742	0.599779277857682
2.15	14.05	-0.000408633537789771	0.800330613042769	-0.000838982003384529	9.45115259534866	0.599836546584884
2.25	14.05	-0.000101938039976304	0.800388093190325	-0.000954448362810143	9.40314081674364	0.599959224784009
2.35	14.05	0.000421361048143402	0.800451938138897	-0.00108517173258439	9.35511255156134	0.600168544419257
2.45	14.05	0.00120685253628582	0.800532910516094	-0.00123215010794908	9.30705960203075	0.600482741014514
2.55	14.05	0.00235376071452433	0.80062531466275	-0.00139624860141652	9.25897131249995	0.60094150428581
2.65	14.05	0.00396270797567877	0.800731230037564	-0.00157806910398063	9.21083380606195	0.601585083190271
2.75	14.05	0.00614623388632162	0.800852439426016	-0.00177782978462147	9.16262972000612	0.602458493554529
2.85	14.05	0.00903267070952375	0.800990936890132	-0.00199519190770513	9.11433773546155	0.603613068283809
2.95	14.05	0.012769576257109	0.801148967244622	-0.00222900643207035	9.06593200084197	0.605107830502844
3.05	14.05	0.0175281576879195	0.801329017787631	-0.00247696920995618	9.01738143302838	0.607011263075168
3.15	14.05	0.0235093718145035	0.801533757367352	-0.00273517074585195	8.96864885326966	0.609403748725801
3.25	14.05	0.0309522182315305	0.801765887686327	-0.0029975281794998	8.9196898980179	0.612380887292612
3.35	14.05	0.0401445747226142	0.802027852345061	-0.00325510112159033	8.8704516324237	0.616057829889046
3.45	14.05	0.0514365298182239	0.802321323586114	-0.00349532692941222	8.82087079067862	0.62057461192729
3.55	14.05	0.0652553116958233	0.802646362034755	-0.00370127616148479	8.77087158393664	0.626102124678329
3.65	14.05	0.0821192963930123	0.803000140013397	-0.0038511372990938	8.72036307248235	0.632847718557205
3.75	14.05	0.102645888819393	0.803375175951937	-0.00391829440339683	8.66923622295936	0.641058355527757
3.85	14.05	0.127544200358706	0.803757218174752	-0.00387253481439047	8.617360999008	0.651017680143483
3.95	14.05	0.15757899869664	0.804123325613187	-0.00368302480006578	8.56458419141963	0.663031599478656
4.05	14.05	0.19348952494747	0.804441328743255	-0.00332353609281577	8.51072916444896	0.677395809978988
4.15	14.05	0.235849962081887	0.804672448959789	-0.0027797573418025	8.45559915473901	0.694339984832755
4.25	14.05	0.284873921598881	0.804778662779095	-0.00205727772703733	8.39898591368161	0.713949568639553
4.35	14.05	0.340197187318604	0.80473442704394	-0.00118736100967203	8.34068487936838	0.736078874927442
4.45	14.05	0.400713532562375	0.804538615708594	-0.000226994224671458	8.28051631183047	0.76028541302495
4.55	14.05	0.464561042886592	0.804219492311077	0.000748891181726157	8.21834908513225	0.785824417154637
4.65	14.05	0.529325366221131	0.803827436007357	0.0016616434285123	8.1541212496095	0.811730146488453
4.75	14.05	0.592433387409854	0.803417761867388	0.00244462847635297	8.08785089322706	0.836973354963942
4.85	14.05	0.651606397045417	0.803033246628445	0.00305464093458524	8.01963339829328	0.860642558818167
4.95	14.05	0.705206032375502	0.802695575936318	0.00347562351931339	7.94962597621899	0.882082412950201
5.05	14.05	0.752369604113705	0.802407546762215	0.00371519573102244	7.87802466885501	0.900947841645482
5.15	14.05	0.792940826107222	0.802161122737547	0.00379709577991984	7.80504050742949	0.917176330442889
5.25	14.05	0.827278800252263	0.801945351077521	0.0037529675924673	7.7308800305702	0.930911520100905
5.35	14.05	0.856040081219003	0.801751076841026	0.00361573922200676	7.65573247500128	0.942416032487601
5.45	14.05	0.879996868381512	0.801572443350362	0.00341538100087057	7.57976341754977	0.951998747352605
5.55	14.05	0.899914543486094	0.801406496537836	0.00317683665596891	7.50311328338076	0.959965817394438
5.65	14.05	0.916484710890205	0.801252148416711	0.00291950627384055	7.42589884984222	0.966593884356082
5.75	14.05	0.930298651318333	0.801109211694201	0.00265763830708402	7.3482161988973	0.972119460527333
5.85	14.05	0.941845308030652	0.800977749619038	0.00240113833378183	7.27014407973497	0.976738123212261
5.95	14.05	0.951521594430237	0.80085773401653	0.00215648177549117	7.19174709896716	0.980608637772095
6.05	14.05	0.959647198219401	0.800748919142526	0.00192756296363992	7.11307847828091	0.98385887928776
6.15	14.05	0.966479576253351	0.800650837406	0.00171640972287687	7.03418231301501	0.986591830501341
6.25	14.05	0.972227167132422	0.800562849306966	0.00152374839278667	6.9550953641275	0.988890866852969
6.35	14.05	0.977060196762546	0.800484207532445	0.00134943170729015	6.87584845592782	0.990824078705018
6.45	14.05	0.981119132297136	0.800414115417629	0.00119275247979939	6.79646755957209	0.992447652918854
6.55	14.05	0.984521122211865	0.800351772365322	0.00105266756031523	6.71697463483655	0.993808448884746
6.65	14.05	0.98736483102114	0.800296405337241	0.000927953953370592	6.63738828984822	0.994945932408456
6.75	14.05	0.989734049482693	0.800247288386138	0.000817315031423494	6.55772430517866	0.995893619793077
6.85	14.05	0.99170039722115	0.80020375304147	0.000719450791831034	6.4779960570976	0.99668015888846
6.95	14.05	0.993325365284226	0.800165192244733	0.000633102644540757	6.39821486545249	0.99733014611369
7.05	14.05	0.994661884341895	0.800131060045729	0.000557080435290561	6.31839028451447	0.997864753736758
7.15	14.05	0.995755554106274	0.800100868718948	0.000490277271406246	6.23853034986839	0.99830222164251
7.25	14.05	0.996645630977615	0.800074184469118	0.00043167612258147	6.15864179063015	0.998658252391046
7.35	14.05	0.997365842209267	0.800050622507758	0.000380351000621744	6.07873021358923	0.998946336883707
7.45	14.05	0.997945073983325	0.800029841997843	0.000335464678112511	5.9988002640033	0.99917802959333
7.55	14.05	0.998407965825655	0.800011541165049	0.000296264301804656	5.91885576648755	0.999363186330262
7.65	14.05	0.998775433232963	0.799995452740657	0.000262075826587236	5.83889984857333	0.999510173293185
7.75	14.05	0.999065133053169	0.799981339814895	0.000232297892347812	5.75893504893231	0.999626053221268
7.85	14.05	0.999291881167025	0.799968992125891	0.000206395553631564	5.67896341188427	0.99971675246681
7.95	14.05	0.999468028707841	0.799958222777545	0.000183894123227367	5.59898656956074	0.999787211483136
8.05	14.05	0.999603800943852	0.79994886536137	0.000164373289327371	5.51900581293871	0.999841520377541
8.15	14.05	0.999707601676573	0.799940771448194	0.000147461596253806	5.43902215285318	0.999883040670629
8.25	14.05	0.999786285313619	0.79993380841206	0.000132831332690267	5.35903637202323	0.999914514125447
8.35	14.05	0.999845398459251	0.799927857547625	0.000120193840839245	5.27904906906737	0.9999381593837
8.45	14.05	0.999889392785401	0.79992281244461	0.000109295241325556	5.19906069543023	0.99995575711416
8.55	14.05	0.999921810994756	0.799918577584139	9.99125569564353e-05	5.11907158608958	0.999968724397902
8.65	14.05	0.999945447791467	0.799915067126194	9.18502120894799e-05	5.03908198485545	0.999978179116587
8.75	14.05	0.999962487883926	0.79991220385965	8.49368816176929e-05	4.95909206501309	0.999984995153571
8.85	14.05	0.999974623126775	0.799909918290355	7.90226623335284e-05	4.87910194599703	0.99998984925071
8.95	14.05	0.999983150948887	0.799908147845703	7.39765400860183e-05	4.79911170671749	0.999993260379555
9.05	14.05	0.999989056204298	0.799906836177427	6.96841269438927e-05	4.71912139609317	0.999995622481719
9.15	14.05	0.999993078525086	0.799905932546987	6.60456442038211e-05	4.639131041278	0.999997231410034
9.25	14.05	0.999995767154934	0.799905391280726	6.29741285709822e-05	4.55914065400599	0.999998306861974
9.35	14.05	0.999997525108156	0.79990517128411	6.03938404561171e-05	4.47915023541757	0.999999010043262
9.45	14.05	0.99999864434103	0.799905235606136	5.8238854858931e-05	4.39915977967538	0.999999457736412
9.55	14.05	0.999999333449941	0.799905551047095	5.64518168629502e-05	4.31916927662688	0.999999733379976
9.65	14.05	0.999999739232801	0.799906087803812	5.49828449735107e-05	4.23917871372601	0.99999989569312
9.75	14.05	0.999999963273871	0.799906819147761	5.37885671007927e-05	4.15918807738689	0.999999985309549
9.85	14.05	1.00000007454327	0.799907721132352	5.2831274987103e-05	4.07919735390857	1.00000002981731
9.95	14.05	1.00000011884539	0.799908772326391	5.20781841896679e-05	3.99920653008093	1.00000004753816
10.05	14.05	1.00000012580792	0.799909953571148	5.15007878297006e-05	3.91921559355815	1.00000005032317
10.15	14.05	1.00000011397663	0.799911247758955	5.10742932165637e-05	3.83922453306592	1.00000004559065
10.25	14.05	1.00000009447131	0.79991263963152	5.07771317484701e-05	3.75923333849317	1.00000003778853
10.35	14.05	1.00000007356416	0.799914115596373	5.05905330495369e-05	3.6792420009057	1.00000002942566
10.45	14.05	1.00000005446344	0.799915663560016	5.0498155621108e-05	3.59925051250956	1.00000002178538
10.55	14.05	1.00000003852048	0.799917272776488	5.04857667463356e-05	3.51925886658395	1.00000001540819
10.65	14.05	1.00000002602552	0.799918933710081	5.05409653448337e-05	3.43926705739765	1.00000001041021
10.75	14.05	1.00000001671594	0.799920637911147	5.06529421783875e-05	3.35927508011845	1.00000000668638
10.85	14.05	1.00000001008802	0.799922377903916	5.08122724721513e-05	3.27928293072187	1.00000000403521
10.95	14.05	1.00000000557743	0.799924147085254	5.10107365302053e-05	3.1992906059031	1.00000000223097
11.05	14.05	1.00000000265521	0.799925939633505	5.12411645576678e-05	3.11929810299442	1.00000000106209
11.15	14.05	1.00000000087103	0.799927750426482	5.14973024124942e-05	3.03930541988922	1.00000000034841
11.25	14.05	0.999999999865608	0.799929574967742	5.17736952904071e-05	2.95931255497303	0.999999999946243
11.35	14.05	0.999999999366479	0.79993140932045	5.20655869384952e-05	2.87931950706155	0.999999999746592
11.45	14.05	0.999999999176078	0.799933250048039	5.23688322026165e-05	2.79932627534513	0.999999999670431
11.55	14.05	0.999999999157651	0.799935094161012	5.26798210512208e-05	2.71933285933943	0.999999999663061
11.65	14.05	0.99999999922204	0.799936939069319	5.29954124478537e-05	2.63933925884148	0.999999999688816
11.75	14.05	0.999999999316838	0.799938782539664	5.33128767689919e-05	2.55934547389067	0.999999999726735
11.85	14.05	0.999999999418279	0.79994062265728	5.36298455037645e-05	2.47935150473406	0.999999999767311
11.95	14.05	0.999999999525436	0.799942457791703	5.39442673438669e-05	2.39935735179552	0.999999999810174
12.05	14.05	0.999999999655575	0.799944286566086	5.42543696886733e-05	2.31936301564829	0.99999999986223
12.15	14.05	0.99999999983888	0.799946107829678	5.45586248697936e-05	2.23936849699053	0.999999999935552
12.25	14.05	1.00000000011026	0.799947920633219	5.4855720493003e-05	2.15937379662371	1.0000000000441
12.35	14.05	1.00000000049569	0.799949724206922	5.51445332643398e-05	2.07937891543361	1.00000000019827
12.45	14.05	1.00000000099115	0.799951517940857	5.54241058298948e-05	1.99938385437403	1.00000000039646
12.55	14.05	1.00000000153369	0.799953301367757	5.56936262806286e-05	1.91938861445303	1.00000000061348
12.65	14.05	1.00000000196767	0.799955074148006	5.59524098553134e-05	1.83939319672189	1.00000000078707
12.75	14.05	1.00000000201475	0.799956836056952	5.61998826182057e-05	1.75939760226658	1.0000000008059
12.85	14.05	1.00000000126377	0.799958586974339	5.64355668954125e-05	1.67940183220114	1.00000000050551
12.95	14.05	0.999999999205648	0.799960326875697	5.66590683878439e-05	1.59940588766192	0.999999999682259
13.05	14.05	0.999999995345567	0.799962055824957	5.68700649335488e-05	1.51940976980048	0.999999998138227
13.15	14.05	0.999999989426559	0.799963773967265	5.70682971457667e-05	1.43941347977205	0.999999995770623
13.25	14.05	0.999999981786846	0.799965481520121	5.72535611326232e-05	1.35941701871564	0.999999992714738
13.35	14.05	0.999999973840521	0.799967178760315	5.74257035349669e-05	1.27942038772137	0.999999989536208
13.45	14.05	0.99999996860753	0.799968866003834	5.75846190526184e-05	1.1994235877824	0.999999987443012
13.55	14.05	0.999999971119991	0.799970543576209	5.77302500299744e-05	1.11942661973241	0.999999988447997
13.65	14.05	0.999999988401938	0.799972211772625	5.78625871105056e-05	1.03942948417743	0.999999995360775
13.75	14.05	1.00000002858169	0.799973870811102	5.79816686070443e-05	0.959432181442612	1.00000001143268
13.85	14.05	1.0000000986006	0.799975520788873	5.80875749510036e-05	0.879434711570206	1.00000003944024
13.95	14.05	1.00000020001461	0.799977161661656	5.81804130412548e-05	0.799437074421695	1.00000008000584
14.05	14.05	1.00000032266827	0.799978793276826	5.82602845908953e-05	0.719439269948622	1.00000012906731
14.15	14.05	1.00000043669718	0.799980415501477	5.8327233273683e-05	0.639441298692942	1.00000017467887
14.25	14.05	1.00000048451238	0.799982028489239	5.83811692504607e-05	0.559443162544073	1.00000019380495
14.35	14.05	1.00000037617675	0.799983633116869	5.84217775715141e-05	0.479444865698882	1.0000001504707
14.45	14.05	0.999999993736637	0.799985231581769	5.84484304725104e-05	0.399446415627346	0.999999997494655
14.55	14.05	0.999999212120703	0.799986828073224	5.84601423570095e-05	0.319447823635832	0.999999684848281
14.65	14.05	0.999997945168135	0.799988429306435	5.8455628272926e-05	0.239449104361025	0.999999178067254
14.75	14.05	0.999996223631348	0.799990044883591	5.84335459595556e-05	0.159450273280643	0.999998489452539
14.85	14.05	0.999994305521571	0.799992472181156	5.83930064669443e-05	0.0794513411427576	0.999997722208628
14.95	14.05	0.999992805667225	0.399991119494746	5.83479767859987e-05	-0.000547853103903489	0.99999712226689
0.05	14.15	-4.5866550936464e-06	0.400000311554861	-0.000154465531340992	10.4591891078446	0.599998165337963
0.15	14.15	-5.14712869010223e-06	0.800001261930216	-0.000155628943884223	10.4111892172355	0.599997941148524
0.25	14.15	-5.49835001239266e-06	0.800002341518484	-0.000158004338390387	10.3631892858428	0.599997800659995
0.35	14.15	-4.88652808956823e-06	0.800003595862321	-0.000161651315069971	10.3151892881704	0.599998045388764
0.45	14.15	-2.52484321660137e-06	0.800005117839466	-0.000166667880948523	10.2671891671089	0.599998990062713
0.55	14.15	2.34915245621186e-06	0.800006977030539	-0.00017319521804118	10.2191888356597	0.600000939660982
0.65	14.15	1.03251728531937e-05	0.800009241378279	-0.000181423429322169	10.1711881795659	0.600004130069141
0.75	14.15	2.15941288934798e-05	0.800011977026631	-0.000191596718387694	10.123187065932	0.600008637651557
0.85	14.15	3.56786600906124e-05	0.800015249363269	-0.000204020168575852	10.0751853603429	0.600014271464036
0.95	14.15	5.12521062543943e-05	0.800018788664004	-0.00021906666224325	10.0271829526046	0.600020500842502
1.05	14.15	6.34370951210464e-05	0.800022971370822	-0.000237300457137143	9.9791798255741	0.600025374838048
1.15	14.15	6.57170912603809e-05	0.800028087302732	-0.000259437623672908	9.9311761360409	0.600026286836504
1.25	14.15	5.10635068961836e-05	0.800034414654448	-0.000286224031183333	9.88317224915653	0.600020425402758
1.35	14.15	1.2936210479377e-05	0.800042310130097	-0.000318473892537586	9.83516873818643	0.600005174484192
1.45	14.15	-5.31594023623636e-05	0.800052192844863	-0.000357054973305068	9.7871663440976	0.599978736239055
1.55	14.15	-0.000147612954610252	0.80006449768509	-0.000402853540059488	9.73916587759558	0.599940954818156
1.65	14.15	-0.000264456968243345	0.800079609925187	-0.00045673611453405	9.69116805250185	0.599894217212703
1.75	14.15	-0.00038936182004936	0.800097786442262	-0.000519521343523556	9.64317325147944	0.59984425527198
1.85	14.15	-0.000498410245275862	0.800119072097034	-0.000591976462680404	9.59518124048481	0.59980063590189
1.95	14.15	-0.000558255784352121	0.800143216554805	-0.000674847109304554	9.54719086599383	0.599776697686259
2.05	14.15	-0.000528425061988031	0.80016956583452	-0.000768907686104434	9.49919978943619	0.599788629975205
2.15	14.15	-0.000367216644189892	0.80019679998493	-0.000875044988145493	9.4512043446466	0.599853113342324
2.25	14.15	-4.48921456271898e-05	0.80023058798029	-0.000995141898854314	9.40319968127454	0.599982043141749
2.35	14.15	0.00049424607008291	0.800268705903455	-0.00113223273997527	9.35517954821347	0.600197698428033
2.45	14.15	0.0013112125143516	0.800315243663025	-0.00128728736587888	9.30713579440142	0.600524485005741
2.55	14.15	0.00249682000549851	0.800368781143713	-0.00146009062998376	9.25905776852256	0.600998728002199
2.65	14.15	0.00415317751046957	0.800430307932016	-0.00165147746348853	9.21093167074856	0.601661271004188
2.75	14.15	0.00639525324461813	0.80050091415079	-0.00186192118152143	9.16274018547515	0.602558101297847
2.85	14.15	0.00935407564689854	0.800581897732894	-0.00209127118906033	9.11446200881144	0.603741630258759
2.95	14.15	0.0131803685385553	0.800674852159003	-0.0023385011848116	9.06607126171296	0.605272147415422
3.05	14.15	0.0180492193778643	0.80078168709221	-0.00260134903593757	9.0175367716484	0.607219687751146
3.15	14.15	0.0241664184522725	0.800904601731936	-0.00287582935820394	8.96882118079131	0.609666567380909
3.25	14.15	0.0317769966873993	0.801045987641204	-0.00315560750591521	8.91987982006859	0.61271079867496
3.35	14.15	0.0411762936519116	0.801208207586636	-0.00343123751978191	8.87065927571752	0.616470517460765
3.45	14.15	0.0527234455439362	0.801393169026703	-0.00368930390029313	8.82109557271407	0.621089378217574
3.55	14.15	0.0668562565009686	0.801601585178525	-0.00391158064260979	8.77111191902846	0.626742502600387
3.65	14.15	0.0841046974295484	0.80183181115233	-0.00407444398334143	8.72061601633304	0.633641878971819
3.75	14.15	0.105097459206542	0.802078200755727	-0.00414895031655993	8.66949707629034	0.642038983682617
3.85	14.15	0.130552012376003	0.802329125293344	-0.00410218459890341	8.61762292212805	0.652220804950401
3.95	14.15	0.161234220598644	0.802565211692839	-0.00390059005973061	8.56483792708432	0.664493688239458
4.05	14.15	0.197871095456578	0.802758987146192	-0.00351579700949419	8.5109630190127	0.679148438182631
4.15	14.15	0.241004536694911	0.802877660699784	-0.00293271305265693	8.45579942503146	0.696401814677964
4.25	14.15	0.290791218420432	0.802890452631947	-0.00215822617515586	8.39913792747819	0.716316487368173
4.35	14.15	0.346787272080913	0.802779760369924	-0.00122727192905559	8.34077469174223	0.738714908832365
4.45	14.15	0.407796583213076	0.802551723732412	-0.000202436005889705	8.28053285247081	0.76311863328523
4.55	14.15	0.471879725537995	0.802239198303972	0.000835004841620183	8.21828625735108	0.788751890215198
4.65	14.15	0.536582101548042	0.801892762537096	0.00180079225642777	8.15397931620725	0.814632840619217
4.75	14.15	0.599342178120977	0.801563213684579	0.0026245894204086	8.08763662212802	0.839736871248391
4.85	14.15	0.657940315534224	0.801285464015299	0.00326181974401829	8.01935887978481	0.86317612621369
4.95	14.15	0.710824109068865	0.801072200205002	0.00369708787626811	7.94930652620481	0.884329643627546
5.05	14.15	0.757218423297436	0.80091794469095	0.00394000420997922	7.87767650178862	0.902887369318974
5.15	14.15	0.79703746610822	0.800808028820515	0.0040168767673863	7.8046787876764	0.918814986443288
5.25	14.15	0.830686229670639	0.800726631505005	0.00396192340262141	7.73051761888087	0.932274491868256
5.35	14.15	0.858844055871808	0.80066123498335	0.00381031182840217	7.65537938571857	0.943537622348723
5.45	14.15	0.882288797317173	0.800603793116575	0.00359377925212747	7.57942682005469	0.952915518926869
5.55	14.15	0.901780989711783	0.800550051722722	0.0033385562913214	7.50279783071111	0.960712395884713
5.65	14.15	0.918002226371885	0.800498290936808	0.00306491150151114	7.42560714921809	0.967200890548754
5.75	14.15	0.931532149104569	0.800448185799708	0.0027876300762109	7.34794929956117	0.972612859641828
5.85	14.15	0.942848428921347	0.800400015474429	0.00251690919966087	7.26990191026453	0.977139371568539
5.95	14.15	0.95233799909873	0.800354207388025	0.00225934536892055	7.19152882679763	0.980935199639492
6.05	14.15	0.960312145777532	0.800311120918734	0.00201884232512239	7.11288278830188	0.984124858311013
6.15	14.15	0.96702145700647	0.800270974297177	0.00179736927867369	7.03400761399764	0.986808582802588
6.25	14.15	0.972668846496147	0.800233844217065	0.00159555668781868	6.9549399360138	0.989067538598459
6.35	14.15	0.977420131061288	0.800199694830954	0.001413144813077	6.87571055120673	0.990968052424515
6.45	14.15	0.981412267181242	0.800168413051275	0.0012493106073985	6.79634547033292	0.992564906872497
6.55	14.15	0.984759604101152	0.800139839777547	0.00110289957754885	6.71686673489373	0.993903841640461
6.65	14.15	0.987558566180787	0.800113793679254	0.000972586186735261	6.63729305919252	0.995023426472315
6.75	14.15	0.989891142616681	0.800090087541612	0.000856981976998398	6.55764034218043	0.995956457046672
6.85	14.15	0.991827496334101	0.800068538502724	0.000754706246180867	6.47792208242614	0.99673099853364
6.95	14.15	0.993427934164436	0.800048973792464	0.000664430378689826	6.39814972055723	0.997371173665774
7.05	14.15	0.994744419239763	0.800031233410325	0.000584903944753935	6.31833292667966	0.997897767695905
7.15	14.15	0.995821757278536	0.800015170864432	0.000514968400043592	6.23847984524341	0.998328702911414
7.25	14.15	0.996698550714179	0.80000065277584	0.000453562521590974	6.15859730619759	0.998679420285672
7.35	14.15	0.997407986628789	0.799987557889904	0.000399722479285668	6.07869100871885	0.998963194651516
7.45	14.15	0.997978504128481	0.799975775838779	0.000352578552705792	5.9987656820178	0.999191401651392
7.55	14.15	0.998434372275848	0.79996520586186	0.000311349869442919	5.91882522651061	0.999373748910339
7.65	14.15	0.99879619947164	0.799955755597926	0.000275338093775638	5.83887283782218	0.999518479788656
7.75	14.15	0.999081388094039	0.79994734000579	0.000243920680498421	5.75891111554373	0.999632555237616
7.85	14.15	0.99930454339422	0.799939880433671	0.000216544091057112	5.67894215831262	0.999721817357688
7.95	14.15	0.999477842471695	0.799933303837649	0.000192717218317451	5.59896764655454	0.999791136988678
8.05	14.15	0.999611367141114	0.799927542138651	0.000172005164544614	5.51898891408088	0.999844546856446
8.15	14.15	0.999713403305646	0.799922531701821	0.000154023448783514	5.43900700963785	0.999885361322258
8.25	14.15	0.999790708812496	0.799918212920468	0.000138432674722603	5.35902274943476	0.999916283524998
8.35	14.15	0.999848751491963	0.799914529886289	0.000124933662191826	5.27903676162388	0.999939500596785
8.45	14.15	0.999891919031496	0.799911430129495	0.000113263027779751	5.19904952365326	0.999956767612599
8.55	14.15	0.999923702407877	0.799908864412946	0.000103189190470031	5.11906139336187	0.999969480963151
8.65	14.15	0.999946854721581	0.799906786567063	9.45087733463115e-05	5.03907263463073	0.999978741888632
8.75	14.15	0.999963527399193	0.799905153353858	8.70433704726054e-05	4.95908343834353	0.999985410959677
8.85	14.15	0.999975385822149	0.799903924350648	8.06366484023563e-05	4.87909393934677	0.99999015432886
8.95	14.15	0.999983706487233	0.799903061845605	7.51517527258766e-05	4.79910423003269	0.999993482594893
9.05	14.15	0.999989457800458	0.799902530739309	7.04689921565341e-05	4.71911437110163	0.999995783120183
9.15	14.15	0.999993366552752	0.799902298448097	6.64837741873825e-05	4.63912439999378	0.999997346621101
9.25	14.15	0.999995972029614	0.799902334806059	6.31047686594472e-05	4.5591343374165	0.999998388811846
9.35	14.15	0.999997669576316	0.799902611964189	6.0252277402377e-05	4.47914419233272	0.999999067830526
9.45	14.15	0.999998745285277	0.799903104285741	5.78567897428532e-05	4.39915396572042	0.999999498114111
9.55	14.15	0.999999403302441	0.799903788237954	5.58577054671435e-05	4.31916365336216	0.999999761320977
9.65	14.15	0.999999787073835	0.799904642280344	5.42022083617249e-05	4.23917324787872	0.999999914829534
9.75	14.15	0.999999995679192	0.799905646750919	5.28442745521893e-05	4.15918274018135	0.999999998271677
9.85	14.15	1.0000000962326	0.79990678375096	5.17438015742877e-05	4.07919212048294	1.00000003849304
9.95	14.15	1.0000001331747	0.799908037029859	5.08658450146882e-05	3.99920137897972	1.00000005326988
10.05	14.15	1.00000013514003	0.799909391871111	5.01799505978295e-05	3.91921050629086	1.00000005405601
10.15	14.15	1.00000011995782	0.799910834980548	4.96595711816016e-05	3.83921949372352	1.00000004798313
10.25	14.15	1.00000009823588	0.799912354377795	4.92815584232622e-05	3.75922833341478	1.00000003929435
10.35	14.15	1.00000007588433	0.799913939291856	4.90257204306334e-05	3.67923701838908	1.00000003035373
10.45	14.15	1.00000005585816	0.799915580061397	4.88744371991928e-05	3.5992455425595	1.00000002234326
10.55	14.15	1.00000003933357	0.799917268040232	4.88123266990965e-05	3.51925390069366	1.00000001573343
10.65	14.15	1.0000000264812	0.799918995508389	4.8825955160538e-05	3.43926208835861	1.00000001059248
10.75	14.15	1.00000001695789	0.799920755588864	4.89035859041369e-05	3.35927010185506	1.00000000678315
10.85	14.15	1.00000001020639	0.799922542170225	4.90349615035811e-05	3.27927793814746	1.00000000408256
10.95	14.15	1.0000000056275	0.799924349834892	4.92111150464225e-05	3.19928559479444	1.000000002251
11.05	14.15	1.00000000266985	0.799926173793	4.94242064743834e-05	3.11929306988234	1.00000000106794
11.15	14.15	1.00000000086907	0.799928009821771	4.96673805581435e-05	3.03930036196306	1.00000000034763
11.25	14.15	0.999999999857302	0.799929854209918	4.99346437140845e-05	2.95930746999723	0.999999999942921
11.35	14.15	0.999999999356967	0.799931703706938	5.02207569000658e-05	2.87931439330257	0.999999999742787
11.45	14.15	0.999999999167592	0.799933555477019	5.05211425200315e-05	2.79932113150756	0.999999999667037
11.55	14.15	0.999999999150856	0.799935407057112	5.08318032940615e-05	2.71932768450995	0.999999999660342
11.65	14.15	0.999999999216845	0.799937256318969	5.11492515961775e-05	2.63933405243969	0.999999999686738
11.75	14.15	0.999999999312877	0.799939101434735	5.14704476690317e-05	2.55934023562595	0.999999999725151
11.85	14.15	0.999999999415209	0.799940940845877	5.1792745666914e-05	2.47934623456765	0.999999999766084
11.95	14.15	0.999999999523135	0.799942773235072	5.2113846301936e-05	2.3993520499072	0.999999999809254
12.05	14.15	0.999999999654271	0.79994459750085	5.24317553904272e-05	2.31935768240702	0.999999999861708
12.15	14.15	0.999999999839232	0.799946412734643	5.27447473498903e-05	2.23936313292873	0.999999999935693
12.25	14.15	1.00000000011334	0.799948218200163	5.30513330826078e-05	2.15936840241452	1.00000000004534
12.35	14.15	1.00000000050284	0.799950013314831	5.3350231610134e-05	2.07937349187102	1.00000000020113
12.45	14.15	1.00000000100357	0.799951797633217	5.36403449747565e-05	1.99937840235529	1.00000000040143
12.55	14.15	1.00000000155177	0.799953570832408	5.39207359408243e-05	1.9193831349633	1.00000000062071
12.65	14.15	1.00000000198996	0.799955332699389	5.41906081286346e-05	1.83938769082081	1.00000000079598
12.75	14.15	1.00000000203665	0.799957083120314	5.44492882803577e-05	1.75939207107651	1.00000000081466
12.85	14.15	1.00000000127623	0.799958822071798	5.46962104304192e-05	1.67939627689694	1.00000000051049
12.95	14.15	0.999999999194318	0.799960549613835	5.49309018523622e-05	1.59940030946208	0.999999999677727
13.05	14.15	0.999999995291272	0.799962265883878	5.5152970841079e-05	1.51940416995943	0.999999998116509
13.15	14.15	0.99999998930819	0.799963971090847	5.53620963845013e-05	1.43940785957348	0.999999995723276
13.25	14.15	0.999999981587968	0.799965665507342	5.55580200102501e-05	1.35941137946653	0.999999992635187
13.35	14.15	0.999999973560733	0.799967349457475	5.57405400323528e-05	1.27941473074662	0.999999989424293
13.45	14.15	0.999999968278782	0.79996902329749	5.59095082304618e-05	1.19941791441973	0.999999987311513
13.55	14.15	0.9999999708262	0.799970687386629	5.60648287085665e-05	1.11942093132735	0.99999998833048
13.65	14.15	0.99999998829724	0.79997234204757	5.62064577784651e-05	1.03942378207826	0.999999995318896
13.75	14.15	1.00000002889849	0.799973987519863	5.63344027123193e-05	0.959426466995397	1.0000000115594
13.85	14.15	1.00000009963379	0.799975623916503	5.64487157645003e-05	0.879428986114463	1.00000003985352
13.95	14.15	1.00000020206431	0.799977251203635	5.65494784807043e-05	0.799431339287589	1.00000008082573
14.05	14.15	1.00000032592251	0.799978869234642	5.66367705634695e-05	0.719433526457334	1.000000130369
14.15	14.15	1.00000044104174	0.799980477879976	5.67106183471922e-05	0.639435548162276	1.00000017641669
14.25	14.15	1.00000048927212	0.799982077297003	5.67709214879447e-05	0.559437406301518	1.00000019570885
14.35	14.15	1.00000037982493	0.799983668371022	5.68173642640111e-05	0.479439105103705	1.00000015192997
14.45	14.15	0.999999993659411	0.799985253318463	5.68493308077036e-05	0.399440652101289	0.999999997463764
14.55	14.15	0.999999204589055	0.799986836364121	5.68658618134317e-05	0.319442058698185	0.999999681835622
14.65	14.15	0.999997925739395	0.799988424279487	5.68657113351432e-05	0.239443339657821	0.999999170295758
14.75	14.15	0.999996188250506	0.799990026742578	5.6847580778413e-05	0.159444510589875	0.999998475300202
14.85	14.15	0.9999942525792	0.799992447865561	5.68106114925194e-05	0.0794455823291945	0.99999770103168
14.95	14.15	0.999992739137922	0.399991057202688	5.67682451834966e-05	-0.000553607546390763	0.999997095655169
0.05	14.25	-4.55000036631706e-06	0.399999701198074	-0.000154664293490722	10.4591984003727	0.599998179999853
0.15	14.25	-5.10557801530613e-06	0.799999414086116	-0.000155889226133724	10.4111985818332	0.599997957768794
0.25	14.25	-5.4548210605157e-06	0.799999212585556	-0.000158385266822027	10.3631987974523	0.599997818071576
0.35	14.25	-4.85396472273034e-06	0.799999111119248	-0.000162215150271284	10.3151990254532	0.599998058414111
0.45	14.25	-2.52898457141588e-06	0.799999167566016	-0.00016748092314095	10.2671992148022	0.599998988406171
0.55	14.25	2.26926009813672e-06	0.799999411947929	-0.000174329433255143	10.2191992872397	0.600000907704039
0.65	14.25	1.0123414976008e-05	0.799999866850942	-0.000182956395805395	10.1711991401844	0.60000404936599
0.75	14.25	2.12330837804941e-05	0.80000054461031	-0.000193602668288609	10.1231986553765	0.600008493233512
0.85	14.25	3.51343024673944e-05	0.800001432479086	-0.000206541418173036	10.0751977159791	0.600014053720987
0.95	14.25	5.0401250159575e-05	0.800002169314985	-0.000222166983134296	10.0271962349547	0.600020160500064
1.05	14.25	6.18203945929492e-05	0.800003146322117	-0.000241073558933681	9.97919423005647	0.600024728157837
1.15	14.25	6.30552772770093e-05	0.800004473269673	-0.00026395900268372	9.9311919009681	0.600025222110911
1.25	14.25	4.72476508927143e-05	0.800006289378496	-0.000291563454871993	9.8831896578056	0.600018899060357
1.35	14.25	8.05882330828664e-06	0.800008787767706	-0.000324686992688067	9.83518812248001	0.600003223529323
1.45	14.25	-5.87035151794949e-05	0.800012192930101	-0.000364176679768708	9.78718808762287	0.599976518593928
1.55	14.25	-0.000152996990346022	0.800016712418455	-0.000410891029289415	9.73919041653938	0.599938801203862
1.65	14.25	-0.000268296300088654	0.800022469241659	-0.000465659501663331	9.69119587428237	0.599892681479965
1.75	14.25	-0.000389620892973333	0.800029419627355	-0.000529253801454746	9.6432048918227	0.599844151642811
1.85	14.25	-0.000492369118478823	0.800037263672827	-0.000602392216945311	9.59521728073717	0.599803052352608
1.95	14.25	-0.000542558939664603	0.800045356516212	-0.000685807747623113	9.54723193343841	0.599782976424134
2.05	14.25	-0.000499256027705228	0.800052603164323	-0.000780427129633539	9.49924656387028	0.599800297588918
2.15	14.25	-0.000320840975335777	0.800057237215633	-0.000887689664497841	9.4512575757289	0.599871663609866
2.25	14.25	2.07119974938541e-05	0.800064877526583	-0.00100933106452568	9.40326023088866	0.600008284798997
2.35	14.25	0.00057917814492142	0.800074566660543	-0.0011480640518544	9.35524846495241	0.600231671257969
2.45	14.25	0.00142706599465715	0.800085895171249	-0.00130535206331084	9.30721421224457	0.600570826397863
2.55	14.25	0.00265369035256747	0.80009852170698	-0.00148099743994249	9.25914681572287	0.601061476141027
2.65	14.25	0.00436165188262503	0.800112725474238	-0.00167557842488414	9.21103253277198	0.60174466075305
2.75	14.25	0.00666785449488953	0.800128899229823	-0.00188962973103525	9.16285410385216	0.602667141797956
2.85	14.25	0.00970609394897765	0.800147600050261	-0.00212315230978723	9.11459025366831	0.603882437579591
2.95	14.25	0.0136306006476877	0.800169655659989	-0.00237526719211954	9.06621508748393	0.605452240259075
3.05	14.25	0.0186208387633701	0.800196236347162	-0.00264382362414378	9.0176973518174	0.607448335505348
3.15	14.25	0.0248880629705114	0.800228888724424	-0.00292488677995425	8.96899951339555	0.609955225188205
3.25	14.25	0.0326841085578507	0.800269512821827	-0.00321207602342573	8.92007659370444	0.61307364342314
3.35	14.25	0.0423127006558889	0.800320235556093	-0.00349575245824436	8.87087468450946	0.616925080262355
3.45	14.25	0.0541430888267818	0.800383102641691	-0.00376209800386511	8.82132906890815	0.621657235530713
3.55	14.25	0.0686248120547091	0.800459481929152	-0.00399220886830204	8.77136189544602	0.627449924821884
3.65	14.25	0.0863005667560402	0.800549062470323	-0.00416146040842672	8.72087942089672	0.634520226702416
3.75	14.25	0.107811194172623	0.800648389615127	-0.00423959030874546	8.66976898127952	0.643124477669049
3.85	14.25	0.133882722751021	0.800749072526833	-0.00419215436503741	8.61789610579291	0.653553089100408
3.95	14.25	0.165281069767457	0.800836216986304	-0.00398411326698291	8.56510257567706	0.666112427906983
4.05	14.25	0.202718059389259	0.800888252227095	-0.00358607838041561	8.51120671482707	0.681087223755704
4.15	14.25	0.246697908662291	0.800879803379733	-0.00298290019449444	8.45600762485243	0.698679163464916
4.25	14.25	0.297312579114823	0.800788811656789	-0.00218275331475625	8.39929510906223	0.718925031645929
4.35	14.25	0.354029536583954	0.800606854236586	-0.00122320839026976	8.34086620097222	0.741611814633582
4.45	14.25	0.415554828735441	0.80034799873325	-0.000170308020117298	8.28054720916576	0.766221931494176
4.55	14.25	0.479867350030986	0.800049534883225	0.000891316122957502	8.21821736360904	0.791946940012394
4.65	14.25	0.544473563202652	0.799761277199129	0.00187505968033313	8.15382785352251	0.817789425281061
4.75	14.25	0.606829825673416	0.799528029977719	0.00270971329337341	8.0874101011501	0.842731930269366
4.85	14.25	0.664784493652386	0.799375261278773	0.003351186654123	8.01907029414149	0.865913797460954
4.95	14.25	0.716879824316956	0.799305286891167	0.00378543123785916	7.9489720881826	0.886751929726782
5.05	14.25	0.762434827514694	0.799303322185155	0.00402369996081031	7.87731319370239	0.904973931005878
5.15	14.25	0.801438159025171	0.799347369145483	0.00409382619325688	7.80430235498001	0.920575263610069
5.25	14.25	0.83434243146696	0.799416317136848	0.00403123138518269	7.7301413114204	0.933736972586784
5.35	14.25	0.861850017228111	0.799494073780757	0.00387192162531924	7.65501344137503	0.944740006891244
5.45	14.25	0.884743843434129	0.799570343720901	0.00364815176578519	7.57907850484282	0.953897537373652
5.55	14.25	0.903778659498194	0.799639618012311	0.00338642501836441	7.50247180580641	0.961511463799278
5.65	14.25	0.919625016145224	0.799699657766026	0.00310711269392072	7.42530597373507	0.967850006458089
5.75	14.25	0.932849931689323	0.799750151559056	0.00282499474112843	7.34767394285633	0.973139972675729
5.85	14.25	0.943918927101308	0.799791762492595	0.00255020098511752	7.2696522064629	0.977567570840523
5.95	14.25	0.953208202261532	0.799825543469128	0.00228923020918316	7.19130384564152	0.981283280904613
6.05	14.25	0.96102001014418	0.799852621030147	0.00204587880531028	7.11268112066393	0.984408004057672
6.15	14.25	0.96759754825227	0.799874047772461	0.00182201166278277	7.03382758210749	0.987039019300908
6.25	14.25	0.973137778763986	0.799890748858185	0.00161816499886605	6.95477974245327	0.989255111505594
6.35	14.25	0.977801763008805	0.799903515106387	0.00143399820691466	6.87556838065863	0.991120705203522
6.45	14.25	0.981722667011713	0.799913015592269	0.00126862162805139	6.79621955621486	0.992689066804685
6.55	14.25	0.985011815679457	0.799919815886785	0.0011208278316004	6.71675540064007	0.994004726271783
6.65	14.25	0.987763212615794	0.799924395719436	0.000989250627996501	6.63719474168211	0.995105285046318
6.75	14.25	0.990056900865706	0.799927163866974	0.000872471429556482	6.55755360288698	0.996022760346282
6.85	14.25	0.991961471067959	0.799928469957277	0.000769088075138901	6.47784561034383	0.996784588427184
6.95	14.25	0.99353595352805	0.799928613620043	0.000677757389915479	6.39808232979288	0.99741438141122
7.05	14.25	0.994831270164115	0.799927851599156	0.000597219690096602	6.31827355074157	0.997932508065646
7.15	14.25	0.995891373912821	0.799926403391085	0.00052631110939145	6.23842752943036	0.998356549565128
7.25	14.25	0.996754166332863	0.799924455847123	0.000463967893752271	6.15855119904167	0.998701666533145
7.35	14.25	0.997452256900355	0.79992216705034	0.00040922555450469	6.07865035311694	0.998980902760142
7.45	14.25	0.998013607762367	0.799919669673662	0.000361214868569311	5.99872980646238	0.999205443104947
7.55	14.25	0.998462093655601	0.799917073951538	0.000319156075318924	5.91879353667522	0.99938483746224
7.65	14.25	0.998817996823787	0.799914470347308	0.000282352170920087	5.83884480864995	0.999527198729515
7.75	14.25	0.999098449946078	0.799911931967321	0.000250181888024491	5.75888628391529	0.999639379978431
7.85	14.25	0.999317835474917	0.799909516754178	0.000222092732690806	5.67892011632194	0.999727134189967
7.95	14.25	0.999488146752715	0.799907269480677	0.000197594303712658	5.59894803539011	0.999795258701086
8.05	14.25	0.999619314373627	0.799905223560558	0.000176252020211021	5.518971418491	0.999847725749451
8.15	14.25	0.99971950014155	0.79990340268835	0.000157681318289059	5.43899135294709	0.99988780005662
8.25	14.25	0.999795360396455	0.799901822319615	0.000141542335925022	5.35900868907327	0.999918144158582
8.35	14.25	0.999852280252485	0.799900491000873	0.000127535079316335	5.27902408512877	0.999940912100994
8.45	14.25	0.999894580275229	0.799899411558709	0.000115395048800727	5.19903804510123	0.999957832110092
8.55	14.25	0.999925697222706	0.799898582156597	0.000104889294804706	5.11905095019373	0.999970278889082
8.65	14.25	0.999948340614719	0.799897997227668	9.58128707433098e-05	5.03906308483023	0.999979336245888
8.75	14.25	0.999964627031507	0.799897648291813	8.79856492861147e-05	4.95907465793592	0.999985850812603
8.85	14.25	0.999976194146105	0.799897524665092	8.12494695851181e-05	4.87908582018445	0.999990477658442
8.95	14.25	0.999984296550577	0.799897614069614	7.54655849801874e-05	4.79909667783867	0.999993718620231
9.05	14.25	0.999989885439165	0.799897903151879	7.05123827859972e-05	4.71910730374342	0.999995954175666
9.15	14.25	0.999993674163707	0.79989837791791	6.62833504488631e-05	4.63911774596325	0.999997469665483
9.25	14.25	0.999996191584851	0.799899024092973	6.26852643731345e-05	4.55912803449299	0.999998476633941
9.35	14.25	0.999997825015809	0.79989982741411	5.96365798723881e-05	4.47913818640935	0.999999130006324
9.45	14.25	0.99999885440369	0.799900773862892	5.70660026591211e-05	4.39914820977494	0.999999541761476
9.55	14.25	0.999999479226548	0.799901849846359	5.49112237386211e-05	4.31915810655584	0.999999791690619
9.65	14.25	0.999999839411113	0.799903042332642	5.31178014654256e-05	4.23916787476836	0.999999935764445
9.75	14.25	1.00000003140416	0.799904338948468	5.16381755529452e-05	4.15917751003083	1.00000001256167
9.85	14.25	1.00000012036558	0.79990572804427	5.0430799240119e-05	4.07918700666241	1.00000004814623
9.95	14.25	1.00000014929751	0.799907198732653	4.94593770110401e-05	3.99919635844167	1.00000005971901
10.05	14.25	1.00000014578461	0.799908740905237	4.86921963161767e-05	3.91920555911348	1.00000005831384
10.15	14.25	1.00000012689664	0.799910345232101	4.81015426349191e-05	3.8392146027129	1.00000005075866
10.25	14.25	1.00000010269713	0.799912003147929	4.76631884631032e-05	3.75922348375846	1.00000004107885
10.35	14.25	1.00000007870984	0.799913706827873	4.73559473833155e-05	3.6792321973543	1.00000003148394
10.45	14.25	1.00000005761835	0.799915449156099	4.71612855326659e-05	3.59924073923046	1.00000002304734
10.55	14.25	1.00000004041018	0.799917223689241	4.7062983288391e-05	3.51924910574254	1.00000001616407
10.65	14.25	1.00000002712632	0.799919024616631	4.70468410570602e-05	3.43925729384605	1.00000001085053
10.75	14.25	1.00000001733556	0.799920846718909	4.71004233624683e-05	3.35926530105611	1.00000000693423
10.85	14.25	1.00000001042172	0.799922685326063	4.72128365081353e-05	3.27927312539972	1.00000000416869
10.95	14.25	1.00000000574658	0.799924536275949	4.73745352252496e-05	3.19928076536544	1.00000000229863
11.05	14.25	1.00000000273344	0.79992639587389	4.75771546195657e-05	3.11928821985355	1.00000000109338
11.15	14.25	1.00000000090172	0.799928260853852	4.7813363972287e-05	3.03929548812847	1.00000000036069
11.25	14.25	0.999999999873355	0.799930128341582	4.80767394858277e-05	2.95930256977445	0.999999999949342
11.35	14.25	0.999999999364536	0.799931995819866	4.83616534186716e-05	2.87930946465496	0.999999999745814
11.45	14.25	0.999999999171035	0.79993386109604	4.86631774095149e-05	2.79931617287589	0.999999999668414
11.55	14.25	0.999999999152361	0.799935722271779	4.89769980474466e-05	2.71932269475232	0.999999999660944
11.65	14.25	0.999999999217402	0.799937577715181	4.92993430657306e-05	2.63932903077879	0.999999999686961
11.75	14.25	0.999999999312891	0.799939426035003	4.96269167616627e-05	2.55933518160263	0.999999999725156
11.85	14.25	0.999999999414879	0.799941266056999	4.99568432815656e-05	2.47934114800004	0.999999999765952
11.95	14.25	0.999999999522714	0.799943096802305	5.02866169712397e-05	2.39934693085476	0.999999999809085
12.05	14.25	0.999999999654243	0.799944917467567	5.06140585627251e-05	2.31935253113882	0.999999999861697
12.15	14.25	0.999999999840421	0.799946727406883	5.0937276696737e-05	2.23935794989549	0.999999999936168
12.25	14.25	1.00000000011692	0.799948526115366	5.1254633908131e-05	2.15936318822403	1.00000000004677
12.35	14.25	1.00000000051019	0.799950313214193	5.15647165657386e-05	2.07936824726642	1.00000000020407
12.45	14.25	1.00000000101593	0.799952088437284	5.18663082268685e-05	1.99937312819601	1.00000000040637
12.55	14.25	1.00000000156954	0.79995385161946	5.21583659261961e-05	1.91937783220829	1.00000000062782
12.65	14.25	1.00000000201175	0.799955602686254	5.24399990418151e-05	1.83938236051379	1.0000000008047
12.75	14.25	1.00000000205799	0.7999573416454	5.27104504106623e-05	1.75938671433312	1.0000000008232
12.85	14.25	1.00000000128833	0.799959068579992	5.2969079465789e-05	1.6793908948935	1.00000000051533
12.95	14.25	0.999999999183242	0.799960783643146	5.321534725912e-05	1.59939490342579	0.999999999673297
13.05	14.25	0.999999995238409	0.799962487053556	5.34488033595599e-05	1.51939874115987	0.999999998095363
13.15	14.25	0.999999989193083	0.799964179090841	5.36690747808903e-05	1.43940240931516	0.999999995677233
13.25	14.25	0.999999981394729	0.799965860088892	5.38758570708536e-05	1.35940590908232	0.999999992557892
13.35	14.25	0.999999973289077	0.799967530424691	5.40689078426115e-05	1.27940924159179	0.999999989315631
13.45	14.25	0.99999996795983	0.799969190499705	5.42480427858347e-05	1.19941240786632	0.999999987183932
13.55	14.25	0.99999997054146	0.799970840711331	5.44131338171461e-05	1.11941540875873	0.999999988216584
13.65	14.25	0.999999988196219	0.799972481413762	5.45641083120958e-05	1.03941824488372	0.999999995278487
13.75	14.25	1.00000002920638	0.799974112871706	5.47009473024965e-05	0.959420916564931	1.00000001168255
13.85	14.25	1.00000010063603	0.799975735217234	5.48236791286472e-05	0.879423423834092	1.00000004025441
13.95	14.25	1.00000020405103	0.799977348429953	5.49323637516858e-05	0.799425766536346	1.00000008162041
14.05	14.25	1.00000032907489	0.799978952372042	5.50270621881486e-05	0.719427944607308	1.00000013162996
14.15	14.25	1.00000044524816	0.799980546919857	5.51077863187189e-05	0.639429958583774	1.00000017809927
14.25	14.25	1.00000049387832	0.799982132236729	5.51744277652984e-05	0.559431810375465	1.00000019755133
14.35	14.25	1.00000038335379	0.799983709218314	5.52266720453184e-05	0.479433504242774	1.00000015334152
14.45	14.25	0.999999993584425	0.799985280101301	5.52639167648873e-05	0.399435047779366	0.99999999743377
14.55	14.25	0.999999197308824	0.799986849146443	5.52852300142757e-05	0.31943645248401	0.99999967892353
14.65	14.25	0.99999790696684	0.799988423181049	5.52894055294887e-05	0.239437733242945	0.999999162786736
14.75	14.25	0.999996154076845	0.799990011957438	5.52751887487491e-05	0.159438905793429	0.999998461630738
14.85	14.25	0.999994201458902	0.799992426066996	5.52417516130319e-05	0.0794399810540478	0.999997680583561
14.95	14.25	0.999992674912167	0.399990997810089	5.52020180815298e-05	-0.00055920471588393	0.999997069964867
0.05	14.35	-4.52173233404031e-06	0.399999069367157	-0.000153619916814649	10.4592076681519	0.599998191307066
0.15	14.35	-5.07650160623474e-06	0.799997503383161	-0.000154878351383259	10.4112079245274	0.599997969399357
0.25	14.35	-5.43178968735653e-06	0.799995980066679	-0.000157437401606359	10.3632082926545	0.599997827284125
0.35	14.35	-4.85452301211905e-06	0.799994482813433	-0.000161359681434015	10.3152087545746	0.599998058190795
0.45	14.35	-2.58410273962654e-06	0.799993034352302	-0.000166746134778044	10.2672092654355	0.599998966358904
0.55	14.35	2.11718270709766e-06	0.799991623780667	-0.000173741954321837	10.2192097558737	0.600000846873083
0.65	14.35	9.83732301444705e-06	0.799990225980758	-0.000182540869633836	10.1712101351327	0.600003934929206
0.75	14.35	2.08275955948233e-05	0.799988797546973	-0.000193378859036182	10.1232102992332	0.600008331038238
0.85	14.35	3.47169713867953e-05	0.799987193883725	-0.000206486733479291	10.0752101465468	0.600013886788555
0.95	14.35	4.96514922213189e-05	0.799985106221276	-0.000222264135125282	10.0272096141927	0.600019860596888
1.05	14.35	6.03946266228871e-05	0.799982800034145	-0.000241318696155244	9.9792087562491	0.600024157850649
1.15	14.35	6.07461929571193e-05	0.799980251334591	-0.000264297960443721	9.93120781310988	0.600024298477183
1.25	14.35	4.40199949834779e-05	0.799977454388948	-0.000291904209738304	9.8832072385319	0.600017607997993
1.35	14.35	4.10065957512345e-06	0.799974433069921	-0.000324898550264797	9.83520770149533	0.60000164026383
1.45	14.35	-6.28824472570101e-05	0.79997121503024	-0.000364082026470627	9.7872100442512	0.599974847021097
1.55	14.35	-0.000156442378024876	0.799967783219335	-0.000410259156882128	9.73921518015417	0.59993742304879
1.65	14.35	-0.00026949566722362	0.799964009519555	-0.000464196621993981	9.69122392231369	0.59989220173311
1.75	14.35	-0.000386441117840924	0.799959574664652	-0.000526593968196601	9.6432367461076	0.599845423552864
1.85	14.35	-0.000482105855767975	0.799953878676913	-0.000598093521659896	9.59525350449394	0.599807157657693
1.95	14.35	-0.00052219758543459	0.799945940504303	-0.000679378016141517	9.5472731338298	0.599791120965826
2.05	14.35	-0.000466058537983172	0.799934283428476	-0.000771427569800117	9.4992934101973	0.599813576584807
2.15	14.35	-0.000272680769141673	0.799917139982839	-0.000875935884865864	9.45131084530073	0.599890927692343
2.25	14.35	9.1776155934843e-05	0.799896690091413	-0.000995268960695637	9.40332080335657	0.600036710462374
2.35	14.35	0.000671169546959416	0.79987724123733	-0.00113149247412056	9.35531736977928	0.600268467818784
2.45	14.35	0.00154977500675576	0.799853327269741	-0.00128544901496533	9.30729258636295	0.600619910002702
2.55	14.35	0.00281798200309846	0.799824581476841	-0.00145745803249994	9.25923580331538	0.601127192801239
2.65	14.35	0.00457916583822562	0.799790532974151	-0.00164810769995868	9.21113332551749	0.60183166633529
2.75	14.35	0.0069520441918319	0.799750809514134	-0.00185792585863538	9.16296794972328	0.602780817676733
2.85	14.35	0.0100731821441844	0.799705161165414	-0.00208697788342988	9.11471843639187	0.604029272857674
2.95	14.35	0.0141004770847517	0.799653560991881	-0.00233450039656022	9.06635888458731	0.605640190833901
3.05	14.35	0.0192180544605666	0.799596321006179	-0.00259848900498815	9.01785796961014	0.607687221784227
3.15	14.35	0.0256430228633371	0.799534194983204	-0.00287517315279916	8.96917799150007	0.610257209145335
3.25	14.35	0.0336345114020559	0.799468445423936	-0.00315834162170703	8.92027366861682	0.613453804560822
3.35	14.35	0.0435052164660236	0.799400832542244	-0.00343851253631669	8.8710905999132	0.617402086586409
3.45	14.35	0.0556351664495969	0.799333452337328	-0.00370198929941224	8.82156332053012	0.622254066579839
3.55	14.35	0.0704863333535023	0.79926831829572	-0.00392992914234902	8.77161290199114	0.628194533341401
3.65	14.35	0.0886147679329936	0.79920656747729	-0.00409769131042771	8.72114412323018	0.635445907173197
3.75	14.35	0.110673834232355	0.799147222223113	-0.0041749291849056	8.67004239389288	0.644269533692942
3.85	14.35	0.137397937050795	0.799085630060926	-0.00412710250091965	8.61817088196253	0.654959174820318
3.95	14.35	0.169551910000914	0.799012114629526	-0.00391918255138733	8.5653687013098	0.667820764000365
4.05	14.35	0.207829878212598	0.798911964927875	-0.00352206179357768	8.51145150620571	0.683131951285039
4.15	14.35	0.252694274821042	0.798768307874623	-0.00292127773053431	8.45621624383989	0.701077709928417
4.25	14.35	0.30416698739588	0.798568837052616	-0.00212607677685049	8.39945177545029	0.721666794958352
4.35	14.35	0.361621350070577	0.798315027552911	-0.00117519692753185	8.34095612168147	0.744648540028231
4.45	14.35	0.423661841246783	0.798029027580472	-0.000135418594522482	8.28055895200728	0.769464736498713
4.55	14.35	0.488185381325004	0.797752045338253	0.000908834482006598	8.21814508313275	0.795274152530001
4.65	14.35	0.552663057301142	0.797532093158787	0.00187228705676615	8.15367263621735	0.821065222920457
4.75	14.35	0.61457519942918	0.797406755896747	0.00268586155652654	8.08717991056016	0.845830079771672
4.85	14.35	0.671844444818171	0.797390969935315	0.00330775859317284	8.01877851285695	0.868737777927268
4.95	14.35	0.723112326351453	0.79747589643854	0.0037257601009226	7.94863517934798	0.889244930540581
5.05	14.35	0.767794330048897	0.797636962937011	0.00395215443670674	7.87694823391854	0.907117732019559
5.15	14.35	0.805954051688234	0.797844588256522	0.00401500687475683	7.8039250535051	0.922381620675294
5.25	14.35	0.838091193376034	0.798072269125161	0.00394936716108599	7.7297647977873	0.935236477350414
5.35	14.35	0.864930276075179	0.798300333416382	0.00379052662319425	7.65464779474065	0.945972110430072
5.45	14.35	0.887258439771092	0.798516295390172	0.00356990524211195	7.57873082834283	0.954903375908437
5.55	14.35	0.905823939410329	0.798713490293987	0.00331320022880011	7.50214661431175	0.962329575764132
5.65	14.35	0.92128573671821	0.798889281190642	0.00304008462133053	7.42500570631675	0.968514294687284
5.75	14.35	0.934197807248827	0.799043499474652	0.00276477622818196	7.34739947741805	0.973679122899531
5.85	14.35	0.945013192383673	0.79917731996709	0.00249697730527789	7.26940331243729	0.978005276953469
5.95	14.35	0.954097091330357	0.79929254089765	0.00224287750972495	7.19107955107221	0.981638836532143
6.05	14.35	0.961742501822398	0.799391164155598	0.00200606147262903	7.11247999335993	0.984697000728959
6.15	14.35	0.968185044041782	0.799475171477454	0.0017882588114811	7.03364793564082	0.987274017616713
6.25	14.35	0.973615571275511	0.799546417498016	0.00158992857492431	6.95461978139067	0.989446228510204
6.35	14.35	0.978190257468436	0.79960658748082	0.00141069588706978	6.87542629913223	0.991276102987375
6.45	14.35	0.982038368592207	0.799657188297913	0.00124966760927755	6.79609360196956	0.992815347436883
6.55	14.35	0.985268115065669	0.799699555043337	0.00110565420467246	6.71664391427449	0.994107246026268
6.65	14.35	0.987971006344747	0.799734864036311	0.000977321553829878	6.6370961785127	0.995188402537899
6.75	14.35	0.990225080155905	0.799764147693545	0.000863291891827885	6.55746654293872	0.996090032062362
6.85	14.35	0.992097307579372	0.799788309247224	0.000762208604036788	6.4777687604496	0.996838923031749
6.95	14.35	0.993645404931389	0.799808136520309	0.000672775843356431	6.3980145206283	0.997458161972555
7.05	14.35	0.994919223440375	0.799824314534171	0.000593780933946896	6.31821373076887	0.99796768937615
7.15	14.35	0.995961840218534	0.799837436951881	0.000524105243980337	6.23837475710597	0.998384736087414
7.25	14.35	0.996810438038294	0.799848016436394	0.000462727522136454	6.15850463420052	0.998724175215318
7.35	14.35	0.997497034916321	0.799856494015855	0.000408722467420731	6.07860924813434	0.998998813966528
7.45	14.35	0.99804910537271	0.799863247540982	0.000361256426286978	5.99869349757722	0.999219642149084
7.55	14.35	0.998490121634542	0.799868599308962	0.000319581492673363	5.91876143570792	0.999396048653817
7.65	14.35	0.998840033530797	0.799872822920068	0.00028302885285815	5.83881639524703	0.999536013412319
7.75	14.35	0.999115699269371	0.799876149427587	0.000251001917897309	5.75886109838402	0.999646279707748
7.85	14.35	0.999331274872258	0.799878772838438	0.000222969580362991	5.67889775307431	0.999732509948903
7.95	14.35	0.99949856716505	0.799880855019245	0.000198459793693045	5.59892813698711	0.99979942686602
8.05	14.35	0.999627353426127	0.799882530059789	0.000177053579954755	5.51895367026107	0.999850941370451
8.15	14.35	0.999725669769491	0.799883908143555	0.000158379512218217	5.43897547814349	0.999890267907796
8.25	14.35	0.999800069819622	0.799885078971721	0.000142108679821782	5.35899444453023	0.999920027927849
8.35	14.35	0.999855855055384	0.799886114783466	0.000127950122664567	5.27901125737521	0.999942342022154
8.45	14.35	0.999897278219739	0.799887073012171	0.000115646707838678	5.1990264468914	0.999958911287895
8.55	14.35	0.999927721315986	0.799887998613655	0.000104971416330791	5.11904041741586	0.999971088526394
8.65	14.35	0.999949849871725	0.799888926099376	9.57240051627414e-05	5.03905347375682	0.99997993994869
8.75	14.35	0.999965745303362	0.799889881304423	8.77280113306433e-05	4.95906584278182	0.999986298121345
8.85	14.35	0.999977017329291	0.79989088291777	8.08280655576188e-05	4.87907769094169	0.999990806931716
8.95	14.35	0.999984898444744	0.79989194379986	7.48874861215352e-05	4.79908913835959	0.999993959377897
9.05	14.35	0.999990322481408	0.799893072110282	6.97861261034243e-05	4.71910027004626	0.999996128992563
9.15	14.35	0.999993989232956	0.799894272266843	6.54184495685863e-05	4.63911114473646	0.999997595693183
9.25	14.35	0.999996417040597	0.799895545755461	6.16918147405712e-05	4.55912180177707	0.999998566816239
9.35	14.35	0.999997985109934	0.799896891808744	5.85249440893318e-05	4.47913226643662	0.999999194043973
9.45	14.35	0.999998967182145	0.799898307969675	5.58465635289511e-05	4.39914255394979	0.999999586872858
9.55	14.35	0.999999558018556	0.799899790555592	5.35941940344974e-05	4.31915267255956	0.999999823207422
9.65	14.35	0.999999893987132	0.799901335035923	5.1713080747881e-05	4.23916262577417	0.999999957594853
9.75	14.35	1.00000006886974	0.799902936336393	5.01552457510468e-05	4.15917241401638	1.0000000275479
9.85	14.35	1.00000014584617	0.799904589080349	4.88786519216167e-05	4.07918203580808	1.00000005833847
9.95	14.35	1.00000016645904	0.799906287777701	4.78464661872498e-05	3.99919148860438	1.00000006658362
10.05	14.35	1.00000015722612	0.799908026969566	4.70264116333236e-05	3.91920076936684	1.00000006289045
10.15	14.35	1.00000013444399	0.799909801336812	4.63901987094165e-05	3.83920987494545	1.00000005377759
10.25	14.35	1.00000010762073	0.799911605778802	4.59130266290142e-05	3.75921880232274	1.00000004304829
10.35	14.35	1.00000008188487	0.799913435468102	4.55731469806495e-05	3.67922754876038	1.00000003275395
10.45	14.35	1.00000005964136	0.799915285886083	4.53514821445115e-05	3.59923611187824	1.00000002385654
10.55	14.35	1.00000004168336	0.799917152843329	4.52312920824841e-05	3.51924448968781	1.00000001667334
10.65	14.35	1.00000002791763	0.799919032488415	4.51978834434632e-05	3.4392526805961	1.00000001116705
10.75	14.35	1.00000001782136	0.799920921307715	4.52383558350667e-05	3.35926068339086	1.00000000712854
10.85	14.35	1.00000001071653	0.799922816118646	4.53413805285597e-05	3.27926849721528	1.00000000428661
10.95	14.35	1.00000000592375	0.799924714058067	4.54970074377476e-05	3.19927612153705	1.0000000023695
11.05	14.35	1.00000000283923	0.799926612567458	4.56964967492915e-05	3.11928355611547	1.00000000113569
11.15	14.35	1.00000000096481	0.799928509375957	4.59321719787059e-05	3.03929080096857	1.00000000038592
11.25	14.35	0.999999999911237	0.799930402482072	4.61972916203694e-05	2.95929785634172	0.999999999964495
11.35	14.35	0.999999999387648	0.799932290135032	4.64859369905271e-05	2.87930472267819	0.999999999755059
11.45	14.35	0.999999999185471	0.799934170815918	4.67929140512101e-05	2.79931140059212	0.999999999674188
11.55	14.35	0.999999999161585	0.799936043219341	4.71136674943183e-05	2.71931789084391	0.999999999664634
11.65	14.35	0.999999999223347	0.799937906235604	4.74442053224287e-05	2.63932419431796	0.999999999689339
11.75	14.35	0.999999999316639	0.799939758933753	4.77810326407841e-05	2.55933031200256	0.999999999726656
11.85	14.35	0.999999999417123	0.79994160054548	4.81210935184481e-05	2.47933624497178	0.999999999766849
11.95	14.35	0.999999999524053	0.799943430450062	4.84617196752028e-05	2.39934199436915	0.999999999809621
12.05	14.35	0.999999999655401	0.79994524816022	4.88005853726106e-05	2.31934756139293	0.99999999986216
12.15	14.35	0.999999999842375	0.799947053308987	4.91356674774473e-05	2.23935294728298	0.99999999993695
12.25	14.35	1.00000000012093	0.799948845637618	4.94652102147453e-05	2.15935815330897	1.00000000004837
12.35	14.35	1.00000000051769	0.799950624984418	4.97876938793842e-05	2.07936318076024	1.00000000020708
12.45	14.35	1.00000000102817	0.799952391274724	5.01018070712196e-05	1.9993680309371	1.00000000041127
12.55	14.35	1.00000000158696	0.799954144511982	5.04064219750778e-05	1.91937270514412	1.00000000063479
12.65	14.35	1.000000002033	0.799955884770109	5.07005722572399e-05	1.83937720468514	1.0000000008132
12.75	14.35	1.00000000207875	0.799957612187254	5.0983433328599e-05	1.75938153086027	1.0000000008315
12.85	14.35	1.00000000130005	0.79995932696096	5.12543046717426e-05	1.67938568496414	1.00000000052002
12.95	14.35	0.999999999172396	0.799961029344614	5.15125941356453e-05	1.59938966828451	0.999999999668958
13.05	14.35	0.999999995186946	0.799962719644572	5.17578042000955e-05	1.51939348209893	0.999999998074778
13.15	14.35	0.999999989081188	0.7999643982169	5.19895202241268e-05	1.43939712766646	0.999999995632475
13.25	14.35	0.999999981207059	0.799966065461946	5.2207400991748e-05	1.35940060621027	0.999999992482823
13.35	14.35	0.999999973025453	0.799967721814183	5.24111716387498e-05	1.27940391888684	0.999999989210181
13.45	14.35	0.999999967650554	0.799969367724432	5.26006190669406e-05	1.19940706673899	0.999999987060222
13.55	14.35	0.999999970265656	0.799971003631963	5.27755895177875e-05	1.11941005063375	0.999999988106262
13.65	14.35	0.999999988098812	0.799972629925833	5.29359872358217e-05	1.03941287119437	0.999999995239525
13.75	14.35	1.00000002950543	0.799974246898928	5.30817721684169e-05	0.959415528747534	1.00000001180217
13.85	14.35	1.00000010160765	0.799975854705171	5.32129533248791e-05	0.879418023323201	1.00000004064306
13.95	14.35	1.00000020597547	0.799977453340178	5.33295731369591e-05	0.799420354761473	1.00000008239019
14.05	14.35	1.0000003321266	0.799979042677262	5.34316775144402e-05	0.719422522992722	1.00000013285064
14.15	14.35	1.00000044931809	0.799980622600816	5.35192669943129e-05	0.639424528553254	1.00000017972724
14.25	14.35	1.00000049833286	0.799982193281986	5.35922278044982e-05	0.559426373364078	1.00000019933315
14.35	14.35	1.0000003867648	0.799983755628257	5.3650248900345e-05	0.479428061717106	1.00000015470592
14.45	14.35	0.999999993511672	0.799985311897488	5.36927430524908e-05	0.399429601265776	0.999999997404669
14.55	14.35	0.999999190276896	0.799986866386563	5.37188069654866e-05	0.319431003600913	0.999999676110758
14.65	14.35	0.999997888842221	0.799988425977865	5.37272748158906e-05	0.239432283727555	0.999999155536888
14.75	14.35	0.999996121095026	0.799990000496267	5.37169364992094e-05	0.159433457506119	0.999998448438011
14.85	14.35	0.999994152137337	0.79999240675918	5.36869948864467e-05	0.0794345359358666	0.999997660854935
14.95	14.35	0.999992612960293	0.399990941279846	5.36498639374129e-05	-0.000564645990791856	0.999997045184117
0.05	14.45	-4.5013173758697e-06	0.399998429838643	-0.000151304234107078	10.4592168353466	0.59999819947305
0.15	14.45	-5.05721733477671e-06	0.799995570903069	-0.000152568845916852	10.4112171678121	0.599997977113066
0.25	14.45	-5.42125559026409e-06	0.79999271332849	-0.000155134801068354	10.363217690512	0.599997831497764
0.35	14.45	-4.8700470193058e-06	0.799989810650223	-0.000159061260092295	10.3152183891926	0.599998051981192
0.45	14.45	-2.65597645851079e-06	0.799986852232842	-0.000164442742375851	10.2672192249447	0.599998937609417
0.55	14.45	1.94532466615533e-06	0.799983788514423	-0.000171414492775933	10.2192201369451	0.600000778129866
0.65	14.45	9.52020144185762e-06	0.799980549342765	-0.000180156649936224	10.1712210458747	0.600003808080577
0.75	14.45	2.0377852000227e-05	0.799977051607614	-0.00019088905937764	10.123221861805	0.6000081511408
0.85	14.45	3.44983815047845e-05	0.799972882345979	-0.000203825995778916	10.0752224956048	0.600013799352602
0.95	14.45	4.90677408754546e-05	0.799968044738306	-0.00021934896835918	10.0272229081792	0.60001962709635
1.05	14.45	5.92015538536913e-05	0.799962507475075	-0.000238023308749339	9.97922319011264	0.600023680621541
1.15	14.45	5.88521999438865e-05	0.799956132456304	-0.00026043349533652	9.93122361865588	0.600023540879978
1.25	14.45	4.1475548568242e-05	0.799948778672841	-0.000287220227995518	9.88322468798843	0.600016590219427
1.35	14.45	1.16875122267152e-06	0.799940308579126	-0.000319080636848762	9.83522711106401	0.600000467500489
1.45	14.45	-6.56191961738964e-05	0.799930560847967	-0.000356745794788605	9.78723177628771	0.59997375232153
1.55	14.45	-0.000157961734030706	0.799919303620039	-0.000400944829682767	9.73923964315882	0.599936815306388
1.65	14.45	-0.000268230564128335	0.799906171450813	-0.000452364911294829	9.69125156852635	0.599892707774349
1.75	14.45	-0.000380228649851027	0.799890586985361	-0.00051162042516051	9.64326806747856	0.59984790854006
1.85	14.45	-0.000468244255234865	0.799871661585016	-0.000579256228587734	9.59528902955405	0.599812702297906
1.95	14.45	-0.000497665386828104	0.799848059881291	-0.000655842598978312	9.54731343108308	0.599800933845269
2.05	14.45	-0.000427917056709815	0.799817851093903	-0.000742293282746705	9.49933910708313	0.599828833177316
2.15	14.45	-0.000218966504500107	0.79977871764705	-0.000840555446338343	9.45136266959666	0.5999124133982
2.25	14.45	0.000157189190996938	0.799735896156702	-0.000953549832105008	9.40337967114382	0.600062875676399
2.35	14.45	0.000760570823657178	0.799686564352682	-0.00108256577509667	9.35538430547869	0.600304228329463
2.45	14.45	0.00167128301352203	0.79962794501616	-0.00122767245369573	9.30736862617756	0.600668513205409
2.55	14.45	0.0029809685671262	0.799558662812032	-0.0013895896310706	9.25932203993593	0.60119238742685
2.65	14.45	0.00479475004509163	0.799477397378769	-0.00156901991501543	9.21123091013797	0.601917900018037
2.75	14.45	0.00723357570954804	0.799382876359884	-0.00176647822867401	9.16307808895466	0.602893430283819
2.85	14.45	0.0104369202096503	0.799273924457186	-0.00198203903891582	9.11484237350752	0.60417476808386
2.95	14.45	0.0145664174366924	0.799149565515889	-0.00221501899834047	9.0664978616334	0.605826566974677
3.05	14.45	0.0198109284224208	0.799009164371141	-0.0024635805925776	9.01801316623053	0.607924371368968
3.15	14.45	0.0263935150108849	0.798852587992112	-0.00272422088893367	8.96935043312875	0.610557406004354
3.25	14.45	0.0345807257145879	0.798680362753846	-0.00299111563979693	8.92046409374987	0.613832290285835
3.35	14.45	0.0446943719345685	0.798493788331229	-0.00325531188189486	8.87129927418545	0.617877748773827
3.45	14.45	0.0571254037917506	0.798294939113415	-0.00350380826484098	8.821789785205	0.6228501615167
3.55	14.45	0.0723483313158	0.798086448922029	-0.00371864725823308	8.77185564816918	0.62893933252632
3.65	14.45	0.0909325615116214	0.797870955081701	-0.00387628289089827	8.72140019385857	0.636373024604649
3.75	14.45	0.113543776638929	0.797650120103738	-0.00394768246026457	8.67030693794804	0.645417510655571
3.85	14.45	0.140924204516575	0.79742333115845	-0.003899826323651	8.61843672326077	0.65636968180663
3.95	14.45	0.173836539632589	0.79718657544744	-0.00369935419388738	8.56562603871821	0.669534615853036
4.05	14.45	0.212955569730389	0.7969325572148	-0.0033188268160248	8.51168792216637	0.685182227892156
4.15	14.45	0.258699869721053	0.796653474879727	-0.00274515896811027	8.45641723414947	0.703479947888421
4.25	14.45	0.311019293633566	0.796347197701142	-0.00198822241251788	8.39960197362867	0.724407717453426
4.35	14.45	0.369192177919945	0.796025186962058	-0.00108607114223724	8.34104122347872	0.747676871167978
4.45	14.45	0.431722702510307	0.795717301850171	-0.000103068425939116	8.28056804991154	0.772689081004123
4.55	14.45	0.496429569972986	0.795467894517945	0.00088048406999615	8.21807280988202	0.798571827989194
4.65	14.45	0.560753765919206	0.795322245683774	0.0017844783762998	8.15352040036074	0.824301506367682
4.75	14.45	0.62220438189423	0.795309950855822	0.00254492985418181	8.0869557454563	0.848881752757692
4.85	14.45	0.678780806466804	0.795434993759134	0.00312394794423274	8.01849557998578	0.871512322586722
4.95	14.45	0.729223455942997	0.795677299890163	0.00351139169517726	7.94830946634987	0.891689382377199
5.05	14.45	0.773041847630884	0.796002640211287	0.00371976464779398	7.87659618066179	0.909216739052354
5.15	14.45	0.810371378269303	0.79637406441633	0.00377591586772339	7.8035616821133	0.924148551307721
5.25	14.45	0.841756088050952	0.796759896909499	0.00371285424577451	7.72940259382686	0.936702435220381
5.35	14.45	0.867940769044469	0.797137083177226	0.0035635565337438	7.65429629574391	0.947176307617788
5.45	14.45	0.889715775262592	0.797491115705814	0.00335723926697138	7.57839672280228	0.955886310105037
5.55	14.45	0.907822521546794	0.797814315212429	0.00311771637307028	7.50183412857557	0.963129008618717
5.65	14.45	0.922908426722347	0.798103763151714	0.00286317162203584	7.42471710154634	0.969163370688939
5.75	14.45	0.93551465587116	0.798359527758168	0.00260671757290738	7.34713554278233	0.974205862348464
5.85	14.45	0.946082058978833	0.798583369623964	0.00235728362441211	7.26916379598221	0.978432823591533
5.95	14.45	0.954965109987216	0.79877788893013	0.00212055363204273	7.19086350743434	0.981986043994886
6.05	14.45	0.962447785612693	0.798946004661175	0.00189980994209187	7.11228604905882	0.984979114245077
6.15	14.45	0.968758315735799	0.799090656995987	0.00169662864451862	7.03347448276469	0.987503326294319
6.25	14.45	0.97408158897068	0.799214649124743	0.00151142001891056	6.95446511364801	0.989632635588272
6.35	14.45	0.978569001274477	0.799320571597135	0.00134383140523424	6.87528870380735	0.991427600509791
6.45	14.45	0.982346001299099	0.799410773410353	0.00119303776602624	6.79597141936356	0.99293840051964
6.55	14.45	0.985517747997459	0.799487358483507	0.00105794535753223	6.71653557386599	0.994207099198983
6.65	14.45	0.988173305389133	0.799552195265185	0.000937330639828583	6.63700021887648	0.995269322155653
6.75	14.45	0.990388744253699	0.799606932649285	0.000829932254824318	6.55738162061937	0.99615549770148
6.85	14.45	0.99222944696297	0.799653018482009	0.000734509757450962	6.4776936515377	0.996891778785188
6.95	14.45	0.99375184113056	0.799691718671573	0.000649879264814517	6.39794811768907	0.997500736452224
7.05	14.45	0.99500472836484	0.799724135854188	0.000574933393022041	6.31815503696455	0.998001891345936
7.15	14.45	0.996030327732899	0.799751227078504	0.000508650727788535	6.23832287876855	0.99841213109316
7.25	14.45	0.996865118355377	0.799773820247219	0.000450098503349219	6.15845877269556	0.998746047342151
7.35	14.45	0.99754053973949	0.799792629207171	0.000398431027085315	6.07856869156462	0.999016215895796
7.45	14.45	0.998083589883767	0.79980826746737	0.000352885575420973	5.99865761267208	0.999233435953507
7.55	14.45	0.998517348028051	0.799821260576278	0.000312776914368997	5.91872966010559	0.999406939211221
7.65	14.45	0.998861439736037	0.799832057221154	0.000277491199800722	5.83878823028385	0.999544575894415
7.75	14.45	0.999132455696401	0.799841039131029	0.000246479737412469	5.75883610244245	0.99965298227856
7.85	14.45	0.999344331406389	0.799848529874774	0.000219252895665887	5.67887553550192	0.999737732562556
7.95	14.45	0.999508692167159	0.799854802649554	0.000195374339532712	5.59890835257401	0.999803476866864
8.05	14.45	0.999635166138752	0.79986008715466	0.000174455670907642	5.51893601424874	0.999854066455501
8.15	14.45	0.999731667253919	0.799864575641604	0.000156151508452054	5.43895968173002	0.999892666901568
8.25	14.45	0.999804649336656	0.799868428226523	0.000140155008009622	5.35898027083389	0.999921859734662
8.35	14.45	0.999859332637016	0.79987177754388	0.000126193805285145	5.27899849781754	0.999943733054806
8.45	14.45	0.999899904048978	0.799874732813354	0.000114026353347588	5.19901491796213	0.999959961619591
8.55	14.45	0.999929692428904	0.799877383385374	0.00010343862282071	5.11902995778389	0.999971876971562
8.65	14.45	0.999951320612875	0.799879801823397	9.42411323929179e-05	5.03904394169411	0.99998052824515
8.75	14.45	0.999966835898244	0.799882046575491	8.62662785236766e-05	4.95905711386937	0.999986734359298
8.85	14.45	0.99997782088187	0.799884164282262	7.93659352017611e-05	4.87906965602978	0.999991128352748
8.95	14.45	0.999985486621489	0.799886191762803	7.34092979269862e-05	4.79908170175629	0.999994194648596
9.05	14.45	0.999990750103996	0.799888157716915	6.82809480094835e-05	4.71909334791121	0.999996300041598
9.15	14.45	0.999994297968226	0.799890084177271	6.38791165099243e-05	4.63910466365839	0.99999771918729
9.25	14.45	0.999996638347509	0.799891987742148	6.01141287437779e-05	4.55911569751599	0.999998655339004
9.35	14.45	0.999998142578416	0.799893880616505	5.6907012620248e-05	4.4791264828129	0.999999257031366
9.45	14.45	0.999999078377205	0.799895771486058	5.41882553415417e-05	4.39913704186447	0.999999631350882
9.55	14.45	0.999999635924469	0.799897666246663	5.18966948409136e-05	4.31914738913126	0.999999854369788
9.65	14.45	0.999999948130528	0.799899568609147	4.99785328452184e-05	4.23915753357968	0.999999979252211
9.75	14.45	1.00000010618668	0.799901480597273	4.83864583456125e-05	4.15916748042312	1.00000004247467
9.85	14.45	1.00000017134659	0.799903402954663	4.70788702127452e-05	4.07917723238785	1.00000006853864
9.95	14.45	1.00000018373205	0.799905335474834	4.6019189481221e-05	3.99918679061884	1.00000007349282
10.05	14.45	1.00000016882122	0.79990727726629	4.51752517797124e-05	3.91919615531622	1.00000006752849
10.15	14.45	1.00000014215634	0.799909226963623	4.45187716661569e-05	3.8392053261729	1.00000005686254
10.25	14.45	1.00000011270294	0.799911182893726	4.40248710841746e-05	3.7592143026675	1.00000004508117
10.35	14.45	1.00000008520272	0.799913143205018	4.36716648005561e-05	3.67922308425384	1.00000003408109
10.45	14.45	1.00000006178746	0.799915105966501	4.34398964347665e-05	3.59923167047744	1.00000002471499
10.55	14.45	1.00000004305923	0.799917069242354	4.33126191597869e-05	3.51924006104191	1.00000001722369
10.65	14.45	1.00000002879247	0.799919031146839	4.32749158717442e-05	3.43924825584141	1.00000001151699
10.75	14.45	1.00000001837368	0.799920989883515	4.33136540087378e-05	3.35925625497114	1.00000000734947
10.85	14.45	1.00000001106337	0.799922943772138	4.3417270798749e-05	3.27926405872383	1.00000000442535
10.95	14.45	1.00000000614096	0.799924891265835	4.35755852389916e-05	3.19927166757805	1.00000000245639
11.05	14.45	1.00000000297538	0.799926830960931	4.37796332993201e-05	3.11927908218203	1.00000000119015
11.15	14.45	1.00000000105062	0.799928761601025	4.40215236066805e-05	3.03928630333547	1.00000000042025
11.25	14.45	0.999999999965905	0.79993068207695	4.4294310788824e-05	2.95929333197092	0.999999999986362
11.35	14.45	0.999999999423009	0.799932591423574	4.45918844661651e-05	2.87930016913558	0.999999999769204
11.45	14.45	0.999999999208737	0.799934488814478	4.49088716198031e-05	2.7993068159741	0.999999999683495
11.55	14.45	0.999999999177103	0.799936373555133	4.52405508660243e-05	2.71931327371263	0.999999999670841
11.65	14.45	0.999999999233725	0.79993824507511	4.5582776941556e-05	2.6393195436441	0.99999999969349
11.75	14.45	0.999999999323478	0.799940102919813	4.5931914202845e-05	2.55932562711478	0.999999999729391
11.85	14.45	0.999999999421497	0.79994194674192	4.62847779477548e-05	2.47933152551207	0.999999999768599
11.95	14.45	0.99999999952684	0.799943776292844	4.66385825781463e-05	2.39933724025331	0.999999999810736
12.05	14.45	0.999999999657519	0.799945591414324	4.69908958009526e-05	2.31934277277569	0.999999999863008
12.15	14.45	0.999999999844928	0.799947392030299	4.73395980385603e-05	2.23934812452707	0.999999999937971
12.25	14.45	1.00000000012526	0.799949178139106	4.76828464429212e-05	2.15935329695785	1.0000000000501
12.35	14.45	1.00000000052526	0.799950949806245	4.80190429343209e-05	2.07935829151394	1.0000000002101
12.45	14.45	1.00000000104024	0.799952707157619	4.83468057521088e-05	1.99936310963093	1.0000000004161
12.55	14.45	1.00000000160398	0.799954450373647	4.86649440517345e-05	1.91936775272987	1.00000000064159
12.65	14.45	1.00000000205368	0.799956179684203	4.89724352144578e-05	1.83937222221453	1.00000000082147
12.75	14.45	1.0000000020989	0.799957895364708	4.92684044882248e-05	1.7593765194704	1.00000000083956
12.85	14.45	1.00000000131137	0.79995959773337	4.95521067885475e-05	1.6793806458648	1.00000000052455
12.95	14.45	0.999999999161751	0.799961287149423	4.98229104956817e-05	1.59938460274699	0.9999999996647
13.05	14.45	0.999999995136845	0.799962964011934	5.00802831877954e-05	1.51938839144633	0.999999998054738
13.15	14.45	0.99999998897245	0.799964628757941	5.03237794969272e-05	1.43939201326516	0.99999999558898
13.25	14.45	0.999999981024875	0.799966281858319	5.05530311505814e-05	1.35939546946233	0.99999999240995
13.35	14.45	0.999999972769755	0.799967923808658	5.0767739461667e-05	1.27939876122323	0.999999989107902
13.45	14.45	0.999999967350827	0.7999695551124	5.09676702772435e-05	1.1994018896132	0.999999986940331
13.55	14.45	0.999999969998661	0.79997117625362	5.11526510459036e-05	1.11940485551575	0.999999987999465
13.65	14.45	0.999999988004954	0.799972787658874	5.13225690081312e-05	1.03940765956467	0.999999995201982
13.75	14.45	1.00000002979571	0.799974389651626	5.14773684867973e-05	0.959410302091556	1.00000001191829
13.85	14.45	1.00000010254897	0.799975982409838	5.16170440043791e-05	0.879412783126267	1.00000004101959
13.95	14.45	1.00000020783836	0.79997756594715	5.17416247623046e-05	0.799415102505422	1.00000008313534
14.05	14.45	1.00000033507884	0.799979140149887	5.1851145338926e-05	0.719417260155472	1.00000013403153
14.15	14.45	1.0000004532532	0.799980704912153	5.19455982190868e-05	0.639419256613203	1.00000018130128
14.25	14.45	1.00000050263764	0.799982260414373	5.20248670584971e-05	0.559421093811314	1.00000020105506
14.35	14.45	1.00000039005946	0.799983807576957	5.20886465568561e-05	0.479422776072777	1.00000015602378
14.45	14.45	0.999999993441144	0.799985348679516	5.21363664673892e-05	0.399424311109189	0.999999997376458
14.55	14.45	0.999999183490064	0.799986888054919	5.21671534066744e-05	0.319425710600504	0.999999673396025
14.65	14.45	0.999997871357044	0.799988432639615	5.21798828196359e-05	0.239426989666469	0.999999148542818
14.75	14.45	0.99999608928927	0.799989992329031	5.21733895269977e-05	0.159428164286193	0.999998435715708
14.85	14.45	0.999994104590501	0.799992389916764	5.21469077074586e-05	0.0794292455365157	0.9999976418362
14.95	14.45	0.999992553251799	0.399990887574477	5.21123492747529e-05	-0.000569932806234089	0.99999702130072
0.05	14.55	-4.48830849378082e-06	0.399997795898856	-0.000147715453818168	10.459225825236	0.599998204676602
0.15	14.55	-5.04530454035024e-06	0.79999365627149	-0.000148960229124447	10.4112262333578	0.599997981878184
0.25	14.55	-5.41580517560833e-06	0.799989479106057	-0.00015147954467968	10.3632269093942	0.59999783367793
0.35	14.55	-4.88289841615028e-06	0.799985189705825	-0.000155326196638365	10.3152278424951	0.599998046840633
0.45	14.55	-2.7073347912678e-06	0.799980746081866	-0.000160583518874128	10.2672289991614	0.599998917066083
0.55	14.55	1.82845204029856e-06	0.799976062445563	-0.000167369158937312	10.2192303262719	0.600000731380816
0.65	14.55	9.31727402154291e-06	0.799971026518511	-0.000175838376334285	10.1712317547011	0.600003726909609
0.75	14.55	2.01139246763949e-05	0.799965505588233	-0.000186182863497997	10.1232332068656	0.600008045569871
0.85	14.55	3.42820234871627e-05	0.79995896200647	-0.000198624474710097	10.0752346068639	0.600013712809395
0.95	14.55	4.85969794171349e-05	0.79995146768804	-0.000213505420030205	10.0272359375662	0.600019438791767
1.05	14.55	5.82909738666809e-05	0.799942835941458	-0.000231292631394246	9.97923732081103	0.600023316389547
1.15	14.55	5.74492606538852e-05	0.799932816005073	-0.000252495189042394	9.93123906699446	0.600022979704262
1.25	14.55	3.96690979939984e-05	0.799921139119202	-0.000277674570859392	9.88324170655278	0.600015867639198
1.35	14.55	-7.49201417147417e-07	0.799907517527553	-0.000307441191532315	9.83524599184378	0.599999700319433
1.45	14.55	-6.70557635603955e-05	0.799891615438829	-0.000342433126007968	9.78725285251781	0.599973177694576
1.55	14.55	-0.000157910917543625	0.799873002600252	-0.000383284198014762	9.73926328911294	0.599936835632983
1.65	14.55	-0.000265169649602626	0.799851094323243	-0.000430588649141267	9.69127819704397	0.599893932140159
1.75	14.55	-0.00037205846938939	0.799825079559322	-0.00048487143445184	9.64329812564616	0.599851176612244
1.85	14.55	-0.000452350161527099	0.7997938273532	-0.000546579974274426	9.59532299419518	0.599819059935389
1.95	14.55	-0.000471306061326252	0.799755734312201	-0.000616147248046976	9.5473518094854	0.599811477575469
2.05	14.55	-0.000389418518840324	0.79970854576652	-0.000694333037691564	9.49938246063754	0.599844232592464
2.15	14.55	-0.000169737987140565	0.799650644461596	-0.000783580467456997	9.45141169789022	0.599932104805144
2.25	14.55	0.000219097053554217	0.799586157796431	-0.000886292662099018	9.40343524199049	0.600087638821422
2.35	14.55	0.000844247332910957	0.799509763522246	-0.00100293036913101	9.35544734420775	0.600337698933164
2.45	14.55	0.00178487561341948	0.799419243299313	-0.00113377614771745	9.30744007186958	0.600713950245368
2.55	14.55	0.00313324889934561	0.79931255057335	-0.00127949353584606	9.25940288612933	0.601253299559738
2.65	14.55	0.00499607086966744	0.79918760434048	-0.00144073584290642	9.2113222104277	0.601998428347867
2.75	14.55	0.00749648969738778	0.799042275363677	-0.00161795024244113	9.16318095002631	0.602998595878955
2.85	14.55	0.0107768131621454	0.79887446569963	-0.00181117846710766	9.11495793667013	0.604310725264858
2.95	14.55	0.0150022725651531	0.798682238532633	-0.00201979192370224	9.06662726874515	0.606000909026061
3.05	14.55	0.0203662733886998	0.798463994296329	-0.00224213912276241	9.01815750443744	0.60814650935548
3.15	14.55	0.0270975892681711	0.798218688171337	-0.00247508116063273	8.96951065084273	0.610839035707268
3.25	14.55	0.0354698874926111	0.797946074888708	-0.00271339286436693	8.92064087798862	0.614187954997044
3.35	14.55	0.0458137188226031	0.797646947761231	-0.00294902436350372	8.87149287757214	0.618325487529041
3.45	14.55	0.0585304847389469	0.797323307740907	-0.00317025913886929	8.821999790747	0.623412193895579
3.55	14.55	0.0741066486463578	0.796978359652541	-0.00336088347088475	8.772080663409	0.629642659458543
3.65	14.55	0.0931242628708352	0.796616206059063	-0.00349961230695931	8.72163747632169	0.637249705148334
3.75	14.55	0.11626050130561	0.79624114105091	-0.00356019732378366	8.67055197529345	0.646504200522244
3.85	14.55	0.144264533945305	0.795856615171241	-0.00351283079647346	8.61868282824402	0.657705813578122
3.95	14.55	0.177896140012351	0.795464323919449	-0.00332752734220326	8.56586407118234	0.671158456004941
4.05	14.55	0.217810417988496	0.795064410464934	-0.00297988755838427	8.51190630717699	0.687124167195399
4.15	14.55	0.264382686584888	0.794658066252369	-0.00245878078112732	8.45660247744496	0.705753074633955
4.25	14.55	0.317493014762123	0.794253048723973	-0.00177404550393321	8.39973983293671	0.726997205904849
4.35	14.55	0.376329221130553	0.793870229238327	-0.000960939987800339	8.34111852849805	0.750531688452221
4.45	14.55	0.439301837792969	0.793546346778151	-7.80431915869744e-05	8.28057488074641	0.775720735117188
4.55	14.55	0.504158932990541	0.793328013284661	0.000802448167019251	8.21800445795591	0.801663573196216
4.65	14.55	0.568317578460335	0.793257147055427	0.00160932118419171	8.15337844736089	0.827327031384134
4.75	14.55	0.629318067478226	0.793355207455851	0.00228640233318242	8.08674784245208	0.85172722699129
4.85	14.55	0.685234291938017	0.793615572591949	0.00280104815909719	8.0182340018351	0.874093716775207
4.95	14.55	0.734899646611517	0.794007588178566	0.003145213548803	7.94800896602248	0.893959858644607
5.05	14.55	0.777910352715036	0.794488102240966	0.00333066459829547	7.87627182028399	0.911164141086015
5.15	14.55	0.814466981526527	0.795013449714626	0.00338154740348629	7.80322715290069	0.925786792610611
5.25	14.55	0.845153169841741	0.795547297704471	0.00332718845595262	7.72906923070544	0.938061267936696
5.35	14.55	0.870731320769964	0.7960635859351	0.00319671188040188	7.65397273232723	0.948292528307985
5.45	14.55	0.891994022657434	0.79654604665275	0.0030158332691134	7.57808900139215	0.956797609062974
5.55	14.55	0.909675967121638	0.796986157846715	0.00280547176400444	7.50154606256618	0.963870386848655
5.65	14.55	0.924413727518006	0.797380822825437	0.00258158510417215	7.42445073098528	0.969765491007203
5.75	14.55	0.936736575939552	0.797730398945384	0.00235567911464717	7.34689158240081	0.974694630375821
5.85	14.55	0.947074097072543	0.798037247436672	0.00213559551852261	7.26894202460434	0.978829638829017
5.95	14.55	0.955770871412891	0.798304758869639	0.00192633727479085	7.19066308117016	0.982308348565157
6.05	14.55	0.963102556108592	0.79853673993376	0.00173080882143226	7.11210573966053	0.985241022443437
6.15	14.55	0.969290561251269	0.798737048580043	0.0015504245037974	7.03331285128942	0.987716224500508
6.25	14.55	0.974514265557529	0.798909389445108	0.00138558078239214	6.95432063222128	0.989805706223011
6.35	14.55	0.978920646006222	0.799057208297362	0.00123600775199053	6.87515983778063	0.991568258402489
6.45	14.55	0.98263161656183	0.799183645668019	0.00110102231728327	6.79585668033656	0.993052646624732
6.55	14.55	0.985749507634521	0.799291524840958	0.000979705391587687	6.7164335518986	0.994299803053808
6.65	14.55	0.988361114477273	0.799383359149863	0.000871022551509649	6.63690960021972	0.995344445790909
6.75	14.55	0.990540681827157	0.799461369611315	0.000773903784331419	6.55730119562835	0.996216272730863
6.85	14.55	0.992352116507413	0.799527507601188	0.000687294318460059	6.47762231611949	0.996940846602965
6.95	14.55	0.993850648925834	0.799583479470578	0.000610185431067933	6.39788487064931	0.997540259570334
7.05	14.55	0.995084105509408	0.799630771295632	0.000541631671772012	6.31809897488878	0.998033642203763
7.15	14.55	0.996093908160908	0.799670672727018	0.000480759074445965	6.23827318954988	0.998437563264363
7.25	14.55	0.996915882352792	0.799704299369806	0.000426767551074706	6.15841472844843	0.998766352941117
7.35	14.55	0.997580930282722	0.799732613408963	0.000378929663588851	6.07852964140401	0.999032372113089
7.45	14.55	0.998115607445935	0.799756442371792	0.000336587260132683	5.99862297565811	0.999246242978374
7.55	14.55	0.998542628215722	0.799776496028848	0.000299146962598899	5.91869891853143	0.999417051286289
7.65	14.55	0.998881317141966	0.799793381502669	0.000266075145895781	5.83876092340278	0.999552526856786
7.75	14.55	0.999148016608984	0.799807616693558	0.000236892811907954	5.75881182067692	0.999659206643594
7.85	14.55	0.999356457448281	0.799819642153368	0.000211170600531255	5.67885391514299	0.999742582979312
7.95	14.55	0.999518096500996	0.799829831546329	0.000188524073323074	5.59888907095906	0.999807238600398
8.05	14.55	0.999642423544647	0.799838500836718	0.000168609336145518	5.51891878539302	0.999856969417859
8.15	14.55	0.999737239126874	0.799845916337617	0.000151119023825194	5.43894425238186	0.999894895650749
8.25	14.55	0.999808904453566	0.799852301746051	0.000135778643509885	5.35896641692074	0.999923561781426
8.35	14.55	0.999862564388336	0.799857844280077	0.000122343258710969	5.27898602124983	0.999945025755335
8.45	14.55	0.999902344708759	0.799862700021538	0.000110594489330111	5.19900364376327	0.999960937883503
8.55	14.55	0.999931524940642	0.799866998558421	0.000100337799838399	5.11901973151648	0.999972609976257
8.65	14.55	0.999952688291373	0.799870847009396	9.14000489172855e-05	5.03903462715473	0.999981075316549
8.75	14.55	0.999967850384856	0.799874333504869	8.36272746530839e-05	4.95904859102641	0.999987140153943
8.85	14.55	0.999978568638781	0.799877530189591	7.68826927263292e-05	4.87906181918097	0.999991427455513
8.95	14.55	0.999986034207468	0.799880495805203	7.10448867709966e-05	4.79907445788486	0.999994413682987
9.05	14.55	0.999991148437589	0.799883277904004	6.60061732741015e-05	4.71908661522096	0.999996459375035
9.15	14.55	0.999994585753256	0.799885914740013	6.16711247445905e-05	4.63909837027025	0.999997834301303
9.25	14.55	0.999996844809025	0.799888436877992	5.79552374487528e-05	4.55910978030964	0.99999873792361
9.35	14.55	0.999998289634187	0.799890868556869	5.47837309464025e-05	4.47912088639892	0.999999315853675
9.45	14.55	0.999999182349959	0.799893228840017	5.20904682152346e-05	4.3991317176733	0.999999672939984
9.55	14.55	0.999999708882844	0.799895532581005	4.9816985913918e-05	4.3191422946069	0.999999883553137
9.65	14.55	0.999999998931883	0.799897791230867	4.79116253997987e-05	4.23915263146681	0.999999999572753
9.75	14.55	1.0000001412822	0.799900013509012	4.63287555795235e-05	4.15916273813748	1.00000005651288
9.85	14.55	1.00000019539824	0.799902205958229	4.50280793290827e-05	4.07917262146073	1.0000000781593
9.95	14.55	1.00000020008173	0.799904373401242	4.39740158496176e-05	3.99918228620728	1.00000008003269
10.05	14.55	1.00000017984475	0.799906519313876	4.31351516454922e-05	3.91919173577143	1.0000000719379
10.15	14.55	1.00000014952834	0.799908646128672	4.24837535808855e-05	3.8392009726602	1.00000005981134
10.25	14.55	1.00000011759345	0.799910755480019	4.19953374879439e-05	3.75920999883168	1.00000004703738
10.35	14.55	1.00000008842188	0.799912848400951	4.16482868456426e-05	3.67921881592458	1.00000003536875
10.45	14.55	1.000000063891	0.799914925479964	4.14235159351289e-05	3.59922742541001	1.0000000255564
10.55	14.55	1.00000004442475	0.799916986985039	4.13041727435068e-05	3.51923582868883	1.0000000177699
10.65	14.55	1.00000002967404	0.799919032960837	4.1275377060903e-05	3.43924402715143	1.00000001186962
10.75	14.55	1.00000001894058	0.799921063304222	4.13239898104893e-05	3.3592520222121	1.00000000757623
10.85	14.55	1.00000001142724	0.799923077822257	4.14384099277858e-05	3.27925981532656	1.0000000045709
10.95	14.55	1.00000000637472	0.799925076276134	4.16083954810099e-05	3.19926740799869	1.00000000254989
11.05	14.55	1.00000000312616	0.799927058413926	4.18249062331487e-05	3.11927480178057	1.00000000125047
11.15	14.55	1.00000000114864	0.799929023994568	4.20799649024907e-05	3.03928199826852	1.00000000045946
11.25	14.55	1.00000000003033	0.799930972804795	4.23665350232859e-05	2.95928899909695	1.00000000001213
11.35	14.55	0.999999999465919	0.7999329046708	4.26784131022529e-05	2.87929580593121	0.999999999786368
11.45	14.55	0.999999999237685	0.799934819465607	4.30101336437987e-05	2.79930242046	0.999999999695074
11.55	14.55	0.999999999196795	0.7999367171134	4.33568851183194e-05	2.71930884438802	0.999999999678718
11.65	14.55	0.999999999247103	0.799938597591346	4.37144358221523e-05	2.63931507942868	0.999999999698841
11.75	14.55	0.999999999332428	0.799940460929708	4.40790682057407e-05	2.55932112729739	0.999999999732971
11.85	14.55	0.999999999427325	0.799942307210594	4.44475207413518e-05	2.47932698970514	0.99999999977093
11.95	14.55	0.999999999530603	0.799944136565829	4.48169364581439e-05	2.39933266835256	0.999999999812241
12.05	14.55	0.999999999660261	0.799945949174131	4.51848171297568e-05	2.31933816492435	0.999999999864104
12.15	14.55	0.999999999847838	0.799947745257889	4.55489827472383e-05	2.23934348108427	0.999999999939135
12.25	14.55	1.00000000012972	0.799949525079716	4.59075353481319e-05	2.15934861847055	1.00000000005189
12.35	14.55	1.00000000053275	0.799951288938928	4.62588268702099e-05	2.07935357869209	1.0000000002131
12.45	14.55	1.00000000105202	0.799953037168231	4.66014304290509e-05	1.99935836332557	1.00000000042081
12.55	14.55	1.00000000162052	0.799954770130727	4.69341146232843e-05	1.91936297391368	1.00000000064821
12.65	14.55	1.00000000207373	0.799956488217523	4.72558205517357e-05	1.83936741196478	1.00000000082949
12.75	14.55	1.00000000211837	0.799958191846134	4.75656411489364e-05	1.75937167895389	1.00000000084735
12.85	14.55	1.00000000132223	0.799959881459816	4.78628026777629e-05	1.67937577632465	1.00000000052889
12.95	14.55	0.999999999151264	0.799961557527652	4.81466482188547e-05	1.59937970549111	0.999999999660506
13.05	14.55	0.999999995088058	0.799963220545014	4.84166231478802e-05	1.51938346783728	0.999999998035223
13.15	14.55	0.999999988866806	0.799964871033174	4.86722626600597e-05	1.43938706471128	0.999999995546722
13.25	14.55	0.999999980848091	0.799966509536448	4.89131815227402e-05	1.3593904974099	0.999999992339236
13.35	14.55	0.999999972521866	0.799968136614175	4.9139066240292e-05	1.27939376714933	0.999999989008746
13.45	14.55	0.999999967060511	0.799969752824768	4.93496696344188e-05	1.19939687501917	0.999999986824204
13.55	14.55	0.999999969740348	0.79997135869921	4.95448075301533e-05	1.11939982192091	0.999999987896139
13.65	14.55	0.999999987914573	0.799972954703456	4.9724356551878e-05	1.03940260850031	0.999999995165829
13.75	14.55	1.00000003007732	0.799974541193285	4.9888251079115e-05	0.959405235095104	1.00000001203093
13.85	14.55	1.00000010346036	0.799976118372272	5.00364762041963e-05	0.879407701736293	1.00000004138414
13.95	14.55	1.00000020964044	0.799977686273569	5.01690523849163e-05	0.799410008258103	1.00000008385618
14.05	14.55	1.00000033793286	0.799979244797853	5.02860068098537e-05	0.719412154584001	1.00000013517314
14.15	14.55	1.00000045705523	0.799980793850188	5.03873273503944e-05	0.639414141251894	1.00000018282209
14.25	14.55	1.00000050679462	0.799982333621302	5.04728980192649e-05	0.559415970206277	1.00000020271785
14.35	14.55	1.00000039323933	0.799983865045245	5.05424216919104e-05	0.479417645800482	1.00000015729573
14.45	14.55	0.999999993372832	0.799985390423601	5.0595346999303e-05	0.399419175802474	0.999999997349133
14.55	14.55	0.999999176945028	0.799986914124766	5.06308318351764e-05	0.319420571978266	0.999999670778011
14.65	14.55	0.999997854502578	0.799988443137951	5.06477937866103e-05	0.239421849558146	0.999999141801031
14.75	14.55	0.999996058643352	0.799989987426878	5.06451131059872e-05	0.159423024635395	0.999998423457341
14.85	14.55	0.999994058793721	0.799992375514914	5.06220556805797e-05	0.0794241083612929	0.999997623517489
14.95	14.55	0.999992495755337	0.399990836655963	5.05900395405093e-05	-0.000575066653896428	0.999996998302135
0.05	14.65	-4.48347871778063e-06	0.399997180361672	-0.000142877346885863	10.4592345617694	0.599998206608513
0.15	14.65	-5.04028266313379e-06	0.799991797872673	-0.000144078121331383	10.411235043601	0.599997983886935
0.25	14.65	-5.41164699710248e-06	0.799986342218035	-0.000146500788322253	10.3632358686135	0.599997835341201
0.35	14.65	-4.88257270151311e-06	0.799980713069606	-0.000150189622967737	10.3152370288976	0.599998046970919
0.45	14.65	-2.71637870384353e-06	0.799974840753177	-0.000155213167359267	10.2672384955548	0.599998913448518
0.55	14.65	1.80187113779025e-06	0.799968608800094	-0.000161665986052159	10.219240221892	0.600000720748455
0.65	14.65	9.2640440791458e-06	0.799961870074968	-0.000169672008277876	10.1712421472349	0.600003705617632
0.75	14.65	2.00272217498434e-05	0.799954449361234	-0.000179392507227761	10.1232442046731	0.6000080108887
0.85	14.65	3.4141132223696e-05	0.79994574651297	-0.000191043118230439	10.0752463317124	0.600013656452889
0.95	14.65	4.82696966593216e-05	0.799935798777183	-0.000204909964910655	10.0272485302867	0.600019307878664
1.05	14.65	5.76904434714308e-05	0.799924322309142	-0.000221346678905656	9.97925094693531	0.600023076177389
1.15	14.65	5.65651912627016e-05	0.799910973535646	-0.000240764916785034	9.93125391986872	0.600022626076505
1.25	14.65	3.86002799196831e-05	0.799895377246986	-0.000263628212648742	9.88325801044937	0.600015440111968
1.35	14.65	-1.73193919122755e-06	0.799877119521974	-0.000290440306208439	9.83526400462143	0.599999307224323
1.45	14.65	-6.74249521293702e-05	0.799855717659822	-0.000321725774961522	9.7872728670605	0.599973030019148
1.55	14.65	-0.000156788621774652	0.799830574036896	-0.000358004438099919	9.73928563305714	0.59993728455129
1.65	14.65	-0.000261239838053107	0.79980091785062	-0.000399764374867493	9.69130323066849	0.599895504064779
1.75	14.65	-0.000363507188135892	0.799765737222141	-0.000447441919661181	9.64332623825937	0.599854597124746
1.85	14.65	-0.000436881414916817	0.799723691838751	-0.000501421239624839	9.59535460001432	0.599825247434033
1.95	14.65	-0.000446416649195355	0.7996729426592	-0.000562085583715908	9.54738734616676	0.599821433340322
2.05	14.65	-0.000353758197719428	0.799610721712158	-0.000630081489993314	9.49942240606474	0.599858496720912
2.15	14.65	-0.000129007802832635	0.799538462942609	-0.000707501969108891	9.45145668926314	0.599948396878867
2.25	14.65	0.000272906672904614	0.799454248731518	-0.000796043864193455	9.40348604245146	0.600109162669162
2.35	14.65	0.000917364896303437	0.7993544735803	-0.000895943654366422	9.35550472551709	0.600366945958521
2.45	14.65	0.00188385236468916	0.799236447768882	-0.00100763559904822	9.30750484186671	0.600753540945876
2.55	14.65	0.00326563413148416	0.79909751960884	-0.00113162381549528	9.25947590054067	0.601306253652594
2.65	14.65	0.00517093286637918	0.79893489773267	-0.00126837129019155	9.21140437494664	0.602068373146552
2.75	14.65	0.00772489397658042	0.798745667235593	-0.00141816800350562	9.16327321396909	0.603089957590632
2.85	14.65	0.0110723658736546	0.798526885322133	-0.00158096679246906	9.11506127709532	0.604428946349462
2.95	14.65	0.0153817936869358	0.798275730386334	-0.00175616459939452	9.06674266145876	0.606152717474774
3.05	14.65	0.0208506405234813	0.79798970817022	-0.00194230926003705	9.01828587672769	0.608340256209392
3.15	14.65	0.027712782360594	0.797666919788552	-0.00213671053285558	8.96965280905171	0.611085112944238
3.25	14.65	0.0362482480467952	0.797306386127026	-0.00233493670854758	8.92079740108212	0.614499299218718
3.35	14.65	0.0467953960274973	0.796908402720487	-0.00253019254929078	8.87166396626474	0.618718158410999
3.45	14.65	0.0597649533116039	0.796474866341658	-0.0027126093718739	8.82218506154448	0.623905981324642
3.55	14.65	0.0756540197984202	0.79600947205678	-0.00286854576948253	8.77227887999389	0.630261607919368
3.65	14.65	0.0950558384865783	0.795517645472145	-0.00298010928829697	8.72184621994916	0.638022335394631
3.75	14.65	0.118657628923326	0.795006095432959	-0.00302526408215351	8.67076727516671	0.64746305156933
3.85	14.65	0.147214364134152	0.794482026666908	-0.00297904802750207	8.61889880582753	0.658885745653661
3.95	14.65	0.181482587192109	0.793952414528432	-0.00281647386841465	8.56607269906614	0.672593034876844
4.05	14.65	0.222098954592645	0.793424253571304	-0.00251743669988533	8.51209743344923	0.688839581837058
4.15	14.65	0.269399242466501	0.792906934394869	-0.00207319325938219	8.45676429330674	0.7077596969866
4.25	14.65	0.323200650270189	0.792417076921905	-0.00149275203198881	8.39985991959855	0.729280260108075
4.35	14.65	0.382610594855105	0.791983760729832	-0.000806395499121898	8.34118546741329	0.753044237942042
4.45	14.65	0.445957899678611	0.791649423895406	-6.36219771341256e-05	8.28058015861582	0.778383159871445
4.55	14.65	0.510930854172045	0.791462103173406	0.000675218954546229	8.21794415195687	0.804372341668818
4.65	14.65	0.574928862347575	0.791460173333136	0.00135116731670877	8.15325411415317	0.82997154493903
4.75	14.65	0.635522705559187	0.791657526031101	0.00191817958162416	8.08656626801689	0.854209082223675
4.85	14.65	0.690853360852574	0.792038064733985	0.002349876722887	8.01800590505948	0.87634134434103
4.95	14.65	0.739835770573851	0.792561906760251	0.00264015055150665	7.94774712821961	0.89593430822954
5.05	14.65	0.782140945234344	0.793178247368133	0.00279904850399843	7.87598922504266	0.912856378093738
5.15	14.65	0.818024918204927	0.793837737271918	0.00284661064152167	7.80293556454779	0.927209967281971
5.25	14.65	0.848104546123552	0.794500145893859	0.00280698436351536	7.72877837333109	0.939241818449421
5.35	14.65	0.873156643686181	0.795136929284375	0.00270406475448798	7.6536900129835	0.949262657474472
5.45	14.65	0.893975204953647	0.795730393865381	0.00255891844877403	7.57781961523739	0.957590081981459
5.55	14.65	0.911288827772389	0.796271367112407	0.00238868164598399	7.50129330720173	0.964515531108956
5.65	14.65	0.925724589939081	0.796756660970063	0.00220644310898723	7.42421639598406	0.970289835975632
5.75	14.65	0.937801450919014	0.797186932465998	0.00202166724786804	7.34667633010259	0.975120580367606
5.85	14.65	0.947939264265445	0.79756510099935	0.00184083802326668	7.26874572003156	0.979175705706178
5.95	14.65	0.956474076314435	0.797895270301575	0.00166813036307237	7.19048505689479	0.982589630525774
6.05	14.65	0.963674368790724	0.798182036773167	0.00150601103412485	7.11194499719684	0.985469747516289
6.15	14.65	0.969755666726816	0.798430067731737	0.0013557318993804	7.03316820779674	0.987902266690726
6.25	14.65	0.974892589819036	0.798643857801362	0.00121771242787317	6.95419082342562	0.989957035927615
6.35	14.65	0.979228294169208	0.79882759845179	0.00109182427800195	6.87504358753839	0.991691317667683
6.45	14.65	0.982881634065724	0.798985117378276	0.000977596189022196	6.79575274569158	0.99315265362629
6.55	14.65	0.985952488872035	0.799119859906626	0.000874357376412569	6.71634075065525	0.994380995548814
6.65	14.65	0.988525685927577	0.799234894956161	0.000781335217578966	6.63682682636128	0.995410274371031
6.75	14.65	0.9906738846684	0.799332934734775	0.000697719917949413	6.55722742649911	0.99626955386736
6.85	14.65	0.992459709883771	0.799416361511071	0.00062270587683013	6.47755661418219	0.996983883953509
6.95	14.65	0.993937351033287	0.799487257398031	0.000555516953020325	6.39782638179498	0.997574940413315
7.05	14.65	0.995153786066807	0.799547434690294	0.000495420832496467	6.31804692466336	0.998061514426723
7.15	14.65	0.996149742840926	0.799598465298403	0.000441736183028654	6.23822687822199	0.99845989713637
7.25	14.65	0.996960477357477	0.799641708452998	0.000393835161338183	6.15837352553115	0.998784190942991
7.35	14.65	0.997616423381986	0.799678336250168	0.000351143029934124	6.07849298002679	0.999046569352794
7.45	14.65	0.998143750357718	0.799709356863077	0.000313136066323724	5.99859034703606	0.999257500143087
7.55	14.65	0.998564854103193	0.799735635404155	0.000279338545549483	5.91866986667835	0.999425941641277
7.65	14.65	0.99889879615982	0.799757912520813	0.000249319298438912	5.83873504016768	0.999559518463928
7.75	14.65	0.99916170178673	0.799776820865324	0.000222688158949303	5.75878874114006	0.999664680714692
7.85	14.65	0.999367122706063	0.799792899609648	0.000199092486553403	5.67883331338035	0.999746849082425
7.95	14.65	0.999526368216652	0.799806607187791	0.00017821386633343	5.59887065616729	0.999810547286661
8.05	14.65	0.999648806801497	0.799818332447794	0.000159765035703188	5.51890229835792	0.999859522720599
8.15	14.65	0.999742139549276	0.799828404388496	0.000143487053800723	5.43892946226835	0.99989685581971
8.25	14.65	0.999812646365164	0.799837100642978	0.000129146710296847	5.35895311836073	0.999925058546065
8.35	14.65	0.999865405894197	0.799844654857286	0.000116534160006562	5.27897403170418	0.999946162357679
8.45	14.65	0.999904490197672	0.799851263097531	0.000105460765296995	5.19899280113501	0.999961796079069
8.55	14.65	0.999933135420819	0.799857089403978	9.57571270365211e-05	5.11900989199384	0.999973254168327
8.65	14.65	0.999953889906225	0.799862270597338	8.72712856876392e-05	5.03902566326412	0.99998155596249
8.75	14.65	0.999968741401498	0.799866920429677	7.98670761114149e-05	4.95904038987701	0.999987496560599
8.85	14.65	0.99997922515737	0.79987113316155	7.34226214054135e-05	4.87905428088419	0.999991690062948
8.95	14.65	0.999986514802346	0.79987498663722	6.78289537528384e-05	4.79906749413315	0.999994605920938
9.05	14.65	0.999991497909753	0.799878544921125	6.29887514048053e-05	4.71908014801184	0.999996599163901
9.15	14.65	0.999994838146841	0.799881860551619	5.88151830640272e-05	4.63909233076244	0.999997935258736
9.25	14.65	0.99999702582139	0.799884976461194	5.52308516180085e-05	4.55910410779916	0.999998810328556
9.35	14.65	0.999998418529224	0.799887927607069	5.21668304720013e-05	4.47911552740399	0.999999367411689
9.45	14.65	0.999999273466906	0.799890742350667	4.95617859856487e-05	4.39912662511777	0.999999709386762
9.55	14.65	0.999999772817926	0.799893443620176	4.7361180302901e-05	4.3191374270925	0.99999990912717
9.65	14.65	1.00000004345713	0.799896049886612	4.55165489730229e-05	4.23914795262559	1.00000001738285
9.75	14.65	1.00000017205465	0.799898575979786	4.39848478661366e-05	4.15915821605615	1.00000006882186
9.85	14.65	1.00000021650321	0.799901033767664	4.27278646132229e-05	4.07916822816961	1.00000008660129
9.95	14.65	1.00000021444579	0.799903432719671	4.17116891404706e-05	3.99917799722691	1.00000008577832
10.05	14.65	1.00000018954705	0.799905780371661	4.09062388063494e-05	3.91918752971078	1.00000007581882
10.15	14.65	1.00000015603352	0.79990808270821	4.02848332935062e-05	3.83919683086068	1.00000006241341
10.25	14.65	1.00000012192432	0.799910344475446	3.98238149860991e-05	3.75920590505204	1.00000004876973
10.35	14.65	1.00000009128638	0.799912569436011	3.95022103943834e-05	3.67921475606194	1.00000003651455
10.45	14.65	1.00000006577471	0.799914760575885	3.93014288508682e-05	3.59922338725306	1.00000002630988
10.55	14.65	1.00000004565768	0.799916920271499	3.92049946468953e-05	3.51923180169937	1.00000001826307
10.65	14.65	1.0000000304784	0.799919050424044	3.9198309153077e-05	3.43924000227109	1.00000001219136
10.75	14.65	1.00000001946462	0.799921152567022	3.92684397913522e-05	3.3592479916912	1.00000000778585
10.85	14.65	1.00000001176898	0.799923227951824	3.94039329051321e-05	3.27925577257265	1.00000000470759
10.95	14.65	1.00000000659839	0.79992527761564	3.95946479141452e-05	3.19926334744237	1.00000000263935
11.05	14.65	1.00000000327352	0.799927302434867	3.98316102949739e-05	3.11927071875665	1.00000000130941
11.15	14.65	1.00000000124663	0.799929303167044	4.01068813325216e-05	3.03927788891061	1.00000000049865
11.25	14.65	1.00000000009624	0.799931280483419	4.04134426131194e-05	2.95928486024409	1.0000000000385
11.35	14.65	0.999999999510779	0.799933234994096	4.07450936439445e-05	2.87929163504497	0.999999999804312
11.45	14.65	0.999999999268521	0.799935167267359	4.10963609816814e-05	2.799298215551	0.999999999707408
11.55	14.65	0.999999999218083	0.7999370778442	4.14624176011392e-05	2.71930460395061	0.999999999687233
11.65	14.65	0.999999999261721	0.799938967249235	4.18390112463914e-05	2.63931080238304	0.999999999704688
11.75	14.65	0.999999999342282	0.799940835998725	4.22224007707001e-05	2.55931681293808	0.999999999736913
11.85	14.65	0.99999999943377	0.799942684606253	4.26092995153811e-05	2.47932263765538	0.999999999773508
11.95	14.65	0.999999999534755	0.7999445135867	4.29968248506601e-05	2.3993282785237	0.999999999813902
12.05	14.65	0.999999999663212	0.799946323458798	4.33824533540406e-05	2.31933373747982	0.999999999865285
12.15	14.65	0.999999999850803	0.799948114746645	4.37639807125171e-05	2.23933901640761	0.999999999940321
12.25	14.65	1.00000000013409	0.79994988798042	4.41394860415562e-05	2.15934411713702	1.00000000005364
12.35	14.65	1.00000000054	0.799951643696624	4.4507299925002e-05	2.07934904144355	1.000000000216
12.45	14.65	1.0000000010634	0.799953382437983	4.48659758875525e-05	1.99935379104817	1.00000000042536
12.55	14.65	1.00000000163648	0.799955104753392	4.52142647632345e-05	1.91935836761816	1.00000000065459
12.65	14.65	1.00000000209306	0.799956811198135	4.55510916885617e-05	1.83936277276906	1.00000000083722
12.75	14.65	1.00000000213713	0.799958502334585	4.58755354421266e-05	1.75936700806775	1.00000000085485
12.85	14.65	1.00000000133259	0.799960178733591	4.61868098469932e-05	1.67937107503627	1.00000000053304
12.95	14.65	0.999999999140889	0.799961840976451	4.64842471887888e-05	1.59937497515525	0.999999999656356
13.05	14.65	0.999999995040531	0.799963489656994	4.67672835786881e-05	1.51937870986495	0.999999998016212
13.15	14.65	0.999999988764185	0.79996512538268	4.70354463508468e-05	1.43938228056062	0.999999995505674
13.25	14.65	0.999999980676612	0.79996674877302	4.72883436592581e-05	1.35938568857817	0.999999992270645
13.35	14.65	0.999999972281665	0.799968360452682	4.75256564369789e-05	1.27938893516563	0.999999988912666
13.45	14.65	0.999999966779465	0.799969961036466	4.77471327323696e-05	1.19939202143773	0.999999986711786
13.55	14.65	0.999999969490581	0.799971551103532	4.79525841031393e-05	1.11939494831478	0.999999987796233
13.65	14.65	0.999999987827598	0.799973131160375	4.81418831223143e-05	1.03939771645519	0.999999995131039
13.75	14.65	1.00000003035032	0.79997470159612	4.83149600808232e-05	0.959400326203585	1.00000001214013
13.85	14.65	1.00000010434217	0.799976262640934	4.84717958509146e-05	0.879402777592774	1.00000004173687
13.95	14.65	1.0000002113825	0.79997781434837	4.86124067409608e-05	0.799405070455238	1.000000084553
14.05	14.65	1.00000034068996	0.799979356634313	4.87368166275444e-05	0.719407204712001	1.00000013627599
14.15	14.65	1.00000046072597	0.799980889415533	4.8845012309311e-05	0.639409180902369	1.00000018429039
14.25	14.65	1.00000051080583	0.799982412893659	4.89368811817037e-05	0.55941100098245	1.00000020432233
14.35	14.65	1.00000039630602	0.799983928016691	4.90121367934079e-05	0.47941266933499	1.00000015852241
14.45	14.65	0.999999993306733	0.799985437108052	4.90702486120979e-05	0.399414193782329	0.999999997322693
14.55	14.65	0.999999170638401	0.799986944570858	4.91104072203362e-05	0.319415586173338	0.99999966825536
14.65	14.65	0.999997838269847	0.799988457445481	4.91315732508683e-05	0.239416861844581	0.999999135307939
14.75	14.65	0.999996029140601	0.799989985761412	4.91326729139043e-05	0.159418036998945	0.99999841165624
14.85	14.65	0.999994014721651	0.799992363528881	4.91130042223871e-05	0.0794191228589704	0.999997605888661
14.95	14.65	0.999992440438712	0.39999078848557	4.90834996928204e-05	-0.000580049081959061	0.999996976175485
0.05	14.75	-4.48894590018414e-06	0.399996595347873	-0.000136838462933139	10.4592429710785	0.59999820442164
0.15	14.75	-5.04458790139791e-06	0.799990032537156	-0.000137973532816293	10.4112435232866	0.599997982164839
0.25	14.75	-5.41182243028942e-06	0.799983365462984	-0.000140254575673108	10.3632444900378	0.599997835271028
0.35	14.75	-4.87317807136411e-06	0.799976471866934	-0.000143716266870821	10.315245865804	0.599998050728771
0.45	14.75	-2.68906598581907e-06	0.799969259271977	-0.000148410859604579	10.2672476253211	0.599998924373606
0.55	14.75	1.85636393316256e-06	0.79996158740766	-0.000154407884324704	10.2192497268275	0.600000742545573
0.65	14.75	9.34588557123612e-06	0.799953282648012	-0.000161795914162131	10.1712521160826	0.600003738354228
0.75	14.75	2.01030010520726e-05	0.799944137289946	-0.000170696375214771	10.1232547348695	0.600008041200421
0.85	14.75	3.41244350384689e-05	0.799933524971498	-0.000181303880587322	10.0752575331765	0.600013649774015
0.95	14.75	4.81474283402933e-05	0.79992140067373	-0.000193835570789311	10.027260528171	0.600019258971336
1.05	14.75	5.74552624111043e-05	0.799907425541571	-0.00020852350622767	9.979263884053	0.600022982104964
1.15	14.75	5.62286053957644e-05	0.799891188722198	-0.0002256715367833	9.9312679604943	0.600022491442158
1.25	14.75	3.82399238557739e-05	0.799872236542157	-0.000245630094636775	9.88327334337419	0.600015295969542
1.35	14.75	-1.91455587162418e-06	0.799850062588059	-0.000268779415873306	9.8352808452637	0.599999234177651
1.45	14.75	-6.70405044495869e-05	0.799824077236659	-0.000295514692297101	9.78729145850058	0.59997318379822
1.55	14.75	-0.000155195659783663	0.79979356303502	-0.000326228097893625	9.73930624578206	0.599937921736087
1.65	14.75	-0.000257493136492865	0.799757618428681	-0.000361291127397997	9.69132616104323	0.599897002745403
1.75	14.75	-0.000356338616619276	0.799715090895594	-0.000401047913738561	9.64335180629581	0.599857464553352
1.85	14.75	-0.000424744192456411	0.799664486526186	-0.000445837728422905	9.59538314785241	0.599830102323017
1.95	14.75	-0.0004276808451968	0.799603773613474	-0.000496066935488695	9.54741924031728	0.599828927661921
2.05	14.75	-0.000327405299482271	0.799529922291245	-0.000552331814324721	9.49945805322292	0.599869037880207
2.15	14.75	-9.59970789702397e-05	0.79944506419268	-0.000615518252080432	9.4514965914656	0.599961601168412
2.25	14.75	0.00031630035142021	0.799345343163035	-0.000686630355178787	9.40353078527758	0.600126520140568
2.35	14.75	0.000975481990134642	0.799227285901424	-0.000766331091323656	9.35555492384549	0.600390192796054
2.45	14.75	0.00196178114798632	0.799087799784169	-0.000854915108570748	9.30756114065009	0.600784712459195
2.55	14.75	0.00336944332917722	0.798923719246796	-0.000952612837228803	9.25953897727761	0.601347777331671
2.65	14.75	0.00530794655560319	0.798731668932723	-0.00105961854716598	9.21147494033176	0.602123178622241
2.75	14.75	0.00790403940225401	0.798508097421393	-0.00117600108506527	9.16335200726222	0.603161615760902
2.85	14.75	0.0113046122451217	0.798249378036535	-0.00130157345185872	9.11514905375197	0.604521844898049
2.95	14.75	0.0156807038403218	0.797951967270696	-0.00143572673521933	9.06684017020111	0.606272281536129
3.05	14.75	0.0212330610096852	0.797612633073704	-0.00157721264958984	9.01839382209108	0.608493224403874
3.15	14.75	0.0281996957140774	0.797228763810451	-0.00172385571768011	8.96977179391738	0.611279878285631
3.25	14.75	0.0368657980594569	0.796798758348176	-0.00187217973694752	8.92092784206233	0.614746319223783
3.35	14.75	0.0475760624358812	0.796322477412872	-0.00201694506236234	8.87180597347101	0.619030424974352
3.45	14.75	0.0607487794747221	0.795801702461557	-0.00215062019882915	8.82233827407807	0.624299511789889
3.55	14.75	0.0768896617777146	0.795240502530303	-0.00226286285023011	8.77244225095636	0.630755864711086
3.65	14.75	0.0966009804829502	0.794645368795659	-0.00234017080822539	8.72201775227792	0.63864039219318
3.75	14.75	0.120577988787803	0.794024986588236	-0.00236598053574357	8.67094372534036	0.648231195515121
3.85	14.75	0.149580144398153	0.793389654873904	-0.00232161010287001	8.61907539940985	0.659832057759261
3.95	14.75	0.184360997492982	0.792750708549194	-0.0021884770033724	8.56624294003925	0.673744398997193
4.05	14.75	0.225541735546531	0.79212078403884	-0.00195182044540727	8.51225312990748	0.690216694218613
4.15	14.75	0.273425515375528	0.791515973078357	-0.00160557305640827	8.45689594269984	0.709370206150211
4.25	14.75	0.327778227952096	0.790960043058115	-0.00115709804677751	8.39995756058985	0.731111291180839
4.35	14.75	0.387642385901676	0.790488548485933	-0.00062969060392812	8.34123997953712	0.75505695436067
4.45	14.75	0.451281784882976	0.790148223575271	-6.08499985074141e-05	8.28058478595121	0.78051271395319
4.55	14.75	0.516338315614572	0.789987867627694	0.000504123283839804	8.21789583322295	0.806535326245829
4.65	14.75	0.580199326577763	0.790042655007778	0.00102129128152164	8.15315416204108	0.832079730631105
4.75	14.75	0.640461867370845	0.790320193133935	0.001456557868237	8.0864201379414	0.856184746948338
4.85	14.75	0.695321528350048	0.790796759845824	0.00179051069312769	8.01782214379135	0.878128611340019
4.95	14.75	0.743758329670904	0.791425191665067	0.00201872011577564	7.94753588652076	0.897503331868362
5.05	14.75	0.785502201466226	0.792148737724532	0.0021486160188094	7.87576079522645	0.914200880586491
5.15	14.75	0.820852412027109	0.792913689489146	0.00219492753884042	7.80269927255572	0.928340964810843
5.25	14.75	0.850451429126518	0.793676865086943	0.00217537322952402	7.72854194410165	0.940180571650607
5.35	14.75	0.875086962568223	0.794407868347532	0.00210748794446655	7.65345935961306	0.950034785027289
5.45	14.75	0.895553814664421	0.795087967898822	0.00200675533728425	7.57759892324071	0.958221525865768
5.55	14.75	0.912575620992016	0.795707545900823	0.00188581120653202	7.50108527930028	0.965030248396806
5.65	14.75	0.926771908830125	0.796263393304714	0.00175435916685676	7.42402255397383	0.97070876353205
5.75	14.75	0.938653493778756	0.796756440460451	0.00161947574688614	7.34649730939564	0.975461397511502
5.85	14.75	0.948632565929604	0.797190072330415	0.00148607428559205	7.26858152470311	0.979453026371842
5.95	14.75	0.957038457683875	0.797568971019359	0.00135738837558999	7.19033526453385	0.98281538307355
6.05	14.75	0.964134006452887	0.797898364162418	0.00123540436218662	7.11180891489138	0.985653602581155
6.15	14.75	0.970130106166046	0.79818355994251	0.00112121633142156	7.03304498607032	0.988052042466419
6.25	14.75	0.975197628939589	0.798429674085315	0.0010153014259827	6.95407953653912	0.990079051575836
6.35	14.75	0.979476719449885	0.79864148092779	0.00091772478424415	6.87494328817521	0.991790687779954
6.45	14.75	0.983083818156074	0.798823342540779	0.000828287270952064	6.7956625008238	0.993233527262429
6.55	14.75	0.986116868721953	0.798979185755645	0.000746629118871703	6.71625966397531	0.994446747488781
6.65	14.75	0.988659142595872	0.799112507740513	0.000672300848674615	6.63675405135889	0.995463657038349
6.75	14.75	0.990782044315278	0.799226397853829	0.000604810590275868	6.55716217317748	0.996312817726111
6.85	14.75	0.992547182500376	0.799323568060576	0.000543654780187188	6.47749815155787	0.99701887300015
6.95	14.75	0.994007920344134	0.799406387101508	0.000488337388360269	6.397774037686	0.997603168137654
7.05	14.75	0.995210561240029	0.79947691545758	0.000438381386775123	6.31800008380241	0.998084224496012
7.15	14.75	0.996195280306482	0.799536939333676	0.000393335079207929	6.23818497939608	0.998478112122593
7.25	14.75	0.996996879164036	0.799588002644834	0.000352775107590806	6.15833605821299	0.998798751665614
7.35	14.75	0.997645417059648	0.79963143647556	0.000316307371483763	6.07845948079956	0.999058166823859
7.45	14.75	0.998166754122329	0.799668385795995	0.000283566688285504	5.99856039600135	0.999266701648931
7.55	14.75	0.998583030369274	0.799699833415344	0.000254215735894054	5.91864308396192	0.99943321214771
7.65	14.75	0.998913095664281	0.799726621275533	0.000227943624756742	5.83871108258804	0.999565238265712
7.75	14.75	0.999172900117435	0.799749469256443	0.000204464313317523	5.75876729907293	0.999669160046974
7.85	14.75	0.999375850641149	0.79976899170127	0.000183514993443791	5.67881410783198	0.99975034025646
7.95	14.75	0.999533136983558	0.799785711882779	0.000164854515658832	5.59885343605742	0.999813254793423
8.05	14.75	0.999654029137559	0.799800074629686	0.00014826188821779	5.51888683800642	0.999861611655024
8.15	14.75	0.999746147271324	0.799812457322479	0.000133534862770006	5.43891555907587	0.99989845890853
8.25	14.75	0.999815705021293	0.799823179451452	0.000120488607253463	5.35894059067217	0.999926282008517
8.35	14.75	0.999867726966852	0.799832510912555	0.000108954461084451	5.27896271684347	0.999947090786741
8.45	14.75	0.999906241245994	0.799840679197611	9.87787649795232e-05	5.19898255359996	0.999962496498398
8.55	14.75	0.999934448486121	0.799847875617766	8.98217581679916e-05	5.11900058180039	0.999973779394448
8.65	14.75	0.999954868453247	0.799854260682368	8.19565364418916e-05	5.0390171744298	0.999981947381299
8.75	14.75	0.999969466026546	0.7998599687405	7.50680661905409e-05	4.95903261903441	0.999987786410618
8.85	14.75	0.999979758260199	0.799865111978853	6.90522508042983e-05	4.87904713601547	0.999991903304079
8.95	14.75	0.999986904389932	0.799869783858223	6.38150471352353e-05	4.79906089341731	0.999994761755973
9.05	14.75	0.999991780675795	0.799874062060744	5.92716307300256e-05	4.71907401877683	0.999996712270318
9.15	14.75	0.999995041949864	0.799878011010964	5.53456091782662e-05	4.63908660853453	0.999998016779945
9.25	14.75	0.99999717166623	0.799881684026474	5.19682829701082e-05	4.55909873544237	0.999998868666492
9.35	14.75	0.999998522140873	0.799885125147153	4.90779537441356e-05	4.47911045434263	0.999999408856349
9.45	14.75	0.999999346531916	0.799888370686061	4.66192793680785e-05	4.39912180663547	0.999999738612767
9.55	14.75	0.999999823956575	0.799891450540116	4.45426751985043e-05	4.31913282370146	0.99999992958263
9.65	14.75	1.0000000789791	0.799894389294034	4.28037605701651e-05	4.23914352949986	1.00000003159164
9.75	14.75	1.00000019654198	0.799897207146852	4.13628491674821e-05	4.15915394252351	1.00000007861679
9.85	14.75	1.0000002332564	0.799899920687147	4.01844817219363e-05	4.07916407725643	1.00000009330256
9.95	14.75	1.00000022582253	0.799902543538922	3.92369990408062e-05	3.99917394525121	1.00000009032901
10.05	14.75	1.00000019721723	0.799905086898533	3.84921534351311e-05	3.91918355591857	1.00000007888689
10.15	14.75	1.0000001611696	0.799907559978991	3.79247560061416e-05	3.83919291710152	1.00000006446784
10.25	14.75	1.00000012534218	0.799909970376766	3.75123576120813e-05	3.75920203548967	1.00000005013687
10.35	14.75	1.00000009354865	0.799912324373539	3.72349609360047e-05	3.67921091691639	1.00000003741946
10.45	14.75	1.00000006726584	0.799914627183669	3.70747612904412e-05	3.5992195665709	1.00000002690634
10.55	14.75	1.00000004663793	0.799916883156641	3.70159136691453e-05	3.5192279891492	1.00000001865517
10.65	14.75	1.00000003112237	0.799919095942144	3.70443238320751e-05	3.4392361889614	1.00000001244895
10.75	14.75	1.00000001988839	0.799921268624413	3.7147461118166e-05	3.35924417000828	1.00000000795536
10.85	14.75	1.00000001204908	0.799923403831215	3.73141909416733e-05	3.2792519360363	1.00000000481963
10.95	14.75	1.00000000678486	0.799925503822153	3.75346250183634e-05	3.19925949057743	1.00000000271394
11.05	14.75	1.00000000339888	0.799927570559997	3.7799987546833e-05	3.11926683697865	1.00000000135955
11.15	14.75	1.00000000133191	0.799929605768193	3.8102495655965e-05	3.03927397842402	1.00000000053276
11.25	14.75	1.00000000015497	0.799931610977208	3.84352526533197e-05	2.95928091795161	1.00000000006199
11.35	14.75	0.999999999551673	0.799933587561712	3.87921526635715e-05	2.87928765846684	0.999999999820669
11.45	14.75	0.999999999297204	0.799935536770516	3.91677954952802e-05	2.79929420275311	0.999999999718881
11.55	14.75	0.999999999238203	0.799937459750413	3.95574105843636e-05	2.71930055348048	0.999999999695281
11.65	14.75	0.999999999275681	0.799939357565379	3.99567890268219e-05	2.63930671321282	0.999999999710273
11.75	14.75	0.999999999351728	0.799941231211796	4.03622228642908e-05	2.55931268441374	0.999999999740691
11.85	14.75	0.999999999439924	0.799943081630639	4.07704507690035e-05	2.47931846945155	0.99999999977597
11.95	14.75	0.999999999538659	0.7999449097171	4.11786095220204e-05	2.39932407060337	0.999999999815464
12.05	14.75	0.999999999665918	0.79994671632819	4.15841905245264e-05	2.31932949005858	0.999999999866367
12.15	14.75	0.999999999853499	0.799948502288772	4.19850009384705e-05	2.23933472992178	0.9999999999414
12.25	14.75	1.00000000013813	0.799950268396246	4.23791288396351e-05	2.15933979221535	1.00000000005525
12.35	14.75	1.00000000054683	0.799952015424287	4.27649120015624e-05	2.07934467888206	1.00000000021873
12.45	14.75	1.00000000107423	0.799953744125982	4.31409098086498e-05	1.99934939178786	1.00000000042969
12.55	14.75	1.00000000165175	0.799955455236555	4.35058781039931e-05	1.91935393272525	1.0000000006607
12.65	14.75	1.00000000211161	0.799957149476092	4.38587464511448e-05	1.83935830341753	1.00000000084464
12.75	14.75	1.0000000021551	0.799958827552527	4.41985976850311e-05	1.75936250552396	1.00000000086204
12.85	14.75	1.0000000013424	0.799960490165051	4.45246495108668e-05	1.67936654064538	1.00000000053696
12.95	14.75	0.999999999130576	0.799962138007888	4.48362380256506e-05	1.59937041032935	0.99999999965223
13.05	14.75	0.999999994994209	0.799963771774011	4.51328031427471e-05	1.51937411607266	0.999999997997683
13.15	14.75	0.999999988664518	0.799965392157716	4.54138760311526e-05	1.43937765931791	0.999999995465807
13.25	14.75	0.999999980510346	0.799966999854298	4.56790686964832e-05	1.35938104144024	0.999999992204138
13.35	14.75	0.999999972049029	0.799968595554284	4.59280658525111e-05	1.27938426371963	0.999999988819612
13.45	14.75	0.999999966507545	0.79997017992932	4.61606191322037e-05	1.19938732729601	0.999999986603018
13.55	14.75	0.999999969249223	0.799971753607159	4.63765433091096e-05	1.11939023310853	0.999999987699689
13.65	14.75	0.999999987743957	0.799973317135205	4.65757135699924e-05	1.03939298182835	0.999999995097583
13.75	14.75	1.0000000306148	0.799974870936276	4.67580620597004e-05	0.959395573807105	1.00000001224592
13.85	14.75	1.00000010519477	0.79997641526745	4.69235707110752e-05	0.879398009079551	1.00000004207791
13.95	14.75	1.00000021306533	0.799977950203011	4.70722563921483e-05	0.799400287476615	1.00000008522613
14.05	14.75	1.00000034335148	0.799979475674369	4.72041437937214e-05	0.719402408916999	1.00000013734059
14.15	14.75	1.00000046426728	0.799980991610264	4.7319222248418e-05	0.63940437394134	1.00000018570691
14.25	14.75	1.00000051467336	0.799982498223378	4.74173856172169e-05	0.559406184516861	1.00000020586934
14.35	14.75	1.00000039926119	0.799983996475568	4.74983606667958e-05	0.479407845054523	1.00000015970447
14.45	14.75	0.999999993242846	0.799985488711561	4.75616396938446e-05	0.399409363428854	0.999999997297139
14.55	14.75	0.999999164566704	0.799986979368074	4.76064474065222e-05	0.319410751568237	0.999999665826681
14.65	14.75	0.999997822649636	0.799988475534719	4.76317883986947e-05	0.239412024911154	0.999999129059854
14.75	14.75	0.999996000763896	0.799989987303945	4.76366353678801e-05	0.159413199765479	0.999998400305559
14.85	14.75	0.999993972348263	0.799992353933544	4.76203188780301e-05	0.0794142874217917	0.999997588939305
14.95	14.75	0.999992387268863	0.399990743023679	4.75932945072966e-05	-0.00058488169506963	0.999996954907545
0.05	14.85	-4.5071189811667e-06	0.399996051646943	-0.000129670534580587	10.4592509829386	0.599998197152408
0.15	14.85	-5.06194614067315e-06	0.799988393398712	-0.000130721419440263	10.4112516009721	0.599997975221544
0.25	14.85	-5.42327909886898e-06	0.799980605669861	-0.000132822787251001	10.3632526997049	0.59999783068836
0.35	14.85	-4.86791580845528e-06	0.799972548702392	-0.000135999202878591	10.3152542753971	0.599998052833677
0.45	14.85	-2.64817047310637e-06	0.799964112082169	-0.000140286665774365	10.26725630543	0.599998940731811
0.55	14.85	1.96060006399982e-06	0.799955137836947	-0.000145731050222635	10.2192587514656	0.600000784240026
0.65	14.85	9.5377469404546e-06	0.799945433624116	-0.000152385231434487	10.1712615634709	0.600003815098776
0.75	14.85	2.03491337170645e-05	0.799934766868672	-0.000160315961100718	10.1232646891188	0.600008139653487
0.85	14.85	3.42407246497078e-05	0.799922550800425	-0.000169682419920696	10.0752680892801	0.60001369628986
0.95	14.85	4.82760565774082e-05	0.799908572773514	-0.000180626355102911	10.02727179191	0.600019310422631
1.05	14.85	5.76331190618526e-05	0.79989251589765	-0.000193257221894303	9.97927597132395	0.600023053247625
1.15	14.85	5.64548143295846e-05	0.799873928927877	-0.00020777051261969	9.93128100207906	0.600022581925732
1.25	14.85	3.85411228262217e-05	0.799852310823289	-0.000224392010776353	9.8832874874244	0.60001541644913
1.35	14.85	-1.44288995658364e-06	0.799827100209853	-0.000243366455000649	9.83529625872401	0.599999422844017
1.45	14.85	-6.61979210349905e-05	0.799797645526122	-0.000264950754871057	9.78730832785421	0.599973520831586
1.55	14.85	-0.000153643684746656	0.799763162564711	-0.000289403983211861	9.73932477699595	0.599938542526101
1.65	14.85	-0.000254737289934407	0.799722679105064	-0.000316977126757436	9.69134657878074	0.599898105084026
1.75	14.85	-0.000351746154471908	0.799674962844928	-0.000347912357635928	9.64337435319777	0.599859301538211
1.85	14.85	-0.000417606143039742	0.799618413078877	-0.00038247327734761	9.59540808601605	0.599832957542784
1.95	14.85	-0.000417225841928157	0.799550846859372	-0.000421032913416754	9.54744685785237	0.599833109663229
2.05	14.85	-0.000312389882854391	0.799469086486299	-0.000464102710873654	9.49948867204405	0.599875044046858
2.15	14.85	-7.35137427131587e-05	0.79937431125463	-0.000511324575443677	9.45153054735746	0.599970594502915
2.25	14.85	0.000345805844211922	0.799264088942919	-0.000563012777244819	9.40356845610245	0.600138322337685
2.35	14.85	0.00101405159687892	0.799133840035065	-0.00062017847444141	9.35559674568815	0.600405620638752
2.45	14.85	0.00201282823323391	0.798980146984079	-0.000682842295344906	9.307607566492	0.600805131293293
2.55	14.85	0.0034372300803421	0.798799453092787	-0.000750935789403494	9.25959047150604	0.601374892032137
2.65	14.85	0.00539758781237499	0.798587979213582	-0.000824365377306088	9.21153197977041	0.60215903512495
2.75	14.85	0.0080217233141518	0.798341752040255	-0.000902942693656851	9.16341507836169	0.603208689325661
2.85	14.85	0.0114579175163464	0.798056690375818	-0.000986299167198491	9.11521864366548	0.604583167006539
2.95	14.85	0.0158789942502173	0.797728762447745	-0.00107378831084383	9.0669167503805	0.606351597700087
3.05	14.85	0.0214879709236904	0.797354227908032	-0.00116436074606332	9.01847782203082	0.608595188369476
3.15	14.85	0.0285257252694395	0.796929975276477	-0.00125639803890381	8.96986356137947	0.611410290107776
3.25	14.85	0.0372810275902694	0.796453957835432	-0.00134749561499206	8.92102758487196	0.614912411036108
3.35	14.85	0.0481029706022117	0.795925712266692	-0.00143419292198591	8.87191367701045	0.619241188240885
3.45	14.85	0.0614150977371578	0.79534691023306	-0.00151166552696205	8.8224535884511	0.624566039094863
3.55	14.85	0.0777291025973314	0.794721844975353	-0.00157342527865331	8.77256434348013	0.631091641038933
3.65	14.85	0.0976535197511065	0.794057709260686	-0.00161112653376776	8.72214512615833	0.639061407900443
3.75	14.85	0.121889158290972	0.793364523039994	-0.00161464767758774	8.67107401633895	0.648755663316389
3.85	14.85	0.151198534491055	0.792654698815677	-0.00157268833085086	8.61920518108144	0.660479413796422
3.95	14.85	0.186333016241437	0.791942565030894	-0.00147414033364677	8.5663675945963	0.674533206496575
4.05	14.85	0.227902897769428	0.791244635605322	-0.00131036328180117	8.51236686997199	0.691161159107771
4.15	14.85	0.276188530745862	0.790581592989132	-0.0010781345735408	8.45699208316282	0.710475412298345
4.25	14.85	0.33092013367931	0.789982062501915	-0.000782479999301818	8.40002911381274	0.732368053471724
4.35	14.85	0.391095380666863	0.789485933544227	-0.000438108993099696	8.34128055859895	0.756438152266745
4.45	14.85	0.454933536103118	0.78914271788875	-6.82718199486065e-05	8.28058965819426	0.781973414441247
4.55	14.85	0.520045214881112	0.789001541335719	0.000299183289485411	8.21786283405577	0.808018085952445
4.65	14.85	0.583810335224739	0.789095222695392	0.000637355402406814	8.15308415575221	0.833524134089896
4.75	14.85	0.643844710501443	0.789426991055583	0.000925358134283534	8.08631685225257	0.857537884200577
4.85	14.85	0.698381724334981	0.789967934286492	0.00115116938141312	8.01769144609529	0.879352689733992
4.95	14.85	0.746445892705688	0.790666018217015	0.00131176716139619	7.94738476739114	0.898578357082275
5.05	14.85	0.787807113349854	0.791460576995241	0.00141124949416814	7.87559637249707	0.915122845339941
5.15	14.85	0.822793798233229	0.792295080124058	0.00145812394518216	7.802528037112	0.929117519293292
5.25	14.85	0.852065573028723	0.793124473283692	0.00146275828635927	7.72836932540435	0.940826229211489
5.35	14.85	0.876417374626449	0.793917216648497	0.00143550531805627	7.65328957642352	0.95056694985058
5.45	14.85	0.896644461302464	0.794653966616612	0.00138559467256258	7.57743503282533	0.958657784520985
5.55	14.85	0.913467068172154	0.79532487343517	0.00132065117624394	7.50092933505966	0.965386827268862
5.65	14.85	0.927499602559867	0.795926763786457	0.00124662955178248	7.42387580245924	0.970999841023947
5.75	14.85	0.93924737550114	0.796460785600777	0.00116797731709686	7.34636038373583	0.975698950200456
5.85	14.85	0.94911740438521	0.796930656857064	0.00108789191339327	7.26845461289836	0.979646961754084
5.95	14.85	0.957434492591069	0.797341457128019	0.00100859126985994	7.1902182453276	0.982973797036428
6.05	14.85	0.964457670819975	0.797698838036056	0.000931556865015829	7.11170146192306	0.98578306832799
6.15	14.85	0.970394709458444	0.798008531389447	0.000857733742961302	7.03294664466811	0.988157883783378
6.25	14.85	0.975413952307423	0.798276058336312	0.000787686035072796	6.95398977859023	0.990165580922969
6.35	14.85	0.979653511368816	0.798506569649304	0.000721713149598432	6.87486155026929	0.991861404547527
6.45	14.85	0.983228196542136	0.798704769300657	0.000659934028852441	6.7955882100748	0.993291278616854
6.55	14.85	0.98623464245646	0.798874889625828	0.000602346853393063	6.71619225500726	0.994493856982584
6.65	14.85	0.988755066764784	0.799020697478439	0.000548870574471181	6.63669297709194	0.995502026705914
6.75	14.85	0.990860022357172	0.799145518162242	0.00049937337654334	6.55710691134467	0.996344008942869
6.85	14.85	0.992610426463246	0.799252268743371	0.00045369195078652	6.4774482083326	0.997044170585298
6.95	14.85	0.99405907834287	0.799343495463728	0.000411644428165636	6.39772894938704	0.997623631337148
7.05	14.85	0.995251819308632	0.799421411989636	0.000373039008770509	6.31795941734293	0.998100727723453
7.15	14.85	0.996228444254417	0.799487936531092	0.000337679711443728	6.23814833192915	0.998491377701767
7.25	14.85	0.997023440775294	0.799544726709623	0.000305370220787089	6.15830305627623	0.998809376310118
7.35	14.85	0.997666607977126	0.799593211597302	0.000275916489918643	6.0784297791587	0.99906664319085
7.45	14.85	0.998183589989889	0.799634620698608	0.000249128534121694	5.99853367632271	0.999273435995956
7.55	14.85	0.998596347212749	0.799670009867466	0.000224821697672858	5.9186190533971	0.9994385388851
7.65	14.85	0.998923580041095	0.799700284284734	0.000202817572276707	5.83868947232384	0.999569432016438
7.75	14.85	0.999181114220562	0.799726218698055	0.000182944677553018	5.75874786287958	0.999672445688225
7.85	14.85	0.999382253281409	0.799748475163261	0.000165038969696616	5.6787966206305	0.999752901312564
7.95	14.85	0.999538101175625	0.799767618538388	0.000148944216632005	5.59883769251934	0.99981524047025
8.05	14.85	0.999657856864213	0.79978412997813	0.000134512262029836	5.51887265119435	0.999863142745685
8.15	14.85	0.999749081885823	0.799798418662286	0.000121603190863143	5.43890275913076	0.999899632754329
8.25	14.85	0.999817941660478	0.799810831973444	0.000110085405121756	5.35892902355145	0.999927176664191
8.35	14.85	0.999869421280741	0.799821664317635	9.98356161976455e-05	5.27895224311331	0.999947768512296
8.45	14.85	0.999907516698036	0.799831164760581	9.07387607660536e-05	5.19897304728405	0.999963006679214
8.55	14.85	0.999935402437926	0.799839543631198	8.26878471943529e-05	5.11899192928713	0.999974160975171
8.65	14.85	0.999955577215571	0.799846978225925	7.55837406364401e-05	5.03900927343941	0.999982230886228
8.75	14.85	0.999969989032315	0.799853617729344	6.93348952759302e-05	4.95902537764664	0.999987995612926
8.85	14.85	0.999980141493889	0.799859587452895	6.38570433028086e-05	4.87904047175819	0.999992056597556
8.95	14.85	0.999987183189455	0.799864992479683	5.90728495942137e-05	4.79905473241578	0.999994873275782
9.05	14.85	0.999991982007404	0.799869920792299	5.49115413354203e-05	4.71906829496273	0.999996792802962
9.15	14.85	0.99999518624297	0.799874445951344	5.13085211035718e-05	4.63908126291349	0.999998074497188
9.25	14.85	0.999997274282964	0.799878629383313	4.82049714313479e-05	4.55909371541812	0.999998909713186
9.35	14.85	0.999998594544568	0.799882522330022	4.55474576580452e-05	4.47910571309569	0.999999437817827
9.45	14.85	0.9999993972092	0.799886167504765	4.32875351754874e-05	4.39911730255381	0.99999975888368
9.55	14.85	0.999999859139378	0.799889600495518	4.1381366031155e-05	4.31912851986037	0.999999943655751
9.65	14.85	1.00000010320546	0.799892850950121	3.97893488910479e-05	4.23913939318825	1.00000004128218
9.75	14.85	1.000000213088	0.799895943574551	3.84757654423514e-05	4.15914994481344	1.0000000852352
9.85	14.85	1.00000024446625	0.799898898970967	3.74084453264446e-05	4.07916019261296	1.0000000977865
9.95	14.85	1.00000023335823	0.799901734339585	3.65584512383361e-05	3.99917015117945	1.00000009334329
10.05	14.85	1.0000002022461	0.799904464064415	3.58997847111982e-05	3.91917983264508	1.00000008089844
10.15	14.85	1.00000016450359	0.799907100201189	3.54091131170412e-05	3.83918924728704	1.00000006580143
10.25	14.85	1.00000012754047	0.799909652882397	3.50655173799128e-05	3.75919840397056	1.00000005101619
10.35	14.85	1.00000009499246	0.799912130653002	3.48502601227476e-05	3.67920731047216	1.00000003799699
10.45	14.85	1.00000006821241	0.799914540747934	3.47465732494727e-05	3.59921597371543	1.00000002728496
10.55	14.85	1.00000004725906	0.799916889321115	3.47394640783822e-05	3.51922439994335	1.00000001890363
10.65	14.85	1.00000003153165	0.799919181634098	3.48155388700415e-05	3.43923259484497	1.00000001261266
10.75	14.85	1.00000002016018	0.799921422211288	3.49628426250941e-05	3.35924056364939	1.00000000806407
10.85	14.85	1.00000001223163	0.79992361496749	3.51707139132527e-05	3.27924831119646	1.00000000489265
10.95	14.85	1.00000000690927	0.799925763312637	3.54296535533128e-05	3.19925584199078	1.00000000276371
11.05	14.85	1.00000000348508	0.799927870237732	3.57312059963429e-05	3.11926316024376	1.00000000139403
11.15	14.85	1.00000000139262	0.799929938385394	3.60678523276911e-05	3.03927026990711	1.00000000055705
11.25	14.85	1.00000000019836	0.799931970107719	3.64329137672941e-05	2.95927717469997	1.00000000007934
11.35	14.85	0.99999999958299	0.799933967513824	3.68204647895652e-05	2.87928387813138	0.999999999833196
11.45	14.85	0.999999999319873	0.799935932508845	3.72252548855631e-05	2.79929038351913	0.999999999727949
11.55	14.85	0.999999999254495	0.799937866826076	3.76426381347035e-05	2.71929669400573	0.999999999701798
11.65	14.85	0.999999999287151	0.799939772053381	3.80685098778782e-05	2.6393028125722	0.99999999971486
11.75	14.85	0.999999999359499	0.799941649654962	3.84992497327446e-05	2.55930874204988	0.999999999743799
11.85	14.85	0.999999999444901	0.799943500989356	3.89316703735889e-05	2.4793144851307	0.99999999977796
11.95	14.85	0.999999999541694	0.799945327324239	3.93629714366479e-05	2.39932004437602	0.999999999816678
12.05	14.85	0.99999999966794	0.799947129848707	3.97906981155471e-05	2.31932542222433	0.999999999867176
12.15	14.85	0.999999999855608	0.799948909683429	4.02127038965691e-05	2.23933062099803	0.999999999942243
12.25	14.85	1.00000000014162	0.799950667889082	4.06271170553157e-05	2.15933564290945	1.00000000005665
12.35	14.85	1.00000000055307	0.799952405473424	4.10323104927847e-05	2.07934049006652	1.00000000022123
12.45	14.85	1.0000000010844	0.799954123397387	4.1426874577237e-05	1.99934516447828	1.00000000043376
12.55	14.85	1.00000000166625	0.799955822580525	4.18095926180155e-05	1.91934966806085	1.0000000006665
12.65	14.85	1.00000000212929	0.799957503906131	4.21794187551773e-05	1.83935400264382	1.00000000085172
12.75	14.85	1.00000000217222	0.799959168226402	4.25354579715673e-05	1.75935816997749	1.00000000086889
12.85	14.85	1.00000000135161	0.799960816367792	4.28769480634786e-05	1.67936217174031	1.00000000054064
12.95	14.85	0.999999999120283	0.799962449136562	4.32032434596538e-05	1.59936600954569	0.999999999648113
13.05	14.85	0.999999994949042	0.799964067324085	4.3513800908394e-05	1.51936968494587	0.999999997979617
13.15	14.85	0.99999998856774	0.799965671710829	4.38081670980967e-05	1.43937319942985	0.999999995427096
13.25	14.85	0.999999980349201	0.799967263067303	4.40859683368165e-05	1.3593765544111	0.99999999213968
13.35	14.85	0.999999971823839	0.799968842149359	4.43469024879305e-05	1.27937975120068	0.999999988729536
13.45	14.85	0.999999966244612	0.799970409685022	4.45907331570101e-05	1.19938279096295	0.999999986497845
13.55	14.85	0.999999969016141	0.799971966350181	4.48172858070463e-05	1.1193856746552	0.999999987606456
13.65	14.85	0.999999987663583	0.799973512732752	4.50264449360538e-05	1.03938840296077	0.999999995065433
13.75	14.85	1.00000003087088	0.799975049288886	4.5218150509547e-05	0.95939097623778	1.00000001234835
13.85	14.85	1.00000010601855	0.799976576302264	4.53923908437218e-05	0.879393394522589	1.00000004240742
13.95	14.85	1.00000021468976	0.799978093867641	4.55491880816892e-05	0.799395657644269	1.0000000858759
14.05	14.85	1.00000034591879	0.799979601931728	4.5688571894922e-05	0.719397765518912	1.00000013836752
14.15	14.85	1.00000046768105	0.799981100435025	4.58105377775806e-05	0.639399718688046	1.00000018707242
14.25	14.85	1.00000051839937	0.799982589600958	4.59149891576184e-05	0.559401519129206	1.00000020735975
14.35	14.85	1.00000040210654	0.799984070404727	4.6001668577918e-05	0.479403171280115	1.00000016084262
14.45	14.85	0.999999993181179	0.799985545211473	4.60700931652857e-05	0.399404683065099	0.999999997272472
14.55	14.85	0.99999915872637	0.79998701849002	4.61195231892055e-05	0.319406066488559	0.999999663490548
14.65	14.85	0.999997807632487	0.799988497376997	4.61490081185846e-05	0.239407337086452	0.999999123052995
14.75	14.85	0.999995973495665	0.799989992024727	4.61575676595507e-05	0.159408511266965	0.999998389398266
14.85	14.85	0.99999393164684	0.799992346702944	4.61445653409294e-05	0.0794096003854506	0.999997572658736
14.95	14.85	0.999992336211857	0.399990700229593	4.61199885923404e-05	-0.000589566154332567	0.999996934484743
0.05	14.95	-4.5388882037858e-06	0.39999555782923	-0.000121465046021711	10.4592585320892	0.599998184444719
0.15	14.95	-5.09428244197536e-06	0.799986906867869	-0.000122417388903386	10.4112592103973	0.599997962287023
0.25	14.95	-5.45106916836552e-06	0.799978108591813	-0.000124310080867843	10.3632604293083	0.599997819572333
0.35	14.95	-4.87945440885295e-06	0.799969011078858	-0.000127156706760087	10.3152621862494	0.599998048218236
0.45	14.95	-2.62157716118522e-06	0.799959490783082	-0.000130976601716929	10.2672644602857	0.599998951369136
0.55	14.95	2.06546106834061e-06	0.799949376129097	-0.000135794306529236	10.2192672151714	0.600000826184427
0.65	14.95	9.78690725781091e-06	0.799938460651624	-0.000141634659200342	10.1712704030224	0.600003914762903
0.75	14.95	2.0784401776831e-05	0.799926474053458	-0.000148511126914648	10.1232739736424	0.600008313760711
0.85	14.95	3.4477606056518e-05	0.799913023068082	-0.000156500424747194	10.0752778961292	0.600013791042423
0.95	14.95	4.8700999021912e-05	0.799897527886188	-0.000165670987915365	10.0272822046298	0.600019480399609
1.05	14.95	5.82562211143793e-05	0.799879853319821	-0.000176049310658274	9.97928707641049	0.600023302488446
1.15	14.95	5.72362010640455e-05	0.799859519490276	-0.000187709726283015	9.93129289449532	0.600022894480426
1.25	14.95	3.94457661109133e-05	0.799836006593222	-0.000200742455032853	9.88330027170993	0.600015778306444
1.35	14.95	-4.40575881477728e-07	0.799808735314854	-0.000215251588015681	9.83531004981434	0.599999823769647
1.45	14.95	-6.51086923637166e-05	0.799777037002704	-0.000231354015831351	9.78732325179386	0.599973956523055
1.55	14.95	-0.000152453590233193	0.799740111308611	-0.000249176314382867	9.73934097131048	0.599939018563907
1.65	14.95	-0.000253401659501005	0.799696970289939	-0.000268850471196513	9.69136419244834	0.5998986393362
1.75	14.95	-0.000350208661921621	0.799646363205637	-0.000290510115536587	9.64339354660021	0.599859916535231
1.85	14.95	-0.000415884910047072	0.799586656948608	-0.000314293307561484	9.59542903248165	0.599833646035981
1.95	14.95	-0.000415542943811994	0.799515639595012	-0.000340373545838257	9.54746975082975	0.599833782822475
2.05	14.95	-0.000310406119243547	0.799430457093055	-0.000368987408546497	9.49951373456831	0.599875837552303
2.15	14.95	-6.36800262166887e-05	0.799328698931271	-0.000399323543724864	9.45155794802864	0.599974527989513
2.25	14.95	0.000357855527276186	0.799213931669145	-0.000430988074165435	9.40359836301014	0.60014314221091
2.35	14.95	0.00102899689863288	0.799078258398385	-0.000464495594156868	9.35562939620055	0.600411598759453
2.45	14.95	0.00203244723875634	0.798918324996878	-0.00049970661538901	9.30764319231074	0.600812978895503
2.55	14.95	0.00346363419547849	0.798730424860548	-0.000536359870707446	9.25962929669626	0.601385453678191
2.65	14.95	0.00543323252990306	0.79851064136276	-0.000574094666816213	9.21157422077986	0.602173293011961
2.75	14.95	0.00806955762086684	0.798254846720384	-0.000612442087384183	9.16346094047745	0.603227823048347
2.85	14.95	0.0115215566668328	0.79795877569909	-0.000650817425729079	9.11526831436986	0.604608622666733
2.95	14.95	0.0159629145692264	0.797618184837693	-0.000688507976394563	9.06697038949949	0.606385165827691
3.05	14.95	0.0215977428103527	0.797229103068502	-0.000724651482195333	9.01853554761132	0.608639097124141
3.15	14.95	0.0286682985762556	0.796788182779274	-0.000758203187653107	8.96992542951008	0.611467319430502
3.25	14.95	0.0374650765587983	0.79629315599314	-0.000787890596110379	8.92109356107692	0.614986030623519
3.35	14.95	0.0483392923726256	0.795743382707157	-0.000812156686323201	8.87198359640041	0.61933571694905
3.45	14.95	0.061717033107292	0.795140444117508	-0.000829096534501113	8.82252710173644	0.624686813242917
3.55	14.95	0.0781129015829919	0.794488684053194	-0.000836400823728131	8.77264084673773	0.631245160633197
3.65	14.95	0.0981384984347341	0.793795553694542	-0.000831333984815464	8.72222367471436	0.639255399373894
3.75	14.95	0.122497384095251	0.793071612771956	-0.000810794086009076	8.67115322838898	0.648998953638101
3.85	14.95	0.151953651922316	0.792330164938551	-0.000771520211379978	8.61928314575241	0.660781460768927
3.95	14.95	0.187257748452849	0.791586831114146	-0.000710515577092885	8.56644181205548	0.67490309938114
4.05	14.95	0.229014866714255	0.790859824301297	-0.000625715504540482	8.5124342650495	0.691605946685702
4.15	14.95	0.277494518829453	0.790171856921482	-0.000516825241729184	8.45704914102836	0.710997807531781
4.25	14.95	0.332409865814934	0.789553711341377	-0.000386095199596682	8.40007217397456	0.732963946325974
4.35	14.95	0.392737071587165	0.789047197112329	-0.000238673603657801	8.34130626072923	0.757094828634866
4.45	14.95	0.456673983811744	0.788703033031154	-8.22159419413721e-05	8.28059546402843	0.782669593524697
4.55	14.95	0.521816107486804	0.78857043185563	7.42897609915469e-05	8.21784748485586	0.808726442994722
4.65	14.95	0.585539630132453	0.788681085470242	0.000222128165092362	8.15304791256104	0.834215852052981
4.75	14.95	0.645469133341921	0.789036202881377	0.000354307989481875	8.08626143275943	0.858187653336769
4.85	14.95	0.699855849530909	0.789604528687548	0.000466386308761189	8.01761968776986	0.879942339812364
4.95	14.95	0.747745360474657	0.790331882894643	0.000556541184304063	7.9473001421692	0.899098144189863
5.05	14.95	0.7889265160542	0.791155932076352	0.000625089766727306	7.87550250266841	0.91557060642168
5.15	14.95	0.823741580577424	0.792019001139719	0.000673773164190193	7.80242831963571	0.92949663223097
5.25	14.95	0.852858375792388	0.792875329651861	0.000705072282714084	7.7282667046179	0.941143350316955
5.35	14.95	0.877075342252884	0.7936929940455	0.0007216906159171	7.65318645162802	0.950830136901154
5.45	14.95	0.89718803668114	0.794452489206343	0.000726230184533814	7.5773332618229	0.958875214672456
5.55	14.95	0.913915161531223	0.795143952120523	0.000721026904181263	7.50083029226542	0.965566064612489
5.65	14.95	0.927868769543384	0.795764291967058	0.000708093886806934	7.42378045937858	0.971147507817354
5.75	14.95	0.939551626969459	0.796314797367318	0.000689126545280101	7.34626939138064	0.975820650787784
5.85	14.95	0.94936835614723	0.796799358012431	0.000665536607987116	7.26836837554458	0.979747342458892
5.95	14.95	0.957641663612015	0.797223236772843	0.000638495038706422	7.19013698162859	0.983056665444806
6.05	14.95	0.964628819253506	0.797592266792691	0.00060897344337092	7.11162525315717	0.985851527701402
6.15	14.95	0.97053615045121	0.797912351066072	0.000577779619495182	7.03287547167113	0.988214460180484
6.25	14.95	0.97553083429247	0.79818916672092	0.00054558627065007	6.9539235495022	0.990212333716988
6.35	14.95	0.979750045285889	0.79842800313619	0.000512953502018723	6.87480012118521	0.991900018114355
6.45	14.95	0.983307840907557	0.798633685210621	0.000480346282654559	6.795531400385	0.993323136363023
6.55	14.95	0.98630025051347	0.798810549405529	0.000448148105830526	6.71613985884123	0.994520100205388
6.65	14.95	0.988809002605407	0.798962451451959	0.000416671900154743	6.63664477193095	0.995523601042163
6.75	14.95	0.990904252366583	0.799092792141527	0.000386169003169231	6.55706266458003	0.996361700946633
6.85	14.95	0.992646591465153	0.799204552558653	0.000356836779942107	6.477407682323	0.997058636586061
6.95	14.95	0.994088550793422	0.799300333321791	0.000328825282976799	6.39769190540348	0.997635420317369
7.05	14.95	0.995275748956545	0.799382394482503	0.000302243209565282	6.31792561867188	0.998110299582618
7.15	14.95	0.996247794908006	0.799452694079628	0.000277163314381465	6.23811754632218	0.998499117963202
7.25	14.95	0.997039020194536	0.799512924218657	0.000253627369627842	6.15827505787876	0.998815608077815
7.35	14.95	0.997679092422297	0.799564544110252	0.000231650723490495	6.07840435001266	0.999071636968919
7.45	14.95	0.998193544584076	0.79960880986101	0.000211226483215798	5.99851060751322	0.99927741783363
7.55	14.95	0.998604242990839	0.799646801034475	0.000192329335927684	5.91859814589707	0.999441697196335
7.65	14.95	0.998929808343085	0.799679444134651	0.000174919014817776	5.83867053757979	0.999571923337234
7.75	14.95	0.999185998926235	0.799707533239155	0.00015894341664448	5.75873072317511	0.999674399570494
7.85	14.95	0.999386061264036	0.799731748043841	0.000144341378065099	5.67878110925909	0.999754424505614
7.95	14.95	0.999541051264353	0.799752669589676	0.000131045121011479	5.59882365379484	0.999816420505741
8.05	14.95	0.999660127540422	0.799770793935903	0.000118982380173871	5.51885994032494	0.999864051016169
8.15	14.95	0.999750817892013	0.799786544026676	0.000108078229075893	5.43889124198005	0.999900327156805
8.25	14.95	0.999819259666456	0.799800279976603	9.82566238390466e-05	5.35891857630812	0.999927703866582
8.35	14.95	0.99987041472748	0.799812307977727	8.94416859832368e-05	5.27894275188906	0.999948165890992
8.45	14.95	0.999908259921731	0.799822888006158	8.15587470644302e-05	5.19896440765742	0.999963303968692
8.55	14.95	0.999935954163561	0.799832240485597	7.45351791853981e-05	5.11898404580891	0.999974381665424
8.65	14.95	0.999955983499092	0.799840552043658	6.83010352333322e-05	5.03900205911333	0.999982393399637
8.75	14.95	0.999970285722309	0.79984798047976	6.27895229390698e-05	4.9590187533973	0.999988114288923
8.85	14.95	0.999980356276677	0.799854659047515	5.79373353188731e-05	4.87903436589617	0.999992142510671
8.95	14.95	0.99998733727532	0.799860700140595	5.36848596746363e-05	4.79904908010832	0.999994934910128
9.05	14.95	0.99999209150992	0.799866198460165	4.99762850838749e-05	4.7190630377166	0.999996836603968
9.15	14.95	0.999995263297997	0.799871233731171	4.67596268700104e-05	4.63907634807532	0.999998105319199
9.25	14.95	0.999997327948688	0.799875873027022	4.39866846320838e-05	4.55908909569628	0.999998931179475
9.35	14.95	0.999998631519057	0.799880172754313	4.16129484160806e-05	4.47910134610632	0.999999452607623
9.45	14.95	0.999999422397306	0.799884180343197	3.95974657035048e-05	4.39911315039301	0.999999768958923
9.55	14.95	0.999999876096426	0.799887935683259	3.79026801185121e-05	4.31912454870355	0.999999950438571
9.65	14.95	1.00000011448119	0.799891472340021	3.64942507958474e-05	4.23913557291689	1.00000004579248
9.75	14.95	1.00000022049056	0.799894818582958	3.53408601791406e-05	4.15914624866916	1.00000008819622
9.85	14.95	1.00000024926275	0.799897998251871	3.44140160629443e-05	4.07915659687823	1.0000000997051
9.95	14.95	1.0000002364255	0.799901031485162	3.36878529831743e-05	3.99916663488399	1.0000000945702
10.05	14.95	1.00000020418279	0.799903935330709	3.31389364208915e-05	3.9191763772968	1.00000008167311
10.15	14.95	1.00000016571256	0.799906724257014	3.27460728594404e-05	3.83918583662615	1.00000006628503
10.25	14.95	1.00000012828867	0.799909410580028	3.24901275981535e-05	3.7591950237454	1.00000005131547
10.35	14.95	1.00000009545377	0.799912004819011	3.23538517232426e-05	3.6792039482354	1.00000003818151
10.45	14.95	1.00000006849805	0.799914515992695	3.23217191084566e-05	3.59921261863898	1.00000002739922
10.55	14.95	1.00000004743876	0.799916951865511	3.23797739454363e-05	3.51922104265065	1.0000000189755
10.65	14.95	1.00000003164816	0.79991931915208	3.25154888777038e-05	3.43922922725927	1.00000001265926
10.75	14.95	1.00000002023912	0.799921623686961	3.27176336089615e-05	3.35923717885661	1.00000000809565
10.85	14.95	1.00000001228798	0.799923870565514	3.2976153785581e-05	3.27924490332138	1.00000000491519
10.95	14.95	1.00000000695157	0.799926064260771	3.32820596812135e-05	3.19925240608541	1.00000000278063
11.05	14.95	1.0000000035181	0.799928208720544	3.36273241810419e-05	3.11925969218676	1.00000000140724
11.15	14.95	1.00000000141901	0.799930307448046	3.40047895087109e-05	3.03926676631326	1.00000000056761
11.25	14.95	1.00000000021962	0.799932363568953	3.4408082182446e-05	2.95927363283872	1.00000000008785
11.35	14.95	0.999999999600016	0.799934379887354	3.48315355577843e-05	2.87928029585366	0.999999999840006
11.45	14.95	0.999999999333259	0.799936358932317	3.52701193735782e-05	2.79928675919155	0.999999999733304
11.55	14.95	0.999999999264695	0.799938302996927	3.57193758139014e-05	2.71929302645163	0.999999999705878
11.65	14.95	0.999999999294557	0.79994021417094	3.61753615155063e-05	2.63929910101868	0.999999999717823
11.75	14.95	0.999999999364502	0.799942094368207	3.66345949534195e-05	2.55930498608037	0.999999999745801
11.85	14.95	0.999999999447943	0.79994394534978	3.70940089026228e-05	2.47931068464246	0.999999999779177
11.95	14.95	0.999999999543331	0.799945768743345	3.75509073308533e-05	2.39931619954211	0.999999999817332
12.05	14.95	0.999999999668907	0.799947566059702	3.80029264952134e-05	2.31932153345966	0.999999999867563
12.15	14.95	0.99999999985687	0.799949338706642	3.84479997325721e-05	2.23932668892897	0.999999999942748
12.25	14.95	1.00000000014437	0.79995108800086	3.88843256553577e-05	2.15933166834676	1.00000000005775
12.35	14.95	1.00000000055859	0.79995281517806	3.93103394162919e-05	2.07933647398119	1.00000000022344
12.45	14.95	1.0000000010938	0.799954521401862	3.97246867020784e-05	1.9993411079801	1.00000000043752
12.55	14.95	1.00000000167991	0.799956207771739	4.01262002252723e-05	1.91934557237933	1.00000000067196
12.65	14.95	1.00000000214607	0.799957875330427	4.05138784054132e-05	1.83934986911132	1.00000000085843
12.75	14.95	1.00000000218847	0.799959525071143	4.0886866073887e-05	1.7593540000143	1.00000000087539
12.85	14.95	1.0000000013602	0.799961157944788	4.12444370178194e-05	1.67935796684152	1.00000000054408
12.95	14.95	0.999999999109985	0.799962774867209	4.15859783054896e-05	1.59936177126967	0.999999999643994
13.05	14.95	0.999999994905001	0.799964376726014	4.19109763638568e-05	1.51936541490411	0.999999997962
13.15	14.95	0.999999988473801	0.799965964385915	4.22190049070533e-05	1.43936889927812	0.99999999538952
13.25	14.95	0.999999980193101	0.799967538690908	4.25097148873376e-05	1.35937222584153	0.99999999207724
13.35	14.95	0.999999971605988	0.799969100460622	4.2782826579686e-05	1.2793753959347	0.999999988642395
13.45	14.95	0.999999965990533	0.799970650478026	4.30381238517633e-05	1.19937841074482	0.999999986396213
13.55	14.95	0.999999968791212	0.799972189465881	4.32754502958056e-05	1.11938127124588	0.999999987516485
13.65	14.95	0.999999987586423	0.799973718051432	4.34947063552508e-05	1.0393839781321	0.999999995034569
13.75	14.95	1.00000003111865	0.799975236723103	4.36958457477095e-05	0.959386531767039	1.00000001244746
13.85	14.95	1.00000010681395	0.79997674579024	4.38788684555917e-05	0.879388932187741	1.00000004272558
13.95	14.95	1.00000021625668	0.799978245367228	4.40438065875548e-05	0.799391179220662	1.00000008650267
14.05	14.95	1.00000034839333	0.799979735415335	4.41906989376928e-05	0.719393272778574	1.00000013935733
14.15	14.95	1.00000047096926	0.799981215886098	4.43195507791955e-05	0.639395213403101	1.00000018838771
14.25	14.95	1.00000052198609	0.799982687012945	4.44302781829605e-05	0.559397003080972	1.00000020879444
14.35	14.95	1.00000040484385	0.799984149783487	4.45226420205505e-05	0.479398646274963	1.00000016193754
14.45	14.95	0.999999993121751	0.799985606582005	4.45961862308909e-05	0.399400150956606	0.9999999972487
14.55	14.95	0.99999915311375	0.799987061907596	4.46502080587701e-05	0.31940152920269	0.9999996612455
14.65	14.95	0.999997793208699	0.799988522941373	4.46838027366845e-05	0.239402796642107	0.999999117283479
14.75	14.95	0.999995947317878	0.799989999892161	4.46960374775156e-05	0.159403969778631	0.999998378927151
14.85	14.95	0.999993892589971	0.799992341809816	4.46863091770594e-05	0.0794050600290827	0.999997557035988
14.95	14.95	0.999992287232878	0.399990660061359	4.46641461078447e-05	-0.000594104177285211	0.999996914893151
0.05	15.05	-4.58252484791432e-06	0.399995119457447	-0.000112327663223193	10.4592655592836	0.599998166990061
0.15	15.05	-5.13912501150369e-06	0.79998558959996	-0.000113172012110381	10.4112662915926	0.599997944349995
0.25	15.05	-5.49176905824389e-06	0.799975902859749	-0.000114838059556799	10.3632676174444	0.599997803292377
0.35	15.05	-4.90531547582581e-06	0.799965901882763	-0.000117327512307801	10.3152695347366	0.59999803787381
0.45	15.05	-2.61703129186729e-06	0.79995545725988	-0.000120641641798206	10.2672720231796	0.599998953187483
0.55	15.05	2.12469653671589e-06	0.799944391128466	-0.000124783018669607	10.2192750473902	0.600000849878615
0.65	15.05	9.9559298069536e-06	0.799932492003114	-0.000129756441665962	10.171278560327	0.600003982371923
0.75	15.05	2.11971977190645e-05	0.799919446382627	-0.000135537631862465	10.1232825112878	0.600008478879088
0.85	15.05	3.50753037771607e-05	0.799904942964294	-0.00014208589496279	10.0752868703506	0.600014030121511
0.95	15.05	4.95076737643546e-05	0.799888364526991	-0.000149397321984354	10.0272916736629	0.600019803069506
1.05	15.05	5.93001960893727e-05	0.799869587293837	-0.000157451041348138	9.97929709865179	0.600023720078436
1.15	15.05	5.85077208722333e-05	0.799848143636664	-0.000166189544710204	9.93130352869708	0.600023403088349
1.25	15.05	4.08778528060565e-05	0.799823530945703	-0.000175565921379521	9.88331157774527	0.600016351141122
1.35	15.05	1.01361987589117e-06	0.799795194136246	-0.0001855465365807	9.83532208950131	0.60000040544795
1.45	15.05	-6.38538495628005e-05	0.799762494710177	-0.000196111335047633	9.78733608972703	0.599974458460175
1.55	15.05	-0.000151709134350516	0.799724666137092	-0.000207256189144689	9.7393546757124	0.59993931634626
1.65	15.05	-0.00025356327947202	0.799680754795939	-0.000218994435524171	9.69137883598676	0.599898574688211
1.75	15.05	-0.000351728216902614	0.7996295415169	-0.0002313497710936	9.64340920687418	0.599859308713239
1.85	15.05	-0.000419209688041162	0.799569417238781	-0.00024431854842347	9.59544579135999	0.599832316124783
1.95	15.05	-0.0004210761183055	0.799498179518954	-0.00025776692525044	9.54748769196878	0.599831569552678
2.05	15.05	-0.000318580700941777	0.799413346887857	-0.00027146281025646	9.4995329419787	0.599872567719623
2.15	15.05	-7.24989458871055e-05	0.799311587577489	-0.000284809037113021	9.45157846475943	0.599971000421645
2.25	15.05	0.00034811314509915	0.799197367352804	-0.000296713710037193	9.40362018762356	0.60013924525804
2.35	15.05	0.00101749964683107	0.799062758477949	-0.000306554726902563	9.35565252401311	0.600406999858732
2.45	15.05	0.00201839513429409	0.798904499409795	-0.000314205872049555	9.30766761315546	0.600807358053718
2.55	15.05	0.00344634738711263	0.7987189922639	-0.000319284274498395	9.25965498393339	0.601378538954845
2.65	15.05	0.00541210648652968	0.798502419820618	-0.000321163812479304	9.21160112129135	0.602164842594612
2.75	15.05	0.00804399915607516	0.798250742021228	-0.00031907727407563	9.16348896741223	0.60321759966243
2.85	15.05	0.0114909228020404	0.797959774557378	-0.000312205439376239	9.11529734226361	0.604596369120816
2.95	15.05	0.0159264562728619	0.797625350233305	-0.000299754146507851	9.06700025122154	0.606370582509145
3.05	15.05	0.0215545510280224	0.797243567040929	-0.000281036430945137	9.01856603291582	0.608621820411209
3.15	15.05	0.0286172501359912	0.796811132495117	-0.000255573832928509	8.9699562853179	0.611446900054397
3.25	15.05	0.0374047794619922	0.796325809671191	-0.000223225893476371	8.92112449386254	0.614961911784797
3.35	15.05	0.0482680331449866	0.795786952425571	-0.000184351247350377	8.87201427719213	0.619307213257995
3.45	15.05	0.0616327339306386	0.795196082774877	-0.000139995138761309	8.8225571742431	0.624653093572255
3.55	15.05	0.0780131029774855	0.794557414165634	-9.20832402892708e-05	8.77266993893705	0.631205241190994
3.65	15.05	0.0980203952436716	0.793878176717276	-4.35772817930384e-05	8.72225141377354	0.639208158097469
3.75	15.05	0.122357957893863	0.793168599719674	1.48592152103854e-06	8.67117925791444	0.648943183157545
3.85	15.05	0.151789957160326	0.792441532737545	3.81856910632298e-05	8.61930714301022	0.66071598286413
3.95	15.05	0.187067410418921	0.791712014796096	6.12651139334926e-05	8.56646350111338	0.674826964167568
4.05	15.05	0.228796814750018	0.790997563113375	6.61085041118547e-05	8.51245342037476	0.691518725900007
4.15	15.05	0.277249883130477	0.79032012221536	5.00611260205839e-05	8.4570655761817	0.710899953252191
4.25	15.05	0.332142808823117	0.789709712675922	1.37439576455896e-05	8.40008571328742	0.732857123529247
4.35	15.05	0.392455169323875	0.789207502029645	-3.8214978613685e-05	8.34131669901811	0.75698206772955
4.45	15.05	0.456387762304867	0.788863813361361	-9.75859870417502e-05	8.28060252849342	0.782555104921947
4.55	15.05	0.521537607171173	0.788727802707625	-0.000154207097771666	8.21785081875932	0.808615042868469
4.65	15.05	0.585280353282755	0.788831455952368	-0.000198393642948173	8.15304709591421	0.834112141313102
4.75	15.05	0.645238105200587	0.789176549006641	-0.000223143963203143	8.08625604044055	0.858095242080235
4.85	15.05	0.699658475229369	0.789732540354809	-0.000225337838407419	8.01760936822696	0.879863390091748
4.95	15.05	0.747583319686072	0.79044599390702	-0.000205693346673391	7.947284691113	0.899033327874429
5.05	15.05	0.788798458118394	0.791255273444689	-0.000167807540914619	7.87548191049239	0.915519383247358
5.15	15.05	0.823644165775877	0.792103316108307	-0.000116840454124613	7.80240278390112	0.929457666310351
5.25	15.05	0.85278727373641	0.792944873432894	-5.83120249194578e-05	7.72823661136085	0.941114909494564
5.35	15.05	0.877025986094787	0.793748429247354	2.74781088028022e-06	7.65315233616896	0.950810394437915
5.45	15.05	0.897156096243255	0.794494783020806	6.22593960113561e-05	7.5772957607919	0.958862438497302
5.55	15.05	0.913896786313504	0.795174280085461	0.000117241101312816	7.50079009603773	0.965558714525402
5.65	15.05	0.927860676341878	0.795783952347019	0.000165754849334976	7.42373827054565	0.971144270536751
5.75	15.05	0.939551097150076	0.796325138878828	0.000206747149701359	7.34622589177133	0.97582043886003
5.85	15.05	0.949373187971105	0.79680172201028	0.000239854726202244	7.26832420218142	0.979749275188442
5.95	15.05	0.957650107066531	0.797218913577997	0.000265215802939712	7.1900927108041	0.983060042826613
6.05	15.05	0.964639508128986	0.797582464837727	0.0002833070975271	7.11158139129014	0.985855803251594
6.15	15.05	0.970548038623655	0.797898176990093	0.000294813170302308	7.03283245149006	0.988219215449462
6.25	15.05	0.975543138907625	0.798171614372867	0.000300527377670943	6.95388173020635	0.99021725556305
6.35	15.05	0.979762197428232	0.798407949516127	0.000301280271676539	6.87475979142892	0.991904878971293
6.45	15.05	0.983319443409317	0.798611891587852	0.000297890228131976	6.79549278314719	0.993327777363727
6.55	15.05	0.98631104222228	0.798787666118932	0.00029113124249767	6.71610311744554	0.994524416888912
6.65	15.05	0.988818828360462	0.798939025173483	0.000281713514810647	6.63661001665858	0.995527531344185
6.75	15.05	0.990913037969705	0.799069274640593	0.000270273273952459	6.5570299594632	0.996365215187882
6.85	15.05	0.992654323001292	0.799181310229544	0.000257369081320232	6.47737705182431	0.997061729200517
6.95	15.05	0.994095257725185	0.799277656925476	0.000243482530714875	6.3976633407785	0.997638103090074
7.05	15.05	0.995281490480041	0.799360508708195	0.000229021806926526	6.31789908388326	0.998112596192017
7.15	15.05	0.996252649111281	0.79943176665434	0.000214326989191106	6.23809298342776	0.998501059644512
7.25	15.05	0.997043075606648	0.799493074389061	0.00019967630709258	6.15825239185601	0.998817230242659
7.35	15.05	0.997682441582585	0.799545850394283	0.000185292795927074	6.07838349301142	0.999072976633034
7.45	15.05	0.998196279299054	0.799591317021536	0.000171350973510282	5.99849146254942	0.999278511719622
7.55	15.05	0.998606450981421	0.799630526267564	0.000157983288580717	5.91858061001468	0.999442580392569
7.65	15.05	0.9989315710184	0.799664382493276	0.000145286182714302	5.83865450451737	0.99957262840736
7.75	15.05	0.999187390052263	0.799693662332241	0.000133325672666883	5.75871608557905	0.999674956020905
7.85	15.05	0.999387146325914	0.799719032062803	0.00012214240688792	5.67876776048832	0.999754858530365
7.95	15.05	0.999541887350193	0.799741062721525	0.000111756181784242	5.59881148936244	0.999816754940077
8.05	15.05	0.999660763601801	0.799760243224575	0.000102169925380656	5.5188488590211	0.99986430544072
8.15	15.05	0.999751295261576	0.799776991744553	9.33731710078427e-05	5.43888114671898	0.999900518104631
8.25	15.05	0.999819612736139	0.79979166556597	8.5345052900951e-05	5.35890937473885	0.999927845094456
8.35	15.05	0.999870671711473	0.799804569618589	7.80568612394229e-05	5.27893435680674	0.999948268684589
8.45	15.05	0.999908443646443	0.799815963862837	7.14741971985905e-05	5.19895673724858	0.999963377458577
8.55	15.05	0.99993608284234	0.799826069679479	6.55587692853549e-05	5.11897702376056	0.999974433136936
8.65	15.05	0.999956071462489	0.799835075394948	6.02698717845051e-05	5.03899561461227	0.999982428584996
8.75	15.05	0.999970344085277	0.799843141056292	5.55655844542654e-05	4.95901282104274	0.999988137634111
8.85	15.05	0.999980393532509	0.799850402553778	5.14037307431593e-05	4.87902888554565	0.999992157413004
8.95	15.05	0.999987359812549	0.79985697517621	4.77426283205938e-05	4.79904399667374	0.99999494392502
9.05	15.05	0.999992104053142	0.799862956672541	4.45416637733918e-05	4.7190583009249	0.999996841621257
9.15	15.05	0.999995269276791	0.799868429883931	4.17617192169887e-05	4.63907191220542	0.999998107710717
9.25	15.05	0.999997329800936	0.799873465002102	3.93654761795037e-05	4.55908491930219	0.999998931920375
9.35	15.05	0.999998630936048	0.799878121502991	3.73176188319536e-05	4.47909739173414	0.999999452374419
9.45	15.05	0.999999420518461	0.799882449798599	3.55849556446874e-05	4.39910938429802	0.999999768207384
9.55	15.05	0.999999873661364	0.799886492644878	3.41364761257049e-05	4.31912094057216	0.999999949464546
9.65	15.05	1.00000011194641	0.799890286338558	3.29433567233362e-05	4.23913209559704	1.00000004477857
9.75	15.05	1.00000021811735	0.799893861732571	3.19789275773082e-05	4.15914287791187	1.00000008724694
9.85	15.05	1.00000024718208	0.799897245095061	3.12186101798245e-05	4.07915331109187	1.00000009887283
9.95	15.05	1.00000023468492	0.799900458834848	3.0639833897788e-05	3.99916341490267	1.00000009387397
10.05	15.05	1.00000020277949	0.799903522112689	3.02219380742909e-05	3.91917320616327	1.0000000811118
10.15	15.05	1.00000016461602	0.799906451355399	2.99460648344921e-05	3.8391826993895	1.00000006584641
10.25	15.05	1.00000012745555	0.799909260687511	2.97950469872392e-05	3.75919190727352	1.00000005098222
10.35	15.05	1.0000000948374	0.799911962293344	2.97532940898316e-05	3.67920084104162	1.00000003793496
10.45	15.05	1.00000006805388	0.799914566720264	2.98066792875625e-05	3.59920951072258	1.00000002722155
10.55	15.05	1.00000004712728	0.799917083132575	2.99424286941608e-05	3.51921792535054	1.00000001885091
10.65	15.05	1.00000003143608	0.799919519523982	3.01490147136624e-05	3.43922609312	1.00000001257443
10.75	15.05	1.00000002009949	0.799921882895359	3.04160541812054e-05	3.35923402150612	1.0000000080398
10.85	15.05	1.00000001219969	0.799924179403615	3.0734211897969e-05	3.27924171735962	1.00000000487988
10.95	15.05	1.00000000689858	0.799926414486339	3.10951100229753e-05	3.19924918698302	1.00000000275943
11.05	15.05	1.00000000348857	0.799928592966369	3.1491243317348e-05	3.11925643619314	1.00000000139543
11.15	15.05	1.00000000140443	0.799930719139573	3.19159003074463e-05	3.03926347037322	1.00000000056177
11.25	15.05	1.00000000021404	0.799932796848722	3.23630902741224e-05	2.95927029451711	1.00000000008562
11.35	15.05	0.999999999599435	0.799934829545738	3.28274758366227e-05	2.87927691326715	0.999999999839774
11.45	15.05	0.999999999335038	0.799936820344246	3.33043109230029e-05	2.79928333094715	0.999999999734015
11.55	15.05	0.999999999267181	0.799938772064156	3.37893838036167e-05	2.71928955159119	0.999999999706872
11.65	15.05	0.999999999296777	0.799940687269441	3.42789649094006e-05	2.63929557896894	0.999999999718711
11.75	15.05	0.999999999365964	0.799942568300287	3.47697591906139e-05	2.55930141660802	0.999999999746386
11.85	15.05	0.99999999944852	0.799944417300577	3.52588625493288e-05	2.47930706781378	0.999999999779408
11.95	15.05	0.999999999543207	0.799946236241351	3.57437222527253e-05	2.39931253568677	0.999999999817283
12.05	15.05	0.999999999668574	0.799948026940911	3.62221008094602e-05	2.31931782313822	0.99999999986743
12.15	15.05	0.999999999857123	0.799949791082111	3.6692043206473e-05	2.23932293290383	0.999999999942849
12.25	15.05	1.00000000014627	0.799951530227288	3.71518471209733e-05	2.1593278675562	1.00000000005851
12.35	15.05	1.00000000056333	0.799953245831203	3.76000358740158e-05	2.07933262951618	1.00000000022533
12.45	15.05	1.0000000011024	0.799954939252454	3.80353338851698e-05	1.99933722106367	1.00000000044096
12.55	15.05	1.00000000169271	0.799956611763778	3.84566443516792e-05	1.91934164434821	1.00000000067708
12.65	15.05	1.00000000216194	0.799958264561542	3.88630289914595e-05	1.8393459013997	1.00000000086477
12.75	15.05	1.00000000220386	0.799959898774879	3.92536896260386e-05	1.75934999413943	1.00000000088154
12.85	15.05	1.00000000136818	0.799961515474672	3.96279514745673e-05	1.67935392439108	1.00000000054727
12.95	15.05	0.999999999099696	0.799963115682388	3.99852481373335e-05	1.59935769389062	0.999999999639878
13.05	15.05	0.999999994862086	0.799964700378331	4.03251082145622e-05	1.51936130429297	0.999999997944834
13.15	15.05	0.999999988382682	0.799966270508322	4.06471436930149e-05	1.43936475717237	0.999999995353073
13.25	15.05	0.999999980041997	0.799967826986987	4.09510402587421e-05	1.35936805401206	0.999999992016799
13.35	15.05	0.999999971395393	0.799969370695183	4.1236549663966e-05	1.27937119617902	0.999999988558157
13.45	15.05	0.999999965745204	0.799970902468495	4.15034841662713e-05	1.19937418488078	0.999999986298082
13.55	15.05	0.999999968574336	0.799972423074432	4.17517127572511e-05	1.11937702110588	0.999999987429735
13.65	15.05	0.999999987512446	0.799973933177652	4.19811583415636e-05	1.0393797055575	0.999999995004978
13.75	15.05	1.00000003135825	0.799975433297114	4.21917942176062e-05	0.959382238602958	1.0000000125433
13.85	15.05	1.0000001075814	0.79997692376626	4.23836372247699e-05	0.879384620278553	1.00000004303256
13.95	15.05	1.00000021776698	0.799978404717697	4.25567340564274e-05	0.799386850406896	1.00000008710679
14.05	15.05	1.00000035077659	0.799979876125966	4.27111367046079e-05	0.719388928896324	1.00000014031064
14.15	15.05	1.00000047413396	0.79998133795246	4.28468637682864e-05	0.639390856287392	1.00000018965358
14.25	15.05	1.00000052543582	0.799982790439407	4.29638470089773e-05	0.559392634574606	1.00000021017433
14.35	15.05	1.00000040747494	0.799984234585493	4.30618681154133e-05	0.479394268243826	1.00000016298998
14.45	15.05	0.999999993064594	0.799985672792483	4.31404997831255e-05	0.399395765311011	0.999999997225838
14.55	15.05	0.999999147725109	0.799987109587582	4.31990776072003e-05	0.319397137921557	0.999999659090044
14.65	15.05	0.999997779368331	0.799988552193534	4.32367434289577e-05	0.23939840179267	0.999999111747332
14.75	15.05	0.99999592221205	0.799990010872025	4.32526124290278e-05	0.159399573518935	0.99999836888482
14.85	15.05	0.999993855149542	0.799992339225119	4.3246115240705e-05	0.0794006645753008	0.999997542059817
14.95	15.05	0.999992240296215	0.399990622475577	4.3226330185827e-05	-0.000598497537830906	0.999996896118486
0.05	15.15	-4.63407936254619e-06	0.399994738906419	-0.000102371583565246	10.4592720119414	0.599998146368255
0.15	15.15	-5.19083054297931e-06	0.799984448031769	-0.000103103482671174	10.4112727915662	0.599997923667783
0.25	15.15	-5.53580902414584e-06	0.799973998265773	-0.000104536201278535	10.3632742103992	0.59999778567639
0.35	15.15	-4.92830636328907e-06	0.799963233321035	-0.00010666005740589	10.3152762660794	0.599998028677455
0.45	15.15	-2.60545651528924e-06	0.799952026106039	-0.00010945817551054	10.2672789378325	0.599998957817394
0.55	15.15	2.17451740257596e-06	0.799940202111132	-0.000112906738166847	10.2192821897305	0.600000869806961
0.65	15.15	1.00480907114406e-05	0.79992756508569	-0.000116976872050557	10.171285974475	0.600004019236285
0.75	15.15	2.15930039651175e-05	0.799913711107773	-0.000121630468959689	10.1232902389651	0.600008637201586
0.85	15.15	3.59862706084105e-05	0.799898356180699	-0.000126758783955694	10.0752949474134	0.600014394508243
0.95	15.15	5.0629540066797e-05	0.799881131967619	-0.00013225854133125	10.0273001334792	0.600020251816027
1.05	15.15	6.06893113694278e-05	0.799861762824427	-0.000138033447574168	9.97930597186261	0.600024275724548
1.15	15.15	6.01822753905361e-05	0.799839835876342	-0.000143919335496582	9.93131283860004	0.600024072910156
1.25	15.15	4.27347429554556e-05	0.799814902798056	-0.000149748444624138	9.8833213407775	0.600017093897182
1.35	15.15	2.80185159978459e-06	0.799786474194338	-0.000155359249489472	9.83533231599816	0.60000112074064
1.45	15.15	-6.25585892411963e-05	0.799753987800098	-0.000160600878352916	9.78734678473827	0.599974976564303
1.55	15.15	-0.000151527151393682	0.799716760580071	-0.000165339946779964	9.7393658401255	0.599939389139443
1.65	15.15	-0.000255312231165965	0.799673924657408	-0.000169464991040615	9.6913904679279	0.599897875107534
1.75	15.15	-0.000356359441593298	0.799624344088509	-0.000172876987609771	9.64342130265455	0.599857456223363
1.85	15.15	-0.00042758588205678	0.799566489451095	-0.000175443257676685	9.59545834310751	0.599828965647177
1.95	15.15	-0.000433619704414804	0.799498114743697	-0.00017687952368891	9.54750067477356	0.599826552118234
2.05	15.15	-0.000337007071151411	0.799417530556983	-0.00017656593676517	9.49954630378521	0.59986519717154
2.15	15.15	-9.90721751240594e-05	0.79932218105939	-0.000173537607041108	9.45159212406201	0.59996037112995
2.25	15.15	0.00031743645588056	0.799213500015554	-0.00016621996942109	9.40363397752194	0.600126974582352
2.35	15.15	0.000980265916370304	0.799086366915258	-0.000153476171690458	9.35566620832747	0.600392106366548
2.45	15.15	0.00197132258610373	0.798937600224062	-0.000134997331418214	9.30768094835975	0.600788529034441
2.55	15.15	0.00338608386078213	0.79876394979502	-0.00011017411996461	9.25966769945043	0.601354433544313
2.65	15.15	0.00533509790782415	0.798561929443381	-7.80800338723326e-05	9.21161290010642	0.60213403916313
2.75	15.15	0.00794620469873385	0.798327830273381	-3.76499083464772e-05	9.1634994357015	0.603178481879494
2.85	15.15	0.0113675230290168	0.798057818333092	1.21588913685552e-05	9.11530606664693	0.604547009211607
2.95	15.15	0.0157715527525867	0.797748096955127	7.22151455710732e-05	9.06700674254448	0.606308621101035
3.05	15.15	0.0213608326443477	0.797395140174966	0.000143037737967022	9.01856975722168	0.608544333057739
3.15	15.15	0.0283756062422554	0.796996009635861	0.00022456848227724	8.96995668410917	0.611350242496902
3.25	15.15	0.037103851871967	0.796548760174982	0.000315877087885672	8.92112101679906	0.614841540748787
3.35	15.15	0.0478937185046413	0.79605291947669	0.000414793045318601	8.87200643105393	0.619157487401856
3.45	15.15	0.0611676830043092	0.795509992548836	0.000517479311795388	8.82254459206238	0.624467073201724
3.55	15.15	0.0774363247386958	0.794923894173638	0.000617999489557565	8.77265247207392	0.630974529895478
3.65	15.15	0.0973071723590938	0.794301168527306	0.00070799084860631	8.72222924636158	0.638922868943637
3.75	15.15	0.121480418535168	0.793650860373272	0.000776639799644052	8.67115303619484	0.648592167414067
3.85	15.15	0.150718799933919	0.792984036549008	0.000811243069071789	8.61927810044012	0.660287519973567
3.95	15.15	0.185775357387774	0.792313294857154	0.000798666172213922	8.5664335440579	0.67431014295511
4.05	15.15	0.227264194728781	0.791653072315276	0.000727874265360031	8.51242512267415	0.690905677891512
4.15	15.15	0.275472087495075	0.79102174977839	0.000593302034074038	8.45704202402223	0.71018883499803
4.25	15.15	0.330138107201677	0.790445657240832	0.000398174600842271	8.40007016019349	0.732055242880671
4.35	15.15	0.39026990762866	0.789962734028684	0.000156311369156424	8.34131204703653	0.756107963051464
4.45	15.15	0.454095402547381	0.789621268419332	-0.000108986102825834	8.28061073801384	0.781638161018952
4.55	15.15	0.519229683998627	0.789470174349714	-0.00036927894628134	8.21787242440107	0.807691873599451
4.65	15.15	0.583051151352272	0.789543116466935	-0.000597233489006901	8.15308100978634	0.833220460540909
4.75	15.15	0.643168406545726	0.789845003911487	-0.000772359136963174	8.08629972923686	0.857267362618291
4.85	15.15	0.697804238818289	0.790349065020113	-0.000884193089354553	8.01765934180252	0.879121695527315
4.95	15.15	0.745972226397611	0.7910055123461	-0.000932324003395737	7.94733712794095	0.898388890559044
5.05	15.15	0.787433346587811	0.791755795315389	-0.000924065422000876	7.87553322962404	0.914973338635125
5.15	15.15	0.822510140323891	0.792545244667839	-0.000871186135826132	7.80245004003888	0.929004056129556
5.25	15.15	0.851859297130993	0.793330362009331	-0.000786882704998747	7.72827768104101	0.940743718852397
5.35	15.15	0.876275040461798	0.794080842754013	-0.000683605434781611	7.65318592986663	0.950510016184719
5.45	15.15	0.896553312792247	0.794778263003714	-0.000571838798682253	7.57732132296006	0.958621325116899
5.55	15.15	0.913415753751822	0.795413398138833	-0.000459652688964605	7.50080765241702	0.965366301500729
5.65	15.15	0.927478437311137	0.795983439030287	-0.000352756826211623	7.42374826579797	0.970991374924455
5.75	15.15	0.939248336385991	0.796489678632135	-0.000254820391992485	7.34622904256463	0.975699334554396
5.85	15.15	0.949133992241545	0.796935805598095	-0.000167888546263046	7.26832137685782	0.979653596896618
5.95	15.15	0.957461541797496	0.797326739278087	-9.27955300332642e-05	7.19008483783833	0.982984616718998
6.05	15.15	0.964491150137215	0.79766787926779	-2.95249694377918e-05	7.11156939399895	0.985796460054886
6.15	15.15	0.970431534673431	0.79796464672443	2.24996494448436e-05	7.03281720450391	0.988172613869373
6.25	15.15	0.975451818760048	0.798222220351879	6.41935514104752e-05	6.95386403287379	0.990180727504019
6.35	15.15	0.979690748220633	0.798445397460501	9.66493149698339e-05	6.87474035377155	0.991876299288253
6.45	15.15	0.983263641896091	0.79863853294954	0.000121024045801298	6.79547222072813	0.993305456758436
6.55	15.15	0.986267537421816	0.798805525355325	0.000138463859970008	6.71608195229644	0.994507014968726
6.65	15.15	0.988784966332946	0.79894983022422	0.000150056014354904	6.6365886821104	0.995513986533179
6.75	15.15	0.990886721037299	0.799074488383491	0.000156800912880795	6.55700880730421	0.99635468841492
6.85	15.15	0.992633896806708	0.799182161397249	0.000159598009051725	6.47735636066329	0.997053558722683
6.95	15.15	0.994079420676426	0.799275169499283	0.000159241144100149	6.39764332483672	0.99763176827057
7.05	15.15	0.995269221169556	0.79935552919995	0.000156420071046751	6.31787990169588	0.998107688467822
7.15	15.15	0.996243148172421	0.799424988969841	0.000151725844078839	6.23807474612197	0.998497259268968
7.25	15.15	0.997035719179375	0.799485062163355	0.000145658445276519	6.15823517080748	0.99881428767175
7.35	15.15	0.997676744125342	0.799537056822036	0.000138635528850112	6.0783673267746	0.999070697650137
7.45	15.15	0.998191863930676	0.799582102291179	0.000131001528962044	5.99847636302217	0.999276745572271
7.55	15.15	0.998603025890573	0.799621172759531	0.000123036638434334	5.91856656784125	0.999441210356229
7.65	15.15	0.998928910758658	0.799655107930441	0.000114965348954046	5.83864149376205	0.999571564303463
7.75	15.15	0.999185320765118	0.799684631081405	0.000106964372164525	5.75870406771981	0.999674128306047
7.85	15.15	0.999385534114093	0.799710364786592	9.91698478868612e-05	5.67875668778942	0.999754213645637
7.95	15.15	0.999540629169568	0.799732844572185	9.16838061450767e-05	5.59880130768894	0.999816251667827
8.05	15.15	0.999659780158846	0.799752530759815	8.45798880608995e-05	5.51883951015883	0.999863912063539
8.15	15.15	0.999750525500525	0.799769818731329	7.79083566004663e-05	5.43887257026133	0.99990021020021
8.25	15.15	0.999819009579694	0.799785047822838	7.17004425849005e-05	5.3589015095984	0.999927603831878
8.35	15.15	0.999870198784518	0.799798509031611	6.59720805406128e-05	5.27892714240525	0.999948079513807
8.45	15.15	0.999908072766007	0.799810451695335	6.07270922388424e-05	5.19895011443395	0.999963229106403
8.55	15.15	0.999935792101277	0.79982108928138	5.59598763407393e-05	5.11897093549436	0.999974316840511
8.65	15.15	0.999955843770354	0.7998306044044	5.16576613566953e-05	5.03899000646651	0.999982337508142
8.75	15.15	0.999970166059211	0.799839153174186	4.78023756813476e-05	4.95900764153961	0.999988066423684
8.85	15.15	0.999980254654592	0.799846868960755	4.43721851302101e-05	4.87902408636969	0.999992101861837
8.95	15.15	0.999987251789043	0.799853865652084	4.1342744127894e-05	4.79903953278162	0.999994900715617
9.05	15.15	0.999992020326055	0.799860240469433	3.8688201988988e-05	4.7190541305743	0.999996808130422
9.15	15.15	0.999995204650094	0.799866076396627	3.63820018759441e-05	4.63906799692123	0.999998081860038
9.25	15.15	0.999997280152956	0.799871444272671	3.43975052478933e-05	4.55908122379499	0.999998912061183
9.35	15.15	0.99999859299669	0.799876404590764	3.27084707967424e-05	4.47909388378373	0.999999437198676
9.45	15.15	0.999999391695345	0.799881009041639	3.12894132264017e-05	4.39910603461215	0.999999756678138
9.55	15.15	0.999999851903072	0.799885301834693	3.01158633987489e-05	4.31911772262876	0.999999940761229
9.65	15.15	1.00000009563409	0.799889320826315	2.9164548578993e-05	4.23912898547674	1.00000003825364
9.75	15.15	1.0000002059782	0.799893098481506	2.84135084834275e-05	4.15913985412593	1.00000008239128
9.85	15.15	1.00000023821991	0.799896662691672	2.7842160493027e-05	4.07915035440968	1.00000009528796
9.95	15.15	1.00000022812418	0.799900037468605	2.74313249515889e-05	3.99916050818192	1.00000009124967
10.05	15.15	1.00000019802006	0.799903243532632	2.71632199972816e-05	3.91917033418506	1.00000007920803
10.15	15.15	1.00000016119666	0.799906298809943	2.70214332450602e-05	3.83917984870013	1.00000006447866
10.25	15.15	1.00000012502435	0.799909218852912	2.69908765551442e-05	3.7591890660339	1.00000005000974
10.35	15.15	1.000000093128	0.799912017194771	2.70577288901955e-05	3.67919799888529	1.0000000372512
10.45	15.15	1.00000006686642	0.7999147056488	2.72093711867213e-05	3.59920665862247	1.00000002674657
10.55	15.15	1.00000004631316	0.799917294560657	2.74343163144453e-05	3.51921505549474	1.00000001852526
10.65	15.15	1.0000000308859	0.799919793021139	2.77221366742963e-05	3.43922319879646	1.00000001235436
10.75	15.15	1.00000001973356	0.799922209045673	2.80633912400413e-05	3.35923109699602	1.00000000789342
10.85	15.15	1.0000000119606	0.799924549725947	2.84495535212194e-05	3.27923875783917	1.00000000478424
10.95	15.15	1.00000000674548	0.799926821358027	2.88729413412329e-05	3.19924618843327	1.00000000269819
11.05	15.15	1.00000000339276	0.799929029550867	2.93266493949106e-05	3.11925339531744	1.0000000013571
11.15	15.15	1.00000000134605	0.799931179318304	2.98044849400839e-05	3.03926038452177	1.00000000053842
11.25	15.15	1.00000000017954	0.799933275157285	3.03009069652023e-05	2.95926716161822	1.00000000007182
11.35	15.15	0.999999999579715	0.79993532111449	3.08109690674442e-05	2.87927373176474	0.999999999831886
11.45	15.15	0.99999999932411	0.799937320843205	3.13302660344523e-05	2.79928009974404	0.999999999729644
11.55	15.15	0.99999999926118	0.799939277652036	3.1854884185315e-05	2.71928626999766	0.999999999704472
11.65	15.15	0.999999999293283	0.799941194546734	3.23813553422309e-05	2.63929224665627	0.999999999717313
11.75	15.15	0.999999999363538	0.79994307426616	3.29066143208338e-05	2.55929803356655	0.999999999745415
11.85	15.15	0.999999999446415	0.799944919313333	3.3427959773438e-05	2.47930363431505	0.999999999778566
11.95	15.15	0.999999999541202	0.799946731982289	3.39430182834295e-05	2.39930905224946	0.999999999816481
12.05	15.15	0.999999999666885	0.799948514381302	3.4449711409221e-05	2.3193142904976	0.999999999866754
12.15	15.15	0.999999999856353	0.799950268453126	3.49462255566107e-05	2.2393193519843	0.999999999942541
12.25	15.15	1.00000000014734	0.799951995992593	3.54309844821593e-05	2.15932423944673	1.00000000005893
12.35	15.15	1.00000000056732	0.799953698662046	3.59026241576055e-05	2.07932895544836	1.00000000022693
12.45	15.15	1.00000000111026	0.79995537800509	3.63599698969933e-05	1.99933350239213	1.0000000004441
12.55	15.15	1.00000000170472	0.799957035458924	3.68020154620916e-05	1.9193378825332	1.00000000068189
12.65	15.15	1.00000000217697	0.799958672365821	3.72279040074911e-05	1.83934209799166	1.00000000087079
12.75	15.15	1.00000000221845	0.79996028998402	3.76369107310343e-05	1.75934615076533	1.00000000088738
12.85	15.15	1.00000000137562	0.799961889498317	3.80284270999405e-05	1.67935004274242	1.00000000055025
12.95	15.15	0.99999999908948	0.799963472030407	3.84019465869772e-05	1.59935377571284	0.999999999635792
13.05	15.15	0.999999994820347	0.799965038648482	3.87570519951178e-05	1.51935735137624	0.999999997928139
13.15	15.15	0.999999988294409	0.799966590375121	3.90934044183283e-05	1.43936077134344	0.999999995317763
13.25	15.15	0.999999979895881	0.799968128191706	3.94107340333643e-05	1.35936403712712	0.999999991958352
13.35	15.15	0.999999971192009	0.799969653036763	3.97088328254557e-05	1.27936715011726	0.999999988476803
13.45	15.15	0.999999965508549	0.799971165795299	3.99875493057267e-05	1.19937011153854	0.99999998620342
13.55	15.15	0.999999968365443	0.799972667276666	4.02467849262298e-05	1.11937292239111	0.999999987346177
13.65	15.15	0.99999998744165	0.799974158180275	4.04864913769235e-05	1.03937558338455	0.99999999497666
13.75	15.15	1.00000003158988	0.799975639053225	4.07066671775011e-05	0.959378094887698	1.00000001263595
13.85	15.15	1.00000010832139	0.799977110250873	4.09073510831146e-05	0.879380456934164	1.00000004332856
13.95	15.15	1.00000021922164	0.799978571922085	4.10886088547337e-05	0.799382669341027	1.00000008768866
14.05	15.15	1.00000035307012	0.799980024052893	4.12505096499973e-05	0.719384732010665	1.00000014122805
14.15	15.15	1.00000047717726	0.79998146661288	4.13930888563371e-05	0.639386645481055	1.0000001908709
14.25	15.15	1.00000052875093	0.799982899851438	4.15162968698017e-05	0.559388411752756	1.00000021150037
14.35	15.15	1.00000041000171	0.799984324776601	4.16199386301248e-05	0.479390035332506	1.00000016400068
14.45	15.15	0.999999993009754	0.799985743805589	4.17036174564717e-05	0.399391524277705	0.999999997203902
14.55	15.15	0.99999914255663	0.799987161491215	4.1766708604321e-05	0.319392890798456	0.999999657022652
14.65	15.15	0.999997766101198	0.799988585094703	4.18084013151311e-05	0.239394150695566	0.999999106440479
14.75	15.15	0.999995898159226	0.799990024926695	4.18278591433199e-05	0.159395320649617	0.99999835926369
14.85	15.15	0.999993819296728	0.79999233891756	4.18245467940834e-05	0.0793964121903025	0.999997527718691
14.95	15.15	0.999992195365251	0.399990587427221	4.18071020522914e-05	-0.000602748066099268	0.9999968781461
0.05	15.25	-4.68906323699774e-06	0.399994416006546	-9.17117288830483e-05	10.4592778443997	0.599998124374705
0.15	15.25	-5.24371996346124e-06	0.799983480827364	-9.23309606282647e-05	10.4112786645318	0.599997902512015
0.25	15.25	-5.57413183038295e-06	0.799972390191083	-9.35323351173376e-05	10.3632801623066	0.599997770347268
0.35	15.25	-4.92888213138566e-06	0.799960992265066	-9.52961121809751e-05	10.3152823344661	0.599998028447147
0.45	15.25	-2.53360859343528e-06	0.799949165564811	-9.7588800413798e-05	10.2672851587029	0.599998986556562
0.55	15.25	2.36572181205294e-06	0.799936742932335	-0.000100359845181814	10.2192885967841	0.600000946288725
0.65	15.25	1.04053058460056e-05	0.799923527100321	-0.000103541253930421	10.171292598212	0.600004162122338
0.75	15.25	2.19802542510368e-05	0.799909244774643	-0.000107075695359812	10.1232971077214	0.6000087921017
0.85	15.25	3.68195660961525e-05	0.799893382299803	-0.000110849720458925	10.0753020823377	0.600014727826438
0.95	15.25	5.18694241007847e-05	0.799875828328748	-0.000114673225658645	10.0273075457927	0.60002074776964
1.05	15.25	6.23329379634736e-05	0.799856308542672	-0.000118331215453456	9.9793136639059	0.600024933175185
1.15	15.25	6.21794896431362e-05	0.799834472619794	-0.000121575035817391	9.93132080028173	0.600024871795857
1.25	15.25	4.49049572439217e-05	0.799809949607102	-0.000124139766794477	9.88332954864342	0.600017961982898
1.35	15.25	4.77447917578683e-06	0.799782347429596	-0.000125753016326756	9.83534073322038	0.60000190979167
1.45	15.25	-6.13949824545621e-05	0.799751219537439	-0.000126144462060014	9.78735536160458	0.599975442007018
1.55	15.25	-0.000152064475552637	0.799716012743565	-0.000125057161189674	9.73937451507935	0.599939174209779
1.65	15.25	-0.000258737493500658	0.799675999783072	-0.000122254833936733	9.69139916890382	0.5998965050026
1.75	15.25	-0.000364133386778895	0.79963019760345	-0.00011751528478625	9.64342994776557	0.599854346645288
1.85	15.25	-0.000441402971046126	0.799577257118017	-0.000110596417647656	9.595466839133	0.599823438811582
1.95	15.25	-0.000455285123041578	0.799515285047729	-0.000101137006847466	9.5475089119614	0.599817885950783
2.05	15.25	-0.000366345584977779	0.799442112083267	-8.82037712010999e-05	9.49955412571875	0.599853461766009
2.15	15.25	-0.000135519683337624	0.799355444798804	-7.03905454126022e-05	9.45159928848725	0.599945792126665
2.25	15.25	0.000271365503047236	0.79925819703229	-4.55619184571389e-05	9.40364013883399	0.600108546201219
2.35	15.25	0.000921100274834068	0.7991451410536	-1.23661210734788e-05	9.35567095378517	0.600368440109934
2.45	15.25	0.00189446700156875	0.79901351985876	2.94696461487387e-05	9.30768383472359	0.600757786800627
2.55	15.25	0.00328636924664912	0.79886068388601	8.09016624881737e-05	9.25966823527396	0.60131454769866
2.65	15.25	0.00520661202031661	0.798683755744014	0.000143213165476687	9.21161052482517	0.602082644808127
2.75	15.25	0.00778192303207959	0.798479631639898	0.000217754863813945	9.16349350994298	0.603112769212832
2.85	15.25	0.0111588861753592	0.798245110252692	0.000305759873410171	9.11529587275059	0.604463554470144
2.95	15.25	0.0155079870092806	0.797977058806342	0.000408148597968414	9.06699149490332	0.606203194803712
3.05	15.25	0.0210291837818756	0.797672624544353	0.000525277837528293	9.01854862457344	0.60841167351275
3.15	15.25	0.0279594611561414	0.797329508458903	0.000656605286387257	8.96992882794118	0.611183784462457
3.25	15.25	0.036582738713629	0.796946305268071	0.000800249906250706	8.92108565161806	0.614633095485452
3.35	15.25	0.0472422070888151	0.79652289090726	0.000952442693582847	8.87196291337906	0.618896882835526
3.45	15.25	0.0603544673672881	0.796060804148305	0.00110689129711087	8.8224925451202	0.624141786946915
3.55	15.25	0.0764234777303297	0.7955635241548	0.00125413704298861	8.7725919511896	0.630569391092132
3.65	15.25	0.0960499378132956	0.795036507977614	0.00138107445249086	8.7221609441096	0.638419975125318
3.75	15.25	0.11992815517359	0.794486867162215	0.0014709308822772	8.67107851406621	0.647971262069436
3.85	15.25	0.148817968664689	0.793922710581126	0.00150413589313721	8.61920001293058	0.659527187465876
3.95	15.25	0.183475598387527	0.793352536175864	0.00146055538297746	8.56635579203384	0.673390239355011
4.05	15.25	0.224528258793903	0.79278555167932	0.00132336339103967	8.5123528425484	0.689811303517561
4.15	15.25	0.272289239862407	0.79223401949077	0.00108420977451983	8.45698130555752	0.708915695944963
4.25	15.25	0.3265383926773	0.79171785077767	0.000748345069168076	8.4000274168043	0.73061535707092
4.35	15.25	0.386333994087069	0.791269275648486	0.000337461239033425	8.34129306204757	0.754533597634827
4.45	15.25	0.449953563641519	0.790932876379783	-0.000111925227422393	8.28061956672249	0.779981425456607
4.55	15.25	0.515046188231874	0.79075696906414	-0.000555099150424104	8.21791047217596	0.80601847529275
4.65	15.25	0.578996950680189	0.790778023950532	-0.000948790952151674	8.15314662204892	0.831598780272076
4.75	15.25	0.639391573562517	0.79100638244963	-0.00126014886784914	8.08638846480528	0.855756629425007
4.85	15.25	0.694408861788786	0.791421884809303	-0.00147182518748671	8.01776483160793	0.877763544715514
4.95	15.25	0.743011411398163	0.791981158566548	-0.00158216181967251	7.94745220974077	0.897204564559265
5.05	15.25	0.784914878118589	0.792631052633611	-0.00160168060696743	7.87565101026684	0.913965951247436
5.15	15.25	0.820409092857927	0.793321037866961	-0.00154805028303735	7.80256465172898	0.928163637143171
5.25	15.25	0.850131771797208	0.794010588462789	-0.00144138518278389	7.72838466309815	0.940052708718883
5.35	15.25	0.874869437220518	0.794671407363683	-0.00130084575541572	7.65328229168441	0.949947774888207
5.45	15.25	0.895417954033852	0.795286313536699	-0.00114271257643778	7.57740539692642	0.958167181613541
5.55	15.25	0.912503186976512	0.795846729737084	-0.000979656131921677	7.50087884345061	0.965001274790605
5.65	15.25	0.926747323952751	0.796350039625477	-0.000820789531480413	7.4238067760911	0.9706989295811
5.75	15.25	0.938663843051409	0.796797393712281	-0.000672135619571874	7.3462756181759	0.975465537220564
5.85	15.25	0.948667382942047	0.797192103913568	-0.000537247556329713	7.26835709750132	0.979466953176819
5.95	15.25	0.957089424505311	0.797538561798427	-0.000417827498650239	7.19011095492529	0.982835769802125
6.05	15.25	0.96419463721528	0.797841554164547	-0.000314266961188423	7.1115872132271	0.985677854886112
6.15	15.25	0.970195447697956	0.798105854373202	-0.000226082479312349	7.032828005607	0.988078179079182
6.25	15.25	0.975263991818586	0.798335994355245	-0.000152247647546832	6.95386901839695	0.990105596727434
6.35	15.25	0.979541442895911	0.798536150133031	-9.14351493378498e-05	6.87474061943985	0.991816577158364
6.45	15.25	0.983145067746867	0.79871009618685	-4.21862745068237e-05	6.795468741232	0.993258027098747
6.55	15.25	0.986173464213529	0.79886120006943	-3.02487538140491e-06	6.7160755776534	0.994469385685411
6.65	15.25	0.988710412680905	0.798992439435034	2.74697015463273e-05	6.63658014096039	0.995484165072362
6.75	15.25	0.990827705204153	0.799106430580945	5.06190743908712e-05	6.55699871448253	0.996331082081661
6.85	15.25	0.992587237429812	0.799205461955387	6.76227688543188e-05	6.47734522716636	0.997034894971925
6.95	15.25	0.994042577370767	0.799291528786444	7.95490396220763e-05	6.39763156887873	0.997617030948307
7.05	15.25	0.995240166915887	0.799366366646733	8.73347861228812e-05	6.31786785998375	0.998096066766355
7.15	15.25	0.996220267050718	0.799431482785027	9.17911674630677e-05	6.23806268478608	0.998488106820287
7.25	15.25	0.997017724343346	0.799488184674903	9.36125509277733e-05	6.15822329564566	0.998807089737338
7.35	15.25	0.997662611973733	0.799537605603636	9.33871770581519e-05	6.07835579262017	0.999065044789493
7.45	15.25	0.998180781264914	0.799580727345281	9.16084611065102e-05	5.9984652821516	0.999272312505966
7.55	15.25	0.998594347502512	0.79961840008613	8.86862293134284e-05	5.9185560174067	0.999437739001005
7.65	15.25	0.998922125406162	0.799651359835097	8.49574534047473e-05	5.83863152227897	0.999568850162465
7.75	15.25	0.999180023898408	0.79968024357723	8.06962288060924e-05	5.75869470066729	0.999672009559363
7.85	15.25	0.99938140603681	0.799705602431081	7.61228667020151e-05	5.67874793239606	0.999752562414724
7.95	15.25	0.999537417574078	0.799727913058271	7.14120516083249e-05	5.59879315698406	0.999814967029631
8.05	15.25	0.999657286179865	0.799747587553948	6.67000713073804e-05	5.51883194637019	0.999862914471946
8.15	15.25	0.999748592595605	0.799764982022836	6.20911581052637e-05	5.43886556763837	0.999899437038242
8.25	15.25	0.99981751467785	0.79978040402085	5.76630013937504e-05	5.35889503673553	0.99992700587114
8.35	15.25	0.999869045251685	0.799794119018644	5.34715014130214e-05	5.27892116413395	0.999947618100674
8.45	15.25	0.999907184823223	0.799806356020777	4.95548382120455e-05	5.19894459334625	0.999962873929289
8.55	15.25	0.999935110402178	0.799817312455083	4.59369299667669e-05	5.11896583315352	0.999974044160871
8.65	15.25	0.999955321902086	0.799827158429456	4.26303519694928e-05	5.03898528435454	0.999982128760834
8.75	15.25	0.999969767777446	0.799836040438492	3.96387836540875e-05	4.95900326178503	0.999987907110979
8.85	15.25	0.999979951701112	0.7998440845908	3.69590452474366e-05	4.87902001229331	0.999991980680445
8.95	15.25	0.999987022170868	0.799851399417111	3.45827806703227e-05	4.79903572929295	0.999994808868347
9.05	15.25	0.999991846959734	0.799858078311211	3.24978371645245e-05	4.7190505644463	0.999996738783894
9.15	15.25	0.999995074294534	0.799864201648989	3.06893868166084e-05	4.63906463696733	0.999998029717813
9.25	15.25	0.999997182570005	0.799869838624754	2.91408296541098e-05	4.55907804096814	0.999998873028002
9.35	15.25	0.999998520291393	0.799875048839853	2.78345131807167e-05	4.47909085121432	0.999999408116557
9.45	15.25	0.99999933779783	0.799879883673865	2.67522985823517e-05	4.39910312759865	0.999999735119132
9.55	15.25	0.999999812162038	0.799884387465786	2.58759997253004e-05	4.31911491859262	0.999999924864815
9.65	15.25	1.00000006649822	0.799888598529253	2.51877172647594e-05	4.23912626389087	1.00000002659929
9.75	15.25	1.0000001847468	0.799892550023283	2.46700871005803e-05	4.15913719642437	1.00000007389872
9.85	15.25	1.00000022284808	0.799896270697645	2.43064591641116e-05	4.07914774388473	1.00000008913923
9.95	15.25	1.00000021707086	0.799899785529706	2.40810202396825e-05	3.99915792987339	1.00000008682834
10.05	15.25	1.00000019012979	0.79990311626767	2.39788721777285e-05	3.91916777476566	1.00000007605192
10.15	15.25	1.00000015560782	0.799906281893445	2.39860749127146e-05	3.83917729635983	1.00000006224313
10.25	15.25	1.00000012109827	0.799909299016528	2.40896621957336e-05	3.75918651036565	1.00000004843931
10.35	15.25	1.00000009039421	0.799912182209015	2.42776363846591e-05	3.67919543077358	1.00000003615768
10.45	15.25	1.00000006498071	0.799914944290485	2.45389474954866e-05	3.59920407013623	1.00000002599228
10.55	15.25	1.00000004502552	0.799917596570157	2.4863460886254e-05	3.51921243978514	1.00000001801021
10.65	15.25	1.00000003001615	0.799920149052949	2.52419167617668e-05	3.43922055000032	1.00000001200646
10.75	15.25	1.0000000191529	0.799922610614876	2.56658844112134e-05	3.35922841014512	1.00000000766116
10.85	15.25	1.0000000115778	0.799924989152549	2.61277131426027e-05	3.27923602877555	1.00000000463112
10.95	15.25	1.00000000649652	0.799927291710762	2.66204817160462e-05	3.19924341373054	1.00000000259861
11.05	15.25	1.00000000323319	0.799929524591618	2.71379474020019e-05	3.11925057220797	1.00000000129328
11.15	15.25	1.00000000124532	0.799931693448013	2.76744957409634e-05	3.03925751082962	1.00000000049813
11.25	15.25	1.00000000011693	0.799933803363905	2.82250916624909e-05	2.95926423569751	1.00000000004677
11.35	15.25	0.999999999541339	0.799935858923378	2.87852324531828e-05	2.87927075244326	0.999999999816536
11.45	15.25	0.99999999930078	0.799937864270321	2.93509029747247e-05	2.7992770662717	0.999999999720312
11.55	15.25	0.999999999246915	0.799939823159958	2.99185333063638e-05	2.71928318199962	0.999999999698766
11.65	15.25	0.999999999284263	0.79994173900358	3.04849589026587e-05	2.63928910409031	0.999999999713705
11.75	15.25	0.999999999357403	0.799943614907451	3.10473834311461e-05	2.55929483668442	0.999999999742961
11.85	15.25	0.99999999944181	0.799945453706692	3.16033441607762e-05	2.47930038362755	0.999999999776724
11.95	15.25	0.999999999537501	0.799947257994815	3.21506798732641e-05	2.3993057484949	0.999999999815
12.05	15.25	0.999999999664031	0.799949030149644	3.26875012459184e-05	2.31931093461336	0.999999999865612
12.15	15.25	0.999999999854754	0.799950772355953	3.32121636207658e-05	2.23931594508135	0.999999999941902
12.25	15.25	1.00000000014777	0.799952486625418	3.37232418714215e-05	2.15932078278668	1.00000000005911
12.35	15.25	1.00000000057076	0.799954174814252	3.42195074647104e-05	2.07932545042299	1.0000000002283
12.45	15.25	1.00000000111756	0.799955838638927	3.46999073661485e-05	1.99932995050509	1.00000000044702
12.55	15.25	1.00000000171611	0.799957479690419	3.51635447331861e-05	1.91933428538374	1.00000000068644
12.65	15.25	1.00000000219134	0.799959099447414	3.56096612651117e-05	1.83933845726018	1.00000000087653
12.75	15.25	1.00000000223243	0.799960699288818	3.6037621026307e-05	1.75934246820065	1.00000000089297
12.85	15.25	1.00000000138269	0.799962280505835	3.64468957316098e-05	1.6793463201505	1.00000000055308
12.95	15.25	0.999999999079483	0.799963844313649	3.68370514137263e-05	1.59935001494698	0.999999999631793
13.05	15.25	0.999999994779906	0.799965391862291	3.72077365198801e-05	1.51935355432842	0.999999997911962
13.15	15.25	0.99999998820907	0.799966924245679	3.75586715855227e-05	1.43935693993683	0.999999995283628
13.25	15.25	0.999999979754801	0.799968442507026	3.78896405651816e-05	1.35936017330936	0.99999999190192
13.35	15.25	0.99999997099584	0.799969947638078	3.82004840531248e-05	1.27936325585456	0.999999988398336
13.45	15.25	0.999999965280542	0.799971440569239	3.84910943469696e-05	1.19936618881023	0.999999986112217
13.55	15.25	0.999999968164504	0.799972922147998	3.87614121103508e-05	1.11936897318456	0.999999987265802
13.65	15.25	0.999999987374074	0.799974393105206	3.90114238733763e-05	1.03937160969033	0.99999999494963
13.75	15.25	1.00000003181372	0.799975854013047	3.92411588145174e-05	0.959374098695104	1.00000001272549
13.85	15.25	1.00000010903447	0.799977305246039	3.94506824419411e-05	0.879376440227356	1.00000004361379
13.95	15.25	1.00000022062167	0.79997874696681	3.96400839061886e-05	0.799378634096508	1.00000008824867
14.05	15.25	1.00000035527552	0.799980179170601	3.98094533441543e-05	0.719380680197066	1.00000014211021
14.15	15.25	1.00000048010134	0.799981601833069	3.99588462611939e-05	0.639382579062579	1.00000019204054
14.25	15.25	1.00000053193388	0.799983015208721	4.00882345233659e-05	0.559384332697647	1.00000021277355
14.35	15.25	1.00000041242611	0.799984420312811	4.01974486362801e-05	0.479385945627434	1.00000016497044
14.45	15.25	0.999999992957291	0.799985819575643	4.02861243295362e-05	0.399387425947626	0.999999997182916
14.55	15.25	0.999999137604408	0.799987217572808	4.0353677744528e-05	0.319388785928989	0.999999655041763
14.65	15.25	0.999997753396865	0.799988621600581	4.03993462358115e-05	0.239390041451154	0.999999101358746
14.75	15.25	0.999995875139986	0.799990042014385	4.0422342074561e-05	0.159391209275841	0.999998350055994
14.85	15.25	0.999993785001981	0.799992340853149	4.04221643251364e-05	0.0793923009840819	0.999997514000793
14.95	15.25	0.999992152402448	0.399990554869458	4.04070198546182e-05	-0.000606857648203727	0.999996860960979
0.05	15.35	-4.7446200908921e-06	0.399994149186031	-8.04609656711865e-05	10.4592830178686	0.599998102151964
0.15	15.35	-5.29424370774678e-06	0.799982682632818	-8.09705996408583e-05	10.4112838717969	0.599997882302517
0.25	15.35	-5.60195032116269e-06	0.799971068367832	-8.19486339016252e-05	10.3632854347921	0.599997759219872
0.35	15.35	-4.901431933264e-06	0.79995916232732	-8.3367208902872e-05	10.31528770213	0.599998039427227
0.45	15.35	-2.40208319255541e-06	0.799946853434082	-8.51797369758853e-05	10.2672906490239	0.599999039166723
0.55	15.35	2.66014725575892e-06	0.799933989802305	-8.73161382700451e-05	10.2192942334866	0.600001064058902
0.65	15.35	1.0898241915048e-05	0.799920394503948	-8.96822877487132e-05	10.171298400068	0.600004359296766
0.75	15.35	2.26041109983151e-05	0.799905861557898	-9.21757048677423e-05	10.123303088794	0.600009041644399
0.85	15.35	3.76268054952345e-05	0.799889881625903	-9.46966094252501e-05	10.0753082502644	0.600015050722198
0.95	15.35	5.30998208966382e-05	0.799872331300473	-9.70210669008758e-05	10.0273138953012	0.600021239928359
1.05	15.35	6.40754243468211e-05	0.7998530546971	-9.88149803017267e-05	9.97932017275868	0.600025630169739
1.15	15.35	6.43706235109556e-05	0.799831795532524	-9.97526668667263e-05	9.93132742877045	0.600025748249404
1.25	15.35	4.73105625398e-05	0.799808289793045	-9.94914836914979e-05	9.88333623855817	0.600018924225016
1.35	15.35	6.93794972709584e-06	0.799782273067702	-9.76687658040613e-05	9.83534740697228	0.600002775179891
1.45	15.35	-6.02180289774781e-05	0.799753448796772	-9.39119819439577e-05	9.78736192201984	0.599975912788409
1.55	15.35	-0.000152966106592078	0.799721433780682	-8.78531612701578e-05	9.73938084603088	0.599938813557363
1.65	15.35	-0.000263193238738148	0.799685685937964	-7.91395537549915e-05	9.69140513654657	0.599894722704505
1.75	15.35	-0.00037398715078893	0.799645416245963	-6.74312728725085e-05	9.64343540163649	0.599850405139684
1.85	15.35	-0.000458729674412103	0.799599481010307	-5.23694891717022e-05	9.59547161134531	0.599816508130235
1.95	15.35	-0.000481891302299319	0.799546240549107	-3.34631965664771e-05	9.54751280810592	0.59980724347908
2.05	15.35	-0.000402687092092744	0.799483274169994	-9.74753574075503e-06	9.49955688623021	0.599838925163163
2.15	15.35	-0.000185138099891363	0.799410666983988	2.048348961988e-05	9.45160057074419	0.599925944760043
2.25	15.35	0.000212206945646006	0.799327561580395	6.00910753276304e-05	9.40363944652366	0.600084882778258
2.35	15.35	0.000844263861541354	0.799233812545246	0.000110404822452162	9.35566769375827	0.600337705544617
2.45	15.35	0.00179314442792759	0.799125730107109	0.000171544150266113	9.30767740812367	0.600717257771171
2.55	15.35	0.00315382202337307	0.799001335671659	0.000244908788759383	9.25965797057182	0.601261528809349
2.65	15.35	0.0050350729073955	0.798858465405974	0.000332102002065613	9.21159565546789	0.602014029162958
2.75	15.35	0.00756195840151494	0.798694807468451	0.000434694815091214	9.16347317015066	0.603024783360606
2.85	15.35	0.0108788531654327	0.798508028101126	0.000554053705216966	9.11526910310723	0.604351541266173
2.95	15.35	0.0151534224785956	0.798295911723025	0.000691118267960025	9.06695725895144	0.606061368991438
3.05	15.35	0.0205820594691877	0.798056534105263	0.000846092952457101	9.01850584079547	0.608232823787675
3.15	15.35	0.0273972729917402	0.797788478622365	0.00101802655128952	8.96987642341965	0.610958909196696
3.25	15.35	0.0358774213004604	0.797491091253521	0.00120425885510658	8.92102264539888	0.614350968520184
3.35	15.35	0.0463589042280412	0.797164748023575	0.00139972913093521	8.87188853891051	0.618543561691216
3.45	15.35	0.0592502684440057	0.796811075528988	0.00159617642419109	8.82240642126371	0.623700107377602
3.55	15.35	0.0750463739183417	0.7964330243593	0.00178133036975312	8.7724943086159	0.630018549567337
3.65	15.35	0.0943384883424422	0.796034665193969	0.00193830588028433	8.72205290589106	0.637735395336977
3.75	15.35	0.117812690934901	0.79562060487913	0.00204557564343623	8.67096241264469	0.647125076373961
3.85	15.35	0.146224542296399	0.795195084596224	0.00207806239227446	8.61907969738003	0.65848981691856
3.95	15.35	0.180334117829661	0.794761199518087	0.00200995611901311	8.56623683995826	0.672133647131864
4.05	15.35	0.220785896502544	0.794321207074708	0.00181961815020344	8.51224254912248	0.688314358601018
4.15	15.35	0.267928707987954	0.793879150458302	0.00149617123886085	8.4568883020158	0.707171483195181
4.25	15.35	0.321597682394717	0.793446195198369	0.0010461139325309	8.39996081037799	0.728639072957887
4.35	15.35	0.38092048707621	0.793046630379	0.000497117555889608	8.3412611225381	0.752368194830484
4.45	15.35	0.444243631174401	0.792719672897607	-0.000103825425219876	8.28062819860939	0.777697452469761
4.55	15.35	0.509264771038889	0.792512439938373	-0.000698735698363862	8.21796190911697	0.803705908415556
4.65	15.35	0.573380521131247	0.792464904348612	-0.00123103826745156	8.15323881315383	0.829352208452499
4.75	15.35	0.634147123511468	0.79259465623431	-0.00165729161357723	8.08651540608044	0.853658849404587
4.85	15.35	0.689683836519501	0.792890572211565	-0.00195401472294396	8.01791772540183	0.875873534607801
4.95	15.35	0.738882933567552	0.793318162112271	-0.00211815813317485	7.9476210332096	0.895553173427021
5.05	15.35	0.781396768913614	0.793831800894597	-0.00216268729961242	7.8758260066464	0.912558707565446
5.15	15.35	0.817468986418551	0.794386736966422	-0.00211008373456539	7.80273740955696	0.92698759456742
5.25	15.35	0.847710165552737	0.794946576497209	-0.001986210684272	7.7285486773796	0.939084066221095
5.35	15.35	0.872895513463929	0.795485788112643	-0.00181584730961478	7.65343307771023	0.949158205385572
5.45	15.35	0.893820376999102	0.795988877332629	-0.00162014108659729	7.57754030564341	0.957528150799641
5.55	15.35	0.911216251680171	0.796448120278803	-0.00141562617299772	7.50099672705424	0.964486500672069
5.65	15.35	0.925713695198923	0.796861125546644	-0.00121426996649088	7.42390761446446	0.970285478079569
5.75	15.35	0.937835164708494	0.797228811824004	-0.00102406488668886	7.34636017236261	0.975134065883398
5.85	15.35	0.948003743600129	0.797553945550044	-0.000849822984965229	7.26842662088351	0.979201497440052
5.95	15.35	0.956558323517671	0.797840175365142	-0.000693969717798347	7.19016696978995	0.982623329407068
6.05	15.35	0.9637698216141	0.798091438401082	-0.000557236996495141	7.11163134799438	0.98550792864564
6.15	15.35	0.96985580718126	0.79831161921692	-0.000439221254627756	7.03286188274476	0.987942322872504
6.25	15.35	0.974992589937715	0.798504369608472	-0.000338808113339014	6.95389418194082	0.989997035975086
6.35	15.35	0.979324704046904	0.798673025880937	-0.000254481475685716	6.87475849197797	0.991729881618762
6.45	15.35	0.982972111679114	0.798820582574622	-0.000184539803384516	6.79548060193605	0.993188844671646
6.55	15.35	0.986035568836753	0.79894969729062	-0.00012724151279994	6.71608255477222	0.994414227534701
6.65	15.35	0.988600583586806	0.799062711464944	-8.08982158036915e-05	6.63658321383632	0.995440233434722
6.75	15.35	0.990740331804977	0.79916167829104	-4.39307256322841e-05	6.55699872149929	0.996296132721991
6.85	15.35	0.99251781848787	0.799248392827741	-1.48991966205086e-05	6.47734287708785	0.997007127395148
6.95	15.35	0.993987501771863	0.799324421596021	7.48420734344024e-06	6.39762745382817	0.997595000708745
7.05	15.35	0.995196538330342	0.799391130287398	2.43540654397677e-05	6.31786246889163	0.998078615332137
7.15	15.35	0.996185763471171	0.799449708963708	3.66975997244278e-05	6.23805641655155	0.998474305388468
7.25	15.35	0.996990485384643	0.799501194556112	4.53647594639243e-05	6.15821647154937	0.998796194153857
7.35	15.35	0.997641148322371	0.799546490707915	5.10804753682324e-05	6.07834866773003	0.999056459328948
7.45	15.35	0.998163901843895	0.799586385130593	5.4457745045823e-05	5.99845805560122	0.999265560737558
7.55	15.35	0.998581100838748	0.799621564701489	5.6010685624199e-05	5.91854884151775	0.999432440335499
7.65	15.35	0.998911752408079	0.799652628552949	5.61670190520112e-05	5.83862451055729	0.999564700963231
7.75	15.35	0.999171919816438	0.79968009940048	5.52796816307836e-05	5.75868793473831	0.999668767926575
7.85	15.35	0.999375089824257	0.799704433343493	5.36374010838461e-05	5.67874146796469	0.999750035929703
7.95	15.35	0.999532507217595	0.799726028350926	5.14741855816247e-05	5.59878702891359	0.999813002887038
8.05	15.35	0.999653478848244	0.799745231619737	4.89777333030271e-05	5.51882617297636	0.999861391539297
8.15	15.35	0.999745648678511	0.799762345969702	4.62968113215505e-05	5.43886015429244	0.999898259471404
8.25	15.35	0.99981524496477	0.799777635414578	4.35476757209473e-05	5.35888997886471	0.999926097985908
8.35	15.35	0.999867300644942	0.799791330027742	4.08196161757914e-05	5.27891644970082	0.999946920257977
8.45	15.35	0.999905848094675	0.799803630201751	3.81797124826944e-05	5.19894020488082	0.99996233923787
8.55	15.35	0.999934089596801	0.799814710384462	3.56768900265871e-05	5.1189617494043	0.999973635838721
8.65	15.35	0.999954545067349	0.799824722361098	3.33453570459278e-05	5.03898148161687	0.99998181802694
8.75	15.35	0.999969178758808	0.799833798139528	3.12075012232514e-05	4.95899971495804	0.999987671503523
8.85	15.35	0.99997950679373	0.79984205248778	2.92763167520922e-05	4.87901669571009	0.999991802717492
8.95	15.35	0.999986687458016	0.799849585164551	2.7557426102821e-05	4.79903261736245	0.999994674983207
9.05	15.35	0.999991596201164	0.799856482878259	2.60507540213848e-05	4.71904763213998	0.999996638480466
9.15	15.35	0.999994887254579	0.799862821005157	2.47519047264369e-05	4.6390618601787	0.999997954901832
9.25	15.35	0.999997043696727	0.799868665093577	2.36532871912578e-05	4.55907539676915	0.999998817478691
9.35	15.35	0.999998417675483	0.799874072178103	2.274502767432e-05	4.47908831802865	0.999999367070193
9.45	15.35	0.99999926235402	0.799879091925214	2.2015703489377e-05	4.39910068530879	0.999999704941608
9.55	15.35	0.999999756987185	0.799883767629704	2.14529273815776e-05	4.31911254859476	0.999999902794874
9.65	15.35	1.00000002636932	0.799888137079125	2.10438078940013e-05	4.23912394910927	1.00000001054773
9.75	15.35	1.00000015572965	0.799892233302352	2.07753069277209e-05	4.15913492129472	1.00000006229186
9.85	15.35	1.00000020199313	0.799896085216191	2.06345131381526e-05	4.07914549431437	1.00000008079725
9.95	15.35	1.00000020217767	0.799899718183151	2.06088464581335e-05	3.99915569318468	1.00000008087107
10.05	15.35	1.00000017956533	0.799903154491507	2.06862068292617e-05	3.91916553962766	1.00000007182613
10.15	15.35	1.00000014816677	0.799906413768377	2.0855078057586e-05	3.83917505271229	1.00000005926671
10.25	15.35	1.00000011589611	0.799909513334458	2.11045958556114e-05	3.75918424933858	1.00000004635844
10.35	15.35	1.0000000867858	0.799912468508805	2.14245876682162e-05	3.67919314460495	1.00000003471432
10.45	15.35	1.0000000624985	0.799915292870445	2.18055904116665e-05	3.59920175208957	1.0000000249994
10.55	15.35	1.00000004333297	0.799917998483134	2.22388512872973e-05	3.51921008406864	1.00000001733319
10.65	15.35	1.00000002887274	0.799920596088544	2.27163158057282e-05	3.43921815168847	1.0000000115491
10.75	15.35	1.00000001838804	0.799923095272389	2.32306063628668e-05	3.35922596510358	1.00000000735522
10.85	15.35	1.00000001107145	0.799925504607624	2.37749940919358e-05	3.27923353358984	1.00000000442858
10.95	15.35	1.00000000616496	0.799927831777945	2.43433661542237e-05	3.19924086563886	1.00000000246599
11.05	15.35	1.00000000301855	0.799930083684575	2.49301901350117e-05	3.11924796903829	1.00000000120742
11.15	15.35	1.00000000110798	0.799932266538702	2.55304769318142e-05	3.03925485094108	1.00000000044319
11.25	15.35	1.00000000003003	0.799934385941815	2.61397430916807e-05	2.9592615179262	1.00000000001201
11.35	15.35	0.999999999486878	0.799936446955506	2.67539734787432e-05	2.87926797605214	0.999999999794751
11.45	15.35	0.999999999266832	0.79993845416238	2.73695847082443e-05	2.79927423090459	0.999999999706733
11.55	15.35	0.999999999225669	0.799940411719325	2.79833899240784e-05	2.71928028763907	0.999999999690268
11.65	15.35	0.999999999270685	0.799942323404095	2.85925651412558e-05	2.63928615101916	0.999999999708274
11.75	15.35	0.999999999348327	0.79994419265629	2.91946172733914e-05	2.55929182545076	0.999999999739331
11.85	15.35	0.999999999435344	0.799946022613318	2.97873541071208e-05	2.47929731501295	0.999999999774137
11.95	15.35	0.999999999532656	0.79994781614211	3.03688561614295e-05	2.39930262348566	0.999999999813062
12.05	15.35	0.9999999996605	0.799949575867096	3.09374504963633e-05	2.31930775437454	0.9999999998642
12.15	15.35	0.99999999985277	0.799951304194906	3.14916863603004e-05	2.23931271093333	0.999999999941108
12.25	15.35	1.00000000014797	0.799953003336243	3.20303127388403e-05	2.1593174961842	1.00000000005919
12.35	15.35	1.00000000057402	0.799954675325409	3.25522575694575e-05	2.07932211293631	1.00000000022961
12.45	15.35	1.00000000112465	0.799956322037768	3.30566086300397e-05	1.99932656380318	1.00000000044986
12.55	15.35	1.00000000172722	0.799957945205637	3.35425959649981e-05	1.91933085121931	1.00000000069089
12.65	15.35	1.00000000220535	0.799959546433037	3.40095757036615e-05	1.83933497745642	1.00000000088214
12.75	15.35	1.00000000224607	0.799961127209638	3.44570152360701e-05	1.75933894463951	1.00000000089843
12.85	15.35	1.00000000138965	0.799962688924169	3.48844796392415e-05	1.6793427547624	1.00000000055586
12.95	15.35	0.999999999069946	0.79996423287735	3.52916193678644e-05	1.59934640970178	0.999999999627978
13.05	15.35	0.999999994740973	0.799965760293892	3.56781592837019e-05	1.51934991122757	0.999999997896389
13.15	15.35	0.999999988126835	0.79996727233256	3.60438890537154e-05	1.43935326100647	0.999999995250734
13.25	15.35	0.999999979618876	0.799968770092551	3.63886551940793e-05	1.35935646059433	0.999999991847551
13.35	15.35	0.999999970806955	0.799970254613536	3.67123548066768e-05	1.27935951141296	0.999999988322782
13.45	15.35	0.999999965061207	0.799971726866459	3.70149310763078e-05	1.19936241470856	0.999999986024483
13.55	15.35	0.999999967971539	0.799973187732581	3.72963702769153e-05	1.1193651714931	0.999999987188615
13.65	15.35	0.999999987309799	0.799974637970167	3.75566995183906e-05	1.03936778247877	0.99999999492392
13.75	15.35	1.00000003203005	0.799976078172854	3.77959837773073e-05	0.959370248028521	1.00000001281202
13.85	15.35	1.0000001097212	0.79997750873102	3.8014319912674e-05	0.879372568162808	1.00000004388848
13.95	15.35	1.00000022196814	0.799978929818038	3.8211824570306e-05	0.799374742680831	1.00000008878725
14.05	15.35	1.00000035739447	0.799980341435619	3.83886124830462e-05	0.719376771466941	1.00000014295779
14.15	15.35	1.00000048290847	0.799981743562931	3.85447624365007e-05	0.63937865504808	1.00000019316339
14.25	15.35	1.00000053498721	0.799983136457153	3.86802704544086e-05	0.559380395430602	1.00000021399488
14.35	15.35	1.00000041475014	0.799984521138263	3.87949948060197e-05	0.479381997155422	1.00000016590006
14.45	15.35	0.999999992907269	0.799985900046941	3.88886052931943e-05	0.399383468353176	0.999999997162908
14.55	15.35	0.999999132864444	0.79998727777842	3.89605600703283e-05	0.319384821351142	0.999999653145778
14.65	15.35	0.99999774124464	0.799988661660314	3.90101452253476e-05	0.239386072102921	0.999999096497856
14.75	15.35	0.999995853134424	0.799990062088418	3.90366220123293e-05	0.159387237446487	0.999998341253769
14.85	15.35	0.99999375223502	0.799992344994751	3.90395240772621e-05	0.0793883290107736	0.999997500894008
14.95	15.35	0.999992111369334	0.399990524753485	3.90266372037901e-05	-0.000610828225867381	0.999996844547734
0.05	15.45	-4.79989832221121e-06	0.39999393595792	-6.87282619966436e-05	10.459287500229	0.599998080040671
0.15	15.45	-5.34320458760162e-06	0.799982046262947	-6.91341843988853e-05	10.4112883815136	0.599997862718165
0.25	15.45	-5.62482267544756e-06	0.799970020593762	-6.99021712215543e-05	10.3632899966502	0.59999775007093
0.35	15.45	-4.8621200255198e-06	0.799957725377072	-7.09991583634901e-05	10.3152923390431	0.59999805515199
0.45	15.45	-2.24608518660335e-06	0.799945062865929	-7.23706487455693e-05	10.2672953808001	0.599999101565925
0.55	15.45	3.00254339918303e-06	0.799931899991938	-7.39358385706034e-05	10.2192990752849	0.60000120101736
0.65	15.45	1.1492800620323e-05	0.799918086399421	-7.55850538634423e-05	10.171303360711	0.600004597120248
0.75	15.45	2.34480334845864e-05	0.799903446093045	-7.71846332903941e-05	10.1233081695197	0.600009379213394
0.85	15.45	3.8382431316257e-05	0.799887701620554	-7.86121257280782e-05	10.0753134467637	0.600015352972527
0.95	15.45	5.42957434093876e-05	0.79987041447206	-7.96377129826513e-05	10.0273191892817	0.600021718297364
1.05	15.45	6.58614319057054e-05	0.799851694773648	-7.9878735906875e-05	9.97932552276	0.600026344572762
1.15	15.45	6.66834723279185e-05	0.799831395709196	-7.89352325185238e-05	9.93133277166657	0.600026673388931
1.25	15.45	4.98971830547212e-05	0.799809375468366	-7.64027156883241e-05	9.88334148855045	0.600019958873222
1.35	15.45	9.3051817998568e-06	0.799785518102491	-7.18502926988335e-05	9.83535245408033	0.60000372207272
1.45	15.45	-5.88788996113889e-05	0.799759703392217	-6.48253788345572e-05	9.78736663114537	0.599976448440155
1.55	15.45	-0.000153854140319061	0.799731751050934	-5.4868330764419e-05	9.73938505694063	0.599938458343872
1.65	15.45	-0.000267952960962951	0.799701346978049	-4.15246703767172e-05	9.6914086645427	0.599892818815615
1.75	15.45	-0.000384724995810828	0.799667956597149	-2.43447459968233e-05	9.64343803806146	0.599846110001676
1.85	15.45	-0.000477969111686445	0.799630727806983	-2.8553796665425e-06	9.59547312211243	0.599808812355325
1.95	15.45	-0.000512420727869722	0.799588372429567	2.3532003780381e-05	9.54751292681962	0.599795031708852
2.05	15.45	-0.000446970025665477	0.799539044090098	5.57751411512863e-05	9.49955529567593	0.599821211989734
2.15	15.45	-0.000240832450126666	0.799481431077681	9.60440002118444e-05	9.45159683134111	0.599903667019949
2.25	15.45	0.000146187253714106	0.799414867592924	0.000146903170551477	9.4036329274565	0.600058474901486
2.35	15.45	0.000754770393797145	0.799345304455524	0.000209580572577234	9.35565769832387	0.600301908157519
2.45	15.45	0.00167351904523169	0.799265888657243	0.000284952453631966	9.30766322539425	0.600669407618093
2.55	15.45	0.00299673768014401	0.799175772130357	0.000374535440256064	9.2596387850072	0.601198695072058
2.65	15.45	0.00483149395718669	0.799073696073376	0.000480063859744944	9.21157053939506	0.601932597582875
2.75	15.45	0.00730066831977224	0.79895833835477	0.000603224216396901	9.16344108417951	0.602920267327909
2.85	15.45	0.0105459153911601	0.798828423718698	0.000745447486419207	9.11522890469757	0.604218366156464
2.95	15.45	0.0147314908696847	0.798682841877183	0.000907656908567765	9.0669077234791	0.605892596347874
3.05	15.45	0.0200495072542675	0.79852078239057	0.00108991949006343	9.01844570086835	0.608019802901707
3.15	15.45	0.0267271159440438	0.798341886772507	0.00129096872155648	8.96980443406267	0.610690846377618
3.25	15.45	0.0350360277596781	0.798146406225714	0.0015075757107939	8.92093768470289	0.614014411103871
3.35	15.45	0.0453045280688357	0.797935331101374	0.00173376341853396	8.87178975529831	0.618121811227534
3.45	15.45	0.0579315320295549	0.797710426185603	0.00195989809740475	8.82229343865062	0.623172612811822
3.55	15.45	0.073400995869573	0.797474069195751	0.00217176889534408	8.77236749757065	0.629360398347829
3.65	15.45	0.0922928275638381	0.797228768125357	0.00234989535679368	8.72191371947699	0.636917131025535
3.75	15.45	0.115283075917871	0.796976273613004	0.00246948384160017	8.67081376603276	0.646113230367148
3.85	15.45	0.143121812516105	0.796716384975991	0.00250164630255331	8.61892633697603	0.657248725006442
3.95	15.45	0.176573096849433	0.796445949192143	0.00241657488825002	8.56608560084174	0.670629238739773
4.05	15.45	0.216301160296231	0.796159115246286	0.00218910758955816	8.51210234932875	0.686520464118492
4.15	15.45	0.262696312316816	0.79585022323995	0.00180627601461661	8.45676969627622	0.705078524926726
4.25	15.45	0.315659026990504	0.795519942705122	0.00127499689691061	8.39987496955789	0.726263610796201
4.35	15.45	0.374400048556542	0.795182796566515	0.000626677349023807	8.34121825961608	0.749760019422617
4.45	15.45	0.437349864849314	0.794871089223411	-8.45918257461068e-05	8.28063571633783	0.774939945939725
4.55	15.45	0.502267045713794	0.794629902586533	-0.00079139758669266	8.218022788445	0.800906818285518
4.65	15.45	0.566565342263219	0.794502892201296	-0.00142730860969446	8.15335081558309	0.826626136905288
4.75	15.45	0.62776831218748	0.794516073894473	-0.00194070576032206	8.08667141781473	0.851107324874992
4.85	15.45	0.683924861840264	0.794669186563354	-0.00230308128430909	8.01810712624975	0.873569944736106
4.95	15.45	0.733842271934735	0.79493862446105	-0.00250990763505425	7.94783159508043	0.893536908773894
5.05	15.45	0.777095243050305	0.795288095669118	-0.00257565380149404	7.8760457267913	0.910838097220122
5.15	15.45	0.813870042274552	0.795680058511537	-0.00252621361044726	7.80295585672442	0.925548016909821
5.25	15.45	0.844743057695929	0.796083281979526	-0.00239166875421679	7.72875770757325	0.937897223078372
5.35	15.45	0.870474840559995	0.796475679025849	-0.00220098022047684	7.65362699768095	0.948189936223998
5.45	15.45	0.891859553492585	0.796843839078935	-0.00197893992705505	7.57771566379605	0.956743821397034
5.55	15.45	0.909635257312723	0.797181076042659	-0.00174498095995905	7.50115191465558	0.963854102925089
5.65	15.45	0.924442581133322	0.797485253756733	-0.00151321206951467	7.42404241454078	0.969777032453329
5.75	15.45	0.936814888975792	0.797756983723783	-0.00129310230358181	7.34647533904259	0.974725955590317
5.85	15.45	0.947185562215785	0.797998344403894	-0.00109040799682384	7.26852352785338	0.978874224886314
5.95	15.45	0.955902543917356	0.798212061320785	-0.000908099810620078	7.19024733786533	0.982361017566942
6.05	15.45	0.963244384884341	0.798401025536997	-0.000747171399495604	7.11169704630492	0.985297753953736
6.15	15.45	0.969434935963861	0.798568035002545	-0.000607289440168608	7.03291479145169	0.987773974385544
6.25	15.45	0.974655601648209	0.798715671724485	-0.000487287240395242	6.95393610300324	0.989862240659283
6.35	15.45	0.97905501514539	0.798846256412697	-0.000385523239231611	6.8747910956267	0.991622006058156
6.45	15.45	0.982756423386235	0.798961844385552	-0.000300131356618356	6.79550539862643	0.993102569354494
6.55	15.45	0.985863210739931	0.799064241531367	-0.000229189037824216	6.71610088463674	0.994345284295972
6.65	15.45	0.988462988478468	0.799155028537418	-0.000170824949355444	6.63659624766705	0.995385195391387
6.75	15.45	0.990630616878554	0.799235587180966	-0.000123283741212776	6.55700746893361	0.996252246751421
6.85	15.45	0.99243045156864	0.799307125641189	-8.49610878865133e-05	6.47734819894592	0.996972180627456
6.95	15.45	0.993918035089568	0.799370701510007	-5.44187209236838e-05	6.39763007650561	0.997567214035827
7.05	15.45	0.99514139581632	0.799427242075139	-3.03864237737715e-05	6.31786299940781	0.998056558326528
7.15	15.45	0.996142070483767	0.799477561889182	-1.17558911583252e-05	6.2380553573525	0.998456828193507
7.25	15.45	0.996955932125962	0.799522377836958	2.43016348468356e-06	6.15821423451447	0.998782372850385
7.35	15.45	0.997613880075354	0.79956232198832	1.29913622305677e-05	6.07834558707322	0.999045552030142
7.45	15.45	0.998142430619437	0.799597952536238	2.06239642111603e-05	5.99845439952084	0.999256972247775
7.55	15.45	0.998564234161334	0.799629763105122	2.59151419713756e-05	5.91854482255682	0.999425693664534
7.65	15.45	0.998898535856317	0.799658190685925	2.93566353886891e-05	5.83862029470475	0.999559414342527
7.75	15.45	0.999161590628465	0.79968362242314	3.13574407862091e-05	5.75868364934314	0.999664636251386
7.85	15.45	0.999367039421882	0.799706401447204	3.22553641349335e-05	5.67873720855785	0.999746815768753
7.95	15.45	0.999526250931158	0.799726831914727	3.23273797229258e-05	5.59878286504302	0.999810500372463
8.05	15.45	0.999648631462706	0.799745183392706	3.17988066829903e-05	5.51882215316274	0.999859452585082
8.15	15.45	0.999741904690105	0.799761694697397	3.08513602825899e-05	5.43885631021013	0.999896761876042
8.25	15.45	0.999812362651854	0.799776577277836	2.96301587630518e-05	5.35888632884654	0.999924945060742
8.35	15.45	0.999865089228266	0.799790018216198	2.82497791212277e-05	5.2789130016571	0.999946035691306
8.45	15.45	0.999904157400003	0.799802182901668	2.67994587758359e-05	5.19893695871493	0.999961662960001
8.55	15.45	0.999932801743851	0.799813217423129	2.53475387783411e-05	5.11895869899778	0.99997312069754
8.65	15.45	0.999953567798649	0.799823250715748	2.39452391930568e-05	5.03897861644909	0.99998142711946
8.75	15.45	0.999968440094669	0.799832396489911	2.26298511419363e-05	4.95899702141698	0.999987376037868
8.85	15.45	0.999978950758421	0.799840754964878	2.14274224413732e-05	4.87901415814374	0.999991580303369
8.95	15.45	0.999986270670091	0.799848414425989	2.03550060757888e-05	4.79903021891335	0.999994508268036
9.05	15.45	0.999991285159816	0.799855452620891	1.94225332592385e-05	4.71904535539977	0.999996514063927
9.15	15.45	0.999994656185604	0.799861938009064	1.8634365715491e-05	4.6390596876937	0.999997862474241
9.25	15.45	0.999996872847496	0.799867930876623	1.79905749766043e-05	4.55907331142387	0.999998749138999
9.35	15.45	0.999998291969387	0.79987348432818	1.74879905547117e-05	4.47908630332959	0.999999316787755
9.45	15.45	0.999999170331984	0.799878645166497	1.71210531182859e-05	4.39909872558746	0.999999668132794
9.55	15.45	0.999999689977815	0.799883454670095	1.68825040790845e-05	4.31911062914598	0.999999875991126
9.65	15.45	0.99999997784063	0.799887949278648	1.67639382349146e-05	4.23912205627779	0.999999991136252
9.75	15.45	1.00000012078452	0.799892161195175	1.67562427776583e-05	4.15913304252131	1.00000004831381
9.85	15.45	1.00000017697818	0.799896118914021	1.68499418408747e-05	4.0791436181503	1.00000007079127
9.95	15.45	1.00000018438137	0.799899847682535	1.70354636298185e-05	3.99915380928214	1.00000007375255
10.05	15.45	1.00000016698586	0.799903369903982	1.73033438138881e-05	3.91916363871209	1.00000006679434
10.15	15.45	1.00000013933447	0.799906705488804	1.76443772180589e-05	3.83917312654166	1.00000005573379
10.25	15.45	1.00000010973822	0.799909872160424	1.80497276456045e-05	3.75918229065342	1.00000004389529
10.35	15.45	1.00000008252401	0.799912885721303	1.8511004007659e-05	3.67919114707234	1.0000000330096
10.45	15.45	1.00000005957164	0.799915760284444	1.9020309818436e-05	3.59919971024362	1.00000002382866
10.55	15.45	1.00000004133911	0.79991850847478	1.95702714948019e-05	3.51920799324934	1.00000001653564
10.65	15.45	1.00000002752595	0.799921141604588	2.01540503580346e-05	3.43921600798041	1.00000001101038
10.75	15.45	1.00000001748641	0.799923669826222	2.07653419724991e-05	3.35922376527569	1.00000000699456
10.85	15.45	1.00000001047347	0.799926102265577	2.13983660570468e-05	3.27923127503693	1.00000000418939
10.95	15.45	1.00000000577223	0.799928447138478	2.20478493953704e-05	3.19923854632563	1.00000000230889
11.05	15.45	1.00000000276322	0.799930711852719	2.27090038496514e-05	3.11924558744614	1.00000000110529
11.15	15.45	1.00000000094371	0.799932903097456	2.33775010138293e-05	3.03925240601804	1.00000000037748
11.25	15.45	0.999999999925427	0.79993502692171	2.40494447992982e-05	2.95925900904002	0.999999999970171
11.35	15.45	0.999999999420893	0.799937088803523	2.47213429532662e-05	2.87926540294671	0.999999999768357
11.45	15.45	0.999999999225491	0.79993909371086	2.53900782995766e-05	2.79927159365962	0.999999999690196
11.55	15.45	0.999999999199794	0.799941046155473	2.60528801842915e-05	2.71927758663287	0.999999999679917
11.65	15.45	0.999999999254326	0.799942950240505	2.67072966661996e-05	2.63928338689454	0.99999999970173
11.75	15.45	0.999999999337703	0.799944809702719	2.7351167716942e-05	2.55928899908387	0.999999999735081
11.85	15.45	0.999999999428151	0.799946627949956	2.79825996117964e-05	2.47929442748489	0.99999999977126
11.95	15.45	0.999999999527624	0.799948408094367	2.85999407203197e-05	2.39929967605667	0.999999999811049
12.05	15.45	0.999999999657123	0.799950152982057	2.92017587085602e-05	2.31930474846067	0.999999999862849
12.15	15.45	0.999999999851137	0.799951865219363	2.97868192147108e-05	2.23930964808543	0.999999999940455
12.25	15.45	1.00000000014861	0.799953547196364	3.03540660077531e-05	2.15931437806895	1.00000000005944
12.35	15.45	1.0000000005777	0.799955201107934	3.0902602535672e-05	2.07931894131924	1.00000000023108
12.45	15.45	1.00000000113208	0.799956828972688	3.14316748603655e-05	1.99932334053356	1.00000000045283
12.55	15.45	1.00000000173856	0.799958432650323	3.19406558806634e-05	1.91932757821661	1.00000000069542
12.65	15.45	1.00000000221949	0.799960013857684	3.2429030753945e-05	1.83933165669839	1.00000000088779
12.75	15.45	1.00000000225981	0.79996157418398	3.28963834788104e-05	1.75933557815163	1.00000000090392
12.85	15.45	1.0000000013969	0.799963115105376	3.33423845840623e-05	1.67933934460864	1.00000000055876
12.95	15.45	0.999999999061225	0.799964637999041	3.37667799532651e-05	1.59934295797655	0.99999999962449
13.05	15.45	0.999999994703858	0.799966144156155	3.41693807964092e-05	1.5193464200487	0.999999997881543
13.15	15.45	0.999999988047961	0.799967634792924	3.45500549449633e-05	1.43934973250911	0.999999995219184
13.25	15.45	0.999999979488305	0.799969111057802	3.49087196257916e-05	1.35935289692562	0.999999991795322
13.35	15.45	0.999999970625487	0.799970574032254	3.52453357876105e-05	1.27935591472732	0.999999988250195
13.45	15.45	0.999999964850631	0.799972024722235	3.55599041451551e-05	1.19935878716333	0.999999985940252
13.55	15.45	0.999999967786617	0.799973464037694	3.58524625421701e-05	1.11936151524453	0.999999987114647
13.65	15.45	0.999999987248952	0.799974892759708	3.61230840253772e-05	1.03936409967821	0.999999994899581
13.75	15.45	1.00000003223915	0.799976311499162	3.63718741813205e-05	0.959366540818885	1.00000001289566
13.85	15.45	1.00000011038221	0.799977720658456	3.65989655316749e-05	0.879368838675599	1.00000004415289
13.95	15.45	1.00000022326215	0.799979120418237	3.68045060434733e-05	0.7993709930344	1.00000008930486
14.05	15.45	1.00000035942871	0.799980510783483	3.69886384551796e-05	0.719373003766842	1.00000014377149
14.15	15.45	1.00000048560097	0.799981891733931	3.71514677844158e-05	0.639374871390782	1.00000019424039
14.25	15.45	1.0000005379135	0.799983263526591	3.72930167327505e-05	0.559376597911772	1.0000002151654
14.35	15.45	1.00000041697587	0.799984627183331	3.74131733697508e-05	0.479378187883594	1.00000016679035
14.45	15.45	0.999999992859749	0.799985985152172	3.75116430996834e-05	0.399379649468341	0.9999999971439
14.55	15.45	0.99999912833263	0.79998734204457	3.75879270948385e-05	0.319380995045537	0.999999651333052
14.65	15.45	0.999997729633556	0.799988705215512	3.76413606900059e-05	0.23938224063785	0.999999091853422
14.75	15.45	0.999995832122136	0.79999008509653	3.76712542953255e-05	0.159383403154597	0.999998332848854
14.85	15.45	0.999993720964807	0.799992351301672	3.76771763014338e-05	0.079384494269158	0.999997488385923
14.95	15.45	0.999992072226481	0.399990497028367	3.76665014408297e-05	-0.000614661795889091	0.999996828890592
0.05	15.55	-4.85541724103523e-06	0.399993772834231	-5.6617248679738e-05	10.4592912657674	0.599998057833103
0.15	15.55	-5.39329406972772e-06	0.799981561587482	-5.69278615793387e-05	10.4112921684034	0.599997842682372
0.25	15.55	-5.65107690579515e-06	0.799969229570723	-5.75040625892383e-05	10.3632938235553	0.599997739569238
0.35	15.55	-4.83100010752452e-06	0.799956656126225	-5.83107409941248e-05	10.3152962225358	0.599998067599957
0.45	15.55	-2.10787881236311e-06	0.799943759472813	-5.92904784671182e-05	10.2672993340236	0.599999156848475
0.55	15.55	3.31002347828894e-06	0.799930428145537	-6.03598050089365e-05	10.2193031063404	0.600001324009391
0.65	15.55	1.20291153190882e-05	0.799916541609101	-6.14069626768445e-05	10.17130747088	0.600004811646128
0.75	15.55	2.4231472548449e-05	0.799901965292497	-6.22898045153369e-05	10.1233123516316	0.600009692589019
0.85	15.55	3.93254448117689e-05	0.799886521141959	-6.2825399170649e-05	10.0753176844984	0.600015730177925
0.95	15.55	5.55080237638786e-05	0.799869779119124	-6.27918720574172e-05	10.0273234527112	0.600022203209506
1.05	15.55	6.76291418808334e-05	0.799851861636994	-6.18276574654428e-05	9.97932975916748	0.600027051656752
1.15	15.55	6.90290323985594e-05	0.799832788510456	-5.94755457036669e-05	9.93133690196023	0.600027611612959
1.25	15.55	5.26062755440666e-05	0.799812553943276	-5.52936325277994e-05	9.88334540773109	0.600021042510218
1.35	15.55	1.19067900067236e-05	0.799791206092814	-4.88063818648249e-05	9.83535602960434	0.600004762716003
1.45	15.55	-5.71801190938941e-05	0.799768817698824	-3.95062242143924e-05	9.78736970130488	0.599977127952362
1.55	15.55	-0.000154258499177075	0.79974543086622	-2.68667112615366e-05	9.73938743010176	0.599938296600329
1.65	15.55	-0.000272133136018507	0.799720982614459	-1.03540986365047e-05	9.69141011916513	0.599891146745593
1.75	15.55	-0.000394851218229484	0.799695214708016	1.05728852388075e-05	9.64343832280678	0.599842059512708
1.85	15.55	-0.000496632559894289	0.799667570772629	3.64914769414459e-05	9.59547195443368	0.599801346976042
1.95	15.55	-0.000542291337554573	0.799637081462428	6.81086891046545e-05	9.54750998578416	0.599783083464978
2.05	15.55	-0.000489817741163844	0.799602257302689	0.000106503084707225	9.49955019576384	0.599804072903534
2.15	15.55	-0.000296288884413723	0.799561092411616	0.000153579033556371	9.45158904787306	0.599881484446235
2.25	15.55	6.93712776659943e-05	0.799517325244617	0.000211426842622331	9.40362181698601	0.600027748511066
2.35	15.55	0.000654684724402655	0.799473073037913	0.000281600040397696	9.35564253199809	0.600261873889761
2.45	15.55	0.00154202569616864	0.79942480394785	0.00036553935717128	9.30764317624535	0.600616810278467
2.55	15.55	0.00282493536055261	0.799372164323201	0.000464859119110218	9.25961293709697	0.601129974144221
2.65	15.55	0.00460911061725687	0.799314795423022	0.000581307913798535	9.21153786282228	0.601843644246903
2.75	15.55	0.00701525116136329	0.799252379579145	0.000716570849834899	9.16340043150412	0.602806100464545
2.85	15.55	0.0101820986070598	0.799184754667519	0.000872056138935338	9.11517902107254	0.604072839442824
2.95	15.55	0.014270196713315	0.799111997549904	0.00104862536317178	9.06684727101232	0.605708078685326
3.05	15.55	0.0194669845488027	0.799034504204037	0.00124622272698301	9.01837330285325	0.607786793819521
3.15	15.55	0.0259937652184518	0.798953066459197	0.00146336980161221	8.96971874745146	0.610397506087381
3.25	15.55	0.0341149961776549	0.798868923976551	0.00169650177933547	8.92083751134821	0.613645998471062
3.35	15.55	0.0441501085435228	0.798783747404745	0.00193913960121388	8.87167420410927	0.617660043417409
3.45	15.55	0.0564874988023349	0.798699478958765	0.00218093327529895	8.82216215089975	0.622594999520934
3.55	15.55	0.0715991874925086	0.798617924691756	0.00240669133821729	8.77222094415235	0.628639674997003
3.65	15.55	0.0900525834660675	0.798539979173905	0.00259564500312812	8.72175356877749	0.636021033386427
3.75	15.55	0.112512560336668	0.79846441602831	0.00272138460811805	8.67064330002093	0.645005024134667
3.85	15.55	0.139722760483355	0.798386376474068	0.00275310977114168	8.61875085722876	0.655889104193342
3.95	15.55	0.172450860269938	0.798296110865133	0.00265892822030226	8.56591271542473	0.668980344107975
4.05	15.55	0.21138160991402	0.798179128570536	0.00241168840485531	8.51194197631763	0.684552643965608
4.15	15.55	0.256949411517661	0.798019296006079	0.00199697176880804	8.45663358936193	0.702779764607065
4.25	15.55	0.309125201458696	0.797805744510086	0.0014213752299304	8.3997756142447	0.723650080583478
4.35	15.55	0.36721058986872	0.797541969170109	0.000717695602045076	8.34116715165563	0.746884235947488
4.45	15.55	0.429729608388859	0.797252078886313	-5.66003731626782e-05	8.28064130997336	0.771891843355544
4.55	15.55	0.494510867487827	0.79697815115794	-0.00082905400000683	8.21808867691397	0.797804346995131
4.65	15.55	0.558991015310549	0.796767203569816	-0.00152748050647153	8.15347478393223	0.82359640612422
4.75	15.55	0.62066114085317	0.796654139219649	-0.00209508467655626	8.08684575652189	0.848264456341268
4.85	15.55	0.677494377242472	0.796650647035604	-0.0024998315653854	8.01832010658993	0.870997750896989
4.95	15.55	0.72820399167489	0.796745382438877	-0.0027357725084211	7.94806957290812	0.891281596669956
5.05	15.55	0.772277315367121	0.796912727665668	-0.00281786244320752	7.87629520805144	0.908910926146848
5.15	15.55	0.809835144103627	0.797123461885767	-0.00277378362663188	7.80320503664719	0.923934057641451
5.25	15.55	0.841414248830585	0.797352335838345	-0.00263601906851686	7.72899730597449	0.936565699532234
5.35	15.55	0.867757712722283	0.797581251589712	-0.00243598929747711	7.65385046787528	0.947103085088913
5.45	15.55	0.889657685085794	0.797799202335447	-0.00220066235484878	7.57791897406714	0.955863074034318
5.55	15.55	0.907859201839504	0.798000688895409	-0.00195121461921424	7.50133310918813	0.963143680735802
5.65	15.55	0.923014000673607	0.798183857613113	-0.00170304752469416	7.42420111085725	0.969205600269443
5.75	15.55	0.9356676060001	0.798348958643629	-0.00146652547758993	7.34661225717761	0.97426704240004
5.85	15.55	0.946264931909022	0.798497278549695	-0.00124798308203655	7.26864009608803	0.978505972763609
5.95	15.55	0.955164076709122	0.798630489580393	-0.00105073338164527	7.19034538691755	0.982065630683649
6.05	15.55	0.962652159847627	0.798750296841816	-0.000875946446495935	7.11177858602044	0.985060863939051
6.15	15.55	0.968960081090431	0.798858272932205	-0.000723354281296184	7.03298185646029	0.987584032436172
6.25	15.55	0.974274958051157	0.79895579908023	-0.000591784897707481	6.95399065217261	0.989709983220463
6.35	15.55	0.978750016334805	0.799044060722488	-0.000479549274194661	6.87483495143663	0.991500006533922
6.45	15.55	0.982512179525615	0.799124067084892	-0.000384710945506579	6.79554021498271	0.993004871810246
6.55	15.55	0.985667771412395	0.799196678458993	-0.000305266576513226	6.71612813419178	0.994267108564958
6.65	15.55	0.988306753741693	0.799262633282856	-0.00023926149321017	6.63661722198266	0.995322701496677
6.75	15.55	0.990505868339839	0.799322571779675	-0.000184859101064619	6.55702328667088	0.996202347335936
6.85	15.55	0.992330979246664	0.799377055271379	-0.000140378490233572	6.47735981869642	0.996932391698666
6.95	15.55	0.993838840198774	0.79942658136698	-0.000104310697073255	6.39763831194457	0.997535536079509
7.05	15.55	0.995078453583378	0.799471595634739	-7.53211039902344e-05	6.31786853522531	0.998031381433351
7.15	15.55	0.996092140443748	0.799512500450622	-5.2243218957101e-05	6.23805876497108	0.998436856177499
7.25	15.55	0.996916406039109	0.799549661659807	-3.40674375443772e-05	6.1582159869879	0.998766562415644
7.35	15.55	0.997582659731987	0.799583413584446	-1.99272154556372e-05	6.07834607282683	0.999033063892795
7.45	15.55	0.998117829461679	0.799614062804136	-9.08425105693753e-06	5.9984539347725	0.999247131784672
7.55	15.55	0.998544897942314	0.799641891040173	-9.13698866596372e-07	5.91854366237528	0.999417959176926
7.65	15.55	0.998883378561794	0.799667157396434	5.10996170749779e-06	5.83861864273636	0.999553351424717
7.75	15.55	0.99914974266804	0.79969010014778	9.42604793716533e-06	5.75868166628279	0.999659897067216
7.85	15.55	0.999357805708166	0.799710938217213	1.23996109834695e-05	5.67873501946469	0.999743122283267
7.95	15.55	0.99951907694468	0.799729872445787	1.43321309154019e-05	5.59878056561251	0.999807630777872
8.05	15.55	0.999643075778032	0.799747086728455	1.54709867040811e-05	5.5188198150687	0.999857230311213
8.15	15.55	0.999737616737389	0.799762749067068	1.60177623781691e-05	5.4388539856274	0.999895046694955
8.25	15.55	0.999809064725395	0.79977701257329	1.61354761313415e-05	5.35888405425796	0.999923625890158
8.35	15.55	0.999862561942921	0.799790016441138	1.59548304619899e-05	5.27891080104032	0.999945024777168
8.45	15.55	0.9999022279479	0.799801886899012	1.55795852896962e-05	5.19893484619519	0.99996089117916
8.55	15.55	0.999931334425602	0.799812738143982	1.50911529810457e-05	5.11895668104366	0.999972533770241
8.65	15.55	0.999952456401498	0.799822673256764	1.45525098112751e-05	5.03897669367902	0.999980982560599
8.75	15.55	0.99996760176942	0.799831785092767	1.40115105241685e-05	4.95899519007617	0.999987040707768
8.85	15.55	0.999978321111434	0.799840157143595	1.35036850394852e-05	4.87901241130308	0.999991328444574
8.95	15.55	0.999985799839051	0.799847864362964	1.30545882736199e-05	4.79902854743512	0.99999431993562
9.05	15.55	0.999990934684679	0.799854973951682	1.26817658795704e-05	4.7190437487085	0.999996373873872
9.15	15.55	0.999994396521029	0.799861546097028	1.23963915640981e-05	4.63905813438521	0.999997758608412
9.25	15.55	0.999996681391592	0.799867634663537	1.22046244496898e-05	4.55907179974035	0.999998672556637
9.35	15.55	0.99999815150694	0.799873287833003	1.21087288470588e-05	4.47908482152458	0.999999260602776
9.45	15.55	0.999999067809507	0.799878548693232	1.21079931644783e-05	4.39909726220083	0.999999627123803
9.55	15.55	0.999999615543355	0.799883455775765	1.21994794776941e-05	4.3191091732057	0.999999846217342
9.65	15.55	0.999999924094167	0.799888043544202	1.23786310919219e-05	4.23912059744271	0.999999969637667
9.75	15.55	1.00000008219521	0.799892342835143	1.26397613077734e-05	4.15913157117669	1.00000003287808
9.85	15.55	1.00000014943332	0.799896381254432	1.29764433868021e-05	4.07914212546598	1.00000005977333
9.95	15.55	1.00000016483888	0.799900183531964	1.33818184625867e-05	3.99915228724134	1.00000006593555
10.05	15.55	1.00000015320781	0.799903771838172	1.38488358953485e-05	3.91916208011759	1.00000006128312
10.15	15.55	1.00000012968376	0.799907166065678	1.43704381028019e-05	3.83917152500472	1.0000000518735
10.25	15.55	1.00000010302424	0.799910384079374	1.49397000450091e-05	3.75918064056997	1.00000004120969
10.35	15.55	1.00000007788604	0.799913441938218	1.5549931999688e-05	3.67918944358996	1.00000003115441
10.45	15.55	1.00000005639135	0.799916354091698	1.61947526292362e-05	3.59919794922212	1.00000002255654
10.55	15.55	1.00000003917514	0.799919133553796	1.68681384391579e-05	3.51920617121738	1.00000001567006
10.65	15.55	1.00000002606542	0.79992179205709	1.75644544110437e-05	3.43921412208975	1.00000001042617
10.75	15.55	1.00000001650901	0.799924340189179	1.82784699700483e-05	3.35922181325464	1.0000000066036
10.85	15.55	1.00000000982524	0.799926787513696	1.90053635752919e-05	3.27922925514396	1.0000000039301
10.95	15.55	1.00000000534639	0.799929142677596	1.97407186196523e-05	3.19923645730395	1.00000000213856
11.05	15.55	1.0000000024863	0.799931413506452	2.04805129482779e-05	3.11924342847985	1.00000000099452
11.15	15.55	1.00000000076556	0.799933607089188	2.12211036250706e-05	3.03925017669031	1.00000000030622
11.25	15.55	0.999999999812127	0.799935729853463	2.19592085430081e-05	2.95925670929348	0.999999999924851
11.35	15.55	0.999999999349697	0.799937787632898	2.26918858335873e-05	2.87926303304628	0.999999999739879
11.45	15.55	0.999999999181283	0.799939785726978	2.34165120919169e-05	2.79926915415784	0.999999999672513
11.55	15.55	0.999999999172627	0.799941728954661	2.41307600502175e-05	2.71927507833778	0.999999999669051
11.65	15.55	0.999999999237728	0.799943621702175	2.48325762041002e-05	2.63928081084005	0.999999999695091
11.75	15.55	0.999999999327539	0.799945467965888	2.5520158869457e-05	2.55928635650253	0.999999999731016
11.85	15.55	0.99999999942187	0.799947271390636	2.61919368571706e-05	2.47929171978303	0.999999999768748
11.95	15.55	0.999999999523783	0.799949035304051	2.68465490486931e-05	2.39929690479178	0.999999999809513
12.05	15.55	0.999999999655091	0.799950762747325	2.74828249589105e-05	2.31930191532087	0.999999999862036
12.15	15.55	0.999999999850899	0.799952456502806	2.80997664261937e-05	2.23930675487091	0.999999999940359
12.25	15.55	1.00000000015062	0.799954119118728	2.86965303725175e-05	2.15931142667528	1.00000000006025
12.35	15.55	1.00000000058265	0.799955752931514	2.92724127626441e-05	2.07931593372243	1.00000000023306
12.45	15.55	1.00000000114063	0.799957360086016	2.98268335919593e-05	1.99932027877663	1.00000000045625
12.55	15.55	1.00000000175082	0.799958942553996	3.03593229923449e-05	1.91932446439779	1.00000000070033
12.65	15.55	1.00000000223438	0.799960502151352	3.08695083258689e-05	1.83932849296056	1.00000000089375
12.75	15.55	1.00000000227424	0.799962040554444	3.13571022493801e-05	1.75933236667312	1.00000000090969
12.85	15.55	1.00000000140496	0.799963559315703	3.18218917452038e-05	1.67933608759516	1.00000000056199
12.95	15.55	0.999999999053795	0.799965059878639	3.22637281105292e-05	1.59933965765415	0.999999999621518
13.05	15.55	0.999999994668976	0.799966543591769	3.26825179985825e-05	1.51934307865776	0.999999997867591
13.15	15.55	0.999999987972795	0.79996801172047	3.30782156615071e-05	1.43934635229908	0.999999995189118
13.25	15.55	0.999999979363359	0.799969465454913	3.34508164696887e-05	1.35934948015049	0.999999991745344
13.35	15.55	0.999999970451636	0.79997090591155	3.38003519951821e-05	1.27935246364157	0.999999988180654
13.45	15.55	0.999999964648948	0.799972334125093	3.41268865433158e-05	1.19935530401833	0.999999985859579
13.55	15.55	0.99999996760985	0.79997375102852	3.443051501676e-05	1.11935800228511	0.99999998704394
13.65	15.55	0.99999998719169	0.799975157420533	3.47113613298901e-05	1.03936055913946	0.999999994876676
13.75	15.55	1.00000003244135	0.799976553924542	3.49695761058472e-05	0.959362974923135	1.00000001297654
13.85	15.55	1.00000011101815	0.799977940950669	3.52053315015158e-05	0.879365249630022	1.00000004440726
13.95	15.55	1.00000022450485	0.799979318682904	3.5418810350858e-05	0.799367383029687	1.00000008980194
14.05	15.55	1.00000036138	0.7999806871259	3.56101865265148e-05	0.719369374977927	1.000000144552
14.15	15.55	1.00000048818121	0.79998204625662	3.57795940169026e-05	0.639371225980742	1.00000019527248
14.25	15.55	1.00000054071539	0.799983396328728	3.59270845122377e-05	0.559372938040093	1.00000021628615
14.35	15.55	1.00000041910536	0.799984738362818	3.60525777444564e-05	0.479374515719544	1.00000016764215
14.45	15.55	0.999999992814757	0.799986074810924	3.61558160963281e-05	0.399375967209003	0.999999997125903
14.55	15.55	0.999999124004727	0.799987410297044	3.62363446217614e-05	0.319377304935888	0.999999649601891
14.65	15.55	0.999997718552353	0.799988752199328	3.62935482985418e-05	0.239378544986979	0.999999087420941
14.75	15.55	0.999995812082197	0.799990110980214	3.6326786766666e-05	0.159379704338016	0.999998324832879
14.85	15.55	0.999993691159533	0.799992359729262	3.63356632407115e-05	0.0793807947033553	0.999997476463813
14.95	15.55	0.999992034933482	0.399990471640895	3.632715164118e-05	-0.000618360409422787	0.999996813973393
0.05	15.65	-4.91151171194508e-06	0.399993655128672	-4.42240932188651e-05	10.4592942948004	0.599998035395315
0.15	15.65	-5.44694091013034e-06	0.799981214804199	-4.44497944410505e-05	10.411295213356	0.599997821223636
0.25	15.65	-5.68837623083148e-06	0.799968671586277	-4.48567884016445e-05	10.3632968976356	0.599997724649508
0.35	15.65	-4.8260019190242e-06	0.799955919560088	-4.5410990066901e-05	10.3152993368336	0.599998069599232
0.45	15.65	-2.02312352812407e-06	0.799942894573257	-4.60563939563596e-05	10.267302496172	0.599999190750589
0.55	15.65	3.52032787964398e-06	0.79992950680936	-4.67123187042756e-05	10.2193063190025	0.600001408131152
0.65	15.65	1.24169855321948e-05	0.799915662698769	-4.72718806478543e-05	10.1713107301313	0.600004966794213
0.75	15.65	2.48746567181508e-05	0.799901265764203	-4.75986226378932e-05	10.1233156449434	0.600009949862687
0.85	15.65	4.03829017071383e-05	0.799886131510114	-4.74798126487505e-05	10.0753209865365	0.600016153160683
0.95	15.65	5.66821330459195e-05	0.799870138548736	-4.66744507132753e-05	10.0273267251133	0.600022672853218
1.05	15.65	6.93806927157833e-05	0.799853134028903	-4.48567503899623e-05	9.9793329429426	0.600027752277086
1.15	15.65	7.13818778119566e-05	0.799835425102613	-4.15838380380156e-05	9.93133990959083	0.600028552751125
1.25	15.65	5.53859410243001e-05	0.79981712005578	-3.6396657596962e-05	9.88334812455064	0.60002215437641
1.35	15.65	1.47090194130733e-05	0.79979842755534	-2.87994202482144e-05	9.83535831142557	0.600005883607765
1.45	15.65	-5.50661748382568e-05	0.799779614101693	-1.8257390957654e-05	9.78737137224594	0.599977973530065
1.55	15.65	-0.000153932961468824	0.799760948569149	-4.20591275163036e-06	9.73938828115037	0.599938426815412
1.65	15.65	-0.000275155252657208	0.799742628389254	1.39412744714289e-05	9.69140990734673	0.599889937898937
1.75	15.65	-0.000403273194487705	0.799724691732307	3.67947374795313e-05	9.6434367701886	0.599838690722205
1.85	15.65	-0.000512966754592077	0.799706924622208	6.50168543150896e-05	9.59546874512628	0.599794813298163
1.95	15.65	-0.000569394619055987	0.79968876989231	9.93956801300356e-05	9.54750475727497	0.599772242152377
2.05	15.65	-0.000530790437011889	0.799669233251692	0.000140985905418454	9.49954252002448	0.599787683825195
2.15	15.65	-0.000354468906725925	0.799647005343554	0.000191250419489561	9.45157840604494	0.59985821243731
2.25	15.65	-5.70751341395725e-06	0.799623993927573	0.000251866384345586	9.40360755561191	0.599997716994634
2.35	15.65	0.000553141289328996	0.799607133938989	0.000324599425481662	9.35562389212261	0.600221256515732
2.45	15.65	0.0014075495577627	0.799591315150945	0.000411239104758426	9.30761931613258	0.600563019823105
2.55	15.65	0.00264929877511358	0.799577351681928	0.000513496754891487	9.2595828974147	0.601059719510045
2.65	15.65	0.00438200027982764	0.799565898118853	0.000633060536963257	9.21150056866074	0.601752800111931
2.75	15.65	0.00672390977228298	0.799557737111052	0.000771512790892821	9.16335469408682	0.602689563908913
2.85	15.65	0.00981074881064397	0.799553872850218	0.000930153840506344	9.11512354817825	0.603924299524258
2.95	15.65	0.013799275684777	0.799555596286127	0.00110973783192145	9.06678069187775	0.605519710273911
3.05	15.65	0.0188721789376218	0.799564525378965	0.001310101641393	9.01829421389797	0.607548871575049
3.15	15.65	0.0252448217310194	0.799582613548634	0.0015296614924569	8.96962578718337	0.610097928692408
3.25	15.65	0.0331742965652559	0.799612099656314	0.00176475523136103	8.92072947497697	0.613269718626102
3.35	15.65	0.0429710425065272	0.799655348560998	0.00200882462775169	8.8715502100717	0.617188417002611
3.45	15.65	0.0550127632319994	0.799714502229917	0.00225147164614454	8.82202187160762	0.6220051052928
3.55	15.65	0.0697593164913066	0.799790832981462	0.00247749988938501	8.7720649098298	0.627903726596523
3.65	15.65	0.0877653063325931	0.799883683727459	0.00266618209985301	8.72158354310895	0.635106122533037
3.75	15.65	0.109684012323343	0.799988942877928	0.00279117905865989	8.67046270528344	0.643873604929337
3.85	15.65	0.136252081043494	0.800097213404567	0.00282173709800864	8.61856519063972	0.654500832417397
3.95	15.65	0.168240086754896	0.800192277202743	0.00272589285336698	8.56572984730705	0.667296034701959
4.05	15.65	0.206352516694319	0.800251092023854	0.00247619002691074	8.51177216440698	0.682541006677727
4.15	15.65	0.25106729939619	0.800247015468256	0.00205759715456745	8.45648901062396	0.700426919758476
4.25	15.65	0.302426016258267	0.800157378205112	0.00147585424248897	8.39966925452034	0.720970406503307
4.35	15.65	0.359822761509617	0.799974080391843	0.000762927933836243	8.34111105313703	0.743929104603847
4.45	15.65	0.421878602122895	0.799712192820458	-2.41003655168151e-05	8.2806444548433	0.768751440849158
4.55	15.65	0.486497161192627	0.799409862388846	-0.000812364627275394	8.21815507365938	0.794598864477051
4.65	15.65	0.551142975339453	0.799116762512495	-0.00152844904980655	8.15360242171698	0.820457190135781
4.75	15.65	0.613277760273525	0.79887644528039	-0.00211385211997438	8.08702685563609	0.84531110410941
4.85	15.65	0.670798884045993	0.798712820267954	-0.00253489173609952	8.01854259643858	0.868319553618397
4.95	15.65	0.72232277605453	0.79862742096171	-0.00278446194607376	7.94831926447941	0.888929110421812
5.05	15.65	0.767245099408694	0.798606033505394	-0.00287700928986209	7.87655796465183	0.906898039763478
5.15	15.65	0.80561692213316	0.798628421421285	-0.0028402667272004	7.80346841603176	0.922246768853264
5.25	15.65	0.837932149908645	0.798675829535073	-0.00270711687439694	7.72925146926441	0.935172859963458
5.35	15.65	0.864914434780651	0.79873449684559	-0.00250951958860248	7.65408842496705	0.94596577391226
5.45	15.65	0.887353052991932	0.798796026052499	-0.00227497580489207	7.57813637087103	0.954941221196773
5.55	15.65	0.905999908109993	0.798856202167159	-0.00202511364343368	7.50152777536807	0.962399963243997
5.65	15.65	0.921518158628544	0.798913475670942	-0.00177568346672264	7.42437253589523	0.968607263451418
5.75	15.65	0.934465980300344	0.798967708815337	-0.0015373038574515	7.34676109725372	0.973786392120138
5.85	15.65	0.945300343799424	0.799019342469737	-0.00131648867115765	7.26876776036508	0.978120137519769
5.95	15.65	0.95438998523401	0.799068929397161	-0.00111667633309182	7.19045371643399	0.981755994093604
6.05	15.65	0.96203100474136	0.799116919835217	-0.000939125983258945	7.1118696191668	0.984812401896544
6.15	15.65	0.968461687956081	0.799163595230101	-0.000783635216185228	7.03305766683735	0.987384675182432
6.25	15.65	0.973875134349978	0.79920907639119	-0.000649082706334493	6.95405324285447	0.989550053739991
6.35	15.65	0.978429373372497	0.799253361228382	-0.000533820457652292	6.87488619102441	0.991371749348999
6.45	15.65	0.982255170653505	0.799296368127501	-0.000435946448922719	6.79558180338016	0.992902068261402
6.55	15.65	0.985461918689742	0.799337974048033	-0.000353486859697595	6.71616158873428	0.994184767475897
6.65	15.65	0.98814203107547	0.799378043675025	-0.000284512442304826	6.6366438769497	0.995256812430188
6.75	15.65	0.990374211112176	0.799416449535184	-0.000227208355545981	6.55704430116048	0.99614968444487
6.85	15.65	0.99222589471291	0.799453084465124	-0.000179911994382982	6.47737618934087	0.996890357885164
6.95	15.65	0.993755097599173	0.799487868208798	-0.000141129414322179	6.39765088806261	0.997502039039669
7.05	15.65	0.995011837148852	0.799520749810983	-0.000109537897702742	6.31787803481395	0.998004734859541
7.15	15.65	0.996039252037632	0.79955170718173	-8.39799287244815e-05	6.23806579051414	0.998415700815053
7.25	15.65	0.996874507045972	0.799580744884894	-6.34521847524829e-05	6.15822104045812	0.998749802818389
7.35	15.65	0.997549544066497	0.799607890919309	-4.70919665485552e-05	6.07834956953243	0.999019817626599
7.45	15.65	0.998091721333462	0.799633193032269	-3.41626565073934e-05	5.99845621588266	0.999236688533385
7.55	15.65	0.998524369380524	0.799656714930748	-2.40392158578537e-05	5.91854500607939	0.99940974775221
7.65	15.65	0.998867282763527	0.799678532628401	-1.61943352005861e-05	5.8386192740678	0.999546913105411
7.75	15.65	0.999137160058198	0.799698731074909	-1.01855850251877e-05	5.75868176568341	0.999654864023279
7.85	15.65	0.999348000239799	0.799717401149979	-5.64373508735064e-06	5.67873473019119	0.99973920009592
7.95	15.65	0.999511460670434	0.799734637059429	-2.26229567427519e-06	5.59878000009659	0.999804584268174
8.05	15.65	0.999637180117061	0.799750534140086	2.11738448010569e-07	5.51881906034534	0.999854872046824
8.15	15.65	0.999733069172586	0.799765187059547	1.98600475103488e-06	5.43885310794193	0.999893227669034
8.25	15.65	0.999805569911653	0.799778688383898	3.2298368053657e-06	5.3588831029557	0.999922227964661
8.35	15.65	0.999859886402584	0.799791127477782	4.08037363059251e-06	5.27890981183423	0.999943954561034
8.45	15.65	0.999900187685681	0.799802589697525	4.64781459273524e-06	5.1989338438974	0.999960075074272
8.55	15.65	0.999929784920356	0.799813155836589	5.01991816258731e-06	5.11895568183763	0.999971913968142
8.65	15.65	0.999951284532967	0.799822901783001	5.26583643589199e-06	5.03897570699987	0.999980513813187
8.75	15.65	0.999966719319455	0.799831898350861	5.43937051818061e-06	4.95899422015842	0.999986687727782
8.85	15.65	0.999977659545201	0.799840211251192	5.5817236621067e-06	4.87901145844719	0.99999106381808
8.95	15.65	0.999985306125425	0.799847901170724	5.7238207713401e-06	4.79902760903734	0.99999412245017
9.05	15.65	0.999990567958905	0.799855023931759	5.88825547951491e-06	4.71904282009233	0.999996227183562
9.15	15.65	0.999994125428567	0.799861630709633	6.09091803831588e-06	4.63905720946718	0.999997650171427
9.25	15.65	0.999996481981528	0.79986776828897	6.34235123699233e-06	4.55907087155809	0.999998592792611
9.35	15.65	0.999998005567517	0.799873479342685	6.64887469396113e-06	4.47908388265104	0.999999202227007
9.45	15.65	0.999998961558189	0.799878802721751	7.01351308215419e-06	4.39909630506465	0.999999584623276
9.55	15.65	0.999999538600235	0.799883773745985	7.4367585480773e-06	4.3191081903348	0.999999815440094
9.65	15.65	0.999999868680934	0.799888424489	7.91719360760365e-06	4.23911958164532	0.999999947472374
9.75	15.65	1.00000004251298	0.799892784052127	8.45199683309106e-06	4.15913051567186	1.00000001700519
9.85	15.65	1.0000001211817	0.799896878824166	9.03735064266927e-06	4.07914102397348	1.00000004847268
9.95	15.65	1.00000014484598	0.799900732724814	9.66876739349122e-06	3.99915113403928	1.00000005793839
10.05	15.65	1.0000001391471	0.799904367430753	1.03413478281962e-05	3.91916087007462	1.00000005565884
10.15	15.65	1.00000011985853	0.79990780258424	1.10499835166241e-05	3.8391702535925	1.00000004794341
10.25	15.65	1.00000009620435	0.799911055984365	1.17895132955319e-05	3.75917930386047	1.00000003848174
10.35	15.65	1.000000073185	0.799914143761756	1.25548421507047e-05	3.67918803824143	1.000000029274
10.45	15.65	1.00000005317431	0.799917080537568	1.33410294182938e-05	3.59919647245684	1.00000002126972
10.55	15.65	1.00000003699035	0.799919879567821	1.41433523630552e-05	3.51920462079347	1.00000001479614
10.65	15.65	1.00000002459354	0.799922552874235	1.4957349892327e-05	3.4392124962692	1.00000000983742
10.75	15.65	1.00000001552589	0.799925111362581	1.57788505827306e-05	3.359220110769	1.00000000621035
10.85	15.65	1.00000000917462	0.799927564929738	1.66039882999511e-05	3.27922747515892	1.00000000366985
10.95	15.65	1.00000000492014	0.79992992256043	1.74292082177936e-05	3.19923459938376	1.00000000196806
11.05	15.65	1.00000000221018	0.799932192414644	1.82512654591416e-05	3.11924149255229	1.00000000088407
11.15	15.65	1.00000000058899	0.79993438190653	1.90672182664806e-05	3.03924816301265	1.0000000002356
11.25	15.65	0.99999999970093	0.79993649777574	1.98744170898616e-05	2.95925461841996	0.999999999880372
11.35	15.65	0.99999999928096	0.799938546151841	2.06704908354153e-05	2.87926086579719	0.999999999712384
11.45	15.65	0.999999999139783	0.799940532612499	2.1453331260181e-05	2.79926691159051	0.999999999655913
11.55	15.65	0.999999999148333	0.799942462236048	2.22210761460901e-05	2.71927276171948	0.999999999659333
11.65	15.65	0.999999999224104	0.799944339649003	2.29720919605806e-05	2.63927842162286	0.999999999689642
11.75	15.65	0.999999999320394	0.799946169068918	2.37049563570198e-05	2.55928389630021	0.999999999728157
11.85	15.65	0.999999999418604	0.799947954343187	2.4418440915506e-05	2.47928919034977	0.999999999767441
11.95	15.65	0.999999999522909	0.79994969898398	2.51114943211167e-05	2.39929430800282	0.999999999809164
12.05	15.65	0.999999999655935	0.799951406199817	2.57832262179853e-05	2.3192992531549	0.999999999862374
12.15	15.65	0.999999999853405	0.799953078924056	2.64328917680096e-05	2.23930402939414	0.999999999941362
12.25	15.65	1.00000000015519	0.799954719840607	2.70598770974628e-05	2.15930864002714	1.00000000006207
12.35	15.65	1.00000000058994	0.799956331407248	2.76636855592456e-05	2.07931308810271	1.00000000023598
12.45	15.65	1.00000000115126	0.799957915876797	2.82439248812553e-05	1.99931737643406	1.0000000004605
12.55	15.65	1.00000000176488	0.799959475316647	2.88002951508156e-05	1.91932150761985	1.00000000070595
12.65	15.65	1.00000000225082	0.799961011626921	2.93325776297789e-05	1.83932548406458	1.00000000090033
12.75	15.65	1.00000000229007	0.799962526557705	2.98406243652239e-05	1.75932930799841	1.00000000091603
12.85	15.65	1.0000000014145	0.799964021725561	3.03243485994616e-05	1.67933298149625	1.0000000005658
12.95	15.65	0.999999999048234	0.799965498629366	3.07837159925876e-05	1.59933650649492	0.999999999619294
13.05	15.65	0.99999999463683	0.79996695866501	3.1218736813821e-05	1.51933988480641	0.999999997854732
13.15	15.65	0.999999987901756	0.799968403137978	3.16294591002236e-05	1.43934311812386	0.999999995160703
13.25	15.65	0.999999979244371	0.799969833271956	3.20159631164941e-05	1.359346208016	0.999999991697748
13.35	15.65	0.999999970285642	0.799971250210875	3.23783571051441e-05	1.27934915590556	0.999999988114257
13.45	15.65	0.999999964456323	0.799972655011393	3.27167744644654e-05	1.19935196302877	0.999999985782529
13.55	15.65	0.999999967441365	0.799974048623269	3.30313721004558e-05	1.11935463037746	0.999999986976546
13.65	15.65	0.999999987138182	0.799975431857147	3.33223292528478e-05	1.03935715863411	0.999999994855273
13.75	15.65	1.00000003263698	0.799976805343767	3.35898455936513e-05	0.959359548123012	1.00000001305479
13.85	15.65	1.00000011162965	0.799978169496239	3.38341365044141e-05	0.879361798818736	1.00000004465186
13.95	15.65	1.00000022569737	0.799979524497557	3.40554229025788e-05	0.799363910470714	1.00000009027895
14.05	15.65	1.00000036325011	0.799980870348087	3.42539126387201e-05	0.719365882915719	1.00000014530004
14.15	15.65	1.00000049065155	0.799982207018331	3.44297711519303e-05	0.639367716644864	1.00000019626062
14.25	15.65	1.00000054339551	0.799983534755111	3.45830812033963e-05	0.559369413653509	1.0000002173582
14.35	15.65	1.00000042114069	0.799984854574284	3.47137958559372e-05	0.479370978511737	1.00000016845628
14.45	15.65	0.999999992772266	0.799986168928302	3.48216956715076e-05	0.399372419433503	0.999999997108906
14.55	15.65	0.999999119876339	0.799987482449776	3.49063702985385e-05	0.319373748889685	0.999999647950536
14.65	15.65	0.999997707989448	0.799988802535607	3.49672546211037e-05	0.239374983026186	0.999999083195779
14.75	15.65	0.999995792993139	0.799990139674114	3.50037574647016e-05	0.159376138880249	0.999998317197255
14.85	15.65	0.999993662786585	0.799992370228562	3.50155168683311e-05	0.079377228203733	0.999997465114634
14.95	15.65	0.999991999448931	0.399990448535456	3.50091163753127e-05	-0.000621926171044618	0.999996799779572
0.05	15.75	-4.96730165970225e-06	0.399993576984313	-3.16348509781657e-05	10.4592965731543	0.599998013079336
0.15	15.75	-5.50375779821775e-06	0.799980987828115	-3.17870463362477e-05	10.4112975028726	0.599997798496881
0.25	15.75	-5.73726106003101e-06	0.799968314319408	-3.20498421921759e-05	10.3632992068629	0.599997705095576
0.35	15.75	-4.84822823143612e-06	0.799955465596671	-3.23929432143505e-05	10.3153016723508	0.599998060708707
0.45	15.75	-1.99129497572465e-06	0.799942395712964	-3.27657637854963e-05	10.2673048612976	0.59999920348201
0.55	15.75	3.63736698230485e-06	0.799929037640771	-3.30947103998252e-05	10.2193087123464	0.600001454946793
0.65	15.75	1.26435909762449e-05	0.799915326949555	-3.32790989716457e-05	10.1713131440679	0.60000505743639
0.75	15.75	2.523696112341e-05	0.799901220291248	-3.31840668764572e-05	10.1233180640769	0.600010094784449
0.85	15.75	4.12063964686468e-05	0.799886441309697	-3.26269320522051e-05	10.0753233827461	0.600016482558587
0.95	15.75	5.79675811940552e-05	0.799871089783768	-3.13575562763779e-05	10.0273290543746	0.600023187032478
1.05	15.75	7.11000570353371e-05	0.799855101068993	-2.90537740334181e-05	9.97933514274517	0.600028440022814
1.15	15.75	7.36463497443395e-05	0.799838786985091	-2.53341215691803e-05	9.93134189277805	0.600029458539898
1.25	15.75	5.81235225892871e-05	0.79982239783382	-1.97636887007183e-05	9.88334977601227	0.600023249409036
1.35	15.75	1.76234128325859e-05	0.799806299126497	-1.18557697891048e-05	9.83535948609097	0.600007049365133
1.45	15.75	-5.25503961466769e-05	0.799790944223474	-1.07787485973815e-06	9.7873718926351	0.599978979841541
1.55	15.75	-0.000152744530151588	0.799776822307442	1.31408361949911e-05	9.73938793528475	0.599938902187939
1.65	15.75	-0.000276650976528323	0.79976438962113	3.14044888873614e-05	9.69140844704595	0.599889339609389
1.75	15.75	-0.000409295959170407	0.79975398757469	5.43544023109446e-05	9.64343390915396	0.599836281616332
1.85	15.75	-0.000525863944046179	0.799745754880042	8.26902724343487e-05	9.59546415560971	0.599789654422382
1.95	15.75	-0.000591946167466976	0.799739533851595	0.000117212445026993	9.54749806336254	0.599763221533013
2.05	15.75	-0.000565950090004671	0.799734738294476	0.000158866921215878	9.49953328397632	0.599773619963998
2.15	15.75	-0.000405302483469208	0.79973017619646	0.000208737068275614	9.45156610378267	0.599837879006612
2.25	15.75	-8.0339209697073e-05	0.799730647989466	0.000268006257125598	9.40359159367371	0.599967864316121
2.35	15.75	0.000454556318780987	0.799739416745131	0.000338434456317036	9.35560356624426	0.600181822527512
2.45	15.75	0.00127831430459841	0.799754752281785	0.000422072097469576	9.30759378178927	0.600511325721839
2.55	15.75	0.00248109157449652	0.799778017372023	0.000520621896483022	9.2595512092001	0.600992436629799
2.65	15.75	0.0041647431998598	0.79981077878171	0.000635624252610248	9.21146167418105	0.601665897279944
2.75	15.75	0.0064452599290959	0.799854829772603	0.000768476115163501	9.16330743551435	0.602578103971638
2.85	15.75	0.00945549668581647	0.799912270475721	0.000920302476894464	9.11506667312588	0.603782198674327
2.95	15.75	0.0133486074965342	0.79998553961525	0.00109171506619814	9.06671287794392	0.605339442998614
3.05	15.75	0.0183027583416583	0.800077408753678	0.0012824634539202	9.01821411325933	0.607321103336663
3.15	15.75	0.0245276593617627	0.800190925401361	0.00149096368574542	8.96953209935397	0.609811063744705
3.25	15.75	0.0322733948393585	0.800329269138717	0.00171368612564292	8.92062105772692	0.612909357935743
3.35	15.75	0.0418418449238751	0.800495462038815	0.00194439734347162	8.87142624002193	0.61673673796955
3.45	15.75	0.0536005246278215	0.800691847667963	0.00217328666490929	8.82188206610282	0.621440209851129
3.55	15.75	0.0679976732780369	0.800919227915578	0.00238607836145589	8.77190981844822	0.627199069311215
3.65	15.75	0.0855755977940179	0.801175545604423	0.0025633486239954	8.72141490764481	0.634230239117607
3.75	15.75	0.106976304859535	0.801454071035802	0.00268043529078686	8.67028386730284	0.642790521943814
3.85	15.75	0.132929333643883	0.801741271722314	0.00270851571198207	8.61838149196339	0.653171733457553
3.95	15.75	0.164207273828098	0.802015000320136	0.00261752984259257	8.56554892052105	0.665682909531239
4.05	15.75	0.201532343059804	0.802244303485077	0.0023814384680591	8.51160395666993	0.680612937223922
4.15	15.75	0.2454226908739	0.802392683914883	0.00198558038149912	8.45634535067794	0.69816907634956
4.25	15.75	0.295986238059435	0.802426192008505	0.00143455446000977	8.39956280540598	0.718394495223774
4.35	15.75	0.352705256127917	0.802325340052318	0.000757577702447445	8.34105363940922	0.741082102451167
4.45	15.75	0.414295079442757	0.802095919120688	7.82466690001091e-06	8.28064501602882	0.765718031777103
4.55	15.75	0.478734458865448	0.801771469118515	-0.000745995185468516	8.21821777833836	0.791493783546179
4.65	15.75	0.543519019155816	0.801403413154022	-0.0014338838233149	8.15372558996237	0.817407607662326
4.75	15.75	0.606086140819879	0.801043115200384	-0.0019993719018272	8.08720312968902	0.842434456327952
4.85	15.75	0.664262374943119	0.800726154130908	-0.00240930795743654	8.01876032644132	0.865704949977248
4.95	15.75	0.716570741047235	0.800466713550074	-0.00265591921185486	7.94856461140991	0.886628296418894
5.05	15.75	0.762316789498188	0.800261982750814	-0.00275226075898742	7.87681703952094	0.904926715799275
5.15	15.75	0.801482003419018	0.80010081041561	-0.00272438530884399	7.80372892266911	0.920592801367607
5.25	15.75	0.834516841491893	0.799971049772721	-0.00260351469260301	7.72950363108741	0.933806736596757
5.35	15.75	0.862124742830705	0.799863364900448	-0.00242014444551906	7.65432525247789	0.944849897132282
5.45	15.75	0.885091397510674	0.799772022517267	-0.00220058533483863	7.57835346838434	0.95403655900427
5.55	15.75	0.904175015122315	0.799694119776004	-0.0019655633003849	7.50172290373793	0.961670006048926
5.65	15.75	0.920049756713113	0.799628423356962	-0.00173019209644427	7.42454509953675	0.968019902685245
5.75	15.75	0.933286138964852	0.799574413076774	-0.00150467941804221	7.34691165900013	0.973314455585941
5.85	15.75	0.944352952524403	0.799531689339798	-0.00129530860696796	7.2688976336196	0.977741181009761
5.95	15.75	0.953629384143238	0.799499693870616	-0.00110542416411031	7.19056464837832	0.981451753657295
6.05	15.75	0.961420361721164	0.799477634945941	-0.000936289367971973	7.11196355933616	0.984568144688466
6.15	15.75	0.967971429110669	0.799464520037111	-0.000787772221035269	7.03313660708231	0.987188571644268
6.25	15.75	0.973481560005002	0.799459230032053	-0.000658863121860285	6.95411911288809	0.989392624002001
6.35	15.75	0.978113496770565	0.799460597906545	-0.000548048359715066	6.87494079509972	0.991245398708226
6.45	15.75	0.98200177052807	0.799467474691586	-0.000453569233004389	6.79562678617665	0.992800708211228
6.55	15.75	0.985258778430454	0.799478777369442	-0.000373594937542225	6.71619842121878	0.994103511372182
6.65	15.75	0.987979332742469	0.799493519312253	-0.000306332825482101	6.63667385535766	0.995191733096988
6.75	15.75	0.990244054463372	0.799510826330512	-0.000250094525999536	6.557068554172	0.996097621785349
6.85	15.75	0.992121915656797	0.799529941960932	-0.000203331791994504	6.47739569000681	0.996848766262719
6.95	15.75	0.993672165140322	0.799550225307144	-0.000164652150344381	6.39766646813334	0.997468866056129
7.05	15.75	0.994945812134942	0.799571144116766	-0.000132821507774252	6.31789039991569	0.997978324853977
7.15	15.75	0.995986794576919	0.799592265113918	-0.000106758688543712	6.2380755351785	0.998394717830767
7.25	15.75	0.99683292232994	0.799613243026784	-8.55253020635528e-05	6.15822866240015	0.998733168931976
7.35	15.75	0.997516658587375	0.799633809289792	-6.83132155458101e-05	6.0783554828386	0.99900666343495
7.45	15.75	0.998065783240205	0.799653761055564	-5.44311198967893e-05	5.99846076294804	0.999226313296082
7.55	15.75	0.998503968074328	0.799672950903608	-4.32911324842143e-05	5.91854846824963	0.999401587229731
7.65	15.75	0.998851283883562	0.799691277460371	-3.43960080657546e-05	5.83862188101439	0.999540513553425
7.75	15.75	0.999124652821105	0.799708677027705	-2.73272787784892e-05	5.75868370358466	0.999649861128442
7.85	15.75	0.999338254727805	0.799725116239279	-2.17344779761675e-05	5.67873614881479	0.999735301891122
7.95	15.75	0.999503893155036	0.799740585714743	-1.73254953632677e-05	5.59878101889022	0.999801557262014
8.05	15.75	0.999631324890394	0.799755094650925	-1.38580433739709e-05	5.51881977364368	0.999852529956157
8.15	15.75	0.999728555661286	0.799768666271899	-1.1132175016976e-05	5.43885358939494	0.999891422264514
8.25	15.75	0.999802104087004	0.799781334051042	-8.98377140775289e-06	5.35888340927646	0.999920841634802
8.35	15.75	0.999857235690171	0.799793138616354	-7.27890739059131e-06	5.27890998595651	0.999942894276069
8.45	15.75	0.999898168728599	0.799804125250922	-5.9090020019375e-06	5.1989339176241	0.999959267491439
8.55	15.75	0.999928253670717	0.799814341905596	-4.78666280850799e-06	5.11895567805247	0.999971301468287
8.65	15.75	0.999950128243389	0.799823837646384	-3.84213897017332e-06	5.03897564150602	0.999980051297356
8.75	15.75	0.999965850084438	0.799832661466034	-3.02030496993169e-06	4.95899410319981	0.999986340033775
8.85	15.75	0.999977009105781	0.79984086139701	-2.2781042214001e-06	4.87901129596104	0.999990803642312
8.95	15.75	0.999984821702096	0.799848483870501	-1.58238971886367e-06	4.79902740367983	0.999993928680839
9.05	15.75	0.999990208920028	0.799855573273211	-9.08106077847266e-07	4.71904257207336	0.999996083568011
9.15	15.75	0.999993860636095	0.799862171661121	-2.36764033501719e-07	4.6390569172253	0.999997544254438
9.25	15.75	0.999996287684368	0.799868318595686	4.44835105776763e-07	4.55907053230198	0.999998515073747
9.35	15.75	0.999997863736284	0.799874051073536	1.14566209555968e-06	4.47908349278999	0.999999145494514
9.45	15.75	0.999998858574516	0.799879403526437	1.87134154809943e-06	4.39909586054721	0.999999543429806
9.55	15.75	0.999999464229796	0.799884407872272	2.62488042611199e-06	4.31910768691171	0.999999785691918
9.65	15.75	0.999999815272555	0.799889093602122	3.40726710312482e-06	4.23911901507045	0.999999926109022
9.75	15.75	1.00000000437713	0.799893487891461	4.21796133689473e-06	4.15912988185251	1.00000000175085
9.85	15.75	1.0000000941106	0.799897615726342	5.05529262399704e-06	4.07914031907969	1.00000003764424
9.95	15.75	1.00000012574509	0.799901500037677	5.91678191982835e-06	3.99915035458027	1.00000005029804
10.05	15.75	1.00000012575357	0.799905161838494	6.79939934751313e-06	3.91916001294889	1.00000005030143
10.15	15.75	1.00000011052732	0.79990862036031	7.69976883989523e-06	3.8391693161172	1.00000004421093
10.25	15.75	1.00000008974668	0.799911893186134	8.61432877631359e-06	3.75917828378467	1.00000003589867
10.35	15.75	1.00000006874707	0.799914996378285	9.53945644400199e-06	3.67918693374688	1.00000002749883
10.45	15.75	1.00000005014672	0.799917944599795	1.04715628559044e-05	3.59919528214941	1.00000002005869
10.55	15.75	1.00000003494094	0.799920751228916	1.14071634159571e-05	3.5192033436877	1.00000001397638
10.65	15.75	1.00000002321787	0.799923428466307	1.23429290584314e-05	3.43921113176797	1.00000000928715
10.75	15.75	1.00000001461091	0.799925987434827	1.32757217099246e-05	3.35921865863991	1.00000000584436
10.85	15.75	1.00000000857229	0.799928438272167	1.42026172177875e-05	3.27922593550863	1.00000000342892
10.95	15.75	1.00000000452834	0.799930790216462	1.5120918519741e-05	3.19923297263131	1.00000000181133
11.05	15.75	1.00000000195894	0.799933051685212	1.60281610597368e-05	3.11923977940218	1.00000000078358
11.15	15.75	1.00000000043077	0.799935230347923	1.69221124056969e-05	3.03924636442821	1.00000000017231
11.25	15.75	0.999999999603665	0.799937333192725	1.7800767360381e-05	2.95925273559744	0.999999999841466
11.35	15.75	0.999999999223186	0.799939366587539	1.8662339914909e-05	2.879258900141	0.999999999689274
11.45	15.75	0.999999999107245	0.799941336335979	1.95052528049914e-05	2.79926486468964	0.999999999642898
11.55	15.75	0.999999999131645	0.799943247728476	2.03281255957679e-05	2.71927063532541	0.999999999652658
11.65	15.75	0.999999999217144	0.799945105588974	2.11297617450947e-05	2.63927621762895	0.999999999686858
11.75	15.75	0.999999999319235	0.799946914317503	2.19091352442834e-05	2.55928161672258	0.999999999727694
11.85	15.75	0.999999999420809	0.799948677928941	2.26653770454531e-05	2.47928683730979	0.999999999768324
11.95	15.75	0.999999999527086	0.799950400088303	2.33977617052426e-05	2.39929188371104	0.999999999810834
12.05	15.75	0.999999999661457	0.799952084142736	2.41056943030991e-05	2.31929675989647	0.999999999864583
12.15	15.75	0.999999999860236	0.799953733150708	2.47886978784066e-05	2.23930146951563	0.999999999944094
12.25	15.75	1.00000000016372	0.799955349908332	2.5446401401652e-05	2.15930601592465	1.00000000006549
12.35	15.75	1.00000000060083	0.799956936973492	2.60785284103324e-05	2.07931040221129	1.00000000024033
12.45	15.75	1.00000000116509	0.799958496687792	2.66848862446322e-05	1.99931463121825	1.00000000046604
12.55	15.75	1.00000000178176	0.799960031196852	2.72653559683833e-05	1.91931870556539	1.0000000007127
12.65	15.75	1.00000000226973	0.799961542469262	2.7819882916509e-05	1.83932262767109	1.00000000090789
12.75	15.75	1.00000000230812	0.799963032314559	2.83484678704297e-05	1.75932639977308	1.00000000092325
12.85	15.75	1.00000000142622	0.799964502400488	2.88511589035043e-05	1.67933002394838	1.00000000057049
12.95	15.75	0.99999999904518	0.799965954269525	2.93280439041224e-05	1.5993335021313	0.999999999618072
13.05	15.75	0.999999994607962	0.799967389354262	2.97792438745756e-05	1.51933683612743	0.999999997843185
13.15	15.75	0.999999987835292	0.799968808990579	3.02049071908742e-05	1.43934002762021	0.999999995134117
13.25	15.75	0.999999979131681	0.799970214426825	3.06052048886732e-05	1.35934307816594	0.999999991652673
13.35	15.75	0.999999970127746	0.799971606826349	3.09803272555715e-05	1.27934598917252	0.999999988051099
13.45	15.75	0.99999996427291	0.79997298726038	3.13304816284815e-05	1.19934876185923	0.999999985709164
13.55	15.75	0.999999967281267	0.799974356688753	3.16558912779484e-05	1.11935139719898	0.999999986912507
13.65	15.75	0.999999987088559	0.799975715927898	3.19567947275675e-05	1.0393538958534	0.999999994835424
13.75	15.75	1.00000003282631	0.799977065610282	3.22334442372206e-05	0.959356258124263	1.00000001313053
13.85	15.75	1.00000011221733	0.799978406146866	3.24861016146811e-05	0.879358483962314	1.00000004488693
13.95	15.75	1.00000022684084	0.799979737714969	3.27150287077039e-05	0.799360573092889	1.00000009073633
14.05	15.75	1.00000036504077	0.799981060306362	3.29204698742219e-05	0.719362525330206	1.00000014601631
14.15	15.75	1.00000049301435	0.799982373881089	3.3102624195205e-05	0.639364341147226	1.00000019720574
14.25	15.75	1.00000054595648	0.799983678675345	3.32616073511398e-05	0.559366022529496	1.00000021838259
14.35	15.75	1.00000042308388	0.799984975696527	3.33974071810184e-05	0.479367574050205	1.00000016923355
14.45	15.75	0.999999992732144	0.799986267393666	3.35098434390299e-05	0.399369003943474	0.999999997092857
14.55	15.75	0.999999115942867	0.799987558403843	3.35985509148488e-05	0.319370324719141	0.999999646377147
14.65	15.75	0.9999976979329	0.799988856138106	3.3663014513425e-05	0.239371552577228	0.99999907917316
14.75	15.75	0.999995774832909	0.799990171105486	3.37026920857354e-05	0.159372704611566	0.999998309933164
14.85	15.75	0.999993635812522	0.799992382745973	3.3717256398083e-05	0.0793737926080527	0.999997454325009
14.95	15.75	0.999991965730391	0.399990427653921	3.37129112455333e-05	-0.000625361237584578	0.999996786292156
0.05	15.85	-5.02047120379901e-06	0.399993532000215	-1.89233915844725e-05	10.4592980914725	0.599997991811519
0.15	15.85	-5.56136862153444e-06	0.799980860856141	-1.90132389903706e-05	10.4112990282903	0.599997775452551
0.25	15.85	-5.79531315196296e-06	0.799968122706181	-1.91564119823199e-05	10.3633007441048	0.599997681874739
0.35	15.85	-4.89426997321564e-06	0.799955239964807	-1.93281042568229e-05	10.3153032244775	0.599998042292011
0.45	15.85	-2.00233388856082e-06	0.79994218153314	-1.94858030594189e-05	10.2673064285621	0.599999199066444
0.55	15.85	3.70065075354777e-06	0.799928896987956	-1.95666469402868e-05	10.2193102908815	0.600001480260301
0.65	15.85	1.28498501257156e-05	0.799915342030216	-1.94816226479032e-05	10.1713147241615	0.60000513994005
0.75	15.85	2.56853280307026e-05	0.799901485006865	-1.91068727853694e-05	10.1233196276038	0.600010274131212
0.85	15.85	4.17509348381381e-05	0.799887227822913	-1.83045508956648e-05	10.0753249023821	0.600016700373935
0.95	15.85	5.88561277142274e-05	0.799872551855597	-1.682938865004e-05	10.0273304886726	0.600023542451086
1.05	15.85	7.25925540924829e-05	0.799857444544693	-1.43796154620577e-05	9.97933643006878	0.600029037021637
1.15	15.85	7.57110702108818e-05	0.799842407019259	-1.06578030816852e-05	9.93134295034381	0.600030284428084
1.25	15.85	6.06809497522272e-05	0.799827775721943	-5.27787526863644e-06	9.88335049679549	0.600024272379901
1.35	15.85	2.04676040069915e-05	0.799814043488431	2.20895617215073e-06	9.83535973464626	0.600008187041603
1.45	15.85	-4.98392590204703e-05	0.799801823326285	1.2300929763651e-05	9.78737150209937	0.599980064296392
1.55	15.85	-0.000150879588226733	0.799791800227245	2.55396848988984e-05	9.73938670492505	0.599939648164709
1.65	15.85	-0.000276712424522233	0.799784666441579	4.25064935666305e-05	9.69140614001915	0.599889315030191
1.75	15.85	-0.000412797323156467	0.799781047614957	6.38231697807744e-05	9.6434302499578	0.599834881070737
1.85	15.85	-0.000534821803003001	0.799781429560917	9.01626056210151e-05	9.5954588262918	0.599786071278799
1.95	15.85	-0.000609020531147321	0.799786080697276	0.000122267816169386	9.54749069785362	0.599756391787541
2.05	15.85	-0.000594812500183585	0.79979492855568	0.000160951715003396	9.49952346371016	0.599762074999927
2.15	15.85	-0.000450832271902852	0.799807609653668	0.000207009642968651	9.45155336489033	0.599819667091239
2.25	15.85	-0.000143153483143141	0.799827139725933	0.000261074380565269	9.4035753971112	0.599942738606743
2.35	15.85	0.000367739114571655	0.799860344351596	0.000324729139647337	9.35558326821076	0.600147095645829
2.45	15.85	0.00116311690498091	0.799904315953039	0.000400160742938791	9.30756862484992	0.600465246761992
2.55	15.85	0.00233089770465469	0.799961436299535	0.000488912862721374	9.25952031998507	0.600932359081862
2.65	15.85	0.00397073872609187	0.800034174090709	0.000592277827764908	9.21142408251087	0.601588295490437
2.75	15.85	0.00619638017912526	0.800125300823624	0.000711402598714243	9.16326208125083	0.60247855207165
2.85	15.85	0.00913805385453494	0.800237928314129	0.00084719128710863	9.11501241627056	0.603655221541814
2.95	15.85	0.0129456848820365	0.800375523586179	0.00100009291611336	9.06664852078555	0.605178273952815
3.05	15.85	0.0177934069923059	0.800541876890987	0.00116979473140412	9.01813844102285	0.607117362796922
3.15	15.85	0.0238858956772388	0.800740995228355	0.00135481131861884	8.9694439465051	0.609554358270895
3.25	15.85	0.0314669949261671	0.800976880526272	0.00155195408889564	8.92051940867959	0.612586797970467
3.35	15.85	0.0408309612972038	0.801253129948179	0.00175567657078899	8.87131037437528	0.616332384518882
3.45	15.85	0.0523362242727083	0.801572269321958	0.00195732149307279	8.82175175862543	0.620934489709083
3.55	15.85	0.0664206364518518	0.801934707580508	0.00214435550739464	8.77176560116988	0.626568254580741
3.65	15.85	0.083615453794049	0.802337202355447	0.00229977788540603	8.72125839303607	0.63344618151762
3.75	15.85	0.104552433048451	0.802770801742362	0.00240203364851687	8.67011811417657	0.64182097321938
3.85	15.85	0.12995439227303	0.803218453768572	0.00242592357297933	8.61821136603611	0.651981756909212
3.95	15.85	0.160595074458146	0.803652940013943	0.00234509707262888	8.56538135891167	0.664238029783258
4.05	15.85	0.19721157987049	0.804036483073777	0.00213656768162758	8.51144799742583	0.678884631948196
4.15	15.85	0.240356836628309	0.804323973254425	0.00178708695560141	8.4562117570489	0.696142734651324
4.25	15.85	0.290197054062561	0.804471420310141	0.00130007054505191	8.39946313990832	0.716078821625024
4.35	15.85	0.346293120470068	0.804448939075135	0.000700466635451598	8.34099876827956	0.738517248188027
4.45	15.85	0.407445908016167	0.80425350476286	3.44813345178667e-05	8.28064325714805	0.762978363206467
4.55	15.85	0.471704251098946	0.803913808978094	-0.000637513713558831	8.21827316437709	0.788681700439579
4.65	15.85	0.536595407513839	0.803482127472683	-0.00125338633862179	8.15383683583864	0.814638163005535
4.75	15.85	0.599538316738921	0.803016361205752	-0.00176243820044476	8.08736372421039	0.839815326695569
4.85	15.85	0.658297718204876	0.802562455094843	-0.00213436666452243	8.01895974702756	0.863319087281951
4.95	15.85	0.711312473571512	0.802146154024912	-0.00236141331146609	7.94879022773503	0.884524989428605
5.05	15.85	0.757805437314557	0.801775252624658	-0.00245453176290822	7.87705608414687	0.903122174925823
5.15	15.85	0.797693310137421	0.801447143371129	-0.0024364905996716	7.80397002657663	0.919077324054968
5.25	15.85	0.831385511307923	0.801155935321849	-0.00233487335100585	7.7297377058277	0.932554204523169
5.35	15.85	0.859565937370648	0.80089649666606	-0.00217676009476455	7.65454576027226	0.943826374948259
5.45	15.85	0.883016308142652	0.800665631155481	-0.00198558393199022	7.57855625931008	0.953206523257061
5.55	15.85	0.902500226499043	0.800461691526748	-0.00177984170496404	7.50190582069713	0.961000090599617
5.65	15.85	0.918701755659885	0.800283758254457	-0.00157304718938559	7.42470750865514	0.967480702263954
5.75	15.85	0.93220265830714	0.800130967445023	-0.00137435043134959	7.34705400319057	0.972881063322856
5.85	15.85	0.943482549634092	0.800002147548311	-0.00118940886505598	7.2690210563779	0.977393019853637
5.95	15.85	0.952930206232618	0.799895717595928	-0.00102126405742932	7.19067070123861	0.981172082493047
6.05	15.85	0.960858661119158	0.799809743656495	-0.000871104858711396	7.11205398802014	0.984343464447663
6.15	15.85	0.967520120503798	0.799742063608433	-0.000738877376611443	7.03321320350873	0.987008048201519
6.25	15.85	0.973118946292273	0.799690422287641	-0.000623744823740211	6.95418361845026	0.989247578516909
6.35	15.85	0.977822199907655	0.799652587442344	-0.000524418907623428	6.87499484184917	0.991128879963062
6.45	15.85	0.981767859965854	0.799626435904986	-0.000439389497673894	6.79567186490176	0.992707143986342
6.55	15.85	0.98507107207184	0.799610009907262	-0.000367077752407167	6.71623586790128	0.994028428828736
6.65	15.85	0.987828840989531	0.799601548186564	-0.00030593376563043	6.63670484969672	0.995131536395812
6.75	15.85	0.99012353963516	0.799599497893493	-0.000254495186665805	6.55709412564973	0.996049415854064
6.85	15.85	0.992025543005426	0.799602512994756	-0.000211419119473843	6.47741672833568	0.996810217202171
6.95	15.85	0.993595226037608	0.799609443884427	-0.000175496221772832	6.39768373593586	0.997438090415043
7.05	15.85	0.994884503964039	0.799619321801167	-0.000145653320734542	6.31790454621459	0.997953801585616
7.15	15.85	0.995938045187019	0.799631340642689	-0.000120948930032132	6.23808710878876	0.998375218074808
7.25	15.85	0.996794249583933	0.799644837953158	-0.000100564656357341	6.15823812467083	0.998717699833573
7.35	15.85	0.997486057630942	0.799659276241841	-8.37944925499882e-05	6.07836321943453	0.998994423052377
7.45	15.85	0.998041635749687	0.799674225343866	-7.00333015137518e-05	5.99846709452381	0.999216654299875
7.55	15.85	0.998484968998382	0.799689346221469	-5.87653161638157e-05	5.91855365997354	0.999393987599353
7.65	15.85	0.998836382163656	0.799704376391934	-4.95531550422329e-05	5.83862615096652	0.999534552865462
7.75	15.85	0.999113003325038	0.79971911703002	-4.20276332954742e-05	5.7586872300927	0.999645201330015
7.85	15.85	0.999329179210566	0.799733421703767	-3.58785040704957e-05	5.67873907681258	0.999731671684226
7.95	15.85	0.999496848512163	0.79974718664999	-3.08461712781708e-05	5.59878346539366	0.999798739404865
8.05	15.85	0.999625877320732	0.799760342465776	-2.6714356694527e-05	5.51882183244014	0.999850350928293
8.15	15.85	0.999724359631619	0.799772847078641	-2.33036690746997e-05	5.43885533503929	0.999889743852648
8.25	15.85	0.999798885207823	0.799784679853952	-2.04660044511994e-05	5.35888490048108	0.999919554083129
8.35	15.85	0.999854776783217	0.799795836701581	-1.80796987284799e-05	5.27891126845514	0.999941910713287
8.45	15.85	0.999896298502835	0.799806326050194	-1.60453514070511e-05	5.19893502658145	0.999958519401134
8.55	15.85	0.999926837531947	0.799816165567671	-1.42822426642992e-05	5.1189566400837	0.999970735012779
8.65	15.85	0.999949060849758	0.799825379516314	-1.27252705097547e-05	5.03897647636251	0.999979624339903
8.75	15.85	0.99996504933025	0.799833996643509	-1.1322340745698e-05	4.95899482517048	0.9999860197321
8.85	15.85	0.999976411272874	0.79984204851949	-1.00321498836175e-05	4.87901191503227	0.99999056450915
8.95	15.85	0.999984377564381	0.799849568244934	-8.82230690118807e-06	4.79902792649087	0.999993751025752
9.05	15.85	0.999989880624648	0.79985658946185	-7.66774678164014e-06	4.71904300269937	0.999995952249859
9.15	15.85	0.999993619215871	0.799863145610517	-6.54939425479551e-06	4.63905725781536	0.999997447686348
9.25	15.85	0.999996111081883	0.799869269384137	-5.45304188394425e-06	4.5590707835956	0.999998444432753
9.35	15.85	0.999997735241249	0.799874992341034	-4.36841074200719e-06	4.47908365453205	0.999999094096499
9.45	15.85	0.999998765593702	0.799880344640393	-3.28836715904566e-06	4.39909593181849	0.999999506237481
9.55	15.85	0.999999397323481	0.799885354874526	-2.20827164257148e-06	4.31910766638946	0.999999758929392
9.65	15.85	0.999999767403566	0.799890049974866	-1.12544028086147e-06	4.23911890123114	0.999999906961426
9.75	15.85	0.999999970328681	0.799894455173988	-3.87010440741755e-08	4.15912967312723	0.999999988131472
9.85	15.85	1.00000007003746	0.799898594009039	1.05196971362554e-06	4.07914001397088	1.00000002801498
9.95	15.85	1.00000010882941	0.799902488355479	2.14574327820931e-06	3.999149951747	1.00000004353176
10.05	15.85	1.00000011394267	0.799906158482094	3.24117808356285e-06	3.91915951126691	1.00000004557707
10.15	15.85	1.00000010233488	0.799909623120484	4.33641186570377e-06	3.8391687147188	1.00000004093395
10.25	15.85	1.0000000841031	0.799912899543796	5.42931453330571e-06	3.75917758208253	1.00000003364124
10.35	15.85	1.00000006488746	0.799916003650621	6.51760829195945e-06	3.67918613144554	1.00000002595498
10.45	15.85	1.00000004752754	0.799918950051175	7.59896095171921e-06	3.59919437924706	1.00000001901102
10.55	15.85	1.00000003317848	0.799921752153584	8.67105704669035e-06	3.51920234047076	1.00000001327139
10.65	15.85	1.000000022043	0.799924422248525	9.7316509735705e-06	3.43921002880034	1.0000000088172
10.75	15.85	1.00000001383615	0.799926971591322	1.07786054572951e-05	3.35921745674835	1.00000000553446
10.85	15.85	1.00000000806795	0.799929410480593	1.18099183177315e-05	3.27922463576567	1.00000000322718
10.95	15.85	1.0000000042053	0.799931748332966	1.28237397952325e-05	3.19923157633649	1.00000000168212
11.05	15.85	1.00000000175645	0.799933993753687	1.3818382535375e-05	3.11923828806247	1.00000000070258
11.15	15.85	1.00000000030766	0.799936154602838	1.47923257264196e-05	3.03924477973824	1.00000000012306
11.25	15.85	0.999999999532266	0.79993823805721	1.57442148732512e-05	2.95925105941991	0.999999999812906
11.35	15.85	0.999999999185036	0.799940250667974	1.66728581798364e-05	2.87925713448767	0.999999999674014
11.45	15.85	0.999999999090112	0.799942198414072	1.75772204681022e-05	2.7992630117031	0.999999999636045
11.55	15.85	0.999999999127488	0.79994408675166	1.84564153853487e-05	2.71926869726184	0.999999999650995
11.65	15.85	0.999999999220727	0.799945920659735	1.93096964088703e-05	2.63927419684193	0.999999999688291
11.75	15.85	0.999999999327205	0.799947704682036	2.01364470995439e-05	2.55927951564812	0.999999999730882
11.85	15.85	0.999999999431098	0.799949442965651	2.09361710299259e-05	2.47928465845244	0.999999999772439
11.95	15.85	0.999999999538531	0.799951139296241	2.17084815609611e-05	2.39928962963122	0.999999999815413
12.05	15.85	0.999999999673576	0.799952797130346	2.24530917367492e-05	2.31929443319898	0.99999999986943
12.15	15.85	0.999999999873069	0.799954419624865	2.31698044198923e-05	2.23929907283921	0.999999999949228
12.25	15.85	1.00000000017771	0.799956009663943	2.38585027811588e-05	2.1593035519327	1.00000000007108
12.35	15.85	1.00000000061663	0.799957569883563	2.45191411909778e-05	2.07930787358351	1.00000000024665
12.45	15.85	1.0000000011833	0.799959102694118	2.51517365899318e-05	1.99931204064337	1.00000000047332
12.55	15.85	1.0000000018025	0.799960610301295	2.57563603019658e-05	1.91931605573469	1.000000000721
12.65	15.85	1.00000000229203	0.799962094725644	2.63331303254757e-05	1.83931992127289	1.00000000091681
12.75	15.85	1.00000000232922	0.799963557821157	2.68822041225802e-05	1.75932363948793	1.00000000093169
12.85	15.85	1.00000000144086	0.799965001293122	2.74037718960894e-05	1.67932721244509	1.00000000057634
12.95	15.85	0.999999999045243	0.799966426715212	2.78980504404068e-05	1.59933064206357	0.999999999618097
13.05	15.85	0.99999999458288	0.799967835545424	2.83652776316615e-05	1.51933393013114	0.999999997833152
13.15	15.85	0.999999987773797	0.799969229139748	2.88057077289889e-05	1.43933707831124	0.999999995109519
13.25	15.85	0.999999979025574	0.799970608761817	2.92196076371143e-05	1.35934008813834	0.99999999161023
13.35	15.85	0.999999969978118	0.799971975585835	2.96072542660132e-05	1.27934296099708	0.999999987991247
13.45	15.85	0.99999996409878	0.79997333068979	2.9968933057611e-05	1.19934569808218	0.999999985639512
13.55	15.85	0.999999967129572	0.799974675036431	3.03049374212859e-05	1.11934830034078	0.999999986851829
13.65	15.85	0.999999987042862	0.799976009441449	3.06155685491608e-05	1.03935076840756	0.999999994817145
13.75	15.85	1.00000003300955	0.799977334533051	3.09011343659557e-05	0.959353102556327	1.00000001320382
13.85	15.85	1.00000011278169	0.79997865071459	3.1161945841933e-05	0.879355302709219	1.00000004511268
13.95	15.85	1.00000022793624	0.799979958152708	3.1398308236029e-05	0.799357368563252	1.0000000911745
14.05	15.85	1.00000036675363	0.799981256825977	3.1610504594567e-05	0.719359299906315	1.00000014670145
14.15	15.85	1.00000049527186	0.799982546679732	3.1798769534341e-05	0.639361097189751	1.00000019810874
14.25	15.85	1.00000054840083	0.799983827935486	3.19632532347369e-05	0.559362762385912	1.00000021936033
14.35	15.85	1.00000042493684	0.799985101588225	3.21039795309328e-05	0.479364300067543	1.00000016997474
14.45	15.85	0.999999992694115	0.799986370079511	3.22208081736348e-05	0.399365718484961	0.999999997077646
14.55	15.85	0.999999112199476	0.799987638046562	3.231341946296e-05	0.319367030182415	0.99999964487979
14.65	15.85	0.999997688370372	0.799988912909818	3.23813482883536e-05	0.239368251409043	0.999999075348149
14.75	15.85	0.99999575757885	0.799990205193708	3.24241012307925e-05	0.159369399310368	0.99999830303154
14.85	15.85	0.999993610203048	0.799992397222978	3.24413855879777e-05	0.0793704857028751	0.999997444081219
14.95	15.85	0.999991933734371	0.399990408935554	3.24390362195432e-05	-0.000628667816701246	0.999996773493748
0.05	15.95	-5.06763797368817e-06	0.399993513899762	-6.15071742011503e-06	10.4592988444458	0.59999797294481
0.15	15.95	-5.61531313622349e-06	0.799980814312505	-6.18822134590523e-06	10.4112997849449	0.599997753874746
0.25	15.95	-5.85630053799334e-06	0.79996806293091	-6.23401117601223e-06	10.3633015061158	0.599997657479785
0.35	15.95	-4.95651169631614e-06	0.799955193904711	-6.26954946819803e-06	10.3153039922083	0.599998017395322
0.45	15.95	-2.05270867958808e-06	0.799942189810308	-6.26189647987764e-06	10.2673072000838	0.599999178916528
0.55	15.95	3.68482164782241e-06	0.799929016321359	-6.1619246336963e-06	10.2193110608433	0.600001473928659
0.65	15.95	1.29008269228106e-05	0.799915649264041	-5.90105153634652e-06	10.1713154823767	0.600005160330769
0.75	15.95	2.583030749489e-05	0.799902080593303	-5.3874437440823e-06	10.1233203574357	0.600010332122998
0.85	15.95	4.19870385384443e-05	0.799888302125247	-4.49626673752895e-06	10.0753255798488	0.600016794815415
0.95	15.95	5.97517630801241e-05	0.799874063003995	-3.0095068505572e-06	10.0273310744768	0.600023900705232
1.05	15.95	7.3879040133669e-05	0.799859790690099	-7.10064955506451e-07	9.97933686887985	0.600029551616053
1.15	15.95	7.74377307763838e-05	0.799845867179783	2.62275453449129e-06	9.93134317227735	0.600030975092311
1.25	15.95	6.28715792640437e-05	0.799832732993246	7.31742170100929e-06	9.88335040988245	0.600025148631706
1.35	15.95	2.30378800122475e-05	0.799820990494051	1.37572330666207e-05	9.83535922151338	0.600009215152005
1.45	15.95	-4.71399185726573e-05	0.799811388161628	2.23735782145257e-05	9.7873704170747	0.599981144032571
1.55	15.95	-0.000148532845086916	0.799804777601339	3.36437765104623e-05	9.7393848713344	0.599940586861965
1.65	15.95	-0.00027550346342286	0.799802053201815	4.80864522060948e-05	9.69140334771279	0.599889798614631
1.75	15.95	-0.000413890896126506	0.799804083083017	6.62546291854668e-05	9.643426252988	0.599834443641549
1.85	15.95	-0.000539835400075346	0.799811640234634	8.87291027892323e-05	9.59545334046317	0.59978406583997
1.95	15.95	-0.000620080825380183	0.799825327015446	0.00011611688940956	9.54748339769198	0.599751967669848
2.05	15.95	-0.000614575226697259	0.799845437708668	0.00014906119268824	9.49951397794162	0.599754169909321
2.15	15.95	-0.000482826358087152	0.799871715450807	0.000188225553077809	9.45154127060587	0.599806869456765
2.25	15.95	-0.000196633351690628	0.799910535555281	0.0002336987885298	9.40356026825428	0.599921346659324
2.35	15.95	0.00029593418683607	0.799963365043967	0.00028676962095992	9.35556458971281	0.600118373674734
2.45	15.95	0.00106894203847885	0.800031050210599	0.000349608228382146	9.30754572578628	0.600427576815391
2.55	15.95	0.00220832383397951	0.800116329714391	0.000423361080880583	9.25949244901136	0.600883329533592
2.65	15.95	0.00381221629383771	0.800222371353991	0.000509003464891562	9.21139041322504	0.601524886517535
2.75	15.95	0.00599263584503648	0.800352703155249	0.000607402361481718	9.16322171508118	0.602397054338015
2.85	15.95	0.00887769587754671	0.800511234992033	0.000719217233039047	9.1149643913681	0.603551078351019
2.95	15.95	0.0126146737805421	0.800702255180159	0.000844725276207216	9.0665918315768	0.605045869512217
3.05	15.95	0.0173743857107077	0.80093037001292	0.000983577238723979	9.01807207325758	0.606949754284283
3.15	15.95	0.0233573631501798	0.801200353772981	0.00113447232503936	8.9693669336649	0.609342945260072
3.25	15.95	0.0308023136032073	0.801516863587042	0.00129473947432962	8.92043091695252	0.612320925441283
3.35	15.95	0.0399972158685005	0.801883952717526	0.00145982174411459	8.87120982450243	0.6159988863474
3.45	15.95	0.0512930084616521	0.802304290494255	0.00162268452482854	8.82163899296756	0.620517203384661
3.55	15.95	0.0651189577945959	0.802777975655664	0.00177321489471974	8.77164110198333	0.626047583117838
3.65	15.95	0.0819971377433904	0.803300834468448	0.00189775762207983	8.72112355109691	0.632798855097356
3.75	15.95	0.102550694449871	0.803862172368557	0.00197904586594279	8.66997553274767	0.641020277779948
3.85	15.95	0.127496601103421	0.804442176661757	0.00199691236942951	8.61806516094403	0.650998640441368
3.95	15.95	0.157609049305175	0.805009637488824	0.00193024417884759	8.56523738055625	0.66304361972207
4.05	15.95	0.193636691900319	0.805521366118657	0.0017605380603104	8.51131386064798	0.677454676760127
4.15	15.95	0.236160289717436	0.805925340438118	0.00147695196068746	8.45609653773273	0.694464115886974
4.25	15.95	0.285393423489107	0.806169372362895	0.00108185541605741	8.39937661538816	0.714157369395643
4.35	15.95	0.340961740171415	0.806214888160557	0.000594834207272293	8.34095017865405	0.736384696068566
4.45	15.95	0.401737688285079	0.806051236943622	5.266987499734e-05	8.28063975491413	0.760695075314031
4.55	15.95	0.465830169426666	0.805702571143471	-0.000496140417245599	8.21831833801082	0.786332067770666
4.65	15.95	0.530795482460381	0.805221310016868	-0.00100125120051093	8.1539298018289	0.812318192984153
4.75	15.95	0.594039905287932	0.804670360400916	-0.00142116529578347	8.08749915481479	0.837615962115173
4.85	15.95	0.653278353604018	0.804104108947288	-0.00173067027611358	8.01912885494653	0.861311341441607
4.95	15.95	0.706879773334053	0.803557974207047	-0.00192280390254366	7.94898235784214	0.882751909333621
5.05	15.95	0.753997145314719	0.803048769558848	-0.00200590905261742	7.8772603885558	0.901598858125888
5.15	15.95	0.794491717126883	0.802581228603199	-0.00199810145348514	7.80417678795022	0.917796686850753
5.25	15.95	0.828737323631959	0.802154871063182	-0.00192157639065307	7.7299391109158	0.931494929452784
5.35	15.95	0.857400574085053	0.80176821746084	-0.00179824616404862	7.65473614983956	0.942960229634021
5.45	15.95	0.881259302604799	0.801420285334832	-0.00164714105890483	7.57873200334709	0.95250372104192
5.55	15.95	0.901081360896185	0.80111053324748	-0.0014833274812882	7.50206499000515	0.960432544358474
5.65	15.95	0.917559026225403	0.800838333927045	-0.00131784803066314	7.42484947876384	0.967023610490161
5.75	15.95	0.931283500986749	0.800602549152835	-0.00115821207830952	7.34717907557715	0.9725134003947
5.85	15.95	0.942743527929168	0.800401365283583	-0.00100909647569103	7.2691301382874	0.977097411171667
5.95	15.95	0.952335984752717	0.800232344819667	-0.000873053758638885	7.19076505622618	0.980934393901087
6.05	15.95	0.960380754448514	0.800092595627325	-0.000751129516802157	7.11213505331075	0.984152301779406
6.15	15.95	0.967135672239209	0.799978974420568	-0.000643356094303928	7.03328246337374	0.986854268895684
6.25	15.95	0.972809649415536	0.799888273612002	-0.000549124836844039	6.95424252121568	0.989123859766214
6.35	15.95	0.977573390977332	0.799817368653089	-0.00046745439691914	6.8750447491693	0.991029356390933
6.45	15.95	0.981567781372329	0.799763321022098	-0.000397176769100102	6.79571402392842	0.992627112548932
6.55	15.95	0.984910281094947	0.799723441378483	-0.000337061467520819	6.71627139910466	0.993964112437979
6.65	15.95	0.987699740525438	0.799695321003204	-0.000285894896886685	6.63673474497541	0.995079896210175
6.75	15.95	0.990020006881686	0.799676840043492	-0.000242528223060908	6.55711925288708	0.996008002752674
6.85	15.95	0.991942635777703	0.799666160002518	-0.000205903680032273	6.47743783972178	0.996777054311081
6.95	15.95	0.993528950121769	0.799661706360322	-0.00017506650762138	6.39770147823255	0.997411580048707
7.05	15.95	0.99483162832396	0.799662145682803	-0.000149167608729928	6.31791947175737	0.997932651329584
7.15	15.95	0.995895954695104	0.7996663602795	-0.000127460454863825	6.23809968645475	0.998358381878041
7.25	15.95	0.996760827239283	0.799673422458764	-0.000109294644245468	6.15824875034276	0.998704330895713
7.35	15.95	0.997459590025459	0.799682569680005	-9.41077187068473e-05	6.0783722256957	0.998983836010184
7.45	15.95	0.998020736934577	0.799693181371016	-8.14162888487304e-05	5.99847475945607	0.999208294773831
7.55	15.95	0.998468518975745	0.799704757812963	-7.08071328218512e-05	5.918560215019	0.999387407590298
7.65	15.95	0.99882347705266	0.799716901252914	-6.19286718760973e-05	5.83863178787004	0.999529390821064
7.75	15.95	0.99910291488737	0.799729299247168	-5.44830499791788e-05	5.75869210697548	0.999641165954948
7.85	15.95	0.999321321910259	0.799741710142624	-4.82189282825736e-05	5.67874332344549	0.999728528764104
7.95	15.95	0.999490752664774	0.799753950548428	-4.29250298884711e-05	5.59878718774711	0.999796301065909
8.05	15.95	0.999621167182128	0.799765884621003	-3.84244230866254e-05	5.51882511658865	0.999848466872851
8.15	15.95	0.999720735507159	0.79977741497574	-3.45695038334988e-05	5.43885825049699	0.999888294202864
8.25	15.95	0.999796108843342	0.799788475038232	-3.12376223148873e-05	5.35888750303911	0.999918443537337
8.35	15.95	0.999852659441456	0.79979902265628	-2.83272922673307e-05	5.27891360258616	0.999941063776582
8.45	15.95	0.999894691241469	0.799809034804949	-2.57549203696795e-05	5.19893712747013	0.999957876496588
8.55	15.95	0.999925623288834	0.799818503230866	-2.34519947997487e-05	5.11895853533515	0.999970249315534
8.65	15.95	0.999948148012609	0.799827430897472	-2.1362676018817e-05	5.03897818743486	0.999979259205044
8.75	15.95	0.999964366525503	0.799835829106727	-1.94417382297727e-05	4.95899636857171	0.999985746610201
8.85	15.95	0.999975903155228	0.799843715188975	-1.76528145238688e-05	4.87901330331628	0.999990361262091
8.95	15.95	0.999984001426453	0.7998511106653	-1.59669046514686e-05	4.79902916908311	0.999993600570581
9.05	15.95	0.999989603677433	0.79985803980037	-1.43611088463946e-05	4.71904410657812	0.999995841470973
9.15	15.95	0.999993416416413	0.799864528475472	-1.2817556168313e-05	4.63905822807103	0.999997366566565
9.25	15.95	0.999995963405882	0.799870603322159	-1.13224995260649e-05	4.55907162388744	0.999998385362353
9.35	15.95	0.999997628316114	0.79987629106612	-9.86555373318228e-06	4.4790843674586	0.999999051326446
9.45	15.95	0.999998688622366	0.799881618039767	-8.43905565011474e-06	4.39909651921595	0.999999475448946
9.55	15.95	0.999999342241657	0.799886609828769	-7.03752883321654e-06	4.31910812956986	0.999999736896663
9.65	15.95	0.999999728223519	0.799891291024265	-5.65723711881636e-06	4.2391192411706	0.999999891289408
9.75	15.95	0.999999942631176	0.79989568505751	-4.29581399003988e-06	4.15912989061291	0.99999997705247
9.85	15.95	1.0000000505808	0.799899814098459	-2.95195627667063e-06	4.07914010971388	1.00000002023232
9.95	15.95	1.00000009525044	0.79990369900317	-1.62517236486323e-06	3.99914992646755	1.00000003810018
10.05	15.95	1.00000010452952	0.799907359297966	-3.15576489742229e-07	3.91915936575687	1.00000004181181
10.15	15.95	1.0000000958554	0.799910813191188	9.76278215837918e-07	3.83916844988593	1.00000003834216
10.25	15.95	1.0000000796762	0.799914077604679	2.24953408908944e-06	3.75917719898021	1.00000003187048
10.35	15.95	1.00000006188718	0.799917168219541	3.50313606474333e-06	3.67918563129085	1.00000002475487
10.45	15.95	1.00000004551215	0.799920099531364	4.73591615606071e-06	3.59919376342982	1.00000001820486
10.55	15.95	1.00000003183832	0.799922884911595	5.94665916345416e-06	3.51920161055567	1.00000001273533
10.65	15.95	1.0000000211625	0.799925536672301	7.13415293952567e-06	3.43920918652371	1.000000008465
10.75	15.95	1.00000001326625	0.799928066132368	8.29722596742928e-06	3.35921650401107	1.0000000053065
10.85	15.95	1.00000000770628	0.799930483683561	9.43477465285129e-06	3.27922357462329	1.00000000308251
10.95	15.95	1.00000000398206	0.79993279885544	1.05457823267743e-05	3.19923040898749	1.00000000159282
11.05	15.95	1.00000000162436	0.799935020378181	1.16293315827071e-05	3.11923701683533	1.00000000064974
11.15	15.95	1.00000000023493	0.799937156242912	1.26846113765337e-05	3.03924340707795	1.00000000009397
11.25	15.95	0.999999999497683	0.799939213759081	1.37109200042769e-05	2.95924958787427	0.999999999799073
11.35	15.95	0.999999999174515	0.799941199608705	1.47076649000208e-05	2.87925556669375	0.999999999669806
11.45	15.95	0.999999999094376	0.799943119897307	1.56743600900988e-05	2.79926135037416	0.99999999963775
11.55	15.95	0.999999999140467	0.799944980201589	1.66106218094857e-05	2.71926694517482	0.999999999656187
11.65	15.95	0.99999999923849	0.799946785613859	1.75161629312441e-05	2.63927235682562	0.999999999695396
11.75	15.95	0.999999999347254	0.799948540783158	1.8390786494216e-05	2.55927759057218	0.999999999738901
11.85	15.95	0.999999999451919	0.799950249953454	1.92343787527529e-05	2.47928265121724	0.999999999780768
11.95	15.95	0.99999999955932	0.799951916998696	2.00469018969982e-05	2.39928754315856	0.999999999823728
12.05	15.95	0.999999999694072	0.799953545455167	2.08283867432293e-05	2.31929227042366	0.999999999877629
12.15	15.95	0.999999999893451	0.799955138551123	2.15789254594706e-05	2.23929683670149	0.999999999957381
12.25	15.95	1.00000000019849	0.799956699233984	2.22986644629655e-05	2.15930124537152	1.0000000000794
12.35	15.95	1.00000000063851	0.799958230195254	2.29877975459131e-05	2.0793054995306	1.00000000025541
12.45	15.95	1.00000000120691	0.799959733893531	2.36465593107231e-05	1.99930960201804	1.00000000048277
12.55	15.95	1.00000000182799	0.799961212575807	2.42752188785615e-05	1.91931355543939	1.0000000007312
12.65	15.95	1.0000000023185	0.799962668297485	2.48740739365033e-05	1.8393173621894	1.0000000009274
12.75	15.95	1.00000000235402	0.799964102941434	2.5443445122035e-05	1.7593210244743	1.00000000094161
12.85	15.95	1.00000000145896	0.799965518236295	2.59836707600012e-05	1.67932454433301	1.00000000058359
12.95	15.95	0.999999999048877	0.799966915774002	2.64951020539103e-05	1.59932792365648	0.999999999619551
13.05	15.95	0.999999994561929	0.799968297026152	2.69780987915568e-05	1.51933116420267	0.999999997824772
13.15	15.95	0.999999987717506	0.799969663358094	2.74330257240255e-05	1.43933426760416	0.999999995087002
13.25	15.95	0.999999978926164	0.799971016038917	2.78602498065226e-05	1.35933723536381	0.999999991570466
13.35	15.95	0.999999969836755	0.799972356244706	2.82601383959999e-05	1.27934006883412	0.999999987934702
13.45	15.95	0.999999963933831	0.799973685052007	2.8633058473516e-05	1.19934276917722	0.999999985573532
13.55	15.95	0.999999966986117	0.799975003418969	2.89793767196697e-05	1.1193453373073	0.999999986794447
13.65	15.95	0.999999987000948	0.799976312153685	2.92994598035113e-05	1.03934777382568	0.999999994800379
13.75	15.95	1.00000003318669	0.799977611873816	2.95936738700321e-05	0.959350078972504	1.00000001327468
13.85	15.95	1.00000011332305	0.799978902969347	2.98623813599443e-05	0.87935225263624	1.00000004532922
13.95	15.95	1.00000022898442	0.799980185590981	3.01059329842123e-05	0.799354294481136	1.00000009159377
14.05	15.95	1.00000036839018	0.799981459699253	3.03246523100715e-05	0.719356204264782	1.00000014735607
14.15	15.95	1.0000004974262	0.799982725220273	3.05188110693625e-05	0.639357982413259	1.00000019897048
14.25	15.95	1.00000055073094	0.799983982356636	3.06885952367032e-05	0.559359630882201	1.00000022029238
14.35	15.95	1.00000042670134	0.799985232086752	3.08340656120441e-05	0.479361154240247	1.00000017068053
14.45	15.95	0.999999992657708	0.799986476840487	3.09551225382397e-05	0.399362560749865	0.999999997063083
14.55	15.95	0.999999108641046	0.799987721250715	3.10514920083816e-05	0.319363862985151	0.999999643456418
14.65	15.95	0.999997679289098	0.799988972742368	3.11227586892811e-05	0.239365077239353	0.999999071715639
14.75	15.95	0.999995741207664	0.799990241849876	3.11684774648477e-05	0.159366220704838	0.999998296483066
14.85	15.95	0.999993585922994	0.799992413595896	3.11883898602565e-05	0.0793673052252455	0.999997434369198
14.95	15.95	0.999991903416321	0.399990392316945	3.11879727872476e-05	-0.000631848165180373	0.999996761366528
0.05	16.05	-5.10464768577743e-06	0.39999351694529	6.63456000936115e-06	10.4592988300375	0.599997958140926
0.15	16.05	-5.66025523943027e-06	0.799980830304134	6.6410992590625e-06	10.4112997713555	0.599997735897904
0.25	16.05	-5.9130529299151e-06	0.799968104167564	6.67376527686903e-06	10.3633014926649	0.599997634778828
0.35	16.05	-5.02599400113663e-06	0.799955282312758	6.74413233094487e-06	10.3153039773028	0.5999979896024
0.45	16.05	-2.13275563768621e-06	0.799942358675587	6.87387355998303e-06	10.2673071804709	0.599999146897745
0.55	16.05	3.60020380087082e-06	0.799929311339571	7.09607249523947e-06	10.219311030797	0.60000144008152
0.65	16.05	1.28256525558925e-05	0.799916129330739	7.45741227397397e-06	10.1713154327771	0.600005130261022
0.75	16.05	2.58145195962521e-05	0.799902820799851	8.02009327540511e-06	10.1233202745921	0.600010325807839
0.85	16.05	4.22193509586317e-05	0.799889355886124	8.9002977515768e-06	10.0753254424339	0.600016887740383
0.95	16.05	6.0364620478189e-05	0.799875533626934	1.02273649679101e-05	10.0273308503133	0.600024145848191
1.05	16.05	7.47841344799086e-05	0.799861908204256	1.21206060541091e-05	9.97933651576727	0.600029913653792
1.15	16.05	7.86788886573681e-05	0.799848851984848	1.47601130206192e-05	9.93134263608454	0.600031471555463
1.25	16.05	6.45125158359235e-05	0.799836866823383	1.83882339621813e-05	9.88334961915673	0.600025805006334
1.35	16.05	2.50890765606707e-05	0.799826634212051	2.32942598468755e-05	9.8353580842428	0.600010035630624
1.45	16.05	-4.47721190704561e-05	0.799819005034657	2.9814236980855e-05	9.78736881784553	0.599982091152372
1.55	16.05	-0.000146102249187874	0.799814959977101	3.83305978250575e-05	9.73938266856422	0.599941559100325
1.65	16.05	-0.00027349361821291	0.799815551740941	4.92659125341678e-05	9.69140037119879	0.599890602552715
1.75	16.05	-0.000413096631094387	0.799821837985549	6.30683347590159e-05	9.64342230209173	0.599834761347562
1.85	16.05	-0.000541447638954382	0.799834814185073	8.01879255230301e-05	9.59544818312873	0.599783420944418
1.95	16.05	-0.000625767166273586	0.799855341691664	0.000101047694452239	9.54747677008614	0.59974969313349
2.05	16.05	-0.00062660209141471	0.799884011949538	0.000126024008307378	9.49950558419675	0.599749359163434
2.15	16.05	-0.000504418323624912	0.799920888134835	0.000155447330759738	9.4515307855973	0.59979823267055
2.25	16.05	-0.000232402753514429	0.799973412945925	0.000189616752785284	9.40354735743778	0.599907038898594
2.35	16.05	0.000246131810105678	0.800041349773543	0.000229474279874932	9.35554884957415	0.600098452724042
2.45	16.05	0.0010025755469395	0.80012693713568	0.000276294711188798	9.30752664247496	0.600401030218776
2.55	16.05	0.00212114524651531	0.800233354083345	0.000330920531980151	9.25946944237353	0.600848458098606
2.65	16.05	0.00369870423869074	0.800364295962023	0.000394037655216013	9.21136284737462	0.601479481695476
2.75	16.05	0.00584595233456054	0.80052384849472	0.000466218317938746	9.16318890228869	0.602338380933824
2.85	16.05	0.00868942575366535	0.800716495721321	0.000547855938465209	9.11492559992236	0.603475770301466
2.95	16.05	0.0123744422544978	0.800947110000206	0.00063904757736172	9.06654630179947	0.604949776901799
3.05	16.05	0.0170693689538582	0.801220873984208	0.000739428463103811	9.01801904515471	0.606827747581543
3.15	16.05	0.0229716831421606	0.801543099918227	0.000847950513178592	8.96930569049091	0.609188673256864
3.25	16.05	0.0303163092489123	0.8019188996811	0.000962596771540652	8.92036084999526	0.612126523699565
3.35	16.05	0.0393866009036124	0.802352637544637	0.00108003046985054	8.87113052519486	0.615754640361445
3.45	16.05	0.0505279695159517	0.802847072314299	0.00119519369328326	8.82155037842917	0.620211187806381
3.55	16.05	0.0641633276603739	0.803402074953812	0.00130090210619374	8.77154357832963	0.62566533106415
3.65	16.05	0.080807917943265	0.804012813610193	0.0013875351020355	8.72101821380883	0.632323167177306
3.75	16.05	0.101078411054733	0.804667376181117	0.00144299707157073	8.66986439301663	0.640431364421893
3.85	16.05	0.12568724386886	0.80534402942753	0.00145321263207027	8.61795136913825	0.650274897547544
3.95	16.05	0.155408579860145	0.80600878463261	0.00140347274219123	8.56512539224742	0.662163431944058
4.05	16.05	0.190999093918225	0.806614663332778	0.00128088017128254	8.5112094610342	0.67639963756729
4.15	16.05	0.233059500654036	0.807104747920112	0.00107783308978332	8.45600661958207	0.693223800261614
4.25	16.05	0.281837850469893	0.807420949112002	0.000795878295157421	8.39930861746937	0.712735140187957
4.35	16.05	0.337007489470557	0.807518302036276	0.000448538827081342	8.340911163487	0.734802995788223
4.45	16.05	0.397494308654646	0.807380372558786	6.13938824645497e-05	8.2806352445784	0.758997723461858
4.55	16.05	0.461452964973805	0.807027648506103	-0.000331629273860869	8.21835119117911	0.784581185989522
4.65	16.05	0.526463093316686	0.806512276083214	-0.000695075380613198	8.15399950333489	0.810585237326674
4.75	16.05	0.589923327721531	0.805900541206907	-0.000999460872692373	8.08760180294624	0.835969331088612
4.85	16.05	0.649512668102451	0.805252893381118	-0.00122658358875376	8.01925787680939	0.85980506724098
4.95	16.05	0.703548263690801	0.804611873859067	-0.00137103258108445	7.94912970009893	0.88141930547632
5.05	16.05	0.751130560917304	0.804001032240561	-0.00143822645771475	7.87741778981639	0.900452224366922
5.15	16.05	0.79207864848102	0.803430636025606	-0.00144058063606176	7.80433679736959	0.916831459392408
5.25	16.05	0.826739010975303	0.802904310191696	-0.00139351268349983	7.7300956941819	0.930695604390121
5.35	16.05	0.855764747602353	0.802423362310913	-0.00131235473264203	7.65488489582409	0.942305899040941
5.45	16.05	0.879930415622364	0.801988512124519	-0.00121049623883378	7.57887004154381	0.951972166248946
5.55	16.05	0.900006850524987	0.801600082659575	-0.0010985950120686	7.50219074853837	0.960002740209995
5.65	16.05	0.916692395808569	0.801257695238895	-0.000984512570384835	7.42496238733886	0.966676958323427
5.75	16.05	0.930585300380059	0.800960030995791	-0.000873642755422261	7.34727927920331	0.972234120152023
5.85	16.05	0.942181147509836	0.800704816661812	-0.000769393234065617	7.26921825415601	0.976872459003934
5.95	16.05	0.951882894902739	0.80048899190302	-0.000673676115695694	7.19084198360578	0.980753157961096
6.05	16.05	0.960015567632109	0.800308963572273	-0.000587337448828733	7.11220183387198	0.984006227052844
6.15	16.05	0.966841224602723	0.800160868438903	-0.000510501688629909	7.03334018394165	0.986736489841089
6.25	16.05	0.972572188135425	0.800040798895616	-0.000442832100943286	6.95429224964529	0.98902887525417
6.35	16.05	0.977381892832361	0.799944973858703	-0.000383718992340887	6.87508749476275	0.990952757132945
6.45	16.05	0.981413398443085	0.79986985438326	-0.000332410699656175	6.79575071530341	0.992565359377234
6.55	16.05	0.984785897482215	0.799812211984254	-0.000288101470844139	6.71630287402575	0.993914358992886
6.65	16.05	0.987599620960259	0.799769160395985	-0.000249988067311408	6.63676174808185	0.995039848384104
6.75	16.05	0.989939519175982	0.79973816116855	-0.000217304330870098	6.55714243840054	0.995975807670393
6.85	16.05	0.991878031655719	0.799717011844623	-0.000189340623808507	6.47745777709736	0.996751212662288
6.95	16.05	0.993477191836271	0.799703823473618	-0.000165453149113528	6.39771865936561	0.997390876734508
7.05	16.05	0.994790251070742	0.799696992381211	-0.000145066695931257	6.31793431882583	0.997916100428297
7.15	16.05	0.995862957023345	0.799695169600266	-0.0001276732738957	6.23811255980571	0.998345182809338
7.25	16.05	0.996734583404929	0.799697230210636	-0.000112828317656884	6.1582599560605	0.998693833361971
7.35	16.05	0.997438779603411	0.799702243990509	-0.000100145589724848	6.07838202264378	0.998975511841364
7.45	16.05	0.998004288062857	0.799709448187656	-8.92915216218591e-05	5.99848336568988	0.999201715225143
7.55	16.05	0.998455562417095	0.799718222816082	-7.99794658580191e-05	5.91856781353335	0.999382224966838
7.65	16.05	0.998813308882003	0.799728068617109	-7.19641479888875e-05	5.83863853168908	0.999525323552801
7.75	16.05	0.999094966091723	0.79973858765621	-6.50364848005961e-05	5.75869812361825	0.999637986436689
7.85	16.05	0.999315133555448	0.799749466424602	-5.9018852088421e-05	5.67874871881448	0.999726053422179
7.95	16.05	0.999485955566916	0.799760461258133	-5.37608328160495e-05	5.59879204949377	0.999794382226766
8.05	16.05	0.999617465241307	0.799771385858459	-4.91354422516971e-05	5.51882951701176	0.999846986096523
8.15	16.05	0.99971789203107	0.799782100693198	-4.50358066756444e-05	5.43886224902787	0.999887156812428
8.25	16.05	0.999793935321426	0.799792504055656	-4.13722613330895e-05	5.35889114836478	0.999917574128571
8.35	16.05	0.999851006333962	0.7998025245752	-3.80698280457651e-05	5.27891693445706	0.999940402533585
8.45	16.05	0.999893440429566	0.79981211498465	-3.50660315548877e-05	5.1989401782345	0.999957376171826
8.55	16.05	0.999924681896577	0.799821246968109	-3.23090151139994e-05	5.11896133123764	0.999969872758631
8.65	16.05	0.999947443363017	0.79982990693024	-2.97559182852207e-05	5.03898074971215	0.999978977345207
8.75	16.05	0.999963842034389	0.799838092545827	-2.7371483111064e-05	4.95899871437426	0.999985536813755
8.85	16.05	0.999975514999823	0.799845809965722	-2.51268585882853e-05	4.87901544648115	0.999990205999929
8.95	16.05	0.999983715853237	0.799853071570744	-2.2998576601897e-05	4.79903112077977	0.999993486341295
9.05	16.05	0.999989394836047	0.799859894180427	-2.09676761961429e-05	4.71904587584594	0.999995757934419
9.15	16.05	0.999993264625221	0.799866297636479	-1.90189557284411e-05	4.63905982226487	0.999997305850088
9.25	16.05	0.999995853770368	0.799872303693444	-1.71403353183423e-05	4.55907304904508	0.999998341508147
9.35	16.05	0.999997549634434	0.799877935158836	-1.53223146098895e-05	4.47908562860227	0.999999019853774
9.45	16.05	0.999998632523427	0.799883215235472	-1.35575124423579e-05	4.39909762059812	0.999999453009371
9.55	16.05	0.999999302510491	0.799888167025834	-1.18402773484331e-05	4.31910907487218	0.999999721004196
9.65	16.05	0.999999700276616	0.799892813165963	-1.01663588686492e-05	4.23912003366359	0.999999880110647
9.75	16.05	0.999999923111153	0.799897175561867	-8.53263139741911e-06	4.15913053328287	0.999999969244461
9.85	16.05	1.00000003704539	0.799901275206581	-6.93686293490235e-06	4.07914060536259	1.00000001481816
9.95	16.05	1.00000008593557	0.799905132060349	-5.37752263888768e-06	3.99915027778937	1.00000003437423
10.05	16.05	1.00000009817004	0.799908764979319	-3.8536212639491e-06	3.9191595753974	1.00000003926802
10.15	16.05	1.00000009155059	0.79991219168164	-2.36457995884072e-06	3.83916852048547	1.00000003662024
10.25	16.05	1.00000007678945	0.799915428741735	-9.10122997942586e-07	3.75917713320498	1.00000003071578
10.35	16.05	1.00000005997188	0.799918491605455	5.09809171439917e-07	3.67918543185437	1.00000002398875
10.45	16.05	1.00000004425735	0.799921394620575	1.89512970747056e-06	3.59919343310645	1.00000001770294
10.55	16.05	1.00000003102912	0.799924151078043	3.24566078169864e-06	3.51920115218793	1.00000001241165
10.65	16.05	1.00000002065149	0.799926773260522	4.56117694759799e-06	3.4392086030249	1.00000000826059
10.75	16.05	1.00000001295307	0.799929272495555	5.84143854412459e-06	3.35921579836422	1.00000000518123
10.85	16.05	1.00000000752313	0.79993165921124	7.08621689522227e-06	3.27922274987746	1.00000000300925
10.95	16.05	1.00000000388346	0.799933942992847	8.29531273806343e-06	3.19922946825214	1.00000000155338
11.05	16.05	1.00000000158002	0.799936132639176	9.46856921075256e-06	3.11923596327337	1.00000000063201
11.15	16.05	1.00000000022483	0.799938236217748	1.06058804207656e-05	3.03924224389799	1.00000000008993
11.25	16.05	0.999999999508662	0.799940261118281	1.17071965145396e-05	2.95924831832242	0.999999999803465
11.35	16.05	0.999999999197985	0.79994221410392	1.27725259974426e-05	2.87925419404535	0.999999999679194
11.45	16.05	0.999999999124764	0.799944101359894	1.38019358902883e-05	2.79925987792553	0.999999999649906
11.55	16.05	0.999999999174181	0.799945928539561	1.47955502714355e-05	2.71926537623535	0.999999999669672
11.65	16.05	0.999999999273239	0.799947700807612	1.57535476315344e-05	2.63927069471024	0.999999999709296
11.75	16.05	0.999999999381623	0.799949422880446	1.66761573183563e-05	2.55927583859433	0.999999999752649
11.85	16.05	0.999999999485098	0.799951099063775	1.75636554243087e-05	2.47928081268237	0.999999999794039
11.95	16.05	0.999999999590962	0.799952733287458	1.84163602524386e-05	2.39928562135825	0.999999999836385
12.05	16.05	0.999999999724207	0.799954329137713	1.92346276373531e-05	2.31929026863027	0.999999999889683
12.15	16.05	0.999999999922442	0.799955889886792	2.00188461104983e-05	2.23929475816349	0.999999999968977
12.25	16.05	1.00000000022696	0.799957418520274	2.07694321654126e-05	2.15929909330937	1.00000000009079
12.35	16.05	1.00000000066723	0.799958917762227	2.14868255405764e-05	2.07930327713321	1.00000000026689
12.45	16.05	1.00000000123655	0.79996039009842	2.2171484682327e-05	1.99930731243977	1.00000000049462
12.55	16.05	1.00000000185874	0.799961837797936	2.28238823064527e-05	1.91931120179764	1.0000000007435
12.65	16.05	1.00000000234953	0.799963262933493	2.34445012207648e-05	1.83931494756263	1.00000000093981
12.75	16.05	1.00000000238283	0.799964667400816	2.4033830271402e-05	1.75931855190059	1.00000000095313
12.85	16.05	1.00000000148074	0.799966052937258	2.45923605737666e-05	1.67932201680907	1.0000000005923
12.95	16.05	0.999999999056196	0.799967421139666	2.51205820399359e-05	1.59932534413701	0.999999999622478
13.05	16.05	0.999999994545127	0.799968773481052	2.56189803037344e-05	1.5193285356002	0.999999997818051
13.15	16.05	0.999999987666332	0.799970111324981	2.6088034229819e-05	1.43933159278908	0.999999995066533
13.25	16.05	0.999999978833257	0.799971435935829	2.65282141007948e-05	1.35933451716472	0.999999991533303
13.35	16.05	0.999999969703355	0.799972748482253	2.6939980701602e-05	1.27933731003823	0.999999987881342
13.45	16.05	0.999999963777664	0.799974050030835	2.73237852761908e-05	1.19933997253089	0.999999985511066
13.55	16.05	0.999999966850452	0.799975341527344	2.76800702204581e-05	1.11934250551645	0.999999986740181
13.65	16.05	0.999999986962399	0.799976623765127	2.8009269932651e-05	1.0393449095562	0.99999999478496
13.75	16.05	1.00000003335748	0.79997789734477	2.8311810764798e-05	0.959347184850666	1.00000001334299
13.85	16.05	1.0000001138415	0.799979162636915	2.85881084483929e-05	0.879349331249422	1.0000000455366
13.95	16.05	1.00000022998598	0.799980419770829	2.88385607895545e-05	0.799351348379297	1.00000009199439
14.05	16.05	1.00000036995168	0.799981668683966	2.90635333176917e-05	0.71935323596345	1.00000014798067
14.15	16.05	1.00000049947927	0.799982909278534	2.92633361260791e-05	0.639354994398915	1.00000019979171
14.25	16.05	1.00000055294901	0.799984141733763	2.94381919869179e-05	0.559356625620966	1.0000002211796
14.35	16.05	1.00000042837894	0.799985367007179	2.95881993845369e-05	0.479358134190392	1.00000017135158
14.45	16.05	0.999999992622219	0.79998658751258	2.97132996210529e-05	0.399359528377725	0.999999997048888
14.55	16.05	0.999999105262146	0.799987807873886	2.98132643648816e-05	0.319360820782323	0.999999642104859
14.65	16.05	0.999997670675866	0.799989035515527	2.98877276928297e-05	0.239362027736578	0.999999068270346
14.75	16.05	0.999995725695417	0.799990280976455	2.99362922141758e-05	0.159363166474895	0.999998290278167
14.85	16.05	0.999993562936322	0.799992431795688	2.99587332668101e-05	0.0793642488646755	0.999997425174529
14.95	16.05	0.999991874730636	0.399990377731955	2.99601809661716e-05	-0.000634904586941252	0.999996749892255
0.05	16.15	-5.12705283399355e-06	0.399993536280313	1.93949253490079e-05	10.4592980487718	0.599997949178867
0.15	16.15	-5.68991794045627e-06	0.7999808933026	1.9439490187537e-05	10.4112989884867	0.599997724032824
0.25	16.15	-5.95552813497755e-06	0.799968218886332	1.95365524928151e-05	10.3633007057379	0.599997617788746
0.35	16.15	-5.08574546964327e-06	0.799955462951229	1.96904106817268e-05	10.3153031833863	0.599997965701812
0.45	16.15	-2.21209590056034e-06	0.799942626791125	1.99101348768861e-05	10.2673063756916	0.59999911516164
0.55	16.15	3.5027951173535e-06	0.799929697004229	2.02114316467468e-05	10.2193102097845	0.600001401118047
0.65	16.15	1.27153319655212e-05	0.799916672317355	2.06233118817881e-05	10.171314587952	0.600005086132786
0.75	16.15	2.57142664216022e-05	0.799903585520756	2.1196613790916e-05	10.123319395481	0.600010285706569
0.85	16.15	4.24506163340701e-05	0.799890262408043	2.19840816783173e-05	10.0753245122569	0.600016980246534
0.95	16.15	6.06417125283252e-05	0.799876808990064	2.30084806846117e-05	10.0273298476183	0.600024256685011
1.05	16.15	7.5170904696053e-05	0.799863634734452	2.43321072928937e-05	9.97933541481019	0.600030068361878
1.15	16.15	7.92806351440058e-05	0.799851152021944	2.60776793073789e-05	9.93134140144746	0.600031712254058
1.25	16.15	6.54285362574533e-05	0.79983990301749	2.83843985979086e-05	9.88334820367714	0.600026171414503
1.35	16.15	2.64026661101061e-05	0.79983062049578	3.14269675011149e-05	9.8353564266343	0.600010561066444
1.45	16.15	-4.30156277837332e-05	0.799824221641406	3.54236246156353e-05	9.78736683995317	0.599982793748887
1.55	16.15	-0.000143937750064629	0.799821772695689	4.06368660845183e-05	9.73938027259216	0.599942424899974
1.65	16.15	-0.000271102252603595	0.799824434616829	4.73663684539835e-05	9.69139743736413	0.599891559098959
1.75	16.15	-0.000410896993933556	0.799833396806708	5.59298090975045e-05	9.64341868735657	0.599835641202426
1.85	16.15	-0.000540204114980986	0.799849805154536	6.6626721914242e-05	9.59544372187163	0.599783918354007
1.95	16.15	-0.000626676696683579	0.799874677046274	7.9682568298526e-05	9.54747127751506	0.599749329321327
2.05	16.15	-0.000631248145512489	0.799908744373045	9.51859081999435e-05	9.4994988618676	0.599747500741795
2.15	16.15	-0.00051448602454651	0.799952241529099	0.000113145132910418	9.45152262369054	0.599794205590181
2.25	16.15	-0.000248992891176324	0.800012591337631	0.000134136429048266	9.40353751826284	0.59990040284353
2.35	16.15	0.000221693781331848	0.800089831430086	0.000158740822815125	9.35553704877631	0.600088677512533
2.45	16.15	0.000968408248552773	0.800186446540065	0.000187183630715143	9.30751254875814	0.600387363299421
2.55	16.15	0.00207473015573369	0.800305857782617	0.00021989744259102	9.25945268289302	0.600829892062293
2.65	16.15	0.00363683902594683	0.800452021920374	0.000257268312630723	9.21134301261436	0.601454735610379
2.75	16.15	0.00576463194137259	0.800629316167271	0.000299563275534247	9.16316555134846	0.602305852776549
2.85	16.15	0.00858367123476519	0.800842536659876	0.000346896935832071	9.11489826831832	0.603433468493906
2.95	16.15	0.0122380784898159	0.801096875919973	0.0003991831552027	9.06651451374859	0.604895231395926
3.05	16.15	0.0168947417910228	0.801397829461098	0.000456059039447703	9.01798233262812	0.606757896716409
3.15	16.15	0.0227493053032604	0.801750995579807	0.000516777791039855	8.96926362181027	0.609099722121304
3.25	16.15	0.030034428318036	0.80216172019985	0.00058006892349216	8.9203130712672	0.612013771327214
3.35	16.15	0.0390306941432057	0.802634517327829	0.00064396725374741	8.87107681826836	0.615612277657282
3.45	16.15	0.0500801952928793	0.803172170844273	0.000705619658049389	8.82149073899109	0.620032078117152
3.55	16.15	0.0636020113261262	0.803774403409765	0.000761093878758748	8.77147831664051	0.62544080453045
3.65	16.15	0.0801072326769642	0.804436004519545	0.000805239664327295	8.72094807750852	0.632042893070786
3.75	16.15	0.100208540206559	0.805144387723238	0.000831690054776428	8.66979070516383	0.640083416082623
3.85	16.15	0.12461547337481	0.805876774608106	0.000833133349894836	8.61787616394106	0.649846189349924
3.95	16.15	0.154101917605872	0.806597673123363	0.000802012514224442	8.56505151543023	0.661640767042349
4.05	16.15	0.189429019374862	0.807258046467247	0.000731774237753472	8.51114058381427	0.675771607749945
4.15	16.15	0.231209089672793	0.80779828372527	0.000618635655830099	8.45594710236931	0.692483635869117
4.25	16.15	0.279710558392257	0.808156983258361	0.000463534054205365	8.39926316585306	0.711884223356903
4.35	16.15	0.334635327562198	0.808285499387214	0.000273560438315865	8.34088426167393	0.733854131024879
4.45	16.15	0.394941691411695	0.808163954868953	6.20091089917542e-05	8.28063043590976	0.757976676564678
4.55	16.15	0.458812543033016	0.807810521950165	-0.000153490644542025	8.21837037659236	0.783525017213206
4.65	16.15	0.52384257453517	0.807276958173407	-0.000354435878860408	8.15404248596619	0.809537029814068
4.75	16.15	0.587426810488547	0.806631314911211	-0.000525286706030824	8.08766625911649	0.834970724195419
4.85	16.15	0.647223262257259	0.805937445997356	-0.000656221346997317	8.01933978008363	0.858889304902903
4.95	16.15	0.701518022388945	0.805241993651805	-0.000743972952269705	7.94922404934552	0.880607208955578
5.05	16.15	0.749379622848082	0.804572437705658	-0.000790890511835184	7.8775193999912	0.899751849139233
5.15	16.15	0.790601291440052	0.803942302592229	-0.000803021513803655	7.8044409424792	0.916240516576021
5.25	16.15	0.825512574849849	0.803357648066247	-0.000788083224257416	7.73019849874825	0.93020502993994
5.35	16.15	0.854758081442709	0.802821450971848	-0.000753873745492152	7.65498347837459	0.941903232577083
5.45	16.15	0.879110173348686	0.802335467517921	-0.000707297861833031	7.57896247571357	0.951644069339475
5.55	16.15	0.899341367921336	0.801900566503952	-0.000653934222260373	7.50227592147812	0.959736547168534
5.65	16.15	0.916153614797066	0.801516552254098	-0.000597974526269639	7.42503982052334	0.966461445918826
5.75	16.15	0.930149394645816	0.801182034028061	-0.000542368789762141	7.34734895327999	0.972059757858327
5.85	16.15	0.941828412374673	0.800894499046565	-0.000489054742390676	7.26928045875089	0.976731364949869
5.95	16.15	0.951597291869444	0.800650547403424	-0.000439197407339637	7.19089719888087	0.980638916747778
6.05	16.15	0.959784157403026	0.800446196251224	-0.000393401908436642	7.11225064271903	0.98391366296121
6.15	16.15	0.96665361088302	0.800277177571926	-0.0003518861220049	7.03338321017729	0.986661444353208
6.25	16.15	0.972420025819319	0.800139187075916	-0.00031461263967768	6.95433011664518	0.988968010327728
6.35	16.15	0.977258476409653	0.800028069360642	-0.00028138530702272	6.87512079933844	0.990903390563861
6.45	16.15	0.981313328082447	0.799939941368648	-0.000251917376027412	6.79578001249594	0.992525331232979
6.55	16.15	0.98470481280005	0.799871264150995	-0.000225878080760278	6.7163286694488	0.99388192512002
6.65	16.15	0.987533990635051	0.799818875191271	-0.000202923409678724	6.63678449530756	0.995013596254021
6.75	16.15	0.989886475263489	0.799779992787814	-0.000182715626256823	6.55716253958086	0.995954590105395
6.85	16.15	0.991835239090721	0.799752202000972	-0.000164934967285211	6.47747558555166	0.996734095636288
6.95	16.15	0.993442745398954	0.799733429434086	-0.000149286023539193	6.39773448326358	0.997377098159582
7.05	16.15	0.994762593721357	0.799721912098067	-0.000135500591445314	6.31794842538258	0.997905037488543
7.15	16.15	0.995840814865437	0.7997161639698	-0.00012333825071511	6.23812517960947	0.998336325946175
7.25	16.15	0.996716913619823	0.79971494261242	-0.000112585535181429	6.15827128729512	0.998686765447929
7.35	16.15	0.99742472854219	0.799717217322567	-0.000103054286529879	6.07839223506566	0.998969891416876
7.45	16.15	0.997993157331121	0.799722139640441	-9.4579585572936e-05	5.99849260428427	0.999197262932448
7.55	16.15	0.998446781284164	0.799729016632065	-8.70175189261573e-05	5.91857620181851	0.999378712513666
7.65	16.15	0.99880641172498	0.79973728707405	-8.02429447012947e-05	5.83864617466421	0.999522564689992
7.75	16.15	0.999089573873823	0.799746500495347	-7.41473557457662e-05	5.75870511036846	0.999635829549529
7.85	16.15	0.999310938558708	0.799756298925449	-6.86368956513063e-05	5.67875512479548	0.999724375423483
7.95	16.15	0.99948270876819	0.799766401140109	-6.36305530880692e-05	5.59879793852435	0.999793083507276
8.05	16.15	0.999614965849721	0.79977658916924	-5.90585417626192e-05	5.51883494300327	0.999845986339888
8.15	16.15	0.999715978804317	0.799786696824295	-5.48608611779093e-05	5.43886725748011	0.999886391521727
8.25	16.15	0.9997924793546	0.799796600007485	-5.09860268455623e-05	5.35889577765585	0.99991699174184
8.35	16.15	0.999849905073487	0.799806208578319	-4.73899549928554e-05	5.2789212169528	0.999939962029395
8.45	16.15	0.999892612710451	0.799815459569521	-4.40349857046462e-05	5.19894414124059	0.99995704508418
8.55	16.15	0.999924063836867	0.799824311562888	-4.08890284048344e-05	5.11896499781483	0.999969625534747
8.65	16.15	0.999946984977425	0.79983274005553	-3.79248147859717e-05	5.03898413937296	0.99997879399097
8.75	16.15	0.999963504451451	0.799840733665647	-3.5119245381513e-05	4.95900184367689	0.99998540178058
8.85	16.15	0.999975268185069	0.799848291045446	-3.24528177790572e-05	4.87901832953464	0.999990107274028
8.95	16.15	0.999983536755673	0.799855418385884	-2.99091261698001e-05	4.79903376967241	0.999993414702269
9.05	16.15	0.999989265887638	0.799862127413774	-2.74744229516242e-05	4.71904830100751	0.999995706355055
9.15	16.15	0.999993172533507	0.799868433795817	-2.51372348662464e-05	4.63906203277183	0.999997269013403
9.25	16.15	0.99999578855326	0.799874355877165	-2.28880271662228e-05	4.55907505287658	0.999998315421304
9.35	16.15	0.999997503853941	0.799879913693336	-2.0718909922541e-05	4.47908743285406	0.999999001541577
9.45	16.15	0.999998600681739	0.799885128204117	-1.86233819939265e-05	4.39909923166019	0.999999440272696
9.55	16.15	0.999999280577637	0.799890020706818	-1.6596108162329e-05	4.31911049857549	0.999999712231055
9.65	16.15	0.999999685323964	0.799894612393584	-1.46327259541643e-05	4.23912127540044	0.999999874129586
9.75	16.15	0.999999913029365	0.799898924023569	-1.27296786794714e-05	4.15913159810479	0.999999965211746
9.85	16.15	1.00000003032924	0.799902975686426	-1.08840720618706e-05	4.07914149805937	1.0000000121317
9.95	16.15	1.00000008152118	0.799906786637528	-9.09355140289869e-06	3.99915100295208	1.00000003260847
10.05	16.15	1.00000009531297	0.799910375189585	-7.35619733677914e-06	3.91916013746805	1.00000003812519
10.15	16.15	1.00000008973526	0.799913758647693	-5.67043760301047e-06	3.83916892379561	1.00000003589411
10.25	16.15	1.00000007566266	0.799916953278015	-4.03497313544886e-06	3.75917738200507	1.00000003026506
10.35	16.15	1.00000005929435	0.799919974301865	-2.44871648105873e-06	3.67918553033567	1.00000002371774
10.45	16.15	1.00000004386886	0.799922835908759	-9.10741021376092e-07	3.59919338541673	1.00000001754754
10.55	16.15	1.00000003082371	0.799925551283446	5.79760576930547e-07	3.51920096244235	1.00000001232949
10.65	16.15	1.00000002055998	0.79992813264282	2.02350985592016e-06	3.43920827531292	1.00000000822399
10.75	16.15	1.00000001293088	0.799930591279592	3.42116941787446e-06	3.35921533675348	1.00000000517235
10.85	16.15	1.00000000754193	0.79993293761032	4.77336394304088e-06	3.27922215841529	1.00000000301677
10.95	16.15	1.00000000392551	0.79993518122583	6.08069646273958e-06	3.19922875096531	1.0000000015702
11.05	16.15	1.00000000163437	0.799937330942644	7.34376061095562e-06	3.11923512416657	1.00000000065375
11.15	16.15	1.00000000028484	0.799939394854238	8.56314957604639e-06	3.03924128695134	1.00000000011394
11.25	16.15	0.999999999570347	0.799941380381404	9.73946240178727e-06	2.95924724748851	0.999999999828139
11.35	16.15	0.999999999259002	0.799943294321043	1.08733080201338e-05	2.87925301324583	0.999999999703601
11.45	16.15	0.999999999183749	0.799945142892979	1.19653076193125e-05	2.79925859104764	0.9999999996735
11.55	16.15	0.999999999230357	0.799946931784576	1.30160956173971e-05	2.71926398712842	0.999999999692143
11.65	16.15	0.999999999326186	0.799948666192844	1.40263195214714e-05	2.63926920718235	0.999999999730474
11.75	16.15	0.999999999431152	0.79995035086411	1.49966390587364e-05	2.55927425640915	0.999999999772461
11.85	16.15	0.99999999953121	0.799951990131019	1.59277246188395e-05	2.47927913955633	0.999999999812484
11.95	16.15	0.99999999963383	0.799953587947062	1.68202553286196e-05	2.39928386095796	0.999999999853532
12.05	16.15	0.999999999764203	0.799955147918584	1.76749168042936e-05	2.31928842457037	0.999999999905681
12.15	16.15	0.99999999996014	0.799956673334321	1.84923987312874e-05	2.23929283400479	0.999999999984056
12.25	16.15	1.00000000026312	0.79995816719274	1.9273392341326e-05	2.15929709255735	1.00000000010525
12.35	16.15	1.0000000007027	0.79995963222724	2.0018587822747e-05	2.07930120323694	1.00000000028108
12.45	16.15	1.00000000127206	0.799961070929463	2.07286717501346e-05	1.99930516879115	1.00000000050882
12.55	16.15	1.00000000189452	0.799962485571066	2.14043245445873e-05	1.91930899173095	1.00000000075781
12.65	16.15	1.00000000238484	0.799963878224223	2.20462179507157e-05	1.83931267435452	1.00000000095393
12.75	16.15	1.00000000241529	0.799965250781174	2.26550126137181e-05	1.75931621877026	1.00000000096612
12.85	16.15	1.00000000150579	0.799966604973048	2.32313557688325e-05	1.67931962691887	1.00000000060232
12.95	16.15	0.999999999066737	0.799967942387948	2.37758791021803e-05	1.59932290059327	0.999999999626695
13.05	16.15	0.999999994531945	0.79996926448782	2.4289196934321e-05	1.51932604145427	0.999999997812778
13.15	16.15	0.999999987619675	0.79997057262303	2.47719048137602e-05	1.43932905103864	0.99999999504787
13.25	16.15	0.99999997874617	0.799971868042796	2.52245787329951e-05	1.35933193075514	0.999999991498468
13.35	16.15	0.999999969577151	0.79997315189879	2.56477750479742e-05	1.27933468186408	0.999999987830861
13.45	16.15	0.999999963629446	0.799974425238897	2.60420312278259e-05	1.1993373054373	0.999999985451778
13.55	16.15	0.999999966721718	0.799975688988491	2.64078671595076e-05	1.11933980230046	0.999999986688687
13.65	16.15	0.999999986926407	0.799976943918829	2.67457865623464e-05	1.03934217296793	0.999999994770563
13.75	16.15	1.0000000335213	0.799978190606701	2.70562774727242e-05	0.959344417594526	1.00000001340852
13.85	16.15	1.00000011433676	0.799979429397247	2.73398102336341e-05	0.879346535985511	1.0000000457347
13.95	16.15	1.00000023094121	0.799980660392651	2.75968309382086e-05	0.799348527725518	1.00000009237648
14.05	16.15	1.00000037143911	0.79998188350208	2.78277481364521e-05	0.719350392499013	1.00000014857565
14.15	16.15	1.00000050143274	0.799983098599012	2.80329111808881e-05	0.639352130670093	1.0000002005731
14.25	16.15	1.00000055505698	0.799984305834742	2.82125803496595e-05	0.559353744149944	1.00000022202279
14.35	16.15	1.00000042997098	0.799985506141473	2.83668922618924e-05	0.479355237487702	1.00000017198839
14.45	16.15	0.999999992586694	0.799986701912451	2.84958293144956e-05	0.399356618957849	0.999999997034678
14.55	16.15	0.999999102057033	0.799987897757943	2.85992086377331e-05	0.319357901180435	0.999999640822813
14.65	16.15	0.999997662517027	0.799989101096814	2.86767131700116e-05	0.239359100522073	0.999999065006811
14.75	16.15	0.999995711017555	0.799990322467014	2.87279925251608e-05	0.159360234254466	0.999998284407022
14.85	16.15	0.99999354120617	0.799992451747804	2.87528553206582e-05	0.0793613142654341	0.999997416482468
14.95	16.15	0.999991847630715	0.399990365111694	2.87560961800081e-05	-0.000637839430736668	0.999996739052286
0.05	16.25	-5.13080325488189e-06	0.399993568477588	3.21017008068287e-05	10.4592965031141	0.599997947678698
0.15	16.25	-5.69875610912248e-06	0.799980992453956	3.21809606450186e-05	10.4112974390853	0.599997720497556
0.25	16.25	-5.97544088469998e-06	0.799968388368422	3.23347052176149e-05	10.3632991487478	0.599997609823646
0.35	16.25	-5.12317898634662e-06	0.799955707773886	3.2560896460987e-05	10.3153016149218	0.599997950728405
0.45	16.25	-2.26940182094646e-06	0.799942952684147	3.28565022816351e-05	10.2673047917188	0.599999092239272
0.55	16.25	3.44088710382071e-06	0.799930109680285	3.32184652306985e-05	10.2193086058806	0.600001376354842
0.65	16.25	1.27063056182994e-05	0.79991717846519	3.36523937262511e-05	10.1713129584202	0.600005082522247
0.75	16.25	2.58401773059727e-05	0.799904168311337	3.41947226108993e-05	10.123317731417	0.600010336070922
0.85	16.25	4.23686642112339e-05	0.799891088648137	3.48368691071126e-05	10.0753228047324	0.600016947465684
0.95	16.25	6.04350177407207e-05	0.799877844617311	3.54974148750192e-05	10.0273280896477	0.600024174007096
1.05	16.25	7.49859791402368e-05	0.79986487007102	3.61806627280052e-05	9.97933359623264	0.600029994391656
1.15	16.25	7.91906898347344e-05	0.799852631186303	3.6942163936714e-05	9.93133950706317	0.600031676275934
1.25	16.25	6.55226603225771e-05	0.79984167644251	3.78068474946794e-05	9.88334621334693	0.600026209064129
1.35	16.25	2.68132305109919e-05	0.79983275172525	3.88253315294904e-05	9.83535431340807	0.600010725292204
1.45	16.25	-4.2119351219744e-05	0.799826796209957	4.00843593107951e-05	9.78736456760147	0.599983152259512
1.55	16.25	-0.000142376050892191	0.799824909274324	4.17090195938464e-05	9.73937779307854	0.599943049579643
1.65	16.25	-0.000268733775112385	0.799828297548245	4.38576595961275e-05	9.69139468873359	0.599892506489955
1.75	16.25	-0.00040769350086112	0.799838206326203	4.67035997597352e-05	9.64341559282637	0.599836922599656
1.85	16.25	-0.000536348944340486	0.799855837750072	5.03978055881616e-05	9.59544019127626	0.599785460422264
1.95	16.25	-0.000622672478296973	0.799882245781863	5.50076191814577e-05	9.54746721264923	0.599750931008681
2.05	16.25	-0.000627940323246969	0.799918196927476	6.04123972634921e-05	9.49949416717285	0.599748823870701
2.15	16.25	-0.000512354943449454	0.799964103653412	6.62126676089509e-05	9.45151721331832	0.59979505802262
2.25	16.25	-0.000245623407879032	0.800026130318489	7.30912298573918e-05	9.40353126422016	0.599901750636848
2.35	16.25	0.000223732217193666	0.800106477440935	8.12865096932844e-05	9.35552979834401	0.600089492886877
2.45	16.25	0.000968017481317327	0.800206756827712	9.00839701346624e-05	9.30750416642367	0.600387206992527
2.55	16.25	0.00207128877171346	0.800330405542418	9.95331808654284e-05	9.25944301867035	0.600828515508685
2.65	16.25	0.00362962880112681	0.800481382579768	0.000109669903490621	9.21133190081601	0.601451851520451
2.75	16.25	0.00575265617846428	0.800664091141898	0.000120419332167185	9.16315281703854	0.602301062471386
2.85	16.25	0.0085655932518714	0.800883371401259	0.00013160168430989	9.11488373457317	0.603426237300749
2.95	16.25	0.0122121741669442	0.801144462373598	0.000142947857569651	9.06649800949957	0.604884869666778
3.05	16.25	0.0168588349192857	0.801452897762445	0.000154110429156119	9.01796370217001	0.606743533967714
3.15	16.25	0.0227006765588532	0.801814299194689	0.000164671843579414	8.96924273715171	0.609080270623541
3.25	16.25	0.0299696944331238	0.802234016588746	0.000174153790717398	8.92028984846661	0.611987877773249
3.35	16.25	0.03894565719673	0.802716545118144	0.000182031125552337	8.87105123887326	0.615578262878692
3.45	16.25	0.0499696685810217	0.803264624240807	0.000187752789867982	8.82146287757533	0.619987867432409
3.55	16.25	0.0634596418939314	0.803877904674788	0.000190771298512981	8.77144837500967	0.625383856757573
3.65	16.25	0.0799253653308095	0.804551075250008	0.000190581109624109	8.72091642512396	0.631970146132324
3.75	16.25	0.0999782069855411	0.805271418555833	0.000186764185243165	8.66975792333392	0.639991282794216
3.85	16.25	0.124326644761865	0.806015989885749	0.00017903800651709	8.61784308795442	0.649730657904746
3.95	16.25	0.153744203298288	0.806749081365704	0.000167297533521004	8.56501926393835	0.661497681319315
4.05	16.25	0.18899301912174	0.807421360911721	0.000151639540358938	8.5111105591129	0.675597207648696
4.15	16.25	0.230688499659927	0.807972796663449	0.000132358303509484	8.45592094110133	0.692275399863971
4.25	16.25	0.279104857758347	0.808341396007367	0.00010990904243684	8.39924262149005	0.711641943103339
4.35	16.25	0.333952395875145	0.808477755069063	8.4849977099146e-05	8.34087101333622	0.733580958350058
4.45	16.25	0.394199233132779	0.808361175541807	5.77882441858465e-05	8.28062584483186	0.757679693253112
4.55	16.25	0.458037145962583	0.808009159158694	2.93559076597824e-05	8.21837524448093	0.783214858385033
4.65	16.25	0.523065988915088	0.80747317812994	2.22111200452838e-07	8.15405688968352	0.809226395566035
4.75	16.25	0.586680407122488	0.806821496873826	-2.8882582805241e-05	8.08768952331084	0.834672162848995
4.85	16.25	0.646532687780887	0.806118599027029	-5.71674999638692e-05	8.01937060167484	0.858613075112355
4.95	16.25	0.700899938189094	0.805411962429285	-8.38298613244643e-05	7.9492607302602	0.880359975275638
5.05	16.25	0.748841209525722	0.804729900344296	-0.000108137409437298	7.87756011143515	0.899536483810289
5.15	16.25	0.790141902869594	0.804086646166176	-0.000129511931941924	7.80448395012422	0.916056761147838
5.25	16.25	0.825126341739442	0.803488807850159	-0.000147582953515516	7.7302423105699	0.930050536695777
5.35	16.25	0.854436434378033	0.802939760823632	-0.000162199548666055	7.6550269116468	0.941774573751213
5.45	16.25	0.878843749092959	0.802441535967183	-0.000173406459268733	7.57900466131316	0.951537499637184
5.55	16.25	0.899121195632911	0.801995178272864	-0.000181399564984791	7.50231627006635	0.959648478253164
5.65	16.25	0.915971711789674	0.80160059158044	-0.000186475613078977	7.42507797182468	0.96638868471587
5.75	16.25	0.929998966260669	0.801256426489151	-0.000188986427232525	7.34738472280633	0.971999586504267
5.85	16.25	0.941703826763205	0.800960169102915	-0.000189302544838043	7.26931378981277	0.976681530705282
5.95	16.25	0.951493949257595	0.800708389014256	-0.000187787327648014	7.19092812306275	0.980597579703038
6.05	16.25	0.959698325689305	0.800497053943598	-0.000184780406361243	7.11227924922506	0.983879330275722
6.15	16.25	0.966582265059128	0.80032183549444	-0.000180588463477312	7.03340962309363	0.986632906023651
6.25	16.25	0.972360707414471	0.800178363871651	-0.000175481293426087	6.95435447867826	0.988944282965789
6.35	16.25	0.977209177467812	0.80006241708409	-0.000169691380682858	6.87514326056707	0.990883670987125
6.45	16.25	0.981272398541708	0.799970047072024	-0.000163415644380658	6.79580072285988	0.992508959416683
6.55	16.25	0.984670887924029	0.799897653124095	-0.000156818383214932	6.71634777394289	0.993868355169612
6.65	16.25	0.987505934670473	0.799842015133964	-0.000150034767698663	6.63680213108874	0.995002373868189
6.75	16.25	0.989863337800774	0.799800298421615	-0.000143174461840409	6.55717883439824	0.99594533512031
6.85	16.25	0.99181622117872	0.799770039793902	-0.000136325122718319	6.47749065707067	0.996726488471488
6.95	16.25	0.993427173069083	0.799749122232403	-0.00012955563968637	6.39774843897791	0.997370869227633
7.05	16.25	0.994749897111717	0.799735743541005	-0.000122919049298272	6.31796136289841	0.997899958844687
7.15	16.25	0.995830511573511	0.799728382619399	-0.000116455108290669	6.23813718715288	0.998332204629404
7.25	16.25	0.996708595255762	0.799725765766465	-0.000110192535105378	6.15828244434122	0.998683438102305
7.35	16.25	0.997418049717522	0.799726834502531	-0.000104150944983675	6.07840261302158	0.998967219887009
7.45	16.25	0.99798782651609	0.799730715760459	-9.8342510488943e-05	5.99850226718242	0.999195130606436
7.55	16.25	0.998442553115426	0.799736694863168	-9.27733808025093e-05	5.91858520699251	0.999377021246171
7.65	16.25	0.998803080455843	0.799744191422552	-8.7444891562299e-05	5.83865457339185	0.999521232182337
7.75	16.25	0.99908696774094	0.799752738116302	-8.23545937885322e-05	5.75871294847299	0.999634787096376
7.85	16.25	0.999308914899068	0.799761962192304	-7.74971268351221e-05	5.6787624432021	0.999723565959627
7.95	16.25	0.99948114976379	0.799771569491773	-7.2864956441238e-05	5.59880477377128	0.999792459905516
8.05	16.25	0.999613774808502	0.799781330754217	-6.84489956019025e-05	5.51884132770914	0.999845509923401
8.15	16.25	0.999715076907892	0.799791069960817	-6.42391230775693e-05	5.43887322076981	0.999886030763157
8.25	16.25	0.999791802818434	0.799800654477102	-6.02246122647515e-05	5.35890134554795	0.999916721127374
8.35	16.25	0.999849402675375	0.799809986769198	-5.63944809615808e-05	5.27892641271128	0.99993976107015
8.45	16.25	0.999892243649888	0.799818997484222	-5.27377716841175e-05	5.19894898569357	0.999956897459955
8.55	16.25	0.999923795892238	0.799827639704636	-4.92437709865947e-05	5.1189695096431	0.999969518356895
8.65	16.25	0.999946792930823	0.799835884205219	-4.59021754757569e-05	5.03898833537035	0.999978717172329
8.75	16.25	0.999963368752939	0.799843715561456	-4.270321196254e-05	4.95900573898475	0.999985347501176
8.85	16.25	0.999975173829731	0.799851128975419	-3.96377182437453e-05	4.87902193785227	0.999990069531893
8.95	16.25	0.999983472348225	0.799858127703216	-3.66971908999469e-05	4.79903710344514	0.99999338893929
9.05	16.25	0.999989222870809	0.799864720983459	-3.38738059833494e-05	4.71905137159416	0.999995689148324
9.15	16.25	0.999993144557934	0.799870922380655	-3.11604178257679e-05	4.63906485059296	0.999997257823174
9.25	16.25	0.999995770968357	0.799876748470362	-2.8550540870088e-05	4.55907762754518	0.999998308387343
9.35	16.25	0.999997493300991	0.799882217804117	-2.60383187621368e-05	4.47908977328996	0.999998997320396
9.45	16.25	0.999998594772362	0.799887350102219	-2.36184844198037e-05	4.39910134618963	0.999999437908945
9.55	16.25	0.999999277642714	0.799892165631029	-2.12863143443442e-05	4.3191123950173	0.999999711057086
9.65	16.25	0.999999684219974	0.799896684729045	-1.90375797205959e-05	4.23912296113999	0.99999987368799
9.75	16.25	0.999999912990943	0.799900927451956	-1.68684965453272e-05	4.15913308015711	0.999999965196377
9.85	16.25	1.00000003085844	0.799904913312662	-1.47756764105386e-05	4.0791427831225	1.00000001234338
9.95	16.25	1.00000008230552	0.799908661096289	-1.27560791713914e-05	3.99915209745191	1.00000003292221
10.05	16.25	1.00000009616572	0.799912188734387	-1.0806968580813e-05	3.91916104759569	1.00000003846629
10.15	16.25	1.00000009055272	0.79991551322516	-8.92587129611334e-06	3.83916965553821	1.00000003622109
10.25	16.25	1.00000007639408	0.799918650589407	-7.11053967214249e-06	3.75917794117105	1.00000003055763
10.35	16.25	1.00000005992136	0.799921615853769	-5.35891857094117e-06	3.67918592257513	1.00000002396854
10.45	16.25	1.00000004439163	0.799924423054677	-3.66911599175581e-06	3.59919361623795	1.00000001775665
10.55	16.25	1.00000003125199	0.799927085257597	-2.03937758282389e-06	3.51920103722472	1.0000000125008
10.65	16.25	1.00000002090752	0.79992961458743	-4.68064623021547e-07	3.43920819931722	1.00000000836301
10.75	16.25	1.00000001321216	0.799932022266727	1.04636462001062e-06	3.35921511512977	1.00000000528486
10.85	16.25	1.00000000777038	0.799934318659158	2.50537061160041e-06	3.27922179620899	1.00000000310815
10.95	16.25	1.0000000041127	0.799936513316157	3.91034556528886e-06	3.19922825312177	1.00000000164508
11.05	16.25	1.00000000178977	0.799938615025168	5.26262413204536e-06	3.11923449553449	1.00000000071591
11.15	16.25	1.00000000041589	0.799940631858397	6.56349204232846e-06	3.03924053228532	1.00000000016636
11.25	16.25	0.999999999682746	0.799942571221012	7.81419293741647e-06	2.95924637145087	0.999999999873099
11.35	16.25	0.999999999356971	0.799944439898266	9.01593378200417e-06	2.87925202040801	0.999999999742788
11.45	16.25	0.999999999270353	0.799946244100902	1.01698889294995e-05	2.79925748589125	0.999999999708141
11.55	16.25	0.99999999930778	0.799947989508718	1.12772032147961e-05	2.71926277404606	0.999999999723112
11.65	16.25	0.999999999395973	0.799949681311784	1.23389941232207e-05	2.63926789047837	0.999999999758389
11.75	16.25	0.999999999494409	0.799951324249457	1.33563532552468e-05	2.55927284030032	0.999999999797764
11.85	16.25	0.99999999958878	0.79995292264687	1.43303472861945e-05	2.47927762817257	0.999999999835512
11.95	16.25	0.999999999686439	0.799954480449094	1.52620184167195e-05	2.39928225834316	0.999999999874576
12.05	16.25	0.999999999812574	0.799956001252845	1.61523844944573e-05	2.31928673468326	0.999999999925029
12.15	16.25	1.00000000000507	0.799957488335891	1.70024388960633e-05	2.23929106071995	1.00000000000203
12.25	16.25	1.00000000030552	0.799958944684232	1.78131501408728e-05	2.15929523966642	1.00000000012221
12.35	16.25	1.00000000074348	0.799960373017243	1.85854614000708e-05	2.07929927444992	1.00000000029739
12.45	16.25	1.00000000131201	0.799961775811008	1.93202898690513e-05	1.99930316773785	1.0000000005248
12.55	16.25	1.00000000193394	0.799963155320083	2.00185260175298e-05	1.91930692196269	1.00000000077358
12.65	16.25	1.00000000242305	0.799964513598043	2.0681032794368e-05	1.83931053934589	1.00000000096922
12.75	16.25	1.00000000245007	0.799965852517107	2.13086447637035e-05	1.75931402192112	1.00000000098003
12.85	16.25	1.00000000153278	0.799967173787063	2.19021672601873e-05	1.67931737155647	1.00000000061311
12.95	16.25	0.999999999079179	0.799968478973406	2.24623755994631e-05	1.59932058997451	0.999999999631672
13.05	16.25	0.999999994521061	0.799969769514354	2.29900144884046e-05	1.51932367876812	0.999999997808425
13.15	16.25	0.999999987576197	0.799971046735465	2.34857977310103e-05	1.43932663940861	0.999999995030479
13.25	16.25	0.99999997866354	0.79997231186019	2.39504084477562e-05	1.35932947324181	0.999999991465416
13.35	16.25	0.99999996945675	0.799973566013506	2.43844998862021e-05	1.27933218146752	0.9999999877827
13.45	16.25	0.999999963487763	0.799974810215682	2.47886969101131e-05	1.19933476509947	0.999999985395105
13.55	16.25	0.999999966598517	0.799976045363544	2.51635979778287e-05	1.1193372249074	0.999999986639407
13.65	16.25	0.999999986891672	0.799977272198791	2.55097771175447e-05	1.03933956135179	0.999999994756669
13.75	16.25	1.00000003367706	0.799978491267565	2.58277849442459e-05	0.959341774535485	1.00000001347082
13.85	16.25	1.00000011480816	0.799979702883216	2.61181472303834e-05	0.87934386421394	1.00000004592327
13.95	16.25	1.00000023185002	0.799980907115095	2.63813591009351e-05	0.799345829924712	1.00000009274001
14.05	16.25	1.00000037285315	0.799982103838766	2.66178727855904e-05	0.719347671309227	1.00000014914126
14.15	16.25	1.00000050328797	0.799983292894041	2.68280774485434e-05	0.639349388694678	1.00000020131519
14.25	16.25	1.00000055705658	0.79998447439963	2.70122712685895e-05	0.559350983964383	1.00000022282263
14.35	16.25	1.00000043147859	0.799985649257877	2.71706291795637e-05	0.479352461651993	1.00000017259144
14.45	16.25	0.999999992549961	0.799986819836928	2.73031745803968e-05	0.399353830031819	0.999999997019984
14.55	16.25	0.999999099019694	0.799987990728634	2.74097696382179e-05	0.319355101740067	0.999999639607877
14.65	16.25	0.999997654798561	0.799989169341194	2.74901454348209e-05	0.239356293172712	0.999999061919424
14.75	16.25	0.999995697148998	0.799990366206025	2.75439977146765e-05	0.159357421634094	0.999998278859599
14.85	16.25	0.99999352069495	0.799992473372075	2.75711677250833e-05	0.079358499029163	0.99999740827798
14.95	16.25	0.999991822069069	0.399990354384519	2.75761260377135e-05	-0.000640655087535281	0.999996728827628
0.05	16.35	-5.11306976834887e-06	0.399993611799165	4.47318513080585e-05	10.4592941970296	0.599997954772093
0.15	16.35	-5.68257183669742e-06	0.799981122371021	4.48448383902708e-05	10.4112951272349	0.599997726971265
0.25	16.35	-5.96646833603672e-06	0.79996860466927	4.50532926142094e-05	10.3632968260378	0.599997613412666
0.35	16.35	-5.13160860252759e-06	0.799956009288255	4.53504955464048e-05	10.3152992765413	0.599997947356559
0.45	16.35	-2.30875589572337e-06	0.799943336096679	4.57238122290471e-05	10.2673024333669	0.599999076497642
0.55	16.35	3.36214506135508e-06	0.799930568235309	4.61529895591352e-05	10.2193062240096	0.600001344858024
0.65	16.35	1.26151940818443e-05	0.799917702480261	4.66099293533881e-05	10.1713105500811	0.600005046077633
0.75	16.35	2.58507349221063e-05	0.799904697901425	4.70880967856117e-05	10.1233152924948	0.600010340293969
0.85	16.35	4.23142209642781e-05	0.799891638636803	4.75492729455919e-05	10.0753203321663	0.600016925688386
0.95	16.35	5.98634840115522e-05	0.799878568529498	4.78632669308535e-05	10.0273255882095	0.600023945393605
1.05	16.35	7.42808983320694e-05	0.799865554497749	4.793913849931e-05	9.97933107336709	0.600029712359333
1.15	16.35	7.84118076492404e-05	0.799853241228698	4.77336517421239e-05	9.93133696860817	0.60003136472306
1.25	16.35	6.47616331234792e-05	0.799842140442656	4.71721540599465e-05	9.88334366711272	0.600025904653249
1.35	16.35	2.62540895769274e-05	0.799832974413452	4.61833374753518e-05	9.83535176796781	0.600010501635831
1.45	16.35	-4.21869933161762e-05	0.799826658903781	4.47173094557173e-05	9.78736203042289	0.599983125202674
1.55	16.35	-0.000141559020256858	0.799824271126671	4.27534886180146e-05	9.73937526844394	0.599943376391897
1.65	16.35	-0.000266557885085087	0.799826997786791	4.03010541457084e-05	9.69139217584829	0.599893376845966
1.75	16.35	-0.000403652892181364	0.799836064791145	3.73864721706967e-05	9.64341308490974	0.599838538843127
1.85	16.35	-0.000529981273471176	0.799852648879509	3.40206469223821e-05	9.59543767676083	0.599788007490612
1.95	16.35	-0.000613671693689895	0.799877750710687	3.01479614091571e-05	9.54746467980591	0.599754531322524
2.05	16.35	-0.000616429825204987	0.799912048794984	2.55795795964139e-05	9.49949161588148	0.599753428069918
2.15	16.35	-0.000498922439797819	0.799956635061689	1.97095462010111e-05	9.45151468135287	0.599800431024081
2.25	16.35	-0.000222811043018494	0.800013736218192	1.25565416577673e-05	9.40352874922182	0.599910875582793
2.35	16.35	0.0002510554912074	0.800091232702694	3.9922121470127e-06	9.35552729341249	0.600100422196483
2.45	16.35	0.00100046216831221	0.800187718271953	-6.87384284297368e-06	9.30750173217975	0.600400184867325
2.55	16.35	0.00211028195674832	0.800306681586039	-2.05040497022362e-05	9.25944072289469	0.600844112782699
2.65	16.35	0.00367685426381231	0.800451879281963	-3.72955404399892e-05	9.21132982085953	0.601470741705525
2.75	16.35	0.00581003367393539	0.800627507770913	-5.76951010633988e-05	9.16315104609081	0.602324013469574
2.85	16.35	0.00863536845489767	0.800838191294668	-8.21802728461257e-05	9.11488238641944	0.603454147381959
2.95	16.35	0.0122970415273985	0.801088940235514	-0.000111195427967514	9.06649722083465	0.604918816610959
3.05	16.35	0.0169620812650868	0.801385049134232	-0.000145062744148604	9.01796363201455	0.606784832506035
3.15	16.35	0.0228263457315139	0.801731898862571	-0.000183864510409069	8.96924356262624	0.609130538292606
3.25	16.35	0.0301227731853452	0.802134613363127	-0.000227289327131255	8.92029175575816	0.612049109274138
3.35	16.35	0.0391322769414984	0.802597501176817	-0.000274438020233179	8.87105440788286	0.615652910776599
3.45	16.35	0.0501973060382624	0.803123188127441	-0.000323593729775484	8.8214674585987	0.620078922415305
3.55	16.35	0.063737281452038	0.80371132768331	-0.000371977080821676	8.77145445608313	0.625494912580815
3.65	16.35	0.0802635533138571	0.804356780678601	-0.000415535069790957	8.72092398969769	0.632105421325543
3.75	16.35	0.100388880670216	0.805047231438944	-0.000448852912422478	8.66976680018014	0.640155552268087
3.85	16.35	0.124822561274031	0.805760430440616	-0.000465325884633615	8.61785289915412	0.649929024509612
3.95	16.35	0.15433774640837	0.806461717183815	-0.00045776130273004	8.56502938255669	0.661735098563348
4.05	16.35	0.189694176085025	0.807103198196992	-0.000419553089964227	8.51112009488013	0.67587767043401
4.15	16.35	0.23150196026087	0.807626664646007	-0.000346419476423911	8.45592877720918	0.692600784104348
4.25	16.35	0.280026578504724	0.80797223655871	-0.000238383647882099	8.39924752319929	0.71201063140189
4.35	16.35	0.334966572454864	0.808092679685586	-0.000101292026299041	8.3408718133356	0.733986628981946
4.45	16.35	0.395277154175617	0.807969133877042	5.30287620073953e-05	8.28062167944547	0.758110861670247
4.55	16.35	0.459139312961172	0.807620141773553	0.000208550855140999	8.21836577873201	0.783655725184469
4.65	16.35	0.524147760940902	0.807097070796773	0.000348455337599633	8.15404245055987	0.809659104376361
4.75	16.35	0.587699637184375	0.806466908210542	0.000458936472222634	8.08767108116082	0.83507985487375
4.85	16.35	0.647456604009357	0.805792022209911	0.0005319002985548	8.01934959758872	0.858982641603743
4.95	16.35	0.701708925457192	0.805117456243896	0.000565696171135593	7.94923880999498	0.880683570182877
5.05	16.35	0.749528847523851	0.804469233149281	0.000564041549706086	7.87753885526502	0.89981153900954
5.15	16.35	0.790712278063375	0.803859711690914	0.000533984577391505	7.80446467110666	0.91628491122535
5.25	16.35	0.825590294221516	0.803294126870458	0.000483812540261925	7.73022595124719	0.930236117688606
5.35	16.35	0.854808075036249	0.802774953004853	0.000421470270680506	7.65501403004144	0.9419232300145
5.45	16.35	0.87913789315241	0.802303711646974	0.000353649296730469	7.57899547685485	0.951655157260964
5.55	16.35	0.89935179494445	0.801881238629526	0.000285447704925319	7.50231073803992	0.95974071797778
5.65	16.35	0.91615108319879	0.80150744348446	0.000220406455683479	7.42507586271336	0.966460433279516
5.75	16.35	0.930137546415943	0.801181125292201	0.000160739832378162	7.34738569283844	0.972055018566377
5.85	16.35	0.941810225247653	0.800900004509349	0.000107630740179118	7.26931743703051	0.976724090099061
5.95	16.35	0.951575143020349	0.80066092855785	6.15160964701079e-05	7.19093402826764	0.980630057208139
6.05	16.35	0.959759900823042	0.800460156672055	2.23280740759115e-05	7.11228700367776	0.983903960329217
6.15	16.35	0.966628656373744	0.800293646011764	-1.0318209670761e-05	7.03341884572293	0.986651462549497
6.25	16.35	0.972395413511831	0.800157294425251	-3.69871773303284e-05	6.95436482553844	0.988958165404732
6.35	16.35	0.977234944057352	0.800047123213143	-5.83269175489621e-05	6.87515442887836	0.990893977622941
6.45	16.35	0.981291370179606	0.799959400581782	-7.50054418969812e-05	6.79581245145787	0.992516548071842
6.55	16.35	0.984684731521597	0.799890714824072	-8.76705144744714e-05	6.71635984148569	0.993873892608639
6.65	16.35	0.987515939067627	0.799838008822384	-9.69261125724229e-05	6.63681435297625	0.995006375627051
6.75	16.35	0.989870493616117	0.799798586937539	-0.000103320227948125	6.55719105905458	0.995948197446447
6.85	16.35	0.991821284651608	0.799770103519306	-0.000107340143193549	6.47750276201766	0.996728513860643
6.95	16.35	0.993430717006367	0.799750540145808	-0.000109412446656904	6.39776032696922	0.997372286802547
7.05	16.35	0.994752351477879	0.799738176753119	-0.000109905897825587	6.31797295827453	0.997900940591151
7.15	16.35	0.995832195767309	0.799731560224483	-0.000109135871820529	6.23814843250325	0.998332878306923
7.25	16.35	0.996709743708881	0.79972947279465	-0.000107369547305698	6.15829329751157	0.998683897483552
7.35	16.35	0.997418832123801	0.799730901740416	-0.000104831304804441	6.07841304447386	0.99896753284952
7.45	16.35	0.997988363741038	0.799735011208653	-0.00010170800797944	5.99851225769574	0.999195345496415
7.55	16.35	0.998442929631531	0.799741116611474	-9.8153978173994e-05	5.9185947456832	0.999377171852612
7.65	16.35	0.998803353987939	0.799748661741288	-9.42955624909106e-05	5.83866365602483	0.999521341595175
7.75	16.35	0.999087176677764	0.799757198582964	-9.02352536654453e-05	5.75872157603506	0.999634870671106
7.85	16.35	0.999309083924545	0.799766369693589	-8.60553556647981e-05	5.67877062070729	0.999723633569818
7.95	16.35	0.999481294078544	0.79977589296107	-8.1821210587705e-05	5.59881250926994	0.999792517631418
8.05	16.35	0.999613903244238	0.799785548523969	-7.75840141320881e-05	5.518848631474	0.999845561297695
8.15	16.35	0.999715194181257	0.799795167625835	-7.33832532079329e-05	5.43888010463476	0.999886077672503
8.25	16.35	0.999791911124418	0.799804623180691	-6.92488009595562e-05	5.35890782237724	0.999916764449767
8.35	16.35	0.999849502781399	0.799813821837182	-6.52027051150177e-05	5.2789324959793	0.99993980111256
8.45	16.35	0.999892335619186	0.799822697343835	-6.12607037704176e-05	5.19895468915772	0.999956934247674
8.55	16.35	0.999923879537979	0.79983120503549	-5.74335008655759e-05	5.11897484709389	0.999969551815191
8.65	16.35	0.999946868079858	0.79983931727841	-5.37278314091767e-05	5.03899332044534	0.999978747231943
8.75	16.35	0.999963435379466	0.79984701973015	-5.01473438428609e-05	4.95901038503437	0.999985374151786
8.85	16.35	0.999975232104035	0.799854308286763	-4.66933247641827e-05	4.8790262578473	0.999990092841614
8.95	16.35	0.999983522633499	0.799861186606839	-4.33652883786678e-05	4.79904110991725	0.9999934090534
9.05	16.35	0.999989265691446	0.799867664116232	-4.01614511440816e-05	4.71905507660207	0.999995706276578
9.15	16.35	0.999993180555251	0.799873754411177	-3.70791095862547e-05	4.63906826570817	0.9999972722221
9.25	16.35	0.999995800854069	0.799879473989846	-3.41149372401884e-05	4.55908076385219	0.999998320341628
9.35	16.35	0.999997517814609	0.799884841252917	-3.1265214646296e-05	4.47909264139682	0.999999007125844
9.45	16.35	0.999998614645734	0.799889875723369	-2.85260045909608e-05	4.39910395624567	0.999999445858294
9.55	16.35	0.999999293572907	0.799894597444029	-2.58932828764746e-05	4.31911475673531	0.999999717429163
9.65	16.35	0.999999696850404	0.799899026518369	-2.33630336115388e-05	4.23912508382088	0.999999878740161
9.75	16.35	0.999999922899896	0.799903182766258	-2.09313164090658e-05	4.15913497271564	0.999999969159958
9.85	16.35	1.00000003855374	0.799907085471213	-1.85943116979313e-05	4.07914445411289	1.0000000154215
9.95	16.35	1.00000008822399	0.799910753200334	-1.63483493783756e-05	3.99915355509259	1.0000000352896
10.05	16.35	1.00000010067612	0.799914203681393	-1.41899247599028e-05	3.91916229979267	1.00000004027045
10.15	16.35	1.00000009396101	0.799917453724569	-1.2115705382244e-05	3.83917070990682	1.0000000375844
10.25	16.35	1.00000007895004	0.799920519178968	-1.01225312179981e-05	3.75917880505582	1.00000003158002
10.35	16.35	1.00000006182581	0.799923414915621	-8.20741031130523e-06	3.67918660306786	1.00000002473033
10.45	16.35	1.00000004580369	0.799926154830702	-6.36751152233682e-06	3.59919412019388	1.00000001832148
10.55	16.35	1.00000003229597	0.799928751863766	-4.60015551730754e-06	3.51920137127707	1.00000001291839
10.65	16.35	1.00000002167919	0.799931218026911	-2.9028048711427e-06	3.43920836989008	1.00000000867168
10.75	16.35	1.00000001378435	0.799933564441729	-1.27305398267709e-06	3.35921512844957	1.00000000551374
10.85	16.35	1.00000000819772	0.799935801381414	2.91380849474063e-07	3.2792216583147	1.00000000327909
10.95	16.35	1.00000000443565	0.799937938316115	1.79267086582243e-06	3.19922796987397	1.00000000177426
11.05	16.35	1.00000000203789	0.799939983959994	3.23288356834037e-06	3.11923407262345	1.00000000081516
11.15	16.35	1.00000000061052	0.799941946318827	4.6139907275899e-06	3.03923997523828	1.00000000024421
11.25	16.35	0.99999999983906	0.799943832737155	5.9378755973966e-06	2.95924568563858	0.999999999935624
11.35	16.35	0.999999999485643	0.799945649944517	7.20633932778288e-06	2.87925121105069	0.999999999794257
11.45	16.35	0.999999999378787	0.79994740410001	8.42110662297916e-06	2.79925655806407	0.999999999751515
11.55	16.35	0.999999999401054	0.799949100835147	9.5838307089627e-06	2.7192617326842	0.999999999760422
11.65	16.35	0.999999999477545	0.799950745294453	1.06960976732836e-05	2.63926674038175	0.999999999791018
11.75	16.35	0.999999999566645	0.799952342173919	1.17594302112478e-05	2.55927158613811	0.999999999826658
11.85	16.35	0.999999999653338	0.799953895757102	1.27752908714132e-05	2.47927627448741	0.999999999861335
11.95	16.35	0.99999999974457	0.799955409948841	1.37450848677269e-05	2.39928080955528	0.999999999897828
12.05	16.35	0.999999999865334	0.799956888306709	1.46701624834764e-05	2.31928519509445	0.999999999946134
12.15	16.35	1.00000000005347	0.799958334070101	1.55518211245546e-05	2.23928943451744	1.00000000002139
12.25	16.35	1.00000000035057	0.799959750187269	1.63913071344908e-05	2.15929353092667	1.00000000014023
12.35	16.35	1.0000000007862	0.799961139340262	1.71898172729683e-05	2.07929748714235	1.00000000031448
12.45	16.35	1.00000000135321	0.799962503968122	1.79484999866387e-05	1.9993013057286	1.00000000054128
12.55	16.35	1.00000000197397	0.799963846288577	1.86684564949727e-05	1.9193049890183	1.00000000078959
12.65	16.35	1.0000000024613	0.799965168318507	1.93507416237313e-05	1.83930853913698	1.00000000098452
12.75	16.35	1.00000000248444	0.799966471893505	1.99963645437655e-05	1.75931195802611	1.00000000099377
12.85	16.35	1.00000000155911	0.799967758686793	2.06062893346756e-05	1.6793152474653	1.00000000062364
12.95	16.35	0.999999999091043	0.799969030227337	2.11814355604706e-05	1.59931840909236	0.999999999636417
13.05	16.35	0.999999994510096	0.799970287916836	2.17226788829878e-05	1.51932144441914	0.999999997804038
13.15	16.35	0.999999987533599	0.799971533044384	2.22308519071128e-05	1.4393243548396	0.99999999501344
13.25	16.35	0.999999978583131	0.799972766796945	2.27067453610455e-05	1.35932714162585	0.999999991433252
13.35	16.35	0.999999969339971	0.799973990262999	2.31511098351325e-05	1.27932980590751	0.999999987735988
13.45	16.35	0.99999996335049	0.799975204426225	2.35646580011751e-05	1.1993323486314	0.999999985340196
13.55	16.35	0.999999966478815	0.799976410146664	2.39480672606502e-05	1.11933477050342	0.999999986591526
13.65	16.35	0.999999986856328	0.799977608128907	2.43019822964011e-05	1.03933707192312	0.999999994742531
13.75	16.35	1.00000003382319	0.799978798881534	2.46270166277175e-05	0.959339252935077	1.00000001352928
13.85	16.35	1.00000011525461	0.799979982679772	2.49237517655369e-05	0.879341313239367	1.00000004610184
13.95	16.35	1.00000023271197	0.799981159554298	2.51927321560151e-05	0.79934325232154	1.00000009308479
14.05	16.35	1.00000037419414	0.799982329341727	2.54344539668353e-05	0.719345069775595	1.00000014967766
14.15	16.35	1.00000050504611	0.799983491843209	2.56493463630414e-05	0.639346765887816	1.00000020201844
14.25	16.35	1.00000055894934	0.799984647140156	2.58377455107007e-05	0.55934834250985	1.00000022357973
14.35	16.35	1.00000043290274	0.799985796100489	2.5999864572115e-05	0.47934980415602	1.0000001731611
14.45	16.35	0.999999992510712	0.799986941062657	2.61357676111394e-05	0.399351159096372	0.999999997004285
14.55	16.35	0.999999096143957	0.799988086595315	2.62453612134113e-05	0.319352419978784	0.999999638457583
14.65	16.35	0.999997647506213	0.799989240090887	2.63284237021406e-05	0.239353603223812	0.999999059002485
14.75	16.35	0.999995684064289	0.799990412068731	2.63846959352342e-05	0.15935472616387	0.999998273625716
14.85	16.35	0.999993501364528	0.799992496582649	2.6414051017806e-05	0.0793558007178224	0.999997400545811
14.95	16.35	0.999991797997517	0.39999034547605	2.64206470367909e-05	-0.000643353987577702	0.999996719199007
0.05	16.45	-5.07309124664854e-06	0.399993666057953	5.72646750894712e-05	10.4592911357479	0.599997970763501
0.15	16.45	-5.63952169567802e-06	0.79998128227871	5.74123442631469e-05	10.4112920581629	0.599997744191322
0.25	16.45	-5.92406821752197e-06	0.799968866644515	5.76780938579688e-05	10.3632937428122	0.599997630372713
0.35	16.45	-5.10147265114563e-06	0.799956366828523	5.80510016359825e-05	10.3152961733191	0.59999795941094
0.45	16.45	-2.31492376248814e-06	0.799943779714656	5.85099271154564e-05	10.2672993053083	0.599999074030495
0.55	16.45	3.27322726837204e-06	0.799931085668424	5.9021631848635e-05	10.2193030679484	0.600001309290907
0.65	16.45	1.23756858162568e-05	0.799918290583577	5.95373591494526e-05	10.1713073656211	0.600004950274326
0.75	16.45	2.56068365889736e-05	0.799905233019613	5.99880163751985e-05	10.1233120811881	0.600010242734636
0.85	16.45	4.19604525504828e-05	0.799892082572425	6.02781519847649e-05	10.0753170990993	0.60001678418102
0.95	16.45	5.92214678039188e-05	0.799878882602276	6.02820972142906e-05	10.0273223462679	0.600023688587122
1.05	16.45	7.31881790841789e-05	0.79986569966516	5.98479994100007e-05	9.97932784369343	0.600029275271634
1.15	16.45	7.69920982618318e-05	0.799853036209913	5.88073332548383e-05	9.93133377916874	0.600030796839305
1.25	16.45	6.31668187145262e-05	0.799841380653969	5.69808466771462e-05	9.88334055288826	0.600025266727486
1.35	16.45	2.47294219562297e-05	0.799831404740807	5.41840325292094e-05	9.83534877175587	0.600009891768782
1.45	16.45	-4.32403443870487e-05	0.799823959169807	5.02373557588876e-05	9.78735920212172	0.599982703862245
1.55	16.45	-0.000141545705739154	0.799820043902033	4.49776702764019e-05	9.73937266359179	0.599943381717704
1.65	16.45	-0.000264675377823352	0.799820759161641	3.82671911401896e-05	9.69138985391554	0.599894129848871
1.75	16.45	-0.000398909961428634	0.799827234535702	2.99949022032213e-05	9.64341110810745	0.599840436015428
1.85	16.45	-0.000521231618843876	0.799840530526327	2.00611812055962e-05	9.59543611069299	0.599791507352462
1.95	16.45	-0.000599553473414463	0.79986146959742	8.3269661307293e-06	9.54746359682743	0.599760178610634
2.05	16.45	-0.000595244132222728	0.79989031704154	-5.50217915314678e-06	9.49949109933987	0.599761902347111
2.15	16.45	-0.000470856002768519	0.799928946451071	-2.20303819457906e-05	9.45151484941631	0.599811657598893
2.25	16.45	-0.000186814467602204	0.799979048552	-4.2017594625912e-05	9.40352975811762	0.599925274212959
2.35	16.45	0.000299366470471326	0.800046712627319	-6.62418377370996e-05	9.35552931965887	0.600119746588189
2.45	16.45	0.00106254607092918	0.800131855831197	-9.55012202405285e-05	9.30750499229742	0.600425018428372
2.55	16.45	0.0021887227646442	0.800237375423972	-0.000130580982519376	9.2594454830823	0.600875489105858
2.65	16.45	0.0037752433725139	0.800366578008815	-0.000172302640574176	9.21133638771779	0.601510097349006
2.75	16.45	0.00593288753213314	0.800523178887441	-0.00022149370714543	9.16315976773615	0.602373155012853
2.85	16.45	0.00878824564141949	0.80071131196757	-0.000278923784518571	9.11489365344931	0.603515298256568
2.95	16.45	0.012486781030363	0.800935485747823	-0.000345201367038127	9.066511462814	0.604994712412145
3.05	16.45	0.0171971250818027	0.801200487031852	-0.000420620362753271	9.01798130702	0.606878850032721
3.15	16.45	0.023117138043584	0.801511203224464	-0.000504945419014095	8.96926513712713	0.609246855217434
3.25	16.45	0.0304822339906067	0.801872314015525	-0.000597126420002223	8.92031767139286	0.612192893596243
3.35	16.45	0.039576337455625	0.802287783636773	-0.000694938513638239	8.87108503106916	0.61583053498225
3.45	16.45	0.0507454654701203	0.802760061610633	-0.000794559350975855	8.82150300879084	0.620298186188048
3.55	16.45	0.0644130923940876	0.803288879568492	-0.000890125869795024	8.77149490945188	0.625765236957635
3.65	16.45	0.0810948553383027	0.803869535353566	-0.000973365349701429	8.72096895800862	0.632437942135321
3.75	16.45	0.101407471344633	0.804490628638124	-0.00103347209772616	8.66981539096412	0.640562988537853
3.85	16.45	0.126062830906544	0.805131432193039	-0.00105749031941499	8.61790357421038	0.650425132362617
3.95	16.45	0.155833662665815	0.805759541245118	-0.00103152288005543	8.56507984778187	0.662333465066326
4.05	16.45	0.19147402405929	0.8063301525589	-0.000943026325421485	8.51116727292852	0.676589609623716
4.15	16.45	0.233580654844727	0.806789006613764	-0.000784155442558144	8.45596892768762	0.693432261937891
4.25	16.45	0.282396407314631	0.807080881099511	-0.000555525408280428	8.39927656833819	0.712958562925852
4.35	16.45	0.337588854548655	0.807163444466583	-0.000269035922428198	8.34088588324867	0.735035541819462
4.45	16.45	0.398078768471498	0.807022127801644	5.19399450575466e-05	8.28061780501402	0.759231507388599
4.55	16.45	0.46201787927113	0.806678056057714	0.000376051186089758	8.21834255858959	0.784807151708452
4.65	16.45	0.526986289837457	0.806182593911093	0.000670518554782427	8.15400046420427	0.810794515934983
4.75	16.45	0.590386669911039	0.805600007658356	0.000908369871616449	8.08761287412378	0.836154667964416
4.85	16.45	0.649904563114016	0.80498796529621	0.00107354246565006	8.01927922358928	0.859961825245606
4.95	16.45	0.703864391596974	0.804386032105752	0.00116226488010496	7.94916109094053	0.881545756638789
5.05	16.45	0.751372957488855	0.803815051224973	0.0011810445536879	7.87745860576734	0.900549182995542
5.15	16.45	0.792253860591189	0.803283124783878	0.00114284956241389	7.80438609427945	0.916901544236476
5.25	16.45	0.826856107361494	0.802792344178279	0.00106317776364539	7.73015229915391	0.930742442944598
5.35	16.45	0.855833684313002	0.80234308167643	0.000957064179392859	7.65494751368941	0.942333473725201
5.45	16.45	0.879960922934683	0.801935620590391	0.000837330897322061	7.57893735145469	0.951984369173873
5.55	16.45	0.900007793971921	0.801570224344953	0.000713900928079145	7.50226147949292	0.960003117588768
5.65	16.45	0.916671483213419	0.801246713631155	0.000593820964824186	7.42503536959132	0.966668593285368
5.75	16.45	0.93054900768648	0.800964128049692	0.000481656993318888	7.34735347381135	0.972219603074592
5.85	16.45	0.942134767741161	0.800720634767976	0.00038002227865384	7.26929276530945	0.976853907096464
5.95	16.45	0.95183064814226	0.800513640750329	0.000290096778130835	7.19091605876707	0.980732259256904
6.05	16.45	0.959960735303924	0.800340010523138	0.000212071712651185	7.1122748561069	0.98398429412157
6.15	16.45	0.966786287755087	0.800196306805992	0.000145499332421894	7.03341165981393	0.986714515102035
6.25	16.45	0.972518959166234	0.800079004506337	8.9552181083132e-05	6.9543617950645	0.989007583666493
6.35	16.45	0.977331635597511	0.799984656976164	4.32063055291858e-05	6.8751548203645	0.990932654239004
6.45	16.45	0.981366934727825	0.799910011522445	5.36516808030808e-06	6.79581561233467	0.99254677389113
6.55	16.45	0.984743699477491	0.799852080341271	-2.50603821852531e-05	6.71636520128354	0.993897479790996
6.65	16.45	0.987561890281484	0.799808176359038	-4.9103471770713e-05	6.63682142016954	0.995024756112594
6.75	16.45	0.98990625342287	0.799775923555763	-6.77141966708586e-05	6.55719941538529	0.995962501369148
6.85	16.45	0.991849079720831	0.799753249994621	-8.17470950554975e-05	6.47751205554238	0.996739631888332
6.95	16.45	0.993452299231582	0.799738370003486	-9.19579887523589e-05	6.39777026464912	0.997380919692633
7.05	16.45	0.994769096516866	0.799729760254676	-9.90066327825816e-05	6.31798329862834	0.997907638606746
7.15	16.45	0.995845181476351	0.799726133066583	-0.000103462746351057	6.23815897863628	0.99833807259054
7.25	16.45	0.996719812603677	0.799726409148874	-0.00010581380775662	6.15830389069384	0.998687925041471
7.35	16.45	0.99742664112121	0.799729691202421	-0.000106473561383579	6.07842355834805	0.998970656448484
7.45	16.45	0.997994423748963	0.799735239210211	-0.0001057905739856	5.99852259313601	0.999197769499585
7.55	16.45	0.998447637019864	0.799742447862539	-0.000104056440710648	5.91860482628897	0.999379054807946
7.65	16.45	0.998807015557635	0.799750826297745	-0.000101513416545782	5.83867342421221	0.999522806223054
7.75	16.45	0.999090029420372	0.799759980171989	-9.83613635183785e-05	5.75873098967665	0.999636011768149
7.85	16.45	0.999311310609387	0.799769595968038	-9.47639767315379e-05	5.6787796502666	0.999724524243755
7.95	16.45	0.999483035502931	0.799779427393143	-9.08542974458919e-05	5.59882113537553	0.999793214201172
8.05	16.45	0.999615267821169	0.799789283685556	-8.6739548195721e-05	5.51885684288048	0.999846107128467
8.15	16.45	0.999716265409706	0.799799019636974	-8.25053389023291e-05	5.43888789652083	0.999886506163882
8.25	16.45	0.9997927533827	0.7998085271382	-7.82193000174379e-05	5.35891519493517	0.99991710135308
8.35	16.45	0.99985016579894	0.799817728063085	-7.39342004192765e-05	5.27893945325452	0.999940066319576
8.45	16.45	0.99989285791248	0.799826568316998	-6.96906063936189e-05	5.19896123810131	0.999957143164992
8.55	16.45	0.999924291039575	0.799835012890902	-6.55191358370813e-05	5.11898099679552	0.99996971641583
8.65	16.45	0.999947192142642	0.799843041776565	-6.14423575262378e-05	5.03899908151755	0.999978876857057
8.75	16.45	0.999963690300446	0.79985064661439	-5.74763814745242e-05	4.95901576912339	0.999985476120179
8.85	16.45	0.999975432280926	0.799857827960093	-5.36321821461408e-05	4.87903127724847	0.99999017291237
8.95	16.45	0.999983679442358	0.799864593070521	-4.99166920711259e-05	4.79904577727656	0.999993471776943
9.05	16.45	0.999989388153567	0.799870954122494	-4.63336994272219e-05	4.71905940468788	0.999995755261427
9.15	16.45	0.999993275845531	0.799876926790316	-4.28845792350795e-05	4.63907226723962	0.999997310338212
9.25	16.45	0.999995874690486	0.799882529118771	-3.95688843798552e-05	4.55908445137306	0.999998349876195
9.35	16.45	0.99999757475863	0.799887780638061	-3.63848194654437e-05	4.47909602718538	0.999999029903452
9.45	16.45	0.999998658335917	0.799892701675662	-3.33296171006852e-05	4.39910705225281	0.999999463334367
9.55	16.45	0.999999326908192	0.799897312827592	-3.03998339146812e-05	4.31911757454443	0.999999730763277
9.65	16.45	0.999999722135266	0.799901634558069	-2.75915808534551e-05	4.23912763462465	0.999999888854106
9.75	16.45	0.999999941960292	0.799905686901815	-2.49007001204573e-05	4.15913726730512	0.999999976784117
9.85	16.45	1.00000005283044	0.799909489248161	-2.23228991875001e-05	4.07914650287597	1.00000002113218
9.95	16.45	1.00000009884815	0.799913060189734	-1.98538506220689e-05	3.99915536801904	1.00000003953926
10.05	16.45	1.00000010853072	0.79991641742196	-1.74892648827516e-05	3.9191638864838	1.00000004341229
10.15	16.45	1.00000009973087	0.799919577682092	-1.52249419533105e-05	3.83917207958815	1.00000003989235
10.25	16.45	1.00000008316259	0.799922556718899	-1.30568066839026e-05	3.75917996659167	1.00000003326504
10.35	16.45	1.00000006488421	0.799925369285613	-1.09809316056346e-05	3.6791875649769	1.00000002595368
10.45	16.45	1.00000004801363	0.799928029150616	-8.99355043168249e-06	3.59919489066509	1.00000001920545
10.55	16.45	1.00000003388729	0.799930549121075	-7.09106455586111e-06	3.51920195818556	1.00000001355492
10.65	16.45	1.00000002282318	0.79993294107602	-5.27004454031999e-06	3.43920878081261	1.00000000912927
10.75	16.45	1.00000001460748	0.79993521600599	-3.52722801732604e-06	3.35921537067941	1.00000000584299
10.85	16.45	1.00000000879247	0.799937384056969	-1.85951519894089e-06	3.27922173887583	1.00000000351699
10.95	16.45	1.00000000486897	0.799939454576877	-2.63962834845362e-07	3.1992278955345	1.00000000194759
11.05	16.45	1.00000000235778	0.799941436163273	1.26222284694768e-06	3.11923384990827	1.00000000094311
11.15	16.45	1.00000000085099	0.799943336711206	2.7216935598569e-06	3.03923961044095	1.00000000034039
11.25	16.45	1.00000000002396	0.799945163460437	4.11696656821681e-06	2.95924518483248	1.00000000000958
11.35	16.45	0.999999999631513	0.799946923041438	5.45043215563381e-06	2.87925058009947	0.999999999852605
11.45	16.45	0.999999999496968	0.799948621519769	6.72436088267765e-06	2.79925580263149	0.999999999798787
11.55	16.45	0.999999999499235	0.799950264438506	7.94091039511587e-06	2.71926085824333	0.999999999799694
11.65	16.45	0.999999999560899	0.799951856858516	9.10213188165854e-06	2.63926575222369	0.99999999982436
11.75	16.45	0.999999999638647	0.799953403396502	1.02099760578968e-05	2.55927048938015	0.999999999855459
11.85	16.45	0.999999999716362	0.799954908260703	1.12662987005753e-05	2.47927507408083	0.999999999886545
11.95	16.45	0.999999999800314	0.799956375284263	1.22728657069474e-05	2.39927951029272	0.999999999920126
12.05	16.45	0.999999999915127	0.799957807956286	1.32313577873059e-05	2.31928380161689	0.999999999966051
12.15	16.45	1.00000000009847	0.799959209450664	1.41433746871141e-05	2.23928795132093	1.00000000003939
12.25	16.45	1.00000000039189	0.799960582652744	1.50104390407837e-05	2.15929196236873	1.00000000015676
12.35	16.45	1.00000000082489	0.799961930184053	1.58339998936598e-05	2.07929583744816	1.00000000032995
12.45	16.45	1.0000000013901	0.799963254425253	1.66154358374156e-05	1.99929957899691	1.00000000055604
12.55	16.45	1.00000000200942	0.799964557537577	1.73560578329302e-05	1.91930318922719	1.00000000080377
12.65	16.45	1.00000000249476	0.799965841483152	1.80571117384608e-05	1.83930667014945	1.0000000009979
12.75	16.45	1.00000000251388	0.799967108044392	1.87197805487302e-05	1.75931002359549	1.00000000100555
12.85	16.45	1.00000000158059	0.799968358842751	1.93451864205681e-05	1.67931325124056	1.00000000063223
12.95	16.45	0.999999999098403	0.799969595356747	1.99343925615744e-05	1.59931635462328	0.999999999639361
13.05	16.45	0.999999994495373	0.799970818938816	2.04884050457717e-05	1.51931933516138	0.999999997798149
13.15	16.45	0.999999987488426	0.799972030829888	2.1008174769262e-05	1.4393221941596	0.999999994995371
13.25	16.45	0.999999978501682	0.799973232169748	2.14945996425716e-05	1.35932493280559	0.999999991400673
13.35	16.45	0.999999969223724	0.799974424000572	2.19485271709324e-05	1.27932755214899	0.99999998768949
13.45	16.45	0.999999963214712	0.799975607260455	2.23707574668425e-05	1.19933005306097	0.999999985285885
13.55	16.45	0.999999966359898	0.799976782764424	2.27620465484687e-05	1.1193324361757	0.999999986543959
13.65	16.45	0.99999998681793	0.799977951172412	2.31231094581665e-05	1.03933470182469	0.999999994727172
13.75	16.45	1.00000003395765	0.799979112948512	2.34546223708354e-05	0.959336849988021	1.00000001358306
13.85	16.45	1.0000001156746	0.799980268323479	2.37572223354003e-05	0.879338880304768	1.00000004626984
13.95	16.45	1.00000023352634	0.799981417283496	2.40315029494664e-05	0.799340792203554	1.00000009341053
14.05	16.45	1.00000037546226	0.799982559620846	2.42780041651324e-05	0.719342585226545	1.0000001501849
14.15	16.45	1.00000050670817	0.799983695093033	2.44971949943635e-05	0.639344259615122	1.00000020268327
14.25	16.45	1.00000056073674	0.79998482373945	2.46894493577416e-05	0.559345817185456	1.0000002242947
14.35	16.45	1.00000043424443	0.799985946389018	2.48550182863924e-05	0.479347262428729	1.00000017369777
14.45	16.45	0.999999992467701	0.799987065345902	2.49940059462589e-05	0.399348603606671	0.999999996987081
14.55	16.45	0.999999093423708	0.799988185150786	2.51063625147377e-05	0.319349853374417	0.999999637369483
14.65	16.45	0.999997640625722	0.799989313175238	2.51919124901811e-05	0.239351028172427	0.999999056250289
14.75	16.45	0.999995671737859	0.799990459921082	2.5250440680351e-05	0.159352145356731	0.999998268695144
14.85	16.45	0.99999348317651	0.799992521287958	2.52818511606209e-05	0.0793532168569764	0.999997393270604
14.95	16.45	0.999991775367488	0.399990338309209	2.52900012116036e-05	-0.000645938597099845	0.999996710146995
0.05	16.55	-5.01301423871865e-06	0.399993732765534	6.96782105150513e-05	10.4592873257184	0.599997994794304
0.15	16.55	-5.57244761543075e-06	0.799981477025449	6.98634025165318e-05	10.4112882382061	0.599997771020954
0.25	16.55	-5.85156426233442e-06	0.799969182067576	7.01942143829266e-05	10.3632899051206	0.599997659374295
0.35	16.55	-5.03258058850111e-06	0.799956788449593	7.06559605206188e-05	10.3152923108718	0.599997986967765
0.45	16.55	-2.26474939454181e-06	0.799944283586033	7.12201517843116e-05	10.2672954126138	0.599999094100242
0.55	16.55	3.28866388486069e-06	0.799931635433099	7.18425810198312e-05	10.219299141826	0.600001315465554
0.65	16.55	1.23327124134798e-05	0.799918820392274	7.24571328139289e-05	10.1713034059673	0.600004933084965
0.75	16.55	2.52330377662733e-05	0.799905769270443	7.29373887487256e-05	10.1233080942387	0.600010093215106
0.85	16.55	4.11995559901822e-05	0.799892528456614	7.31374540008611e-05	10.0753130990152	0.600016479822396
0.95	16.55	5.80775430192138e-05	0.799879091947807	7.29434446745059e-05	10.0273183545025	0.600023231017208
1.05	16.55	7.16983368591007e-05	0.799865457511558	7.21542520768432e-05	9.97932389168777	0.600028679334744
1.15	16.55	7.50535147759471e-05	0.799852164370216	7.048973233919e-05	9.93132991179788	0.60003002140591
1.25	16.55	6.08452791074358e-05	0.79983960342966	6.76783061509713e-05	9.88333682955607	0.600024338111643
1.35	16.55	2.22772636827573e-05	0.79982834767452	6.34363919686457e-05	9.83534526621065	0.600008910905473
1.45	16.55	-4.53466275030692e-05	0.799819131949541	5.74698876676021e-05	9.78735600254906	0.599981861348999
1.55	16.55	-0.000142544749746961	0.799812820176722	4.94878237423527e-05	9.73936987206911	0.599942982100101
1.65	16.55	-0.000263455246872243	0.799810353980283	3.92187260547531e-05	9.69138758503321	0.599894617901251
1.75	16.55	-0.000393959347248812	0.79981268359043	2.64252123451536e-05	9.64340948691764	0.5998424162611
1.85	16.55	-0.000510670435923789	0.799820677491046	1.0909011350727e-05	9.59543527069599	0.599795731825631
1.95	16.55	-0.000581423529900357	0.799834983535048	-7.52447374570347e-06	9.54746368141128	0.59976743058804
2.05	16.55	-0.000568062159845082	0.799855887169593	-2.92115614445697e-05	9.49949227632445	0.599772775136062
2.15	16.55	-0.000431638621465551	0.799884219099503	-5.47583136541448e-05	9.451517324614	0.599827344551414
2.25	16.55	-0.000132825618105385	0.799921503408655	-8.57141108187284e-05	9.4035337911521	0.599946869752758
2.35	16.55	0.000368094024195186	0.799975276980109	-0.0001233897272962	9.35553524446815	0.600147237609678
2.45	16.55	0.00115075203395759	0.800043139323743	-0.000168404975085783	9.30751320089469	0.600460300813583
2.55	16.55	0.00230148581783413	0.800127774175953	-0.00022184068408447	9.25945641592953	0.600920594327134
2.65	16.55	0.00391832951357953	0.800231995868342	-0.000284891399381846	9.21135054966965	0.601567331805432
2.75	16.55	0.00611323883950037	0.800358944380135	-0.000358711585105107	9.16317773092	0.6024452955358
2.85	16.55	0.00901438464352467	0.800512092027176	-0.000444319239537273	9.11491605383232	0.60360575385741
2.95	16.55	0.0127692323072691	0.800695229234307	-0.000542460586345133	9.06653899029587	0.605107692922908
3.05	16.55	0.0175489183603358	0.800912404738558	-0.000653401189241027	9.01801468559806	0.607019567344134
3.15	16.55	0.0235544221428911	0.801167790719483	-0.000776627500380987	8.96930509037335	0.609421768857156
3.25	16.55	0.0310250101101696	0.801465430736952	-0.000910447566738335	8.92036486753608	0.612410004044068
3.35	16.55	0.0402492953176811	0.801808808012366	-0.00105148773293428	8.87114000122433	0.616099718127072
3.45	16.55	0.0515788604221771	0.802200146398197	-0.00119410343997114	8.82156603181616	0.620631544168871
3.55	16.55	0.0654435187053316	0.802639333820637	-0.00132976558441044	8.77156585852346	0.626177407482133
3.65	16.55	0.0823656321602033	0.803122358805429	-0.00144655830531434	8.72104710881121	0.632946252864081
3.75	16.55	0.102968151025743	0.803639220173704	-0.0015290325610946	8.66989920145574	0.641187260410297
3.85	16.55	0.127967081157872	0.804171485495118	-0.00155878490631824	8.61799046329367	0.651186832463149
3.95	16.55	0.158134553418659	0.804690124928936	-0.00151621048787577	8.56516602546774	0.663253821367464
4.05	16.55	0.19421578565494	0.805154938730987	-0.0013837867521407	8.51124770373238	0.677686314261976
4.15	16.55	0.236786634785001	0.805517536244905	-0.00115081237388568	8.45603752943865	0.694714653914
4.25	16.55	0.28605460834953	0.805729605541751	-0.000818677875209712	8.39932673701539	0.714421843339812
4.35	16.55	0.341638996314049	0.805756073930535	-0.00040473641453131	8.34091136402942	0.736655598525619
4.45	16.55	0.402407075552909	0.805588697063674	5.75940729594913e-05	8.28061379306214	0.760962830221164
4.55	16.55	0.466465427899133	0.805252354316864	0.000523896853949541	8.21830675370992	0.786586171159653
4.65	16.55	0.53137200434052	0.804798308897803	0.000948011831566085	8.15393372052149	0.812548801736208
4.75	16.55	0.594538592406667	0.804286710069492	0.00129211782160879	8.08751917413952	0.837815436962667
4.85	16.55	0.653688054647412	0.803768227125182	0.00153374315039122	8.01916495700704	0.861475221858965
4.95	16.55	0.707197675438826	0.80327433609915	0.00166757926109432	7.94903389259209	0.882879070175531
5.05	16.55	0.754227429433029	0.80281827397891	0.00170262040161108	7.87732613806111	0.901690971773212
5.15	16.55	0.794643341684737	0.802401910512953	0.00165684999116457	7.80425509554466	0.917857336673895
5.25	16.55	0.828821779677456	0.802022732638701	0.0015518002034669	7.73002804286325	0.931528711870982
5.35	16.55	0.85743010347685	0.801678018842644	0.00140841415777352	7.65483365587498	0.94297204139074
5.45	16.55	0.881245711264897	0.801366208001318	0.00124461862518667	7.57883605223204	0.952498284505959
5.55	16.55	0.901035347302445	0.801086684032216	0.00107435975982749	7.50217366918538	0.960414138920978
5.65	16.55	0.917489876805953	0.800839093258346	0.000907615982549206	7.42496105767324	0.966995950722381
5.75	16.55	0.931199015620434	0.800622786112412	0.000750928381867028	7.347292038146	0.972479606248174
5.85	16.55	0.942650076254787	0.800436549083606	0.00060811882967648	7.26924319236928	0.977060030501915
5.95	16.55	0.952238629781774	0.800278581812252	0.000481001392854818	7.19087712740885	0.98089545191271
6.05	16.55	0.960283405695142	0.800146616693855	0.000369994578025212	7.11224526923249	0.984113362278057
6.15	16.55	0.967041246745981	0.80003809208669	0.000274605519651081	7.03339013307066	0.986816498698392
6.25	16.55	0.972720228580676	0.799950322948536	0.000193790842087485	6.95434711259637	0.98908809143227
6.35	16.55	0.977490366608717	0.799880641600192	0.000126213227183981	6.87514586659259	0.990996146643487
6.45	16.55	0.981491987642926	0.799826500374309	7.04162213646119e-05	6.79581138705076	0.992596795057171
6.55	16.55	0.984842111048004	0.799785538202809	2.49381369753719e-05	6.71636482361172	0.993936844419202
6.65	16.55	0.987639246996445	0.799755617557857	-1.16177147322477e-05	6.63682412545314	0.995055698798578
6.75	16.55	0.989966988452448	0.799734839131651	-4.0543118070219e-05	6.55720454786464	0.995986795380979
6.85	16.55	0.991896708814263	0.799721540973879	-6.30054893131631e-05	6.47751905878853	0.996758683525705
6.95	16.55	0.993489608174886	0.79971428753509	-8.00417560486898e-05	6.39777867106199	0.997395843269954
7.05	16.55	0.994798290258247	0.799711852727174	-9.25606068880342e-05	6.31799271884077	0.997919316103299
7.15	16.55	0.995868002913016	0.799713199939849	-0.0001013497030204	6.23816909134138	0.998347201165206
7.25	16.55	0.996737637313536	0.799717461020116	-0.000107085563920052	6.15831443319154	0.998695054925415
7.35	16.55	0.997440552972596	0.79972391552101	-0.00011034462768964	6.07843431795931	0.998976221189039
7.45	16.55	0.998005275268129	0.799731971022952	-0.000111614531117318	5.99853339953682	0.999202110107252
7.55	16.55	0.99845609757838	0.799741144980178	-0.000111305024984236	5.91861554475585	0.999382439031352
7.65	16.55	0.998813609807088	0.799751048309007	-0.000109758189184814	5.83868394973423	0.999525443922835
7.75	16.55	0.999095167907602	0.799761370779006	-0.000107257775361031	5.75874124186892	0.999638067163041
7.85	16.55	0.99931531411873	0.799771868170641	-0.000104037610568555	5.67878956901046	0.999726125647492
7.95	16.55	0.999486154367276	0.799782351103722	-0.000100289061365892	5.59883067710803	0.999794461746911
8.05	16.55	0.999617697201943	0.799792675407817	-9.6167596974653e-05	5.5188659774572	0.999847078880777
8.15	16.55	0.999718157352833	0.799802733890548	-9.179851280822e-05	5.43889660458025	0.999887262941133
8.25	16.55	0.999794226302326	0.799812449354645	-8.72818862377369e-05	5.35892346569803	0.99991769052093
8.35	16.55	0.999851311915126	0.79982176871783	-8.26968399365221e-05	5.27894728269794	0.99994052476605
8.45	16.55	0.999893749067132	0.79983065809666	-7.81051881201697e-05	5.19896862745354	0.999957499626853
8.55	16.55	0.999924983231792	0.799839098724846	-7.35545369585768e-05	5.11898795130318	0.999969993292717
8.65	16.55	0.999947729056968	0.799847083588449	-6.90809062245446e-05	5.03900560944325	0.999979091622787
8.75	16.55	0.999964106046335	0.799854614671414	-6.47109338060168e-05	4.95902188093666	0.999985642418534
8.85	16.55	0.999975753516823	0.799861700717249	-6.04637186141814e-05	4.87903698497818	0.999990301406729
8.95	16.55	0.999983927021482	0.799868355423566	-5.6352352494785e-05	4.7990510939972	0.999993570808593
9.05	16.55	0.999989578399102	0.799874595997551	-5.23851857011069e-05	4.7190643441161	0.999995831359641
9.15	16.55	0.999993421539434	0.799880442009674	-4.85668658438217e-05	4.63907684342112	0.999997368615773
9.25	16.55	0.999995985841378	0.799885914492878	-4.48991851946599e-05	4.55908867844278	0.999998394336551
9.35	16.55	0.999997659199412	0.799891035241969	-4.13817668667959e-05	4.47909991918694	0.999999063679765
9.45	16.55	0.999998722190103	0.799895826275395	-3.80126164729803e-05	4.39911062300521	0.999999488876041
9.55	16.55	0.999999374954891	0.799900309428071	-3.47885621317576e-05	4.31912083754644	0.999999749981957
9.65	16.55	0.999999758095722	0.799904506049059	-3.17056023239878e-05	4.2391306029886	0.999999903238289
9.75	16.55	0.999999968723502	0.799908436782672	-2.87591784311029e-05	4.15913995371375	0.999999987489401
9.85	16.55	1.00000007263126	0.799912121415668	-2.59443858983445e-05	4.07914891955692	1.0000000290525
9.95	16.55	1.00000011340814	0.799915578776104	-2.32561359132226e-05	3.99915752673271	1.00000004536326
10.05	16.55	1.00000011916969	0.799918826672706	-2.06892774051741e-05	3.91916579852122	1.00000004766788
10.15	16.55	1.00000010745524	0.799921881865192	-1.8238687502626e-05	3.83917375577617	1.0000000429821
10.25	16.55	1.00000008873526	0.799924760058535	-1.58993371108455e-05	3.7591814173033	1.0000000354941
10.35	16.55	1.00000006887976	0.799927475914971	-1.36663370996542e-05	3.67918880014532	1.00000002755191
10.45	16.55	1.00000005086186	0.799930043079398	-1.15349694100568e-05	3.5991959197999	1.00000002034474
10.55	16.55	1.0000000359073	0.799932474214206	-9.50070669852069e-06	3.51920279039049	1.00000001436292
10.65	16.55	1.00000002425004	0.799934781040894	-7.55922331103975e-06	3.43920942480384	1.00000000970002
10.75	16.55	1.00000001561293	0.799936974385997	-5.7063997220159e-06	3.35921583480412	1.00000000624517
10.85	16.55	1.00000000950089	0.799939064229619	-3.93832237039774e-06	3.27922203113052	1.00000000380036
10.95	16.55	1.00000000536962	0.799941059755314	-2.25128000515981e-06	3.19922802358287	1.00000000214785
11.05	16.55	1.00000000271408	0.799942969400025	-6.41757856737491e-07	3.11923382109848	1.00000000108563
11.15	16.55	1.00000000110759	0.799944800903489	8.93569832383876e-07	3.03923943182211	1.00000000044303
11.25	16.55	1.00000000021193	0.799946561356443	2.35784810558883e-06	2.95924486317042	1.00000000008477
11.35	16.55	0.999999999772254	0.79994825724712	3.75405012285131e-06	2.87925012189167	0.999999999908902
11.45	16.55	0.999999999605047	0.799949894505852	5.0849861038454e-06	2.79925521412119	0.999999999842019
11.55	16.55	0.999999999584461	0.799951478547459	6.35331218470077e-06	2.71926014543293	0.999999999833785
11.65	16.55	0.999999999629812	0.799953014311396	7.56153904080243e-06	2.63926492088728	0.999999999851925
11.75	16.55	0.999999999695585	0.799954506299479	8.71204013422286e-06	2.55926954507547	0.999999999878234
11.85	16.55	0.999999999764228	0.799955958611267	9.80705955861932e-06	2.47927402216047	0.999999999905691
11.95	16.55	0.999999999841117	0.799957374977044	1.08487194096079e-05	2.39927835591468	0.999999999936447
12.05	16.55	0.999999999950363	0.799958758788482	1.18390266390961e-05	2.31928254975468	0.999999999980145
12.15	16.55	1.00000000012938	0.799960113127064	1.2779879515548e-05	2.23928660677302	1.00000000005175
12.25	16.55	1.0000000004196	0.799961440790395	1.36730735173244e-05	2.15929052976756	1.00000000016784
12.35	16.55	1.0000000008504	0.799962744316518	1.45203067946446e-05	2.07929432126868	1.00000000034016
12.45	16.55	1.00000000141424	0.799964026006538	1.53231851875075e-05	1.99929798356475	1.0000000005657
12.55	16.55	1.00000000203251	0.799965287945753	1.60832267822225e-05	1.91930151872643	1.000000000813
12.65	16.55	1.00000000251623	0.799966532023647	1.68018660584545e-05	1.83930492863005	1.00000000100649
12.75	16.55	1.00000000253179	0.799967759953031	1.74804576616269e-05	1.75930821498046	1.00000000101272
12.85	16.55	1.00000000159112	0.799968973288536	1.81202798408872e-05	1.67931137933279	1.00000000063645
12.95	16.55	0.999999999095666	0.799970173444426	1.87225376083822e-05	1.59931442311219	0.999999999638266
13.05	16.55	0.999999994471746	0.79997136171122	1.92883658072595e-05	1.51931734762926	0.999999997788699
13.15	16.55	0.999999987435942	0.799972539270094	1.98188321085709e-05	1.43932015408773	0.999999994974377
13.25	16.55	0.999999978414827	0.799973707203047	2.03149402087676e-05	1.35932284358013	0.999999991365931
13.35	16.55	0.999999969103982	0.799974866496205	2.077763327782e-05	1.27932541706649	0.999999987641593
13.45	16.55	0.999999963076729	0.799976018033179	2.12077977180264e-05	1.19932787533359	0.999999985230692
13.55	16.55	0.999999966238412	0.799977162575796	2.16062671245358e-05	1.11933021893607	0.999999986495365
13.65	16.55	0.99999998677353	0.799978300731854	2.19738259803155e-05	1.03933244813041	0.999999994709412
13.75	16.55	1.00000003407801	0.799979432914084	2.23112122960984e-05	0.95933456282589	1.00000001363121
13.85	16.55	1.00000011606641	0.799980559302482	2.26191179374276e-05	0.879336562595112	1.00000004642656
13.95	16.55	1.00000023429224	0.799981679832953	2.28981850267625e-05	0.799338446804855	1.0000000937169
14.05	16.55	1.00000037665763	0.799982794248124	2.31489967569704e-05	0.719340214941098	1.00000015066305
14.15	16.55	1.00000050827527	0.799983902256899	2.33720614556103e-05	0.639341867196341	1.00000020331011
14.25	16.55	1.0000005624205	0.799985003851968	2.35677902742075e-05	0.559343405347525	1.0000002249682
14.35	16.55	1.00000043550495	0.799986099818719	2.37364714810783e-05	0.479344833858922	1.00000017420198
14.45	16.55	0.999999992420034	0.799987192422481	2.38782485556107e-05	0.399346160979962	0.999999996968014
14.55	16.55	0.999999090853205	0.799988286171246	2.39931142441111e-05	0.319347399368721	0.999999636341282
14.65	16.55	0.999997634143182	0.799989388410694	2.40809379931153e-05	0.239348565480995	0.999999053657273
14.75	16.55	0.999995660144411	0.799990509619712	2.41415472572761e-05	0.159349676692098	0.999998264057764
14.85	16.55	0.99999346609265	0.799992547390724	2.41748760900121e-05	0.0793507449394208	0.99999738643706
14.95	16.55	0.999991754130448	0.399990332804276	2.41844927450061e-05	-0.000648411414718999	0.999996701652179
0.05	16.65	-4.93847419246051e-06	0.399993815326444	8.19452823616089e-05	10.4592827748059	0.599998024610323
0.15	16.65	-5.48807451557919e-06	0.799981717473228	8.21724924975831e-05	10.4112836750011	0.599997804770194
0.25	16.65	-5.75775268343571e-06	0.799969570529555	8.25807403828129e-05	10.3632853199549	0.599997696898927
0.35	16.65	-4.93958420612221e-06	0.799957306599497	8.31519785039122e-05	10.3152876950481	0.599998024166318
0.45	16.65	-2.19662928617797e-06	0.799944903645436	8.38515307034729e-05	10.2672907593191	0.599999121348286
0.55	16.65	3.28155656064024e-06	0.7999323189081	8.46238731570172e-05	10.2192944472363	0.600001312622624
0.65	16.65	1.21387093926022e-05	0.799919512825369	8.53786293723132e-05	10.1712986711107	0.600004855483757
0.75	16.65	2.4622136768975e-05	0.799906439845144	8.59613083090204e-05	10.1233033289717	0.600009848854708
0.85	16.65	4.01820069725376e-05	0.799893038576356	8.62161596261352e-05	10.075308322782	0.600016072802789
0.95	16.65	5.69267358487828e-05	0.799879124503008	8.60055034345999e-05	10.0273135931345	0.60002277069434
1.05	16.65	6.99496211148459e-05	0.7998649736304	8.50652860833981e-05	9.979319185189	0.600027979848446
1.15	16.65	7.26639617742267e-05	0.799850867580858	8.30528660222231e-05	9.93132532039817	0.60002906558471
1.25	16.65	5.79252823847819e-05	0.799837119825018	7.96356897286894e-05	9.88333243158358	0.600023170112954
1.35	16.65	1.91139976467585e-05	0.799824186193454	7.44503516205992e-05	9.8353411596983	0.600007645599059
1.45	16.65	-4.82119031094605e-05	0.799812655507851	6.71102606305291e-05	9.7873523063673	0.599980715238756
1.55	16.65	-0.000144223772629483	0.799803213952398	5.72225823891336e-05	9.73936672604207	0.599942310490948
1.65	16.65	-0.000262614979424682	0.799796591448652	4.4407942211127e-05	9.69138514892104	0.59989495400823
1.75	16.65	-0.000388733043079356	0.799793492733281	2.83189167101428e-05	9.64340793834217	0.599844506782768
1.85	16.65	-0.000498607819592483	0.799794511779206	8.65088316238889e-06	9.59543480248606	0.599800556872163
1.95	16.65	-0.00055954661600609	0.799800007578131	-1.48596940986357e-05	9.54746449984452	0.599776181353597
2.05	16.65	-0.000533159182265958	0.799809960046643	-4.24662107113976e-05	9.4994946038315	0.599786736327094
2.15	16.65	-0.000381416121069543	0.799824716892277	-7.49417011964759e-05	9.45152141895647	0.599847433551572
2.25	16.65	-7.12728231896576e-05	0.799848744313864	-0.000114406227362308	9.40354004333519	0.599971490870724
2.35	16.65	0.000450846405903037	0.799883140125916	-0.000162287610991465	9.35554413049649	0.600180338562361
2.45	16.65	0.00125975927142999	0.799928068217796	-0.000219232815264425	9.30752521683645	0.600503903708572
2.55	16.65	0.00244239319121178	0.799985353316106	-0.000286682767284291	9.25947214524995	0.600976957276485
2.65	16.65	0.00409818824299593	0.800057114861777	-0.000366096381132991	9.21137066443204	0.601639275297198
2.75	16.65	0.00634085357861995	0.800145696592225	-0.000458844151878572	9.16320298900198	0.602536341431448
2.85	16.65	0.0093006903771248	0.800253697578009	-0.000566116894811364	9.11494729262571	0.60372027615085
2.95	16.65	0.0131277859830395	0.800383987212742	-0.000688760095806616	9.0665771126774	0.605251114393216
3.05	16.65	0.0179965321246153	0.800539680588219	-0.000827014148316544	9.01806063293223	0.607198612849846
3.15	16.65	0.0241119537266763	0.800724052622267	-0.000980146243373717	8.96935979632115	0.60964478149067
3.25	16.65	0.0317183142020354	0.800940355793632	-0.00114596025830182	8.92042918528776	0.612687325680814
3.35	16.65	0.0411103122751554	0.801191485140668	-0.00132018051639008	8.87121459578596	0.616444124910062
3.45	16.65	0.0526467603563134	0.801479407616071	-0.00149573212459145	8.82165122890324	0.621058704142525
3.55	16.65	0.0667657097342654	0.801804247995675	-0.00166199495048033	8.77166144374763	0.626706283893706
3.65	16.65	0.0839982580421915	0.802162920746718	-0.00180420106523984	8.72115207720548	0.633599303216877
3.75	16.65	0.1049754303658	0.802547261840301	-0.00190327998739536	8.67001147067166	0.64199017214632
3.85	16.65	0.130418501890369	0.802941823748288	-0.001936609279041	8.61810658672206	0.652167400756148
3.95	16.65	0.161098653669934	0.803321937932052	-0.00188022087947903	8.56528097473542	0.664439461467974
4.05	16.65	0.197749319330467	0.803653317827457	-0.00171288710067622	8.51135482807401	0.679099727732187
4.15	16.65	0.240918823630129	0.803895061262208	-0.00142196001004757	8.4561288254118	0.696367529452051
4.25	16.65	0.290768392112331	0.80400760165954	-0.00100978291109447	8.39939354509345	0.716307356844932
4.35	16.65	0.346854539688618	0.803964951330141	-0.000498273445960097	8.34094551400579	0.738741815875447
4.45	16.65	0.407975629874331	0.803766644536905	7.11914138518999e-05	8.28060904011665	0.763190251949732
4.55	16.65	0.472180922293701	0.803441990646868	0.000644184339585084	8.21826014108263	0.78887236891748
4.65	16.65	0.537001352206164	0.803041799056228	0.00116459224040384	8.15384640353088	0.814800540882465
4.75	16.65	0.59986205713888	0.802620796526588	0.00158677666237052	8.08739636337975	0.839944822855552
4.85	16.65	0.658534980503954	0.802220766356676	0.0018838631556538	8.01901496775803	0.863413992201582
4.95	16.65	0.711465592284455	0.801863085164863	0.00204972787196193	7.94886663729355	0.884586236913782
5.05	16.65	0.757881704697934	0.801551590642009	0.00209542362134292	7.87715155880267	0.903152681879174
5.15	16.65	0.797703019073667	0.801280496718058	0.00204274825091896	7.80408194442545	0.919081207629467
5.25	16.65	0.831340244372494	0.801041646167027	0.00191772112768989	7.72986319040089	0.932536097748997
5.35	16.65	0.859477331079568	0.80082851822786	0.00174564123140636	7.65468189519656	0.943790932431827
5.45	16.65	0.882895282152622	0.800637271737938	0.00154819041616465	7.57870025258146	0.953158112861049
5.55	16.65	0.902356565807705	0.800466185120037	0.00134227865847238	7.50205511398611	0.960942626323082
5.65	16.65	0.918543926171324	0.800314661846457	0.00114005273119967	7.42485983795538	0.967417570468529
5.75	16.65	0.932037765524934	0.800182408047198	0.000949523213117266	7.34720742187018	0.972815106209973
5.85	16.65	0.943316382353008	0.800068951113824	0.000775418450834298	7.26917393216153	0.977326552941203
5.95	16.65	0.952767330020795	0.799973452290646	0.0006200338854803	7.19082169693022	0.981106932008318
6.05	16.65	0.960702539942735	0.799894705587793	0.000483965705780258	7.11220203337054	0.984281015977094
6.15	16.65	0.967373252295365	0.799831227123924	0.000366693276298474	7.0333574633542	0.986949300918146
6.25	16.65	0.972983002534965	0.799781371063316	0.000267015000892819	6.95432346041996	0.989193201013986
6.35	16.65	0.977698162133272	0.799743437581352	0.000183359624423255	6.87512980560502	0.991079264853309
6.45	16.65	0.98165614822826	0.79971575838372	0.00011399944648177	6.79580163396305	0.992662459291304
6.55	16.65	0.984971662220771	0.799696756861107	5.71901457212032e-05	6.71636024451511	0.993988664888309
6.65	16.65	0.987741368989602	0.799684985539997	1.12577505059902e-05	6.63682373284913	0.995096547595841
6.75	16.65	0.990047392264909	0.799679145503737	-2.53512720622973e-05	6.55720749209905	0.996018956905964
6.85	16.65	0.991959935057096	0.799678092615835	-5.40449181853805e-05	6.47752461643462	0.996783974022839
6.95	16.65	0.993539264665614	0.799680834728682	-7.60769641586549e-05	6.39778623195744	0.997415705866246
7.05	16.65	0.994837241154192	0.799686523170253	-9.25486629956291e-05	6.31800177288409	0.997934896461677
7.15	16.65	0.995898519494461	0.799694440944338	-0.000104416664672491	6.23817921573389	0.998359407797784
7.25	16.65	0.996761518361208	0.799703989361319	-0.000112504356405846	6.15832528052453	0.998704607344483
7.35	16.65	0.997459220974213	0.799714674258342	-0.000117514773689039	6.07844560535289	0.998983688389685
7.45	16.65	0.998019853355426	0.799726092556407	-0.00012004389586167	5.99854489891097	0.999207941342171
7.55	16.65	0.998467471061178	0.799737919609003	-0.000120593593539359	5.91862707423336	0.999386988424471
7.65	16.65	0.998822475367847	0.799749897594019	-0.00011958380016072	5.83869536612664	0.999528990147139
7.75	16.65	0.999102072894783	0.799761825064519	-0.000117363682810391	5.75875243416854	0.999640829157913
7.85	16.65	0.999320687888303	0.799773547683904	-0.000114221718328372	5.67880045279787	0.999728275155321
7.95	16.65	0.999490333236874	0.799784950114477	-0.000110394663744352	5.59884118977991	0.999796133294749
8.05	16.65	0.999620944277201	0.799795948993104	-0.000106075460396791	5.51887607418035	0.99984837771088
8.15	16.65	0.999720678242251	0.799806486908429	-0.000101420139730132	5.43890625488217	0.9998882712969
8.25	16.65	0.999796181541637	0.799816527284329	-9.65538133525322e-05	5.35893265061109	0.999918472616655
8.35	16.65	0.999852826764594	0.799826050071475	-9.15758355014344e-05	5.27895599238118	0.999941130705838
8.45	16.65	0.999894921217322	0.7998350481507	-8.65642261303114e-05	5.19897685922422	0.999957968486929
8.55	16.65	0.999925888849446	0.799843524356278	-8.15794392672162e-05	5.11899570801745	0.999970355539778
8.65	16.65	0.999948427517945	0.799851489033393	-7.6667556151896e-05	5.03901289817263	0.999979371007178
8.75	16.65	0.99996464363357	0.79985895805194	-7.18629762414033e-05	4.95902871189373	0.999985857453428
8.85	16.65	0.999976166305174	0.79986595120604	-6.71906728982956e-05	4.87904337065093	0.99999046652207
8.95	16.65	0.999984243125757	0.799872490937022	-6.26680734905951e-05	4.79905704845717	0.999993697250303
9.05	16.65	0.999989819724765	0.799878601325279	-5.83066176449699e-05	4.7190698824704	0.999995927889906
9.15	16.65	0.999993605145843	0.799884307303529	-5.41130410476719e-05	4.63908198138269	0.999997442058337
9.25	16.65	0.999996125003681	0.799889634051252	-5.00904266983228e-05	4.55909343199745	0.999998450001472
9.35	16.65	0.999997764236361	0.799894606535854	-4.62390600713778e-05	4.47910430433899	0.999999105694544
9.45	16.65	0.999998801110102	0.799899249171871	-4.25571201823663e-05	4.3991146555863	0.999999520444041
9.55	16.65	0.999999433960864	0.79990358557435	-3.90412338300868e-05	4.3191245330752	0.999999773584346
9.65	16.65	0.999999801980195	0.799907638386669	-3.56869166788694e-05	4.23913397657045	0.999999920792078
9.75	16.65	1.00000000117818	0.79991142916693	-3.2488921240987e-05	4.15914301997242	1.00000000047127
9.85	16.65	1.00000009648985	0.799914978319617	-2.94415088414691e-05	4.07915169259058	1.00000003859594
9.95	16.65	1.00000013083698	0.799918305062405	-2.65386597038939e-05	3.99916002008915	1.00000005233479
10.05	16.65	1.00000013181732	0.799921427419442	-2.37742333192021e-05	3.91916802518747	1.00000005272693
10.15	16.65	1.00000011656981	0.799924362234671	-2.11420888862276e-05	3.83917572817889	1.00000004662792
10.25	16.65	1.00000009525649	0.799927125199857	-1.86361740677434e-05	3.75918314731721	1.0000000381026
10.35	16.65	1.00000007351089	0.799929730893239	-1.62505887427817e-05	3.67919029910711	1.00000002940436
10.45	16.65	1.00000005412565	0.799932192825497	-1.39796292743467e-05	3.59919719852623	1.00000002165026
10.55	16.65	1.00000003818968	0.799934523490625	-1.18178175976088e-05	3.51920385919842	1.00000001527587
10.65	16.65	1.00000002583376	0.799936734419754	-9.75991875304517e-06	3.43921029353281	1.0000000103335
10.75	16.65	1.00000001670348	0.799938836236302	-7.80094972336621e-06	3.35921651283868	1.00000000668139
10.85	16.65	1.00000001024638	0.799940838711493	-5.93618165393411e-06	3.27922252742314	1.00000000409855
10.95	16.65	1.00000000587583	0.799942750819227	-4.16113741620526e-06	3.19922834667657	1.00000000235033
11.05	16.65	1.00000000305584	0.799944580789746	-2.47158572914922e-06	3.11923397914885	1.00000000122234
11.15	16.65	1.0000000013373	0.799946336161556	-8.63532968120546e-07	3.03923943261861	1.00000000053492
11.25	16.65	1.00000000036591	0.799948023831308	6.66786505992375e-07	2.95924471415677	1.00000000014637
11.35	16.65	0.999999999875375	0.799949650101406	2.12292094801565e-06	2.87924983018531	0.99999999995015
11.45	16.65	0.999999999674136	0.799951220725139	3.50821223720012e-06	2.79925478653169	0.999999999869655
11.55	16.65	0.999999999630762	0.799952740949354	4.8258070158886e-06	2.7192595884795	0.999999999852305
11.65	16.65	0.999999999660744	0.799954215554517	6.07866762098408e-06	2.63926424081526	0.999999999864298
11.75	16.65	0.999999999716	0.799955648892272	7.26958276871519e-06	2.55926874787185	0.9999999998864
11.85	16.65	0.999999999777298	0.799957044920479	8.40117771639776e-06	2.47927311356855	0.999999999910919
11.95	16.65	0.999999999848964	0.799958407235773	9.47592399466714e-06	2.39927734144788	0.999999999939586
12.05	16.65	0.999999999954499	0.799959739103797	1.04961485488791e-05	2.31928143470953	0.9999999999818
12.15	16.65	1.000000000131	0.799961043487135	1.14640422999879e-05	2.2392853962414	1.0000000000524
12.25	16.65	1.00000000041972	0.799962323071121	1.23816681140129e-05	2.15928922864826	1.00000000016789
12.35	16.65	1.00000000084994	0.799963580287714	1.3250968252072e-05	2.07929293427832	1.00000000033998
12.45	16.65	1.00000000141389	0.799964817337633	1.4073771177971e-05	1.99929651524808	1.00000000056556
12.55	16.65	1.0000000020325	0.79996603621107	1.48517978352872e-05	1.91929997346609	1.000000000813
12.65	16.65	1.00000000251593	0.799967238707262	1.55866674343174e-05	1.83930331065589	1.00000000100637
12.75	16.65	1.00000000252925	0.799968426453253	1.62799026809242e-05	1.75930652837832	1.0000000010117
12.85	16.65	1.00000000158261	0.799969600922025	1.6932934613634e-05	1.67930962805294	1.00000000063304
12.95	16.65	0.999999999075487	0.799970763449993	1.75471070645104e-05	1.59931261097735	0.999999999630195
13.05	16.65	0.999999994432575	0.79997191525332	1.81236808576155e-05	1.51931547834226	0.99999999777303
13.15	16.65	0.999999987370147	0.79997305744201	1.86638379283552e-05	1.43931823123885	0.999999994948059
13.25	16.65	0.999999978317157	0.799974191029814	1.91686854535023e-05	1.35932087065399	0.999999991326863
13.35	16.65	0.999999968975888	0.799975316937257	1.96392601482578e-05	1.27932339744866	0.999999987590355
13.45	16.65	0.999999962932205	0.79997643598468	2.00765328052426e-05	1.19932581231668	0.999999985172882
13.55	16.65	0.999999966110549	0.799977548872683	2.04814128594998e-05	1.11932811572546	0.99999998644422
13.65	16.65	0.999999986719902	0.799978656149551	2.08547526776364e-05	1.03933030784957	0.999999994687961
13.75	16.65	1.00000003418173	0.799979758169925	2.11973507196583e-05	0.959332388521388	1.00000001367269
13.85	16.65	1.00000011642833	0.799980855056837	2.15099524419642e-05	0.879334357241584	1.00000004657133
13.95	16.65	1.00000023500902	0.799981946690254	2.17932474146104e-05	0.799336213310293	1.00000009400361
14.05	16.65	1.00000037778075	0.799983032757905	2.20478611133843e-05	0.719337956153015	1.0000001511123
14.15	16.65	1.00000050974901	0.799984112915231	2.22743403312902e-05	0.639339585909475	1.0000002038996
14.25	16.65	1.0000005640029	0.799985187103627	2.24731325951278e-05	0.559341104313689	1.00000022560116
14.35	16.65	1.0000004366863	0.799986256060487	2.26445625390632e-05	0.479342515799327	1.00000017467452
14.45	16.65	0.999999992367612	0.799987322007833	2.27888119317569e-05	0.39934382859963	0.999999996947045
14.55	16.65	0.999999088427555	0.799988389416328	2.29059148971461e-05	0.319345055371405	0.999999635371022
14.65	16.65	0.999997628045529	0.799989465600821	2.29957844396584e-05	0.23934621258135	0.999999051218212
14.75	16.65	0.999995649259436	0.799990561011971	2.30582892428393e-05	0.159347317619867	0.999998259703774
14.85	16.65	0.999993450075397	0.799992574787983	2.30933922474473e-05	0.0793483824291576	0.999997380030159
14.95	16.65	0.999991734238466	0.399990328878969	2.31043845556371e-05	-0.00065077496747983	0.999996693695387
0.05	16.75	-4.85760391380708e-06	0.399993918503349	9.40299140252776e-05	10.4592774927209	0.599998056958434
0.15	16.75	-5.39724992339745e-06	0.799982019001648	9.43048930831097e-05	10.4112783779472	0.599997841100031
0.25	16.75	-5.65847501138241e-06	0.799970058606714	9.48058216408642e-05	10.3632799958741	0.599997736609996
0.35	16.75	-4.8453342902261e-06	0.799957959578593	9.55105385941333e-05	10.3152823330718	0.599998061866284
0.45	16.75	-2.1394286483263e-06	0.799945689108584	9.63778183556125e-05	10.2672853508497	0.599999144228541
0.55	16.75	3.23480009351781e-06	0.799933192067014	9.73426248823545e-05	10.2192889873442	0.600001293920037
0.65	16.75	1.18584777027866e-05	0.799920411940241	9.83053374524406e-05	10.1712931608545	0.600004743391081
0.75	16.75	2.39290810529388e-05	0.799907303756528	9.91182355398312e-05	10.1232977791186	0.600009571632421
0.85	16.75	3.9265237609186e-05	0.799893605974365	9.9599042765887e-05	10.0753027532057	0.600015706095044
0.95	16.75	5.55638964976652e-05	0.799879283133405	9.95517596103011e-05	10.0273080338579	0.600022225558599
1.05	16.75	6.79216419973444e-05	0.799864519574389	9.87015483859649e-05	9.97931368378567	0.600027168656799
1.15	16.75	6.9932388234326e-05	0.799849464770906	9.66916863268479e-05	9.93131994538026	0.600027972955294
1.25	16.75	5.45926927040966e-05	0.799834332076644	9.31380909249142e-05	9.88332727331428	0.600021837077082
1.35	16.75	1.54731536362626e-05	0.799819445185021	8.76215547342931e-05	9.83533633246563	0.600006189261454
1.45	16.75	-5.15892702679038e-05	0.799805225908228	7.96944031927317e-05	9.7873479499887	0.599979364291893
1.55	16.75	-0.000146382659972842	0.799792156630499	6.88961050496671e-05	9.73936300643266	0.599941446936011
1.65	16.75	-0.000262108398733859	0.799780725151478	5.47740784510776e-05	9.69138225742754	0.599895156640506
1.75	16.75	-0.000383520562768313	0.79977135481548	3.690433762969e-05	9.64340608994403	0.599846591774893
1.85	16.75	-0.000485967148379553	0.799764321370776	1.48995932977452e-05	9.59543423335215	0.599805613140648
1.95	16.75	-0.000535995991510545	0.799759634463444	-1.16153742182782e-05	9.54746546432789	0.599785601603396
2.05	16.75	-0.000494741275532015	0.799756688529575	-4.30817983926289e-05	9.49949737087843	0.599802103489787
2.15	16.75	-0.000327971068567064	0.799756960240187	-8.02191746016844e-05	9.45152631575298	0.599868811572573
2.25	16.75	-1.96686940565862e-07	0.799763361154948	-0.000124780191247106	9.40354751967025	0.599999921325224
2.35	16.75	0.000545899038333505	0.799775507128289	-0.000178588085383151	9.3555547252597	0.600218359615333
2.45	16.75	0.00138468601195147	0.79979378481966	-0.000242899475143366	9.30753953135362	0.600553874404781
2.55	16.75	0.00260393164360154	0.799819299803041	-0.000319195500332	9.25949087430544	0.601041572657441
2.65	16.75	0.00430464477938356	0.799853353691985	-0.000409001791643737	9.21139460169229	0.601721857911753
2.75	16.75	0.00660253380733396	0.799897371201448	-0.000513792334177416	9.16323302540761	0.602641013522934
2.85	16.75	0.00963035323131191	0.799952950745685	-0.000634861383694446	9.11498440951624	0.603852141292525
2.95	16.75	0.0135412275244903	0.80002190969874	-0.0007731187904553	9.06662236529534	0.605416491009796
3.05	16.75	0.0185133339147582	0.800106298581576	-0.000928789281118276	9.01811511840526	0.607405333565903
3.15	16.75	0.0247564142029282	0.800208371224417	-0.00110099585007593	8.96942459902247	0.609902565681171
3.25	16.75	0.0325205679715612	0.800330484058985	-0.00128720888538101	8.92050529104415	0.613008227188624
3.35	16.75	0.0421076096271085	0.800474875094089	-0.00148255507537775	8.87130276517412	0.616843043850843
3.45	16.75	0.0538848092456474	0.800643245037401	-0.0016790118114681	8.82175181975469	0.621553923698259
3.55	16.75	0.0682998513001995	0.800836035429945	-0.00186457543183936	8.77177417550926	0.62731994052008
3.65	16.75	0.0858940269083728	0.801051291271319	-0.00202259772804805	8.72127573737125	0.634357610763349
3.75	16.75	0.107307725818679	0.801283053587375	-0.00213163795402136	8.67014357932021	0.642923090327472
3.85	16.75	0.133268197327242	0.801519427966285	-0.00216634933056546	8.61824306243953	0.653307278930897
3.95	16.75	0.164545150196293	0.801740902896087	-0.00210001701447344	8.56541588451832	0.665818060078517
4.05	16.75	0.201857662651713	0.801920132611547	-0.00190920596234806	8.51148034842917	0.680743065060685
4.15	16.75	0.2457211300532	0.802024923981749	-0.00158033405064409	8.45623557126198	0.69828845202128
4.25	16.75	0.296242000299869	0.802025758886189	-0.00111678452503901	8.39947140047224	0.718496800119948
4.35	16.75	0.352903242386643	0.801906916713201	-0.000543828740893044	8.34098498359077	0.741161296954657
4.45	16.75	0.414423499803145	0.801676496385373	9.18081738411927e-05	8.28060292702322	0.765769399921258
4.55	16.75	0.478787032292914	0.801368380783689	0.000729370446814204	8.21820511834912	0.791514812917166
4.65	16.75	0.543495888280434	0.801032352090768	0.00130680892648064	8.15374393893337	0.817398355312173
4.75	16.75	0.605993159323847	0.800716590500786	0.00177413049945187	8.08725261366553	0.842397263729539
4.85	16.75	0.664109205370492	0.800452636919504	0.00210228000692513	8.01883964674529	0.865643682148197
4.95	16.75	0.716368665126364	0.800250477018399	0.00228505239336949	7.94867126088436	0.886547466050546
5.05	16.75	0.76207700591014	0.800103486965977	0.00233499368355575	7.8769476410792	0.904830802364056
5.15	16.75	0.801214705316608	0.799997426943534	0.00227629417142082	7.80387960575507	0.920485882126643
5.25	16.75	0.834230940615499	0.799917928927577	0.00213766409568967	7.72967037454972	0.9336923762462
5.35	16.75	0.861827942725401	0.799854289102637	0.00194696724378805	7.65450415232938	0.944731177090161
5.45	16.75	0.88479036461975	0.799800143982258	0.00172808425694857	7.57854091871415	0.9539161458479
5.55	16.75	0.903875516168961	0.799752534460932	0.00149966390731985	7.50191569916847	0.961550206467584
5.65	16.75	0.919756729808185	0.799710574798618	0.00127513363036828	7.42474047680935	0.967902691923274
5.75	16.75	0.933003716775209	0.79967434536191	0.0010633806012619	7.34710729659162	0.973201486710084
5.85	16.75	0.944084468610201	0.799644179774113	0.000869680814345545	7.26909162551764	0.97763378744408
5.95	16.75	0.953377386957412	0.799620297461562	0.000696625421875331	7.19075546406297	0.981350954782965
6.05	16.75	0.961186648819245	0.799602669079592	0.000544923289279793	7.11214999815005	0.984474659527698
6.15	16.75	0.967757103938935	0.799591011981462	0.000414040243025789	7.03331775211119	0.987102841575574
6.25	16.75	0.97328710736328	0.799584844052119	0.000302679199950293	6.95429428729302	0.989314842945312
6.35	16.75	0.977938870343234	0.799583553728044	0.000209124459372204	6.87510952239589	0.991175548137294
6.45	16.75	0.981846485592958	0.799586465073499	0.000131478575760297	6.79578875505062	0.992738594237183
6.55	16.75	0.985122003861219	0.799592889600812	6.78185257549464e-05	6.71635345494087	0.994048801544487
6.65	16.75	0.987859977907996	0.799602163364195	1.62935064517061e-05	6.63682188555036	0.995143991163198
6.75	16.75	0.990140848114267	0.799613670977106	-2.48181757789657e-05	6.55720959854762	0.996056339245707
6.85	16.75	0.992033475151514	0.799626859254419	-5.7080069583828e-05	6.47752983363023	0.996813390060606
6.95	16.75	0.99359705533266	0.799641243212603	-8.1886936789381e-05	6.39779384776039	0.997438822133064
7.05	16.75	0.994882593937628	0.799656406770134	-0.000100465820050063	6.3180111909821	0.997953037575051
7.15	16.75	0.995934063680572	0.799671999987502	-0.000113884195193598	6.23818994105317	0.998373625472229
7.25	16.75	0.996789338849355	0.79968773421209	-0.000123062073942743	6.15833690556192	0.998715735539742
7.35	16.75	0.997480968575832	0.799703376100482	-0.000128785978774116	6.07845779768096	0.998992387430333
7.45	16.75	0.99803683309485	0.799718741186609	-0.00013172344813371	5.99855738995957	0.99921473323794
7.55	16.75	0.998480712878103	0.799733687439967	-0.000132437236252834	5.91863964935615	0.999392285151241
7.65	16.75	0.998832790709811	0.799748109096986	-0.000131398714218932	5.83870785590258	0.999533116283924
7.75	16.75	0.999110099977976	0.799761930934727	-0.000129000207024649	5.75876470685481	0.99964403999119
7.85	16.75	0.999326927849177	0.799775103078875	-0.000125566149984015	5.6788124078335	0.999730771139671
7.95	16.75	0.999495178959239	0.799787596383589	-0.000121363042776961	5.59885275223305	0.999798071583696
8.05	16.75	0.99962470333248	0.799799398386067	-0.000116608237299528	5.51888719003271	0.999849881332992
8.15	16.75	0.999723591103581	0.799810509814218	-0.000111477629071608	5.43891688704864	0.999889436441432
8.25	16.75	0.999798436010158	0.799820941612342	-0.00010611233963117	5.35894277559972	0.999919374404063
8.35	16.75	0.999854569366678	0.799830712439718	-0.000100624484859947	5.2789655975068	0.999941827746671
8.45	16.75	0.99989626618594	0.799839846594009	-9.51021243729046e-05	5.1989859402976	0.999958506474376
8.55	16.75	0.999926925184434	0.799848372309184	-8.96134847197718e-05	5.11900426744039	0.999970770073773
8.65	16.75	0.999949224523427	0.799856320379228	-8.42105432253184e-05	5.03902094337766	0.999979689809371
8.75	16.75	0.999965255252196	0.799863723061201	-7.89320529296756e-05	4.95903625407454	0.999986102100878
8.85	16.75	0.999976634504761	0.799870613214539	-7.38060819929193e-05	4.87905042373689	0.999990653801904
8.95	16.75	0.99998460054194	0.799877023638001	-6.88521338843191e-05	4.79906362829142	0.999993840216776
9.05	16.75	0.999990091721148	0.799882986569379	-6.40829075321568e-05	4.71907600615686	0.999996036688459
9.15	16.75	0.999993811419199	0.79988853331798	-5.95057500487523e-05	4.63908766677248	0.99999752456768
9.25	16.75	0.999996280834498	0.799893694004034	-5.51238485327513e-05	4.55909869728945	0.999998512333799
9.35	16.75	0.999997881463338	0.799898497382805	-5.093720160166e-05	4.47910916777346	0.999999152585335
9.45	16.75	0.999998888889917	0.799902970735301	-4.69434059325815e-05	4.39911913521377	0.999999555555967
9.55	16.75	0.999999499360957	0.799907139810389	-4.31382886476072e-05	4.31912864658574	0.999999799744383
9.65	16.75	0.999999850441635	0.799911028806014	-3.95164116586883e-05	4.23913774117124	0.999999940176654
9.75	16.75	1.00000003687735	0.79991466037972	-3.60714706053992e-05	4.15914645230332	1.00000001475094
9.85	16.75	1.00000012262124	0.7999180556805	-3.27966072250688e-05	4.07915480866953	1.0000000490485
9.95	16.75	1.00000014983428	0.799921234396033	-2.96846515628296e-05	3.99916283528068	1.00000005993371
10.05	16.75	1.00000014552636	0.799924214810335	-2.67283071014329e-05	3.91917055418887	1.00000005821054
10.15	16.75	1.00000012638354	0.799927013868268	-2.39202903113931e-05	3.83917798501967	1.00000005055342
10.25	16.75	1.00000010222039	0.799929647244151	-2.12534336695984e-05	3.7591851453684	1.00000004088816
10.35	16.75	1.00000007840495	0.799932129412241	-1.87207599624056e-05	3.67919205109772	1.00000003136198
10.45	16.75	1.00000005752805	0.799934473717748	-1.63155338002302e-05	3.59919871656457	1.00000002301122
10.55	16.75	1.00000004052601	0.799936692446994	-1.4031295688621e-05	3.51920515479677	1.0000000162104
10.65	16.75	1.00000002741497	0.799938796896158	-1.18618824832637e-05	3.43921137763407	1.00000001096599
10.75	16.75	1.00000001775496	0.799940797437748	-9.80143758432114e-06	3.35921739584402	1.00000000710199
10.85	16.75	1.0000000109301	0.799942703584638	-7.84441345630062e-06	3.27922321922002	1.00000000437204
10.95	16.75	1.00000000630711	0.799944524051276	-5.98556845644987e-06	3.19922885666645	1.00000000252285
11.05	16.75	1.00000000331603	0.799946266811874	-4.21995961689943e-06	3.11923431627435	1.00000000132641
11.15	16.75	1.00000000148313	0.799947939155559	-2.54293266251057e-06	3.03923960538975	1.00000000059325
11.25	16.75	1.00000000043652	0.799949547738492	-9.50110087051809e-07	2.95924473067615	1.00000000017461
11.35	16.75	0.999999999897414	0.7999510986328	5.62621783998775e-07	2.87924969817215	0.999999999958965
11.45	16.75	0.999999999665507	0.799952597372575	1.99912638122032e-06	2.79925451334469	0.999999999866203
11.55	16.75	0.9999999996033	0.799954048996817	3.36303056480833e-06	2.71925918113834	0.99999999984132
11.65	16.75	0.999999999622144	0.799955458089605	4.65773821531143e-06	2.63926370602105	0.999999999848858
11.75	16.75	0.999999999671181	0.799956828817376	5.88644342514782e-06	2.55926809202626	0.999999999868473
11.85	16.75	0.999999999729373	0.799958164963648	7.05214318694398e-06	2.47927234279186	0.999999999891749
11.95	16.75	0.999999999799913	0.799959469961068	8.15764952071988e-06	2.39927646159594	0.999999999919965
12.05	16.75	0.999999999905642	0.799960746921092	9.20560088249253e-06	2.31928045138965	0.999999999962257
12.15	16.75	1.00000000008331	0.799961998661374	1.0198472932654e-05	2.23928431482734	1.00000000003332
12.25	16.75	1.00000000037399	0.799963227730951	1.11385885913377e-05	2.15928805429428	1.0000000001496
12.35	16.75	1.00000000080686	0.79996443643352	1.20281273544441e-05	2.07929167193235	1.00000000032274
12.45	16.75	1.00000000137392	0.799965626849028	1.28691339640544e-05	1.99929516966423	1.00000000054957
12.55	16.75	1.00000000199566	0.79996680085381	1.36635263983763e-05	1.91929854921634	1.00000000079826
12.65	16.75	1.00000000248144	0.799967960139627	1.44131031812177e-05	1.83930181214114	1.00000000099258
12.75	16.75	1.00000000249507	0.799969106231955	1.51195501186771e-05	1.75930495983891	1.00000000099803
12.85	16.75	1.00000000154503	0.799970240507644	1.57844464872509e-05	1.67930799357855	1.00000000061801
12.95	16.75	0.999999999028916	0.799971364211975	1.64092707343111e-05	1.5993109145164	0.999999999611566
13.05	16.75	0.999999994369904	0.799972478474589	1.69954058385371e-05	1.51931372371086	0.999999997747962
13.15	16.75	0.99999998728401	0.799973584323186	1.75441444770483e-05	1.43931642212926	0.999999994913604
13.25	16.75	0.999999978202492	0.799974682693069	1.80566940857501e-05	1.35931901064263	0.999999991280997
13.35	16.75	0.99999996883405	0.799975774429814	1.8534182007596e-05	1.27932149000364	0.99999998753362
13.45	16.75	0.999999962776503	0.799976860281938	1.89776607374344e-05	1.19932386080484	0.999999985110601
13.55	16.75	0.999999965972417	0.799977940880983	1.93881131423821e-05	1.11932612341895	0.999999986388967
13.65	16.75	0.99999998665394	0.799979016708551	1.97664572914802e-05	1.03932827793189	0.999999994661576
13.75	16.75	1.00000003426658	0.799980088054611	2.01135501480614e-05	0.959330324093228	1.00000001370663
13.85	16.75	1.00000011675917	0.79998115497923	2.04301890359393e-05	0.879332261326383	1.00000004670367
13.95	16.75	1.00000023567667	0.799982217300897	2.07171094565056e-05	0.799334088860172	1.00000009427067
14.05	16.75	1.00000037883294	0.799983274647376	2.09749778190046e-05	0.719335806055448	1.00000015153318
14.15	16.75	1.00000051113197	0.799984326615906	2.12043781669719e-05	0.639337412995362	1.00000020445279
14.25	16.75	1.00000056548738	0.799985373092124	2.14057932857014e-05	0.559338911367412	1.00000022619495
14.35	16.75	1.00000043779175	0.799986414761096	2.15795830274363e-05	0.479340305571081	1.0000001751167
14.45	16.75	0.999999992311716	0.799987453797194	2.17259662373752e-05	0.399341603819638	0.999999996924686
14.55	16.75	0.999999086143313	0.799988494629226	2.18450170396672e-05	0.319342818764539	0.999999634457325
14.65	16.75	0.999997622321174	0.799989544536404	2.19366904815021e-05	0.239343966879101	0.99999904892847
14.75	16.75	0.999995639059873	0.799990613935988	2.20008949488333e-05	0.159345065564764	0.999998255623949
14.85	16.75	0.999993435088581	0.799992603371131	2.20376211041641e-05	0.0793461267657175	0.999997374035432
14.95	16.75	0.999991715644916	0.39999032644852	2.20498948689981e-05	-0.000653031806558225	0.999996686257966
0.05	16.85	-4.77952146122806e-06	0.399994047884649	0.000105884812572589	10.4592714916454	0.599998088191415
0.15	16.85	-5.31217072931242e-06	0.799982399516918	0.000106214462261201	10.4112723588474	0.599997875131708
0.25	16.85	-5.5710385709473e-06	0.799970676632953	0.00010682595167024	10.3632739436921	0.599997771584572
0.35	16.85	-4.77188676190114e-06	0.799958789387239	0.000107692968529217	10.3152762342136	0.599998091245295
0.45	16.85	-2.1107604371723e-06	0.799946690459124	0.000108769210133532	10.2672791943908	0.599999155695825
0.55	16.85	3.17027450411279e-06	0.799934306683045	0.000109984596356661	10.2192827664899	0.600001268109802
0.65	16.85	1.16345849153601e-05	0.799921558630752	0.000111240289420827	10.1712868747712	0.600004653833966
0.75	16.85	2.34507024524545e-05	0.799908360042323	0.000112404158471682	10.1232914349885	0.600009380280981
0.85	16.85	3.81561352783452e-05	0.799894554488761	0.000113273822286071	10.0752963709793	0.600015262454111
0.95	16.85	5.39838770770707e-05	0.799879798134065	0.000113609095628554	10.0273016468769	0.600021593550831
1.05	16.85	6.57322944564288e-05	0.799864363265368	0.000113142351855907	9.97930734086363	0.600026292917783
1.15	16.85	6.70518653255192e-05	0.799848295718956	0.000111525733300412	9.93131371725244	0.60002682074613
1.25	16.85	5.10851067614248e-05	0.799831693625123	0.00010835304644331	9.88332125500436	0.600020434042705
1.35	16.85	1.1613077904531e-05	0.799814736059532	0.000103180611845772	9.83533064540269	0.600004645231162
1.45	16.85	-5.52331066427231e-05	0.799797665643813	9.55345942391223e-05	9.78734274376829	0.599977906757343
1.55	16.85	-0.000148844277800912	0.799780748231431	8.49229693038728e-05	9.73935845971785	0.59994046228888
1.65	16.85	-0.000261913340349906	0.799764217203782	7.08547663822126e-05	9.69137857758291	0.59989523466386
1.75	16.85	-0.000378593374363773	0.799748205134386	5.28615953150624e-05	9.64340351135792	0.599848562650255
1.85	16.85	-0.000473615932350252	0.799732660541582	3.05032323723453e-05	9.59543301551943	0.59981055362706
1.95	16.85	-0.000513060803874288	0.799717230674837	3.31030708652957e-06	9.54746589359806	0.59979477567845
2.05	16.85	-0.00045769742121111	0.799701099706708	-2.93747643436229e-05	9.4994997723503	0.599816921031516
2.15	16.85	-0.00027007206403049	0.79968360841396	-6.81847885618505e-05	9.45153104356232	0.599891971174388
2.25	16.85	7.82863213030569e-05	0.799670552373349	-0.000114276339678362	9.40355501736743	0.600031314528521
2.35	16.85	0.000649304636497537	0.799659064666385	-0.000169714904649728	9.35556556927892	0.600259721854599
2.45	16.85	0.00151915312381018	0.799648923448296	-0.000236379081924845	9.30755439209524	0.600607661249524
2.55	16.85	0.00277709435600669	0.799640436046491	-0.000315724841215919	9.25951051561944	0.601110837742403
2.65	16.85	0.00452578574928889	0.799634018859022	-0.000409222146212828	9.21141988591385	0.601810314299716
2.75	16.85	0.00688296168350034	0.799630123580258	-0.000518350689355285	9.1632649158887	0.6027531846734
2.85	16.85	0.00998393056014	0.799629299003753	-0.00064443709580461	9.11502396552898	0.603993572224056
2.95	16.85	0.0139850429793702	0.799632257417974	-0.000788416242925934	9.06667072487453	0.605594017191748
3.05	16.85	0.01906853898206	0.799639927013282	-0.000950506264732001	9.018173463671	0.607627415592824
3.15	16.85	0.0254492482702396	0.799653483350494	-0.00112976946238239	8.96949409678818	0.610179699308096
3.25	16.85	0.0333835818653896	0.79967433920342	-0.00132353545768634	8.9205869996456	0.613353432746156
3.35	16.85	0.0431810592889162	0.799704050002906	-0.00152667883559784	8.87139749697576	0.617272423715566
3.45	16.85	0.0552181115626288	0.799744063273919	-0.00173077848843409	8.82185994861415	0.622087244625051
3.55	16.85	0.0699528471531174	0.799795209931586	-0.00192325308040814	8.77189538125488	0.627981138861247
3.65	16.85	0.0879375520700393	0.799856822261988	-0.0020866800644131	8.72140868769789	0.635175020828016
3.75	16.85	0.109822631449769	0.799925412895437	-0.00219866741721491	8.6702855669664	0.643929052579907
3.85	16.85	0.136341527722059	0.799993038261707	-0.00223282639424099	8.61838964552468	0.654536611088823
3.95	16.85	0.168261850476882	0.800045881196778	-0.00216148875980889	8.56556062103467	0.667304740190753
4.05	16.85	0.206286357374504	0.800064196734127	-0.00196062737357662	8.51161476426921	0.682514542949802
4.15	16.85	0.250893822416191	0.800025225955241	-0.00161673858925513	8.45634953167029	0.700357528966477
4.25	16.85	0.302130538141152	0.799910178573611	-0.00113417194540948	8.39955402677363	0.720852215256461
4.35	16.85	0.359399679140896	0.799714075349429	-0.000540020430563729	8.34102612743147	0.743759871656358
4.45	16.85	0.421334686178062	0.799453687976111	0.000116672645279261	8.28059497980567	0.768533874471225
4.55	16.85	0.485851999679314	0.799167141016688	0.000772914331851962	8.21814468005176	0.794340799871726
4.65	16.85	0.550425751984508	0.79890250445978	0.00136503295588753	8.15363276731398	0.820170300793803
4.75	16.85	0.612521356035352	0.798700593924689	0.00184227923289437	8.08709745932567	0.845008542414141
4.85	16.85	0.670033677615128	0.798581983298686	0.00217563170799909	8.01865100316351	0.868013471046051
4.95	16.85	0.721572413156872	0.798544753285582	0.0023594414318997	7.94846147630361	0.888628965262749
5.05	16.85	0.766525131279481	0.798571509312329	0.00240705080986026	7.87672900445815	0.906610052511792
5.15	16.85	0.804935761245216	0.798639386631635	0.00234348882136974	7.80366288559816	0.921974304498087
5.25	16.85	0.837293134984707	0.798727707365144	0.00219824261530915	7.72946400677474	0.934917253993883
5.35	16.85	0.864317947886609	0.79882151786792	0.0019998492615098	7.65431402357838	0.945727179154644
5.45	16.85	0.886798124657426	0.798911881801028	0.00177274770269486	7.57837056360506	0.95471924986297
5.55	16.85	0.905485185248741	0.798994565343645	0.00153603129071057	7.50176671408204	0.962194074099496
5.65	16.85	0.921042351006232	0.799068371206502	0.00130346527971803	7.42461299743012	0.968416940402493
5.75	16.85	0.93402797232782	0.799133747837244	0.00108417847144829	7.3470004456888	0.973611188931128
5.85	16.85	0.944899136833767	0.799191844740392	0.000883605425113413	7.26900388683259	0.977959654733507
5.95	16.85	0.954024583370222	0.799243962960636	0.000704427293948752	7.19068497067217	0.981609833348089
6.05	16.85	0.96170030725111	0.799291284005914	0.000547388950331634	7.11209474128898	0.984680122900444
6.15	16.85	0.968164415592354	0.799334768109979	0.000411951784516941	7.03327572385242	0.987265766236942
6.25	16.85	0.973609795135788	0.799375142816627	0.000296785657444375	6.95426357197924	0.989443918054315
6.35	16.85	0.978194262693698	0.799412932381806	0.000200122971114218	6.87508835036527	0.991277705077479
6.45	16.85	0.982048396505168	0.799448500321727	0.00012000326168041	6.79577552976826	0.992819358602067
6.55	16.85	0.985281442673959	0.799482091393787	5.44352092786491e-05	6.71634676211294	0.994112577069583
6.65	16.85	0.987985717170977	0.799513867340694	1.49867649924023e-06	6.63682049056103	0.995194286868391
6.75	16.85	0.990239876165472	0.799543934927796	-4.05954640187958e-05	6.55721243675451	0.996095950466189
6.85	16.85	0.992111356450619	0.799572366745429	-7.34743708634101e-05	6.47753599667165	0.996844542580248
6.95	16.85	0.993658217499671	0.799599215972047	-9.85914363814466e-05	6.39780256800724	0.997463286999868
7.05	16.85	0.994930556692932	0.799624526416074	-0.000117226759938971	6.31802182553237	0.997972222677173
7.15	16.85	0.995971621715064	0.799648339022766	-0.000130495104858131	6.23820195614988	0.998388648686026
7.25	16.85	0.996818708092971	0.799670695816507	-0.00013935807888091	6.15834986195751	0.998727483237189
7.35	16.85	0.997503903310234	0.79969164203377	-0.000144638366190802	6.07847133722884	0.999001561324094
7.45	16.85	0.998054719776281	0.799711227014974	-0.000147034600142723	5.9985712235529	0.999221887910513
7.55	16.85	0.998494645307968	0.799729504275318	-0.000147135991096433	5.91865354623016	0.999397858123187
7.65	16.85	0.998843630235076	0.799746531059745	-0.000145436181517007	5.83872163425272	0.99953745209403
7.75	16.85	0.999118523658013	0.799762367601197	-0.000142346038595404	5.75877822568543	0.999647409463205
7.85	16.85	0.999333466941274	0.799777076237235	-0.000138205252195182	5.67882555993236	0.999733386776509
7.95	16.85	0.999500249613916	0.799790720492044	-0.000133292705930227	5.59886545815927	0.999800099845567
8.05	16.85	0.999628631023759	0.799803364195528	-0.000127835651652006	5.51889939300534	0.999851452409504
8.15	16.85	0.99972663002677	0.799815070684671	-0.000122017753910151	5.43892854862784	0.999890652010708
8.25	16.85	0.999800784444494	0.799825902112657	-0.000115986091040342	5.35895387205923	0.999920313777798
8.35	16.85	0.999856381810001	0.799835918877262	-0.000109857207648448	5.27897611680505	0.999942552724
8.45	16.85	0.99989766291415	0.799845179169314	-0.000103722315453796	5.19899587956377	0.99995906516566
8.55	16.85	0.999927999762803	0.799853738635644	-9.76517368708789e-05	5.11901363090066	0.999971199905121
8.65	16.85	0.999950049694255	0.799861650145749	-9.16986802694031e-05	5.03902974065555	0.999980019877702
8.75	16.85	0.999965887539674	0.799868963649402	-8.5902430258009e-05	4.95904449880738	0.99998635501587
8.85	16.85	0.999977117809744	0.799875726111226	-8.02910284973474e-05	4.8790581324579	0.999990847123898
8.95	16.85	0.999984968943906	0.799881981507933	-7.48835139833306e-05	4.79907081953366	0.999993987577562
9.05	16.85	0.999990371659732	0.799887770875233	-6.9691784338058e-05	4.71908269974157	0.999996148663893
9.15	16.85	0.999994023391479	0.799893132392397	-6.47221332539651e-05	4.63909388324953	0.999997609356592
9.25	16.85	0.999996440715131	0.799898101493882	-5.99765122921845e-05	4.55910445750279	0.999998576286053
9.35	16.85	0.999998001531419	0.799902710999383	-5.54535599519454e-05	4.47911449252836	0.999999200612568
9.45	16.85	0.999998978628043	0.799906991254878	-5.11494351202949e-05	4.39912404502653	0.999999591451217
9.55	16.85	0.999999566077394	0.799910970279202	-4.70584869284514e-05	4.31913316149984	0.999999826430958
9.65	16.85	0.999999899755115	0.799914673911464	-4.31737890747616e-05	4.23914188062624	0.999999959902046
9.75	16.85	1.00000007309508	0.799918125956334	-3.94875619456957e-05	4.15915023504573	1.00000002923803
9.85	16.85	1.00000014903382	0.799921348324746	-3.59915030673928e-05	4.07915825269644	1.00000005961353
9.95	16.85	1.00000016894586	0.799924361168581	-3.26770425543286e-05	3.99916595780877	1.00000006757834
10.05	16.85	1.00000015923416	0.799927183008374	-2.95355380675638e-05	3.91917337164284	1.00000006369366
10.15	16.85	1.00000013611793	0.799929830853684	-2.65584210279697e-05	3.83918051303535	1.00000005444717
10.25	16.85	1.00000010905387	0.79993232031584	-2.37373040174341e-05	3.75918739880659	1.00000004362155
10.35	16.85	1.00000008313691	0.799934665713383	-2.10640573403904e-05	3.67919404406583	1.00000003325477
10.45	16.85	1.00000006075047	0.799936880170251	-1.85308615218875e-05	3.59920046244358	1.00000002430019
10.55	16.85	1.00000004267417	0.799938975707195	-1.61302409871977e-05	3.51920666627181	1.00000001706967
10.65	16.85	1.00000002880653	0.799940963326752	-1.38550833075696e-05	3.43921266672699	1.00000001152261
10.75	16.85	1.00000001861983	0.799942853092214	-1.16986475282087e-05	3.35921847394706	1.00000000744793
10.85	16.85	1.0000000114332	0.799944654200906	-9.65456423354084e-06	3.27922409712961	1.00000000457328
10.95	16.85	1.00000000656564	0.799946375052359	-7.71682973486953e-06	3.19922954461668	1.00000000262625
11.05	16.85	1.00000000341236	0.799948023311473	-5.87979583249097e-06	3.11923482396954	1.00000000136494
11.15	16.85	1.00000000147452	0.799949605967185	-4.13815677852202e-06	3.03923994203594	1.00000000058981
11.25	16.85	1.00000000036225	0.799951129386931	-2.4869342622197e-06	2.95924490501129	1.0000000001449
11.35	16.85	0.999999999784021	0.799952599367101	-9.21461276505164e-07	2.8792497184948	0.999999999913608
11.45	16.85	0.99999999953062	0.79995402117984	5.6263445228751e-07	2.79925438754126	0.999999999812248
11.55	16.85	0.999999999458384	0.799955399616348	1.96944722619884e-06	2.71925891670883	0.999999999783353
11.65	16.85	0.999999999474466	0.799956739026983	3.30280977926655e-06	2.63926331010325	0.999999999789787
11.75	16.85	0.999999999525214	0.799958043358295	4.5663092626045e-06	2.55926757141857	0.999999999810086
11.85	16.85	0.999999999587769	0.79995931618722	5.76330257675256e-06	2.47927170397462	0.999999999835108
11.95	16.85	0.999999999664202	0.79996056075259	6.89693095618171e-06	2.39927571075154	0.999999999865681
12.05	16.85	0.999999999776701	0.799961779984106	7.97013376067552e-06	2.31927959442126	0.999999999910681
12.15	16.85	0.99999999996168	0.799962976529029	8.98566142917437e-06	2.23928335737655	0.999999999984672
12.25	16.85	1.00000000026007	0.799964152776628	9.94608759331949e-06	2.15928700175757	1.00000000010403
12.35	16.85	1.00000000070092	0.799965310880776	1.08538203501958e-05	2.07929052947659	1.00000000028037
12.45	16.85	1.00000000127607	0.799966452780785	1.17111127023155e-05	1.99929394224114	1.00000000051043
12.55	16.85	1.00000000190559	0.799967580220898	1.25200722142804e-05	1.91929724157616	1.00000000076224
12.65	16.85	1.00000000239811	0.799968694768686	1.32826698802892e-05	1.83930042884543	1.00000000095924
12.75	16.85	1.00000000241623	0.799969797832717	1.4000748300453e-05	1.75930350527263	1.00000000096649
12.85	16.85	1.00000000146687	0.799970890679653	1.46760291644513e-05	1.6793064719614	1.00000000058675
12.95	16.85	0.999999998945852	0.799971974450778	1.5310120203365e-05	1.59930932991365	0.999999999578341
13.05	16.85	0.999999994274952	0.799973050177424	1.59045216638161e-05	1.51931208004344	0.999999997709981
13.15	16.85	0.99999998716997	0.799974118794197	1.64606324643148e-05	1.43931472318338	0.999999994867988
13.25	16.85	0.999999978064408	0.799975181148089	1.69797562028772e-05	1.35931726007882	0.999999991225763
13.35	16.85	0.999999968673104	0.799976238000682	1.74631071015212e-05	1.27931969136523	0.999999987469242
13.45	16.85	0.999999962605259	0.799977290020414	1.79118159547921e-05	1.19932201752587	0.999999985042104
13.55	16.85	0.999999965820636	0.799978337762195	1.83269359707587e-05	1.11932423883156	0.999999986328254
13.65	16.85	0.999999986573267	0.799979381634022	1.8709448136562e-05	1.03932635527316	0.999999994629307
13.75	16.85	1.00000003433128	0.799980421854866	1.90602654311501e-05	0.959328366511615	1.00000001373251
13.85	16.85	1.00000011705886	0.799981458416028	1.93802348283721e-05	0.879330271888061	1.00000004682355
13.95	16.85	1.00000023629653	0.799982491069216	1.9670135799749e-05	0.799332070555478	1.00000009451861
14.05	16.85	1.00000037981704	0.799983519377329	1.99306739705455e-05	0.71933376180605	1.00000015192681
14.15	16.85	1.00000051242843	0.799984542874876	2.01624690919632e-05	0.639335345662699	1.00000020497137
14.25	16.85	1.00000056687922	0.799985561387442	2.03660377887822e-05	0.559336823762944	1.00000022675169
14.35	16.85	1.00000043882657	0.799986575543599	2.05417737610436e-05	0.479338200468609	1.00000017553063
14.45	16.85	0.999999992255724	0.799987587465885	2.06899315137729e-05	0.399339483969347	0.99999999690229
14.55	16.85	0.999999083999212	0.799988601536902	2.08106236467859e-05	0.319340686907334	0.999999633599685
14.65	16.85	0.999997616960749	0.799989624995573	2.09038456189969e-05	0.239341825758368	0.9999990467843
14.75	16.85	0.999995629524876	0.799990668220759	2.09695439099118e-05	0.159342917931041	0.99999825180995
14.85	16.85	0.999993421098192	0.799992633025986	2.10077356905347e-05	0.0793439753688284	0.999997368439277
14.95	16.85	0.999991698305279	0.399990325425783	2.10211937752814e-05	-0.00065518450262185	0.999996679322112
0.05	16.95	-4.71276361501423e-06	0.39999420949171	0.000117450244015981	10.4592647869651	0.599998114894554
0.15	16.95	-5.24328114593222e-06	0.799982877969552	0.000117842539748063	10.4112656326382	0.599997902687542
0.25	16.95	-5.50859384322234e-06	0.799971457218014	0.000118584637540696	10.3632671771889	0.599997796562463
0.35	16.95	-4.73517140953004e-06	0.799959844336258	0.000119647183360443	10.3152694103383	0.599998105931436
0.45	16.95	-2.13096729204179e-06	0.799947976802304	0.000120981844421652	10.2672722989448	0.599999147613083
0.55	16.95	3.04929451778365e-06	0.799935763085	0.000122517768977025	10.2192757895471	0.600001219717807
0.65	16.95	1.13549907306892e-05	0.799923101506541	0.000124157149922928	10.171279812299	0.600004541996292
0.75	16.95	2.29210188489602e-05	0.799909876839539	0.000125771090139978	10.123284290792	0.60000916840754
0.85	16.95	3.716417204023e-05	0.799895933604526	0.000127191802941089	10.0752891603851	0.600014865668816
0.95	16.95	5.23721684423517e-05	0.799880855682835	0.000128162026981644	10.0272944006602	0.600020948867377
1.05	16.95	6.35194999831885e-05	0.799864784508963	0.000128395120729049	9.97930010649367	0.600025407799993
1.15	16.95	6.41996627389525e-05	0.799847731150013	0.00012757964083503	9.93130656208	0.600025679865096
1.25	16.95	4.76586848826477e-05	0.799829680288138	0.000125321348618615	9.88331427089273	0.600019063473953
1.35	16.95	7.8797723763754e-06	0.79981066846033	0.000121188765805425	9.83532395108412	0.60000315190895
1.45	16.95	-5.87192459347277e-05	0.799790760201574	0.000114718922163766	9.7873364866483	0.599976512301626
1.55	16.95	-0.000151145318979655	0.799770005141384	0.000105424906089019	9.73935281707741	0.599939541872408
1.65	16.95	-0.000261600101504638	0.799748382204149	9.28101548506137e-05	9.69137375673119	0.599895359959398
1.75	16.95	-0.000373650967977029	0.799725732378091	7.63877408753624e-05	9.64339974854583	0.599850539612809
1.85	16.95	-0.00046141424472588	0.799701671996574	5.56960281066675e-05	9.59543057451348	0.59981543430211
1.95	16.95	-0.000490449655666721	0.799675463459399	3.02784680274586e-05	9.54746506762172	0.599803820137733
2.05	16.95	-0.000421054530242405	0.79964588809578	-4.61002776591837e-07	9.4995008951708	0.599831578187903
2.15	16.95	-0.000214326302483427	0.799611430815191	-3.75703808630808e-05	9.45153449685214	0.599914269479007
2.25	16.95	0.000158191340592468	0.799577316290826	-8.17312468076622e-05	9.40356123394596	0.600063276536237
2.35	16.95	0.000754670808789547	0.799541974747171	-0.000134614383059778	9.35557510026485	0.600301868323516
2.45	16.95	0.00165544673175309	0.799503216002672	-0.000198560412149279	9.30756792597366	0.600662178692701
2.55	16.95	0.00295212429720089	0.799460506766437	-0.000274909936004234	9.25952883183446	0.60118084971888
2.65	16.95	0.00474910976349037	0.799413322482597	-0.000365066576525279	9.21144385692003	0.601899643905396
2.75	16.95	0.00716611958587811	0.799361122967083	-0.000470469043290673	9.16329551332127	0.602866447834351
2.85	16.95	0.010340983923699	0.799303410206686	-0.000592414400210957	9.11506225709877	0.60413639356948
2.95	16.95	0.0144332782318925	0.799239798904248	-0.000731820153726322	9.06671785773908	0.605773311292757
3.05	16.95	0.0196293310696098	0.799170101904306	-0.00088890454007774	9.01823062955211	0.607851732427844
3.15	16.95	0.0261491099083367	0.799094423623245	-0.00106275559223254	8.96956247191654	0.610459643963335
3.25	16.95	0.0342554108720203	0.799013243442056	-0.00125076581177139	8.92066765046548	0.613702164348808
3.35	16.95	0.0442655551830416	0.798927452306103	-0.00144792516964008	8.87149124094343	0.617706222073217
3.45	16.95	0.0565652484523976	0.798838277122244	-0.00164599990140989	8.82196715922147	0.622626099380959
3.55	16.95	0.0716231362991063	0.798746993923461	-0.00183269155429295	8.77201572926619	0.628649254519642
3.65	16.95	0.090002573519706	0.798654311197462	-0.00199098320989073	8.72154081920939	0.636001029407882
3.75	16.95	0.112363944064514	0.798559344134898	-0.0020990397909316	8.67042673691567	0.644945577625806
3.85	16.95	0.139446626038239	0.798458275966942	-0.00213120383932958	8.61853535619663	0.655778650415295
3.95	16.95	0.172015513903379	0.798343194392423	-0.00206071356997791	8.56570435929318	0.668806205561352
4.05	16.95	0.210755959240389	0.798202167161105	-0.00186457051563299	8.51174798020729	0.684302383696155
4.15	16.95	0.256108588249754	0.798022019732904	-0.00153027176020405	8.45646203071304	0.702443435299901
4.25	16.95	0.308057885024134	0.797794688529883	-0.00106286221787618	8.3996349149902	0.723223154009654
4.35	16.95	0.365926110400841	0.797525695617789	-0.000489455763169545	8.34106531314609	0.746370444160336
4.45	16.95	0.428261716240599	0.797239979541758	0.000141873783612866	8.28058499410156	0.771304686496239
4.55	16.95	0.492915290428372	0.796979228940371	0.000770140557137358	8.2180823273303	0.797166116171349
4.65	16.95	0.55733631494644	0.796789162141236	0.00133436166132052	8.15352002749897	0.822934525978576
4.75	16.95	0.619015842951049	0.796702848220336	0.00178649566235525	8.08694126579612	0.84760633718042
4.85	16.95	0.675915337979246	0.796729866063102	0.00209957884586493	8.01846195169254	0.870366135191698
4.95	16.95	0.726729892827832	0.796856652577214	0.00226898835777919	7.94825192776303	0.890691957131133
5.05	16.95	0.770928127725876	0.797055441477918	0.00230806488989412	7.87651119027025	0.908371251090351
5.15	16.95	0.808615774341729	0.797295141000116	0.00224108875760783	7.8034474789481	0.923446309736691
5.25	16.95	0.840319751947644	0.79754908123732	0.00209642174140456	7.72925934005308	0.936127900779058
5.35	16.95	0.866778077683694	0.797798273287116	0.00190141328077126	7.65412589046754	0.946711231073478
5.45	16.95	0.888781278943992	0.798031328697006	0.00167945078790449	7.5782024239462	0.955512511577597
5.55	16.95	0.907074788848043	0.79824278798468	0.00144879957559869	7.50162010763597	0.962829915539217
5.65	16.95	0.922311656960584	0.798431143211	0.0012226306326026	7.4244880177516	0.968924662784234
5.75	16.95	0.935038935786745	0.798597183557108	0.00100968138643845	7.34689618345272	0.974015574314698
5.85	16.95	0.945702921122765	0.798742833603724	0.000815152274878903	7.26891879995099	0.978281168449106
5.95	16.95	0.954662808515755	0.798870431632167	0.000641602498304931	7.19061717004142	0.981865123406302
6.05	16.95	0.962206518908705	0.798982327936391	0.000489729487209161	7.11204219808204	0.984882607563482
6.15	16.95	0.968565505204614	0.799080688872215	0.000358993234624917	7.03323641147381	0.987426202081846
6.25	16.95	0.973927255132083	0.799167421272869	0.000248088212356542	6.95423555728748	0.989570902052833
6.35	16.95	0.978445243754466	0.799244161175441	0.000155284148138772	6.87506984746101	0.991378097501787
6.45	16.95	0.982246574206322	0.799312293188018	7.86622904022514e-05	6.79576492729726	0.992898629682529
6.55	16.95	0.985437717122506	0.799372981738038	1.62725351351112e-05	6.71634263256048	0.994175086849002
6.65	16.95	0.98810877329393	0.799427204539155	-3.37671398995786e-05	6.63682158782633	0.995243509317572
6.75	16.95	0.990336630783429	0.799475783795785	-7.32120110537347e-05	6.55721768651994	0.996134652313372
6.85	16.95	0.992187314661297	0.79951941343577	-0.000103659947542171	6.47754448271828	0.996874925864519
6.95	16.95	0.99371775690372	0.799558682038563	-0.000126539423476595	6.39781351661707	0.997487102761488
7.05	16.95	0.994977154335632	0.799594091746206	-0.000143109554400198	6.31803458938731	0.997990861734253
7.15	16.95	0.996008035531602	0.799626073672579	-0.000154467518764734	6.23821599862077	0.998403214212641
7.25	16.95	0.996847122150107	0.799655000368776	-0.000161560191551175	6.15836474231809	0.998738848860043
7.35	16.95	0.997526044164739	0.799681195863697	-0.000165197865078916	6.07848669708538	0.999010417665896
7.45	16.95	0.998071949728208	0.799704943733114	-0.000166068669377634	5.9985867746176	0.999228779891283
7.55	16.95	0.998508037125632	0.799726493578712	-0.000164752814950954	5.9186690594611	0.999403214850253
7.65	16.95	0.99885402699279	0.799746066235315	-0.000161736129153893	5.83873693031693	0.999541610797116
7.75	16.95	0.999126586596087	0.799763857965623	-0.00015742259175753	5.75879316666305	0.999650634638435
7.85	16.95	0.999339713682996	0.799780043855201	-0.000152145729911585	5.67884004215915	0.999735885473199
7.95	16.95	0.999505084619886	0.799794780578891	-0.000146178832351578	5.59887940609604	0.999802033847954
8.05	16.95	0.999632369802267	0.799808208675653	-0.000139744004957795	5.5189127540221	0.999852947920907
8.15	16.95	0.999729518329291	0.799820454440623	-0.000133020127259338	5.43894128859408	0.999891807331716
8.25	16.95	0.99980301344181	0.799831631519228	-0.000126149789510582	5.35896597163866	0.999921205376724
8.35	16.95	0.999858100055333	0.7998418422691	-0.000119245300001544	5.27898756836143	0.999943240022133
8.45	16.95	0.999898985745755	0.799851178939134	-0.000112393854733104	5.19900668459285	0.999959594298302
8.55	16.95	0.999929016672904	0.79985972470354	-0.00010566195980021	5.11902379791259	0.999971606669162
8.65	16.95	0.999950830088639	0.799867554577959	-9.9099193082737e-05	5.03903928344051	0.999980332035456
8.75	16.95	0.999966485228452	0.799874736237995	-9.27413853501558e-05	4.95905343502526	0.999986594091381
8.85	16.95	0.999977574501472	0.79988133075476	-8.66132953219136e-05	4.87906648250051	0.999991029800589
8.95	16.95	0.999985316959642	0.799887393258151	-8.07308458303629e-05	4.7990786056148	0.999994126783857
9.05	16.95	0.999990636038582	0.799892973535907	-7.51029819284838e-05	4.71908994517633	0.999996254415433
9.15	16.95	0.999994223522831	0.799898116574367	-6.97332052342278e-05	4.63910061189003	0.999997689409132
9.25	16.95	0.999996591603656	0.799902863046524	-6.46208326963274e-05	4.55911069330215	0.999998636641463
9.35	16.95	0.999998114777652	0.799907249750981	-5.97620220737527e-05	4.47912025920928	0.999999245911061
9.45	16.95	0.999999063188958	0.799911310006357	-5.51506012877621e-05	4.39912936583457	0.999999625275583
9.55	16.95	0.999999628856879	0.799915074004557	-5.07787338172422e-05	4.31913805902459	0.999999851542752
9.65	16.95	0.999999946062885	0.799918569126446	-4.66374478691233e-05	4.23914637667683	0.999999978425154
9.75	16.95	1.00000010700377	0.799921820223478	-4.2717053174234e-05	4.15915435056894	1.00000004280151
9.85	16.95	1.00000017365709	0.79992484986857	-3.90074655585673e-05	4.07916200772831	1.00000006946284
9.95	16.95	1.00000018665522	0.799927678579277	-3.54984564344328e-05	3.99916937145195	1.00000007466209
10.05	16.95	1.00000017182806	0.799930325016446	-3.21798416409217e-05	3.91917646206359	1.00000006873123
10.15	16.95	1.00000014495352	0.799932806160977	-2.90416214360418e-05	3.83918329747513	1.00000005798141
10.25	16.95	1.00000011514969	0.799935137471319	-2.60740816891545e-05	3.75918989360443	1.00000004605988
10.35	16.95	1.00000008725275	0.799937333024088	-2.32678643955169e-05	3.6791962646882	1.0000000349011
10.45	16.95	1.00000006344932	0.799939405639747	-2.06140141672505e-05	3.59920242351947	1.00000002537973
10.55	16.95	1.00000004437018	0.799941366995382	-1.81040061001934e-05	3.51920838163095	1.00000001774807
10.65	16.95	1.00000002980193	0.799943227725982	-1.57297594653241e-05	3.43921414943986	1.00000001192077
10.75	16.95	1.00000001913326	0.799944997515876	-1.34836405939323e-05	3.35921973636556	1.00000000765331
10.85	16.95	1.00000001162134	0.799946685181298	-1.13584578854067e-05	3.27922515092755	1.00000000464854
10.95	16.95	1.00000000653956	0.799948298745334	-9.34745099308332e-06	3.19923040082945	1.00000000261582
11.05	16.95	1.00000000324989	0.799949845506	-7.44427608278739e-06	3.11923549303264	1.00000000129996
11.15	16.95	1.00000000122947	0.799951332098303	-5.64298829854236e-06	3.03924043382199	1.00000000049179
11.25	16.95	1.00000000007122	0.799952764550883	-3.93802267369984e-06	2.95924522886532	1.00000000002849
11.35	16.95	0.999999999471455	0.799954148337816	-2.32417411537151e-06	2.87924988326782	0.999999999788582
11.45	16.95	0.999999999212452	0.799955488426047	-7.965771288649e-07	2.79925440162193	0.999999999684981
11.55	16.95	0.999999999144678	0.799956789318899	6.49314286641522e-07	2.71925878805337	0.999999999657871
11.65	16.95	0.999999999171309	0.7999580550959	2.01774629391365e-06	2.63926304626349	0.999999999668524
11.75	16.95	0.999999999236052	0.799959289449406	3.31268414005292e-06	2.55926717956831	0.999999999694421
11.85	16.95	0.999999999314356	0.799960495718144	4.53783030224528e-06	2.47927119093431	0.999999999725742
11.95	16.95	0.999999999407259	0.799961676917889	5.69664162618111e-06	2.3992750830113	0.999999999762904
12.05	16.95	0.999999999536373	0.799962835769725	6.79234554401791e-06	2.31927885816255	0.999999999814549
12.15	16.95	0.999999999737835	0.799963974725757	7.82795524191907e-06	2.23928251849229	0.999999999895134
12.25	16.95	1.00000000005247	0.799965095992758	8.80628383160192e-06	2.15928606587103	1.00000000002099
12.35	16.95	1.00000000050927	0.799966201553858	9.72995755309765e-06	2.07928950195903	1.00000000020371
12.45	16.95	1.00000000109993	0.799967293188573	1.06014279749104e-05	1.99929282822832	1.00000000043997
12.55	16.95	1.00000000174418	0.799968372491464	1.14229832754261e-05	1.91929604598377	1.00000000069767
12.65	16.95	1.00000000224994	0.799969440889791	1.21967586475282e-05	1.83929915638364	1.00000000089998
12.75	16.95	1.00000000227874	0.799970499660454	1.29247458371149e-05	1.75930216045965	1.00000000091149
12.85	16.95	1.000000001336	0.799971549946415	1.36088019446111e-05	1.67930505913632	1.0000000005344
12.95	16.95	0.999999998815932	0.799972592772583	1.42506575192625e-05	1.59930785324842	0.999999999526373
13.05	16.95	0.999999994138986	0.799973629060663	1.48519241481331e-05	1.51931054355426	0.999999997655595
13.15	16.95	0.999999987020819	0.799974659641839	1.54141015724538e-05	1.43931313074136	0.999999994808327
13.25	16.95	0.999999977897106	0.7999756852653	1.59385845865927e-05	1.35931561541998	0.999999991158842
13.35	16.95	0.99999996848857	0.799976706600007	1.64266697520581e-05	1.27931799809991	0.999999987395428
13.45	16.95	0.999999962415243	0.799977724226389	1.68795620417995e-05	1.19932027914751	0.999999984966097
13.55	16.95	0.999999965653182	0.799978738615496	1.72983812689301e-05	1.11932245872478	0.999999986261273
13.65	16.95	0.999999986477088	0.79997975009512	1.76841679670503e-05	1.03932453672142	0.999999994590835
13.75	16.95	1.00000003437632	0.799980758807185	1.80378880991555e-05	0.959326512704296	1.00000001375053
13.85	16.95	1.00000011732934	0.799981764668714	1.83604356045825e-05	0.879328385927398	1.00000004693174
13.95	16.95	1.00000023687207	0.799982767359588	1.86526315467597e-05	0.799330155463587	1.00000009474883
14.05	16.95	1.00000038073819	0.799983766373199	1.89152186660473e-05	0.719331820532556	1.00000015229528
14.15	16.95	1.00000051364515	0.799984761177025	1.9148850567755e-05	0.639333381093506	1.00000020545806
14.25	16.95	1.00000056818634	0.799985751532526	1.93540760186275e-05	0.559334838730666	1.00000022727454
14.35	16.95	1.00000043979878	0.799986738007844	1.95313209748037e-05	0.479336197764892	1.00000017591951
14.45	16.95	0.999999992205915	0.799987722669706	1.96808740084114e-05	0.399337466358721	0.999999996882366
14.55	16.95	0.999999081996973	0.799988709850358	1.98028845339787e-05	0.319338657141273	0.999999632798789
14.65	16.95	0.999997611957913	0.799989706743988	1.9897386697941e-05	0.239339786586872	0.999999044783165
14.75	16.95	0.999995620636628	0.799990723686263	1.99643634149829e-05	0.15934087210753	0.999998248254651
14.85	16.95	0.999993408073225	0.799992663632844	2.00038571407056e-05	0.0793419256434316	0.99999736322929
14.95	16.95	0.999991682177993	0.399990325721334	2.00183997717932e-05	-0.000657235640845861	0.999996672871197
0.05	17.05	-4.66434857238735e-06	0.399994409426311	0.000128653789267522	10.4592573980302	0.599998134260571
0.15	17.05	-5.19906443523284e-06	0.799983473525662	0.000129117400428506	10.4112582181619	0.599997920374226
0.25	17.05	-5.48183559918357e-06	0.799972433744022	0.000130010786383788	10.3632597139578	0.59999780726576
0.35	17.05	-4.74883172634127e-06	0.799961174569894	0.000131302788297956	10.315261876967	0.59999810046731
0.45	17.05	-2.21917161267142e-06	0.799949619491277	0.000132945875014315	10.2672646769605	0.599999112331355
0.55	17.05	2.83983490846059e-06	0.799937659313913	0.000134872717811059	10.2192680646985	0.600001135933963
0.65	17.05	1.09673219826134e-05	0.799925169437027	0.000136990798561065	10.1712719761716	0.600004386928793
0.75	17.05	2.23073524125232e-05	0.799912006569379	0.000139175178133197	10.1232763425987	0.600008922940965
0.85	17.05	3.63199253853402e-05	0.799897927079656	0.000141290951442943	10.075281107957	0.600014527970154
0.95	17.05	5.08209468850652e-05	0.799882690282268	0.000143125211673811	10.0272862672695	0.600020328378754
1.05	17.05	6.14412873943408e-05	0.799866069944049	0.000144388927821264	9.97929193317024	0.600024576514958
1.15	17.05	6.15749884015707e-05	0.799848140945032	0.000144782154316975	9.9312984074146	0.600024629995361
1.25	17.05	4.45759410148798e-05	0.799828768837952	0.000143963071232642	9.88330621633986	0.600017830376406
1.35	17.05	4.61513114866286e-06	0.799807856555635	0.000141550801516175	9.83531610305045	0.600001846052459
1.45	17.05	-6.16323409544449e-05	0.79978530207826	0.000137130351686783	9.78732897841354	0.599975347063618
1.55	17.05	-0.000152831095196522	0.799760951471641	0.00013025761562183	9.73934581038193	0.599938867561921
1.65	17.05	-0.000260739803096242	0.799734540772707	0.000120466345286575	9.69136744268582	0.599895704078761
1.75	17.05	-0.000368372732285619	0.799705630312072	0.000107279079627669	9.64339434749274	0.599852650907086
1.85	17.05	-0.000449203133807792	0.799673526880028	9.02283228250054e-05	9.59542633443355	0.599820318746477
1.95	17.05	-0.000468211572106527	0.799637154775395	6.89015624519826e-05	9.54746226175278	0.599812715371157
2.05	17.05	-0.000385763605421973	0.799594888443357	4.29537835353026e-05	9.49949982803936	0.599845694557831
2.15	17.05	-0.000164228861208248	0.7995458869596	1.13534624576275e-05	9.45153555174953	0.599934308455517
2.25	17.05	0.000234656638621792	0.799490100347434	-2.71778579721779e-05	9.40356482653857	0.600093862655449
2.35	17.05	0.000854778325858908	0.799432614760537	-7.38425817115873e-05	9.3555817315208	0.600341911330344
2.45	17.05	0.00178503647977396	0.799366748145407	-0.000130168303419306	9.30757824603157	0.60071401459191
2.55	17.05	0.00311876712921219	0.799291574959483	-0.000197594265017997	9.2595435701293	0.601247506851685
2.65	17.05	0.00496181325230451	0.799205728287802	-0.000277525330930652	9.21146383299616	0.601984725300922
2.75	17.05	0.00743574712124077	0.799107754363896	-0.000371319535298763	9.16332164228453	0.602974298848496
2.85	17.05	0.0106807986963496	0.798996171229734	-0.000480182548367899	9.11509554574634	0.60427231947854
2.95	17.05	0.0148596006473661	0.798869558230975	-0.000604973863515176	9.06675938869754	0.605943840258946
3.05	17.05	0.0201623478709822	0.798726679840233	-0.000745920545258196	9.01828152850538	0.608064939148393
3.15	17.05	0.0268138644572535	0.798566639086876	-0.000902224109124007	8.96962385107179	0.610725545782901
3.25	17.05	0.0350829840080892	0.79838904989277	-0.00107154431542169	8.9207405195884	0.614033193603236
3.35	17.05	0.0452944054264881	0.798194199525112	-0.00124935479521157	8.87157637586089	0.618117762170595
3.45	17.05	0.057842598990445	0.797983142290134	-0.00142819648625399	8.82206491752394	0.623137039596178
3.55	17.05	0.07320614727395	0.797757628244847	-0.00159691670097966	8.77212580570327	0.62928245890958
3.65	17.05	0.0919587923791856	0.797519744103508	-0.00174008559171068	8.7216619415871	0.636783516951674
3.75	17.05	0.114770171099131	0.797271171883434	-0.00183792872341658	8.6705563206701	0.645908068439652
3.85	17.05	0.142384915222567	0.797012131127703	-0.00186727219257539	8.61866916554056	0.656953966089027
3.95	17.05	0.175564741171591	0.796740441745647	-0.00180406720436919	8.56583626506268	0.670225896468637
4.05	17.05	0.214977651814566	0.796451687953087	-0.00162786257297591	8.51186995070536	0.685991060725826
4.15	17.05	0.261027146294025	0.796141807103856	-0.00132792229744032	8.45656451797058	0.70441085851761
4.25	17.05	0.313638397596664	0.795812769283055	-0.000909529089312623	8.39970776452023	0.725455359038666
4.35	17.05	0.372057068446107	0.795479692584629	-0.000397860329613405	8.34109919093196	0.748822827378443
4.45	17.05	0.434752513295154	0.795174681676338	0.000163312548262253	8.28057309466441	0.773901005318062
4.55	17.05	0.499515762278419	0.79494213347555	0.000719131511531245	8.21802189450634	0.799806304911367
4.65	17.05	0.56377641512714	0.794824984027137	0.00121533309127175	8.15341314930821	0.825510566050856
4.75	17.05	0.625052617905012	0.794848712273382	0.00160969482202314	8.08679461077182	0.850021047162005
4.85	17.05	0.681370007241961	0.795012585635751	0.00187902239888089	8.01828552315815	0.872548002896784
4.95	17.05	0.731503775184466	0.795292375469422	0.00201999893783203	7.94805728283185	0.892601510073786
5.05	17.05	0.774997306564014	0.795650956777958	0.00204511844928886	7.87630968896898	0.909998922625606
5.15	17.05	0.812012566925239	0.796049881668522	0.00197639178058776	7.80324898104341	0.924805026770095
5.25	17.05	0.843110624216704	0.796457144733636	0.0018392818312074	7.72907150347655	0.937244249686682
5.35	17.05	0.869044622709185	0.796850163626532	0.00165823353547495	7.65395400620018	0.947617849083674
5.45	17.05	0.890606889240261	0.797215357945304	0.00145410157113114	7.57804961684518	0.956242755696105
5.55	17.05	0.908536872587321	0.797546163284332	0.00124314993986999	7.50148772506057	0.963414749034928
5.65	17.05	0.923478035985503	0.797840782497718	0.00103709141415959	7.42437607053357	0.969391214394201
5.75	17.05	0.935966908094385	0.79810030147503	0.000843680390016522	7.34680375711293	0.974386763237754
5.85	17.05	0.946439781761845	0.798327336823132	0.000667511671265944	7.26884439771701	0.978575912704738
5.95	17.05	0.955247026500936	0.798525161374824	0.000510817989419173	7.19055897776261	0.982098810600374
6.05	17.05	0.962669102045102	0.798697185225668	0.000374164809371062	7.11199827659715	0.985067640818041
6.15	17.05	0.968931312821426	0.798846674108276	0.000257007975497978	7.03320482851166	0.987572525128571
6.25	17.05	0.974216156040399	0.798976614624348	0.000158116271650488	6.95421447233402	0.989686462416159
6.35	17.05	0.978673091143138	0.799089664804853	7.5877409177834e-05	6.87505756184018	0.991469236457255
6.45	17.05	0.982426005057374	0.799188151181311	8.51081267507448e-06	6.79575990957343	0.99297040202295
6.55	17.05	0.985578798121344	0.799274089187911	-4.57904071360789e-05	6.71634352711007	0.994231519248537
6.65	17.05	0.988219518673179	0.799349213673438	-8.87692861350634e-05	6.63682721241908	0.995287807469271
6.75	17.05	0.990423416042024	0.799415012318758	-0.000122051585110336	6.55722702311723	0.99616936641681
6.85	17.05	0.992255206772927	0.799472758247737	-0.000147117705309317	6.47755666443648	0.996902082709171
6.95	17.05	0.993770777976506	0.799523540078664	-0.000165291573044521	6.39782781286601	0.997508311190602
7.05	17.05	0.995018492348057	0.799568288729744	-0.000177740505830946	6.31805039051395	0.998007396939223
7.15	17.05	0.996040212957775	0.799607800852212	-0.000185481865490868	6.23823280090533	0.99841608518311
7.25	17.05	0.996872131013864	0.799642759044788	-0.00018939361706589	6.15838213383339	0.998748852405546
7.35	17.05	0.997545454263298	0.799673749132089	-0.000190226855303773	6.07850434470037	0.999018181705319
7.45	17.05	0.998086995357867	0.799701274836838	-0.000188619025791165	5.99860441227152	0.999234798143147
7.55	17.05	0.998519686543543	0.799725770181126	-0.000185107030024123	5.91868647773455	0.999407874617417
7.65	17.05	0.998863037991361	0.799747609935262	-0.000180139721264175	5.8387539672627	0.999545215196544
7.75	17.05	0.999133550894781	0.79976711840539	-0.000174089511870852	5.75880969982189	0.999653420357912
7.85	17.05	0.999345092313074	0.799784576819629	-0.000167262954854442	5.67885598166523	0.99973803692523
7.95	17.05	0.999509236058112	0.799800229539555	-0.000159910254868381	5.59889468876763	0.999803694423245
8.05	17.05	0.99963557227463	0.799814289292204	-0.000152233722062595	5.51892733833189	0.999854228909852
8.15	17.05	0.999731987436608	0.799826941588169	-0.000144395217328644	5.4389551504163	0.999892794974643
8.25	17.05	0.9998049160414	0.799838348464419	-0.00013652265789424	5.35897910067636	0.99992196641656
8.35	17.05	0.999859565155971	0.799848651666937	-0.000128715661638288	5.27899996516441	0.999943826062389
8.45	17.05	0.999900113028739	0.799857975367587	-0.000121050412458936	5.19901835808524	0.999960045211496
8.55	17.05	0.999929883133923	0.799866428492356	-0.000113583828033681	5.11903476335712	0.999971953253569
8.65	17.05	0.999951495198415	0.799874106723728	-0.000106357108378256	5.03904956077453	0.999980598079366
8.75	17.05	0.999966994931	0.799881094227986	-9.93987388336465e-05	4.95906304751159	0.9999867979724
8.85	17.05	0.999977964304188	0.799887465148939	-9.27270159175204e-05	4.87907545564291	0.999991185721675
8.95	17.05	0.999985614316866	0.799893284901856	-8.6352158361949e-05	4.7990869662948	0.999994245726747
9.05	17.05	0.999990862187699	0.799898611295505	-8.02780601904844e-05	4.71909772097389	0.99999634487508
9.15	17.05	0.999994394897641	0.79990349550556	-7.4503736547031e-05	4.63910783055585	0.999997757959056
9.25	17.05	0.999996720922335	0.799907982919062	-6.90245076726572e-05	4.55911738235442	0.999998688368934
9.35	17.05	0.999998211880747	0.799912113866482	-6.38329610955729e-05	4.47912644563158	0.999999284752299
9.45	17.05	0.999999135685666	0.799915924256105	-5.89197271884907e-05	4.39913507585547	0.999999654274266
9.55	17.05	0.999999682624355	0.799919446123159	-5.4274098675266e-05	4.31914331796279	0.999999873049742
9.65	17.05	0.999999985632811	0.799922708104855	-4.98845205995545e-05	4.23915120883806	0.999999994253124
9.75	17.05	1.00000013586234	0.799925735851051	-4.57389734175769e-05	4.1591587791838	1.00000005434494
9.85	17.05	1.00000019447833	0.799928552379297	-4.18252685948553e-05	4.07916605492163	1.00000007779133
9.95	17.05	1.00000020148283	0.799931178381592	-3.81312730960813e-05	3.99917305823644	1.00000008059313
10.05	17.05	1.00000018221731	0.799933632489929	-3.46450764485603e-05	3.91917980835161	1.00000007288692
10.15	17.05	1.00000015208214	0.799935931506177	-3.13551118872901e-05	3.83918632210395	1.00000006083285
10.25	17.05	1.0000001199045	0.799938090601568	-2.82502410933732e-05	3.75919261437093	1.0000000479618
10.35	17.05	1.0000000902973	0.799940123490247	-2.53198102351552e-05	3.67919869839021	1.00000003611892
10.45	17.05	1.00000006527661	0.79994204258065	-2.25536838176402e-05	3.59920458600124	1.00000002611064
10.55	17.05	1.00000004534363	0.799943859107985	-1.99422613570136e-05	3.51921028783096	1.00000001813745
10.65	17.05	1.0000000301871	0.799945583250672	-1.74764811509835e-05	3.43921581343971	1.00000001207484
10.75	17.05	1.00000001912237	0.799947224233095	-1.51478144136197e-05	3.35922117143865	1.00000000764895
10.85	17.05	1.00000001135198	0.799948790416552	-1.29482524076212e-05	3.27922636958705	1.00000000454079
10.95	17.05	1.00000000610905	0.799950289380295	-1.0870288665293e-05	3.19923141487485	1.00000000244362
11.05	17.05	1.00000000272608	0.799951727993779	-8.90689790878989e-06	3.11923631359455	1.00000000109043
11.15	17.05	1.00000000065885	0.799953112481596	-7.05151292808583e-06	3.03924107140491	1.00000000026354
11.25	17.05	0.999999999484996	0.799954448481821	-5.29800028866198e-06	2.95924569338832	0.999999999793998
11.35	17.05	0.999999998890019	0.799955741098715	-3.64063575897905e-06	2.87925018410295	0.999999999556007
11.45	17.05	0.999999998648626	0.799956994950464	-2.07407980438776e-06	2.79925454763049	0.999999999459451
11.55	17.05	0.999999998606093	0.799958214212488	-5.93353665603447e-07	2.71925878761987	0.999999999442437
11.65	17.05	0.999999998662093	0.79995940265678	8.06183766702652e-07	2.63926290732758	0.999999999464837
11.75	17.05	0.999999998758034	0.799960563687795	2.12885811067903e-06	2.55926690965459	0.999999999503214
11.85	17.05	0.999999998867921	0.799961700375047	3.3787004531849e-06	2.47927079718025	0.999999999547168
11.95	17.05	0.999999998991938	0.799962815482946	4.55946725952669e-06	2.39927457219326	0.999999999596775
12.05	17.05	0.99999999915126	0.799963911497854	5.67465894966324e-06	2.31927823672007	0.999999999660504
12.15	17.05	0.999999999381848	0.799964990652856	6.72753734709312e-06	2.23928179255078	0.999999999752739
12.25	17.05	0.999999999724504	0.799966054950316	7.72114191287876e-06	2.1592852412629	0.999999999889801
12.35	17.05	1.00000000020823	0.799967106182576	8.65830479126182e-06	2.07928858424343	1.00000000008329
12.45	17.05	1.00000000082464	0.799968145950961	9.54166478607577e-06	1.99929182270956	1.00000000032986
12.55	17.05	1.00000000149319	0.799969175683543	1.03736802290452e-05	1.91929495772856	1.00000000059728
12.65	17.05	1.00000000202118	0.799970196651863	1.11566408250441e-05	1.83929799023716	1.00000000080847
12.75	17.05	1.00000000206916	0.799971209987066	1.18926785698396e-05	1.75930092106063	1.00000000082766
12.85	17.05	1.00000000114117	0.799972216695534	1.25837777525492e-05	1.6793037509312	1.00000000045647
12.95	17.05	0.999999998629922	0.799973217674038	1.32317842345581e-05	1.59930648050459	0.999999999451969
13.05	17.05	0.999999993954667	0.799974213723893	1.38384140076221e-05	1.51930911037254	0.999999997581867
13.15	17.05	0.999999986830974	0.79997520556301	1.44052613134918e-05	1.43931164106767	0.99999999473239
13.25	17.05	0.999999977696647	0.799976193833828	1.49338063355254e-05	1.35931407305634	0.999999991078659
13.35	17.05	0.999999968278041	0.799977179104456	1.54254226975816e-05	1.27931640671464	0.999999987311217
13.45	17.05	0.999999962205495	0.799978161859836	1.58813847318384e-05	1.19931864228483	0.999999984882198
13.55	17.05	0.999999965470502	0.799979142480327	1.63028744771749e-05	1.11932077981367	0.999999986188201
13.65	17.05	0.999999986367249	0.799980121207267	1.66909880784251e-05	1.03932281908389	0.999999994546899
13.75	17.05	1.00000003440502	0.799981098099855	1.70467409471562e-05	0.959324759563166	1.00000001376201
13.85	17.05	1.00000011757549	0.799982072995649	1.73710708359161e-05	0.879326600413788	1.0000000470302
13.95	17.05	1.00000023740994	0.799983045497961	1.76648376156595e-05	0.799328340624465	1.00000009496397
14.05	17.05	1.00000038160486	0.799984015026348	1.79288186881172e-05	0.7193299793388	1.00000015264194
14.15	17.05	1.00000051479231	0.79998498097723	1.81636993382307e-05	0.63933151644899	1.00000020591692
14.25	17.05	1.00000056942022	0.799985943044158	1.83700585348543e-05	0.559332953482846	1.00000022776809
14.35	17.05	1.00000044072008	0.799986901731159	1.85483526792532e-05	0.47933429471711	1.00000017628803
14.45	17.05	0.999999992172289	0.799987859045436	1.86989026486607e-05	0.399335548283879	0.999999996868915
14.55	17.05	0.999999080142092	0.799988819264987	1.88218929092225e-05	0.319336726795611	0.999999632056837
14.65	17.05	0.99999760731013	0.799989789535068	1.89173945007218e-05	0.239337846721372	0.999999042924052
14.75	17.05	0.999995612381109	0.7999907801436	1.89854251042995e-05	0.159338925473037	0.999998244952443
14.85	17.05	0.999993395986435	0.799992695066563	1.90260512607893e-05	0.0793399749850415	0.999997358394574
14.95	17.05	0.999991667225222	0.399990327243591	1.90415762875374e-05	-0.000659187815582248	0.999996666890089
0.05	17.15	-4.63922669240638e-06	0.39999465344717	0.000139410758888234	10.4592493489166	0.599998144309323
0.15	17.15	-5.18546554238641e-06	0.799984204061829	0.000139954595832025	10.411250138962	0.599997925813783
0.25	17.15	-5.49800387667617e-06	0.799973636997953	0.000141019109694645	10.3632515763099	0.599997800798449
0.35	17.15	-4.82077148988221e-06	0.799962825363993	0.00014257227435151	10.3152536544121	0.599998071691404
0.45	17.15	-2.38195755132564e-06	0.799951681261529	0.000144569172239626	10.2672563458222	0.599999047216979
0.55	17.15	2.53804263302704e-06	0.79994008184528	0.000146949707426765	10.2192596051495	0.600001015217053
0.65	17.15	1.04556463447306e-05	0.799927885352137	0.000149636392481073	10.1712633736425	0.600004182258538
0.75	17.15	2.14987389642492e-05	0.799914937803218	0.000152529138034446	10.1232675898822	0.600008599495586
0.85	17.15	3.53760482173474e-05	0.799900839843808	0.000155497414288104	10.075272205421	0.600014150419287
0.95	17.15	4.96435294841866e-05	0.799885411059004	0.000158391037400136	10.0272772254141	0.600019857411794
1.05	17.15	5.97190175222873e-05	0.79986846898042	0.000160974963933752	9.97928277947445	0.600023887607009
1.15	17.15	5.93759425298869e-05	0.799849875733538	0.000162959997467189	9.93128918787086	0.600023750377012
1.25	17.15	4.20678960953516e-05	0.799829424553927	0.00016407277832278	9.88329699517418	0.600016827158438
1.35	17.15	2.10043430889148e-06	0.799806907417574	0.000164011630909373	9.83530696529993	0.600000840173724
1.45	17.15	-6.36479261934754e-05	0.799782080882215	0.000162443724808936	9.78732003204743	0.599974540829523
1.55	17.15	-0.000153566261037869	0.799754615051482	0.000159006025749875	9.73933718812233	0.599938573495585
1.65	17.15	-0.000259055357752516	0.799724029618379	0.000153305872988712	9.69135930364986	0.599896377856899
1.75	17.15	-0.000362658748790179	0.799689619037091	0.000144922278829081	9.64338687858618	0.599854936500484
1.85	17.15	-0.000437182892045641	0.799650365795876	0.000133413932877755	9.59541975072682	0.599825126843182
1.95	17.15	-0.00044658940649087	0.799604801212594	0.000118352558586591	9.54745680238595	0.599821364237404
2.05	17.15	-0.000350223433354068	0.799550578142979	9.93997946903267e-05	9.49949574241459	0.599859910626658
2.15	17.15	-0.000115075091504278	0.799488388260804	7.62402203770315e-05	9.45153313495941	0.599953969963398
2.25	17.15	0.000296812086752366	0.799418218888849	4.7093867326993e-05	9.40356449617418	0.600118724834701
2.35	17.15	0.000940870007480745	0.79933971113576	1.06420269623798e-05	9.35558396680078	0.600376348002992
2.45	17.15	0.00189952942979975	0.799249320484994	-3.35012103806734e-05	9.30758356513666	0.60075981177192
2.55	17.15	0.00326723747786706	0.799145126542459	-8.66727604119482e-05	9.25955259282613	0.601306894991147
2.65	17.15	0.0051516361914027	0.799024977768277	-0.000150173592883875	9.21147727050359	0.602060654476561
2.75	17.15	0.00767622976748852	0.798886551726966	-0.000225216489516256	9.16334029293188	0.603070491906995
2.85	17.15	0.0109834715560021	0.798727459049001	-0.000312870423780937	9.11512028968839	0.604393388622401
2.95	17.15	0.0152387083326475	0.798545354155921	-0.000413914524804636	9.06679117416337	0.606095483333059
3.05	17.15	0.0206355237112017	0.798338083403087	-0.000528603417777323	9.01832134356734	0.608254209484481
3.15	17.15	0.0274029847079947	0.798103883802852	-0.000656339923056157	8.96967267456992	0.610961193883198
3.25	17.15	0.0358151957127761	0.797841630186476	-0.000795244903137638	8.9207992436143	0.61432607828511
3.35	17.15	0.0462032930868484	0.797551108136449	-0.000941621177349252	8.87164569101686	0.618481317234739
3.45	17.15	0.0589693852496882	0.797233258629875	-0.00108933403107412	8.82214515204521	0.623587754099875
3.55	17.15	0.0746006905341989	0.796890299878225	-0.0012291829712984	8.77221671199988	0.62984027621368
3.65	17.15	0.0936799254521588	0.796525598757175	-0.00134842687007924	8.72176243117649	0.637471970180864
3.75	17.15	0.116884610391782	0.796143181944521	-0.00143074746589814	8.67066416391913	0.646753844156713
3.85	17.15	0.144963607132268	0.795746922285496	-0.0014570658963615	8.61878069897904	0.657985442852907
3.95	17.15	0.178675277701137	0.795339787228247	-0.0014076792522495	8.56594618621584	0.671470111080455
4.05	17.15	0.218671661482599	0.7949240503304	-0.00126600590791661	8.51197132045582	0.68746866459304
4.15	17.15	0.265322900584768	0.794503664487415	-0.00102365356810804	8.45664911170739	0.706129160233907
4.25	17.15	0.318501633088856	0.794089288083645	-0.000685557803711177	8.3997668799614	0.727400653235542
4.35	17.15	0.377386589227549	0.79370415979442	-0.000273009229932544	8.34112489895007	0.75095463569102
4.45	17.15	0.440379176423998	0.793386200978877	0.00017765535379678	8.2805597169811	0.776151670569599
4.55	17.15	0.50522075238627	0.79318164647133	0.000621429521387493	8.21796729457967	0.802088300954508
4.65	17.15	0.569326465988688	0.793130555766531	0.00101428296079471	8.15331937387442	0.827730586395475
4.75	17.15	0.63024053206708	0.793251559811855	0.00132241742575843	8.08666761134192	0.852096212826832
4.85	17.15	0.686045672465403	0.793534968963633	0.00152774976521175	8.01813404469007	0.874418268986161
4.95	17.15	0.735586562165653	0.793947483175455	0.00162838016323219	7.94789131739284	0.894234624866261
5.05	17.15	0.778470410353531	0.794444123813117	0.00163513558078378	7.87613897960784	0.911388164141412
5.15	17.15	0.814906542613141	0.7949803187637	0.00156639764130601	7.80308192399651	0.925962617045257
5.25	17.15	0.845484350219417	0.795519635165921	0.00144318372735987	7.72891456925271	0.938193740087767
5.35	17.15	0.870969160705171	0.796036506650511	0.00128555160590702	7.65381161659643	0.948387664282069
5.45	17.15	0.892154303993618	0.796515524959721	0.00111054720567454	7.57792432960023	0.956861721597447
5.55	17.15	0.909773775052263	0.796949196331075	0.000931420367159107	7.50138057431591	0.963909510020905
5.65	17.15	0.924462646912578	0.797335472660225	0.000757675831947907	7.42428694877269	0.969785058765031
5.75	17.15	0.936748345591379	0.797675680515673	0.000595567255299276	7.34673176973887	0.974699338236552
5.85	17.15	0.947058556078213	0.797973012684466	0.000448754917305916	7.2687881582744	0.978823422431285
5.95	17.15	0.9557360710236	0.79823152719384	0.000318960652438952	7.1905168357905	0.98229442840944
6.05	17.15	0.963054951436342	0.798455530145485	0.000206538405485197	7.11196848305501	0.985221980574537
6.15	17.15	0.969235230082551	0.798649221474898	0.000110932654780113	7.03318564917814	0.98769409203302
6.25	17.15	0.974455124569804	0.798816509351019	3.10263652570374e-05	6.95420426069346	0.989782049827922
6.35	17.15	0.978860649495026	0.79896092743096	-3.46065521201316e-05	6.87505480195568	0.991544259798011
6.45	17.15	0.9825729316714	0.799085612036339	-8.75253102245909e-05	6.79576323762373	0.99302917266856
6.55	17.15	0.985693665040347	0.799193312461145	-0.000129304620032708	6.71635173834265	0.994277466016139
6.65	17.15	0.988309135978252	0.799286418237332	-0.000161459847253306	6.63683925855846	0.995323654391301
6.75	17.15	0.990493187367817	0.79936699385971	-0.000185402612530639	6.55724200387005	0.996197274947127
6.85	17.15	0.992309413410609	0.799436815549458	-0.00020241745748885	6.47757381565332	0.996923765364244
6.95	17.15	0.993812805969552	0.799497407075478	-0.000213652673748306	6.39784649311196	0.997525122387821
7.05	17.15	0.995051014161873	0.799550073094718	-0.000220120338713654	6.31807006721219	0.998020405664749
7.15	17.15	0.99606533292779	0.799595929314459	-0.000222702072696723	6.23825303679904	0.998426133171116
7.25	17.15	0.996891501855722	0.799635929265292	-0.000222158113623151	6.158402574218	0.998756600742289
7.35	17.15	0.997560370408245	0.799670887747465	-0.00021913808452864	6.07852470567688	0.999024148163298
7.45	17.15	0.998098467684829	0.799701501161885	-0.000214192380242755	5.99862447013623	0.999239387073932
7.55	17.15	0.998528502148449	0.799728365009569	-0.000207783484988378	5.91870605953132	0.99941140085938
7.65	17.15	0.998869807905997	0.799751988870958	-0.000200296797123104	5.83877294246747	0.999547923162399
7.75	17.15	0.999138748095447	0.799772809176572	-0.000192050717178015	5.7588279730952	0.999655499238179
7.85	17.15	0.999349081907241	0.79979120006479	-0.000183305875223799	5.67887348658943	0.999739632762896
7.95	17.15	0.99951229917751	0.799807482597939	-0.000174273452070986	5.5989113824771	0.999804919671004
8.05	17.15	0.999637924914845	0.799821932579592	-0.000165122599147841	5.51894319694226	0.999855169965938
8.15	17.15	0.999733795250338	0.799834787185467	-0.000155986992836629	5.4389701651612	0.999893518100135
8.25	17.15	0.999806305903396	0.799846250592179	-0.000146970577059675	5.3589932746648	0.999922522361358
8.35	17.15	0.999860634163129	0.799856498760594	-0.000138152557654213	5.27901331067846	0.999944253665252
8.45	17.15	0.999900935472172	0.799865683506293	-0.000129591716061291	5.19903089434434	0.999960374188869
8.55	17.15	0.999930515875844	0.799873935968766	-0.000121330110163951	5.11904651468285	0.999972206350338
8.65	17.15	0.999951981801217	0.799881369572114	-0.000113396228455977	5.03906055509668	0.999980792720487
8.75	17.15	0.999967368815866	0.79988808255475	-0.000105807660741617	4.95907331516313	0.999986947526346
8.85	17.15	0.999978251159301	0.799894160133083	-9.85733437321057e-05	4.87908502839807	0.99999130046372
8.95	17.15	0.999985833928678	0.799899676352779	-9.16954364963417e-05	4.79909587661015	0.999994333571471
9.05	17.15	0.999991029831013	0.799904695673201	-8.51708751064664e-05	4.71910600139788	0.999996411932405
9.15	17.15	0.999994522390021	0.799909274323121	-7.89926515814757e-05	4.63911551327718	0.999997808956008
9.25	17.15	0.99999681742416	0.799913461460305	-7.31508574510525e-05	4.55912449886378	0.999998726969664
9.35	17.15	0.99999828450323	0.799917300162308	-6.76335278003124e-05	4.47913302647542	0.999999313801292
9.45	17.15	0.999999189954157	0.799920828272728	-6.24273172304061e-05	4.39914115046372	0.999999675981663
9.55	17.15	0.999999722832708	0.799924079122991	-5.75180356257444e-05	4.31914891453536	0.999999889133083
9.65	17.15	1.00000001511568	0.799927082147632	-5.28910674243258e-05	4.2391563542778	1.00000000604627
9.75	17.15	1.00000015720546	0.799929863408469	-4.85316951018262e-05	4.15916349906539	1.00000006288218
9.85	17.15	1.00000020968182	0.799932446040826	-4.44253444917886e-05	4.07917037348816	1.00000008387273
9.95	17.15	1.00000021208859	0.79993485063361	-4.05577666792488e-05	3.99917699841674	1.00000008483544
10.05	17.15	1.00000018940891	0.799937095552928	-3.69151690636249e-05	3.91918339179283	1.00000007576356
10.15	17.15	1.00000015676337	0.799939197218264	-3.34843060373856e-05	3.83918956921506	1.00000006270535
10.25	17.15	1.00000012276132	0.799941170338145	-3.0252537715822e-05	3.75919554437362	1.00000004910453
10.35	17.15	1.00000009184665	0.799943028111979	-2.72078640100305e-05	3.67920132937446	1.00000003673866
10.45	17.15	1.00000006590499	0.799944782403286	-2.43389395670018e-05	3.59920693498352	1.00000002636199
10.55	17.15	1.00000004533739	0.799946443888845	-2.1635074402222e-05	3.51921237081335	1.00000001813496
10.65	17.15	1.00000002975628	0.799948022187725	-1.90862238317376e-05	3.43921764546886	1.00000001190251
10.75	17.15	1.00000001841921	0.799949525973226	-1.66829706960431e-05	3.35922276666362	1.00000000736768
10.85	17.15	1.0000000104854	0.799950963070592	-1.4416502220825e-05	3.27922774131535	1.00000000419416
10.95	17.15	1.00000000515574	0.799952340542661	-1.22785833210953e-05	3.19923257562637	1.0000000020623
11.05	17.15	1.00000000173901	0.799953664765207	-1.02615277323288e-05	3.119237275153	1.0000000006956
11.15	17.15	0.999999999673752	0.799954941493736	-8.35816802511407e-06	3.03924184486662	0.999999999869501
11.25	17.15	0.9999999985252	0.79995617592276	-6.56182545281903e-06	2.95924628920838	0.99999999941008
11.35	17.15	0.999999997970063	0.799957372738723	-4.86627998505547e-06	2.87925061213858	0.999999999188025
11.45	17.15	0.999999997776924	0.799958536167486	-3.26574117505755e-06	2.79925481718174	0.99999999911077
11.55	17.15	0.99999999778687	0.799959670016947	-1.75482003792839e-06	2.71925890746783	0.999999999114748
11.65	17.15	0.99999999789678	0.7999607777155	-3.28502207059386e-07	2.63926288576994	0.999999999158712
11.75	17.15	0.999999998046272	0.799961862346808	1.01787753984824e-06	2.55926675453895	0.999999999218509
11.85	17.15	0.999999998208258	0.799962926681227	2.28865933846662e-06	2.47927051593508	0.999999999283303
11.95	17.15	0.999999998382341	0.799963973204342	3.48788073822055e-06	2.39927417185687	0.999999999352936
12.05	17.15	0.99999999858944	0.799965004142824	4.61929784881884e-06	2.31927772396745	0.999999999435776
12.15	17.15	0.999999998865492	0.799966021487858	5.6864049669355e-06	2.23928117371867	0.999999999546197
12.25	17.15	0.999999999251387	0.799967027016533	6.69245282167987e-06	2.15928452237313	0.999999999700555
12.35	17.15	0.999999999776233	0.799968022311302	7.6404655296541e-06	2.07928777102462	0.999999999910493
12.45	17.15	1.00000000043165	0.799969008777857	8.53325621319633e-06	1.99929092061738	1.00000000017266
12.55	17.15	1.00000000113689	0.799969987661832	9.37344139375967e-06	1.91929397196462	1.00000000045476
12.65	17.15	1.00000000169876	0.799970960064508	1.01634542956531e-05	1.83929692576659	1.0000000006795
12.75	17.15	1.00000000177688	0.799971926957968	1.09055570064485e-05	1.7592997826286	1.00000000071075
12.85	17.15	1.00000000087409	0.799972889199868	1.16018516933004e-05	1.67930254307828	1.00000000034963
12.95	17.15	0.999999998381696	0.799973847547748	1.22542909301619e-05	1.59930520758119	0.999999999352678
13.05	17.15	0.99999999371789	0.799974802672426	1.28646872824743e-05	1.51930777655241	0.999999997487156
13.15	17.15	0.99999998659822	0.799975755169299	1.34347222737241e-05	1.43931025036058	0.999999994639288
13.25	17.15	0.999999977462571	0.799976705565623	1.3965954890943e-05	1.35931262931988	0.999999990985028
13.35	17.15	0.999999968042702	0.799977654320981	1.44598298003394e-05	1.27931491366534	0.999999987217081
13.45	17.15	0.999999961978754	0.799978601817824	1.49176852082896e-05	1.1993171035084	0.999999984791502
13.55	17.15	0.999999965276829	0.799979548339432	1.5340760427649e-05	1.11931919877461	0.999999986110732
13.65	17.15	0.999999986249481	0.799980494034887	1.57302027070081e-05	1.03932119913437	0.999999994499792
13.75	17.15	1.00000003442466	0.799981438875374	1.60870728909048e-05	0.959323103951412	1.00000001376986
13.85	17.15	1.00000011780626	0.799982382614188	1.64123489444879e-05	0.879324912292114	1.00000004712251
13.95	17.15	1.00000023792086	0.799983324773703	1.67069263728367e-05	0.799326623057305	1.00000009516834
14.05	17.15	1.00000038242967	0.799984264695645	1.69716144341712e-05	0.71932823531116	1.00000015297187
14.15	17.15	1.00000051588435	0.799985201701697	1.72071276324212e-05	0.639329748875817	1.00000020635374
14.25	17.15	1.00000057059662	0.799986135414034	1.74140729412029e-05	0.559331165219755	1.00000022823865
14.35	17.15	1.00000044160649	0.7999870662692	1.75929351993516e-05	0.479332488572645	1.0000001766426
14.45	17.15	0.999999992169236	0.799987996211478	1.77440656967014e-05	0.399333727032998	0.999999996867694
14.55	17.15	0.999999078444465	0.799988929461031	1.78676820797948e-05	0.319334893193196	0.999999631377786
14.65	17.15	0.999997603019248	0.799989873110284	1.79638904661151e-05	0.239336003513439	0.999999041207699
14.75	17.15	0.999995604748648	0.799990837395164	1.80327416476571e-05	0.159337075402073	0.999998241899459
14.85	17.15	0.99999338481488	0.79999272719665	1.80743251362177e-05	0.0793381207854478	0.999997353925952
14.95	17.15	0.999991653413398	0.399990329898937	1.80907281895483e-05	-0.000661043624680762	0.999996661365359
0.05	17.25	-4.63922091792522e-06	0.399994946511668	0.00014962546750691	10.4592406691373	0.599998144311633
0.15	17.25	-5.20499031485044e-06	0.799985084956762	0.00015025823556595	10.411241424015	0.599997918003874
0.25	17.25	-5.56090423333792e-06	0.799975093626507	0.000151511873432386	10.3632427920733	0.599997775638307
0.35	17.25	-4.95588531668496e-06	0.799964835355075	0.000153354948642968	10.315244768696	0.599998017645873
0.45	17.25	-2.62008320998718e-06	0.799954211445247	0.000155747111731553	10.2672473290345	0.599998951966716
0.55	17.25	2.17166742228387e-06	0.799943084127142	0.000158638428759146	10.2192504310512	0.600000868666969
0.65	17.25	9.95273687739173e-06	0.799931291825969	0.000161971945011222	10.1712540200272	0.600003981094751
0.75	17.25	2.08617100336122e-05	0.799918641047565	0.000165683706386523	10.1232580391881	0.600008344684013
0.85	17.25	3.43786419940065e-05	0.799904827095854	0.000169671122235419	10.0752624481761	0.600013751456798
0.95	17.25	4.85699717273114e-05	0.799889370701227	0.000173816729487135	10.0272672600654	0.600019427988691
1.05	17.25	5.83727084606586e-05	0.799872276172596	0.000177950817842243	9.97927261575557	0.600023349083384
1.15	17.25	5.77471504886863e-05	0.799853277880298	0.000181851807591676	9.9312788517916	0.600023098860195
1.25	17.25	4.03059438701656e-05	0.799832091005579	0.000185320416666614	9.88328652740583	0.600016122377548
1.35	17.25	4.98520088942571e-07	0.799808411006232	0.000188151510534148	9.83529642197957	0.600000199408036
1.45	17.25	-6.46307825420484e-05	0.79978187855696	0.000190120113186574	9.78730948634701	0.599974147686983
1.55	17.25	-0.00015326638763925	0.799752025210707	0.000190975831344548	9.73932673196656	0.599938693444944
1.65	17.25	-0.000256555065536077	0.799718204352639	0.000190438625122297	9.69134904951355	0.599897377973786
1.75	17.25	-0.000356727869836833	0.799679511444635	0.000188192239522244	9.64337696138029	0.599857308852065
1.85	17.25	-0.000426225198916937	0.799634696030069	0.000183869625827363	9.59541032978529	0.599829509920433
1.95	17.25	-0.000428636230622804	0.799582043289155	0.000177023831331744	9.54744806403296	0.599828545507751
2.05	17.25	-0.000322742250342853	0.799519194837631	0.000167140946843229	9.49948790320908	0.599870903099863
2.15	17.25	-7.13934072409471e-05	0.799444124578618	0.000154245245272428	9.45152640398642	0.599971442637104
2.25	17.25	0.00035128185794339	0.79936238411551	0.000137323656577708	9.40355917451914	0.600140512743177
2.35	17.25	0.00101265838036715	0.799267936138718	0.000115078321602673	9.35558045404092	0.600405063352147
2.45	17.25	0.00199383062493578	0.799158246309529	8.71635089204732e-05	9.30758227163366	0.600797532249974
2.55	17.25	0.00338922982008935	0.799030899201468	5.27560201669695e-05	9.25955399388252	0.601355691928036
2.65	17.25	0.00530741524149085	0.798883223853667	1.08888264321987e-05	9.21148191608769	0.602122966096596
2.75	17.25	0.00787323251638524	0.798712292750218	-3.94159730195738e-05	9.1633488069393	0.603149293006554
2.85	17.25	0.0112308187691689	0.798515047045802	-9.90533994849197e-05	9.11513336548223	0.604492327507668
2.95	17.25	0.0155476235654171	0.798288440457547	-0.000168710822045043	9.06680956341697	0.606219049426167
3.05	17.25	0.0210198724493097	0.798029618594611	-0.000248692659502787	9.01834583393277	0.608407948979724
3.15	17.25	0.0278799466126066	0.797736159101796	-0.000338682191245686	8.96970405109499	0.611151978645043
3.25	17.25	0.0364060686397346	0.797406380974307	-0.000437429782761265	8.92083822790562	0.614562427455894
3.35	17.25	0.046934400521148	0.797039707279402	-0.000542364728138145	8.87169285126498	0.618773760208459
3.45	17.25	0.0598730014062525	0.796637031749009	-0.000649147777336892	8.82220077698146	0.623949200562501
3.55	17.25	0.0757157909440827	0.796200996125581	-0.000751219999904288	8.7722806438792	0.630286316377633
3.65	17.25	0.0950523962580581	0.795736046349065	-0.000839467578059486	8.72183385884376	0.638020958503223
3.75	17.25	0.118566301005637	0.795248144173001	-0.000902211048774942	8.67074138934737	0.647426520402255
3.85	17.25	0.147009329559998	0.794744143290598	-0.000925819711089097	8.61886091156566	0.658803731823999
3.95	17.25	0.181136687295664	0.794231173491246	-0.000896284693937893	8.56602530836962	0.672454674918266
4.05	17.25	0.221587205163145	0.793716867066072	-0.000801945724890131	8.51204401898476	0.688634882065258
4.15	17.25	0.268704122075254	0.793211525653563	-0.000637139894850002	8.45670908470194	0.707481648830101
4.25	17.25	0.322318338861706	0.792732586882111	-0.000405840104937838	8.39980749996699	0.728927335544682
4.35	17.25	0.381556146582173	0.792309488479002	-0.000123700661993115	8.34114019485287	0.752622458632869
4.45	17.25	0.444766636680854	0.791984411944732	0.000183055965239833	8.28054551757984	0.777906654672341
4.55	17.25	0.509654093574693	0.791804666731894	0.000482355323612866	8.21792220665584	0.803861637429877
4.65	17.25	0.573624620405595	0.791807737938656	0.000743215417658542	8.15324523912556	0.829449848162238
4.75	17.25	0.634244767173283	0.792006714057385	0.000942272862039749	8.08656924582319	0.853697906869313
4.85	17.25	0.689642897088406	0.792384881390097	0.00106752353896539	8.01801834512867	0.875857158835362
4.95	17.25	0.738717931937433	0.792901950793825	0.00111847895790235	7.94776605248266	0.895487172774973
5.05	17.25	0.781126137596551	0.793506958312819	0.00110358078465334	7.87601164076581	0.912450455038621
5.15	17.25	0.817112742391286	0.794150691704033	0.00103646485798817	7.8029588963556	0.926845096956514
5.25	17.25	0.847288251418976	0.794793368686088	0.000932459325711296	7.72880070673706	0.93891530056759
5.35	17.25	0.872426756983937	0.795407160672126	0.000806052214016597	7.65371016639579	0.948970702793575
5.45	17.25	0.893321899217009	0.79597526630148	0.000669464690923648	7.57783708927991	0.957328759686804
5.55	17.25	0.910703160583358	0.796489476485949	0.00053212405636115	7.50130816453205	0.964281264233343
5.65	17.25	0.92519895385429	0.796947543076726	0.000400725384740733	7.42422911445932	0.970079581541716
5.75	17.25	0.937329571409226	0.797350969412248	0.00027960289039637	7.34668765778166	0.974931828563691
5.85	17.25	0.94751599140997	0.797703385056436	0.000171213369086212	7.26875654782762	0.979006396563988
5.95	17.25	0.956095120084976	0.798009449188681	7.66143094808602e-05	7.19049631558851	0.982438048033991
6.05	17.25	0.963336054365131	0.798274158371941	-4.12062806577261e-06	7.11195757984695	0.985334421746053
6.15	17.25	0.969454739814563	0.798502436170765	-7.15680138532092e-05	7.03318291549631	0.987781895925825
6.25	17.25	0.974626076676214	0.798698907762712	-0.00012670139439246	6.95420833096143	0.989850430670486
6.35	17.25	0.978993409442182	0.798867790735073	-0.000170707444316227	6.87506442512624	0.991597363776873
6.45	17.25	0.982675725875306	0.799012856128112	-0.00020485778872456	6.79577729311636	0.993070290350123
6.55	17.25	0.985773010675117	0.79913743024618	-0.000230423309224772	6.71636924055499	0.994309204270047
6.65	17.25	0.988370186361983	0.799244418828785	-0.00024861969394096	6.63685935389636	0.995348074544793
6.75	17.25	0.990540008602123	0.799336342325941	-0.000260575279987721	6.55726396315429	0.996216003440849
6.85	17.25	0.992345205722137	0.799415375531154	-0.000267314369034811	6.47759702391824	0.996938082288855
6.95	17.25	0.993840080814008	0.799483387628472	-0.000269750982715441	6.39787043818032	0.997536032325603
7.05	17.25	0.995071735989731	0.799541980437329	-0.000268689431620139	6.31809432796975	0.998028694395892
7.15	17.25	0.99608103269619	0.799592523698795	-0.000264829138971579	6.23827727176249	0.998432413078476
7.25	17.25	0.996903367906129	0.799636186893351	-0.000258771945988939	6.15842651075866	0.998761347162451
7.35	17.25	0.997569321169972	0.799673967468508	-0.000251030694117568	6.07854813010229	0.999027728467989
7.45	17.25	0.998105209755234	0.799706715584171	-0.000242038282644134	5.99864721872383	0.999242083902093
7.55	17.25	0.99853357658917	0.79973515561053	-0.000232156682958151	5.91872801053656	0.999413430635668
7.65	17.25	0.99887362703675	0.799759904677397	-0.000221685585640088	5.83879400908295	0.9995494508147
7.75	17.25	0.999141624627143	0.799781488596335	-0.000210870490155237	5.75884809730922	0.999656649850857
7.85	17.25	0.999351251907212	0.799800355475631	-0.000199910136241384	5.67889263387658	0.999740500762885
7.95	17.25	0.999513940080307	0.799816887330963	-0.000188963235580337	5.5989295372457	0.999805576032123
8.05	17.25	0.99963916956673	0.799831409968732	-0.000178154500958637	5.51896035866131	0.999855667826692
8.15	17.25	0.999734742792377	0.799844201390681	-0.000167579994456068	5.43898634509084	0.999893897116951
8.25	17.25	0.999807030147982	0.799855498937708	-0.000157311831198138	5.35900849311767	0.999922812059193
8.35	17.25	0.99986118999542	0.799865505361694	-0.000147402283767818	5.27902759474424	0.999944475998168
8.45	17.25	0.999901363705979	0.799874393987916	-0.00013788733664235	5.1990442760153	0.999960545482392
8.55	17.25	0.999930846909374	0.799882313105565	-0.00012878974170077	5.11905902932381	0.99997233876375
8.65	17.25	0.999952238348568	0.799889389703335	-0.000120121625263573	5.03907224020889	0.999980895339427
8.75	17.25	0.999967567933027	0.799895732648731	-0.000111886695669855	4.95908420939691	0.999987027173211
8.85	17.25	0.999978405736597	0.79990143539388	-0.000104082098215043	4.87909517077457	0.999991362294639
8.95	17.25	0.999985953783548	0.799906578278384	-9.66999607828459e-05	4.79910530591758	0.999994381513419
9.05	17.25	0.999991122504298	0.799911230487973	-8.97286709240785e-05	4.71911475573207	0.999996449001719
9.15	17.25	0.999994593724433	0.799915451719699	-8.31539212496521e-05	4.63912362970063	0.999997837489773
9.25	17.25	0.9999968719842	0.799919293596095	-7.69595565756946e-05	4.55913201316107	0.99999874879368
9.35	17.25	0.999998325880672	0.799922800864992	-7.11282529968064e-05	4.47913997298624	0.999999330352269
9.45	17.25	0.99999922099155	0.799926012416373	-6.56420554579663e-05	4.39914756197776	0.99999968839662
9.55	17.25	0.99999974578843	0.799928962142921	-6.04827972496965e-05	4.3191548222359	0.999999898315372
9.65	17.25	1.00000003178741	0.799931679667776	-5.56324218546029e-05	4.23916178772312	1.00000001271497
9.75	17.25	1.00000016902407	0.799934190959239	-5.10732247328613e-05	4.15916848619905	1.00000006760963
9.85	17.25	1.00000021778392	0.799936518849519	-4.67880300814525e-05	4.07917494067087	1.00000008711357
9.95	17.25	1.00000021737368	0.799938683472663	-4.27603153780249e-05	3.99918117047388	1.00000008694947
10.05	17.25	1.00000019258504	0.799940702633971	-3.89742942530886e-05	3.91918719207305	1.00000007703402
10.15	17.25	1.00000015838412	0.799942592121942	-3.54149666968231e-05	3.83919301965612	1.00000006335365
10.25	17.25	1.00000012325595	0.799944365972001	-3.20681439635228e-05	3.75919866557261	1.00000004930238
10.35	17.25	1.00000009154493	0.799946036689817	-2.89204540506138e-05	3.67920414066015	1.00000003661797
10.45	17.25	1.00000006505748	0.799947615440839	-2.59593326597939e-05	3.5992094544891	1.00000002602299
10.55	17.25	1.00000004413221	0.799949112211666	-2.31730036085398e-05	3.51921461554841	1.00000001765288
10.65	17.25	1.00000002833264	0.79995053594798	-2.05504516136252e-05	3.43921963138944	1.00000001133306
10.75	17.25	1.00000001687851	0.799951894672821	-1.80813900674326e-05	3.35922450873992	1.0000000067514
10.85	17.25	1.00000000890007	0.799953195588562	-1.57562255619579e-05	3.27922925359655	1.00000000356003
10.95	17.25	1.0000000035763	0.79995444516527	-1.35660206424096e-05	3.19923387130222	1.00000000143052
11.05	17.25	1.00000000019961	0.799955649217531	-1.15024560029727e-05	3.11923836661216	1.00000000007984
11.15	17.25	0.999999998196519	0.799956812971785	-9.5577927758616e-06	3.03924274375163	0.999999999278607
11.25	17.25	0.999999997123541	0.799957941125489	-7.72483562226985e-06	2.95924700646726	0.999999998849416
11.35	17.25	0.999999996651195	0.799959037899378	-5.99689702468796e-06	2.8792511580732	0.999999998660478
11.45	17.25	0.999999996543754	0.79996010708394	-4.36776309946476e-06	2.79925520149301	0.999999998617502
11.55	17.25	0.999999996639395	0.799961152080762	-2.83166103709071e-06	2.71925913929784	0.999999998655758
11.65	17.25	0.999999996833104	0.799962175939611	-1.38322835448348e-06	2.63926297374126	0.999999998733242
11.75	17.25	0.999999997063337	0.799963181391609	-1.74839931043704e-08	2.55926670679118	0.999999998825335
11.85	17.25	0.999999997302377	0.799964170879198	1.27019879319432e-06	2.47927034015889	0.999999998920951
11.95	17.25	0.999999997549558	0.799965146583003	2.48411771279404e-06	2.39927387532559	0.999999999019823
12.05	17.25	0.999999997825795	0.799966110446211	3.62826496845706e-06	2.31927731356647	0.999999999130318
12.15	17.25	0.999999998167175	0.799967064196506	4.70634909443687e-06	2.23928065597274	0.99999999926687
12.25	17.25	0.999999998614819	0.799968009365973	5.72181523447439e-06	2.15928390347175	0.999999999445928
12.35	17.25	0.999999999198055	0.799968947309213	6.6778638017873e-06	2.07928705684564	0.999999999679222
12.45	17.25	0.999999999908613	0.799969879219949	7.5774677469698e-06	1.99929011674897	0.999999999963445
12.55	17.25	1.00000000066565	0.799970806146434	8.42338847672184e-06	1.91929308372565	1.00000000026626
12.65	17.25	1.00000000127554	0.799971729006072	9.21819040324136e-06	1.83929595822575	1.00000000051022
12.75	17.25	1.00000000139716	0.79997264859949	9.96425440498703e-06	1.75929874062209	1.00000000055887
12.85	17.25	1.00000000053223	0.7999735656243	1.06637901169612e-05	1.67930143122644	1.00000000021289
12.95	17.25	0.999999998070814	0.799974480688501	1.13188472837243e-05	1.59930403030397	0.999999999228326
13.05	17.25	0.999999993430156	0.799975394323012	1.19313262659678e-05	1.51930653808387	0.999999997372062
13.15	17.25	0.999999986325862	0.799976306992161	1.2502987832873e-05	1.43930895476243	0.999999994530345
13.25	17.25	0.999999977199867	0.799977219100217	1.30354624617318e-05	1.35931128049415	0.999999990879947
13.35	17.25	0.999999967789114	0.799978130991137	1.35302591284504e-05	1.27931351536619	0.999999987115646
13.45	17.25	0.999999961743068	0.799979042938421	1.39887738339355e-05	1.19931565935307	0.999999984697227
13.55	17.25	0.999999965081652	0.799979955122406	1.44122975947659e-05	1.11931771225368	0.999999986032661
13.65	17.25	0.99999998613471	0.79998086759458	1.48020237799447e-05	1.03931967362121	0.999999994453884
13.75	17.25	1.00000003444766	0.799981780233298	1.51590541490648e-05	0.959321542711141	1.00000001377906
13.85	17.25	1.00000011803569	0.799982692703208	1.54844028757188e-05	0.879323318490081	1.00000004721428
13.95	17.25	1.00000023842064	0.799983604441802	1.57789975346975e-05	0.799324999767594	1.00000009536826
14.05	17.25	1.00000038323027	0.799984514709371	1.60436761195324e-05	0.719326585525387	1.00000015329211
14.15	17.25	1.00000051694066	0.799985422749563	1.62791795988668e-05	0.63932807551275	1.00000020677626
14.25	17.25	1.00000057173621	0.79998632811009	1.64861405190058e-05	0.559329471136137	1.00000022869448
14.35	17.25	1.00000044247888	0.799987231157018	1.66650699718029e-05	0.479330776575411	1.00000017699155
14.45	17.25	0.999999992215882	0.799988133768674	1.68163476199087e-05	0.399331999892547	0.999999996886353
14.55	17.25	0.999999076918636	0.799989040104162	1.69402223647587e-05	0.319333153656619	0.999999630767454
14.65	17.25	0.999997599091669	0.799989957199554	1.70368335652069e-05	0.239334254315546	0.999999039636668
14.75	17.25	0.999995597734036	0.79999089523488	1.71062635414663e-05	0.159335319270914	0.999998239093615
14.85	17.25	0.999993374539998	0.799992759887379	1.71486237968648e-05	0.0793363604387535	0.999997349815999
14.95	17.25	0.999991640713275	0.399990333591867	1.71657982761191e-05	-0.000662805663459787	0.99999665628531
0.05	17.35	-4.66197567744653e-06	0.399995292224928	0.000159193787913834	10.4592313942507	0.599998135209729
0.15	17.35	-5.25387770772204e-06	0.7999861268613	0.00015992337604765	10.4112321083711	0.599997898448917
0.25	17.35	-5.6642408108227e-06	0.799976822394562	0.000161381016401365	10.3632333952874	0.599997734303676
0.35	17.35	-5.14484426935496e-06	0.79996723373784	0.000163538323418933	10.3152352522142	0.599997942062292
0.45	17.35	-2.92346766574073e-06	0.799957254276803	0.000166362192990973	10.2672376565368	0.599998830612934
0.55	17.35	1.73809818201502e-06	0.799946734622697	0.000169815685554333	10.2192405688461	0.600000695239273
0.65	17.35	9.39703973997628e-06	0.799935497195965	0.000173863940071646	10.1712439372162	0.600003758815896
0.75	17.35	2.02115411106002e-05	0.79992332611397	0.000178473673342761	10.1232477078975	0.600008084616444
0.85	17.35	3.36525451418311e-05	0.79990989507536	0.000183608880408842	10.0752518447567	0.600013461018057
0.95	17.35	4.7773875185772e-05	0.799894690501451	0.000189181536763156	10.0272563670687	0.600019109550074
1.05	17.35	5.74487388990774e-05	0.799877715693323	0.000195058325278169	9.97926142488352	0.60002297949556
1.15	17.35	5.67360108560611e-05	0.799858650754517	0.00020112170546616	9.93126736515274	0.600022694404342
1.25	17.35	3.9374791389985e-05	0.799837153131855	0.000207271374669892	9.88327475646627	0.600015749916556
1.35	17.35	-6.70689216514891e-08	0.799812849665621	0.00021341209510193	9.83528438745163	0.599999973172431
1.45	17.35	-6.44284384463362e-05	0.799785301925233	0.00021944059946699	9.7872972189582	0.599974228624621
1.55	17.35	-0.00015177170377724	0.799753952312462	0.000225236374930873	9.73931427370647	0.599939291318489
1.65	17.35	-0.000253115145350532	0.799718052755423	0.00023065370950042	9.69133645526678	0.59989875394186
1.75	17.35	-0.000350560314288889	0.799676577320271	0.000235509944718775	9.64336430123248	0.599859775874284
1.85	17.35	-0.000416423482691858	0.799628118535061	0.000239556415729274	9.59539769298681	0.599833430606923
1.95	17.35	-0.000414112902475154	0.799570767176256	0.000242412946768258	9.54743556594318	0.59983435483901
2.05	17.35	-0.000301748807551553	0.799501994417953	0.000243531598293827	9.49947569016439	0.599879300476979
2.15	17.35	-4.01696081448174e-05	0.79941871318372	0.000242578801424737	9.45151462676021	0.599983932156742
2.25	17.35	0.000392747105868713	0.79932803247551	0.000239613451644862	9.40354801382689	0.600157098842347
2.35	17.35	0.00106656496378824	0.799222735882486	0.000234204340232776	9.35557014843147	0.600426625985515
2.45	17.35	0.00206349630740841	0.799099878333596	0.000225662886299781	9.30757309196605	0.600825398522963
2.55	17.35	0.00347853721207136	0.798956638867177	0.000213564055484147	9.2595462481547	0.601391414884829
2.65	17.35	0.00542077470469439	0.798789963396396	0.000197336971591829	9.21147595957791	0.602168309881878
2.75	17.35	0.00801577488699019	0.798596540429913	0.000176298067537549	9.16334504803365	0.603206309954796
2.85	17.35	0.0114086659042707	0.798372909410475	0.000149764072276469	9.11513226545268	0.604563466361708
2.95	17.35	0.0157682074362514	0.798115603107421	0.000117156077033335	9.06681162966834	0.606307282974501
3.05	17.35	0.0212923114280074	0.797821341759187	7.81071291007245e-05	9.01835160524957	0.608516924571203
3.15	17.35	0.0282154919305981	0.797487302914501	3.25947151694791e-05	8.96971407219423	0.611286196772239
3.25	17.35	0.036818625119429	0.79711147591675	-1.88887512196719e-05	8.92085300956425	0.614727450047772
3.35	17.35	0.0474411046040287	0.796693087587434	-7.51241602684791e-05	8.87171281159958	0.618976441841611
3.45	17.35	0.0604947988707798	0.79623305213528	-0.000133922713927445	8.82222615946508	0.624197919548312
3.55	17.35	0.0764778847558921	0.795734353090724	-0.000191883723117208	8.77231140911205	0.630591153902357
3.65	17.35	0.0959843194884799	0.795202222332108	-0.000244220148571521	8.72186955113556	0.638393727795392
3.75	17.35	0.119701208112687	0.794643983210057	-0.000284766487076281	8.67078098737101	0.647880483245075
3.85	17.35	0.148381921268954	0.794068548117901	-0.000306331478476741	8.61890268605774	0.659352768507582
3.95	17.35	0.182779089285814	0.793485883498391	-0.00030157129445728	8.56606672876774	0.673111635714326
4.05	17.35	0.223522312834144	0.792907230315776	-0.000264476726572154	8.51208177040414	0.689408925133657
4.15	17.35	0.270936680835695	0.79234711118484	-0.000192329870012044	8.45673926505557	0.708374672334278
4.25	17.35	0.324825496692953	0.791827400501878	-8.76070481119073e-05	8.39982604594548	0.729930198677181
4.35	17.35	0.384280983517155	0.791381502788637	4.1030478832307e-05	8.34114351932758	0.753712393406862
4.45	17.35	0.447618968193615	0.791054207980992	0.000179475027433671	8.28053123729221	0.779047587277446
4.55	17.35	0.512521092515797	0.790893299200639	0.000310821479719285	8.21788974559711	0.805008437006319
4.65	17.35	0.576389392958405	0.790934363841309	0.000419127839680421	8.15319608230059	0.830555757183362
4.75	17.35	0.636806544182998	0.791186724406667	0.000492843786999541	8.08650672848095	0.854722617673199
4.85	17.35	0.69193151740149	0.791629021733535	0.000526667613236435	8.01794704548019	0.876772606960596
4.95	17.35	0.740698646248983	0.792216409405242	0.000521463546032348	7.94769100110162	0.896279458499593
5.05	17.35	0.782795636735344	0.792894049160649	0.00048274346989316	7.87593758747467	0.913118254694138
5.15	17.35	0.818490326242217	0.793609731373909	0.000418588989272567	7.80288979595077	0.927396130496887
5.25	17.35	0.848406201131866	0.794321505191669	0.000337752216629088	7.72873946961974	0.939362480452746
5.35	17.35	0.873322438012599	0.795000068903068	0.000248312815483837	7.65365863304597	0.94932897520504
5.45	17.35	0.894032435788063	0.795627705815753	0.00015694684133688	7.57779615048072	0.957612974315225
5.55	17.35	0.911262451849556	0.796195729823316	6.86840796247543e-05	7.50127795130956	0.964504980739822
5.65	17.35	0.925636389463685	0.796701752235393	-1.30204568907731e-05	7.42420920211958	0.970254555785474
5.75	17.35	0.937669797383665	0.797147384594723	-8.60539679914281e-05	7.3466772514415	0.975067918953466
5.85	17.35	0.947779232309628	0.797536538458846	-0.000149359308947064	7.26875463493635	0.979111692923851
5.95	17.35	0.956297737989423	0.797874266664378	-0.000202657204909462	7.19050178249128	0.982519095195769
6.05	17.35	0.963491162767778	0.798166021758637	-0.000246207227297481	7.11196929556241	0.985396465107111
6.15	17.35	0.969572781748406	0.798417208285326	-0.000280616960686807	7.03319978836871	0.987829112699362
6.25	17.35	0.974715330132548	0.798632930596649	-0.000306697675852943	6.95422934425721	0.989886132053019
6.35	17.35	0.979060411663897	0.798817865547174	-0.000325359893677365	6.87508865704878	0.991624164665559
6.45	17.35	0.98272562149138	0.798976212250235	-0.000337540852266579	6.79580392574823	0.993090248596552
6.55	17.35	0.985809833744156	0.799111687703186	-0.000344156307628375	6.71639756123892	0.994323933497662
6.65	17.35	0.988397087358405	0.799227548428598	-0.000346070247759605	6.63688875168312	0.995358834943362
6.75	17.35	0.990559436523042	0.799326625724527	-0.000344077415325061	6.55729392222593	0.996223774609217
6.85	17.35	0.992359054007611	0.799411366899445	-0.000338894747404329	6.47762711533646	0.996943621603044
6.95	17.35	0.993849804219756	0.79948387790242	-0.000331158854111624	6.39790031089042	0.997539921687902
7.05	17.35	0.995078444159877	0.799545964672763	-0.000321427455273636	6.31812369968341	0.998031377663951
7.15	17.35	0.99608556502261	0.799599171736339	-0.000310183299266326	6.23830592012223	0.998434226009044
7.25	17.35	0.996906353326632	0.799644817328158	-0.000297839535065862	6.15845426503067	0.998762541330653
7.35	17.35	0.997571225819329	0.799684024787197	-0.000284745831770215	6.07857486353616	0.999028490327732
7.45	17.35	0.99810637480411	0.799717750252855	-0.000271194770537926	5.99867284164354	0.999242549921644
7.55	17.35	0.998534248152309	0.799746806857682	-0.000257428195858893	5.91875246417769	0.999413699260924
7.65	17.35	0.998873979674641	0.799771885699762	-0.000243643326399319	5.83881726015878	0.999549591869856
7.75	17.35	0.999141779682313	0.799793573918235	-0.000229998502787995	5.75887013326823	0.999656711872925
7.85	17.35	0.999351291689648	0.79981237020342	-0.000216618503446342	5.67891345880208	0.999740516675859
7.95	17.35	0.999513918733239	0.799828698061986	-0.000203599394962327	5.59894916834234	0.999805567493296
8.05	17.35	0.999639121294224	0.799842917135412	-0.000191012908276475	5.51897882327087	0.99985564851769
8.15	17.35	0.999734688006648	0.799855332841751	-0.00017891034747797	5.4390036781802	0.999893875202659
8.25	17.35	0.999806979991714	0.799866204580318	-0.000167326049318595	5.35902473518391	0.999922791996686
8.35	17.35	0.999861149608658	0.799875752709244	-0.000156280418073839	5.2790427900848	0.999944459843463
8.45	17.35	0.999901334535538	0.799884164477005	-0.0001457825647475	5.19905847131511	0.999960533814215
8.55	17.35	0.999930828298732	0.799891599063904	-0.000135832582211075	5.11907227251518	0.999972331319493
8.65	17.35	0.999952228596387	0.799898191865854	-0.000126423489199948	5.03908457956416	0.999980891438555
8.75	17.35	0.999967564967114	0.799904058133591	-0.000117542875659965	4.95909569281824	0.999987025986846
8.85	17.35	0.99997840751625	0.799909296062922	-0.000109174281986141	4.87910584524899	0.9999913630065
8.95	17.35	0.99998595851575	0.799913989417192	-0.00010129834326381	4.79911521710945	0.9999943834063
9.05	17.35	0.999991128737165	0.799918209750993	-9.38937278099823e-05	4.71912394768879	0.999996451494866
9.15	17.35	0.999994600363897	0.799922018293852	-8.69378977062833e-05	4.63913214465048	0.999997840145559
9.25	17.35	0.999996878266417	0.79992546754394	-8.0407716578768e-05	4.55913989138531	0.999998751306567
9.35	17.35	0.999998331322296	0.799928602614574	-7.4279927626021e-05	4.47914725275033	0.999999332528918
9.45	17.35	0.999999225332359	0.799931462370382	-6.85315227708886e-05	4.39915427950882	0.999999690132944
9.55	17.35	0.999999748935152	0.79993408038445	-6.31400209605245e-05	4.31916101173582	0.999999899574061
9.65	17.35	1.00000003376371	0.799936485743606	-5.8083671955736e-05	4.23916748140856	1.00000001350548
9.75	17.35	1.00000016992888	0.799938703725135	-5.33415994480961e-05	4.15917371436115	1.00000006797155
9.85	17.35	1.00000021775875	0.799940756364791	-4.88938953270548e-05	4.07917973174885	1.0000000871035
9.95	17.35	1.00000021657818	0.799942662933277	-4.47216753403086e-05	3.999185551138	1.00000008663127
10.05	17.35	1.00000019117993	0.799944440335839	-4.08071045664196e-05	3.91919118731314	1.00000007647197
10.15	17.35	1.00000015652005	0.799946103447399	-3.71333997026101e-05	3.83919665287295	1.00000006260802
10.25	17.35	1.00000012106705	0.799947665393786	-3.36848139113405e-05	3.7592019586699	1.00000004842682
10.35	17.35	1.00000008914577	0.799949137788196	-3.04466089134904e-05	3.67920711413553	1.00000003565831
10.45	17.35	1.00000006254249	0.799950530930153	-2.74050181219678e-05	3.59921212752289	1.000000025017
10.55	17.35	1.00000004157663	0.799951853973611	-2.45472036295321e-05	3.51921700608931	1.00000001663065
10.65	17.35	1.00000002579443	0.799953115069204	-2.18612095151767e-05	3.4392217562366	1.00000001031777
10.75	17.35	1.00000001440072	0.799954321485267	-1.93359132018436e-05	3.35922638362099	1.00000000576029
10.85	17.35	1.00000000651329	0.799955479711114	-1.6960976167525e-05	3.27923089324152	1.00000000260532
10.95	17.35	1.00000000130105	0.799956595545689	-1.47267951323081e-05	3.199235289513	1.00000000052042
11.05	17.35	0.999999998048511	0.799957674173991	-1.26244543045231e-05	3.11923957632785	0.999999999219405
11.15	17.35	0.999999996176133	0.799958720233313	-1.06456793668595e-05	3.03924375710969	0.999999998470453
11.25	17.35	0.999999995235949	0.799959737871021	-8.78279340647222e-06	2.95924783486055	0.999999998094379
11.35	17.35	0.999999994895254	0.799960730795135	-7.02867512583603e-06	2.87925181220323	0.999999997958102
11.45	17.35	0.999999994916102	0.799961702318896	-5.37671931187853e-06	2.79925569141946	0.999999997966441
11.55	17.35	0.999999995135218	0.799962655400178	-3.82079978159436e-06	2.71925947448462	0.999999998054087
11.65	17.35	0.999999995446723	0.79996359267653	-2.35523465909322e-06	2.63926316309929	0.999999998178689
11.75	17.35	0.999999995788636	0.799964516496363	-9.74753954745892e-07	2.55926675871811	0.999999998315454
11.85	17.35	0.999999996133123	0.799965428946943	3.25530521020362e-07	2.47927026257594	0.999999998453249
11.95	17.35	0.999999996479625	0.799966331879359	1.55015315801842e-06	2.39927367571175	0.99999999859185
12.05	17.35	0.999999996849322	0.799967226931021	2.70332047140663e-06	2.31927699899022	0.999999998739729
12.15	17.35	0.999999997278659	0.799968115545893	3.7889350496537e-06	2.23928023312145	0.999999998911464
12.25	17.35	0.999999997809147	0.799968998992742	4.81061770745868e-06	2.15928337867899	0.999999999123659
12.35	17.35	0.999999998470463	0.799969878381646	5.77172788770308e-06	2.07928643611654	0.999999999388185
12.45	17.35	0.999999999254563	0.799970754679191	6.67538246687954e-06	1.99928940578372	0.999999999701825
12.55	17.35	1.00000000008061	0.799971628722492	7.52447299344369e-06	1.9192922879414	1.00000000003224
12.65	17.35	1.00000000075469	0.799972501232529	8.32168159802643e-06	1.83929508277696	1.00000000030188
12.75	17.35	1.00000000093503	0.799973372827062	9.06949548853839e-06	1.75929779041948	1.00000000037401
12.85	17.35	1.00000000012236	0.799974244033275	9.77022036179441e-06	1.67930041095463	1.00000000004894
12.95	17.35	0.999999997705674	0.799975115300182	1.04259926529992e-05	1.59930294443801	0.99999999908227
13.05	17.35	0.999999993101383	0.799975987010194	1.10387909067581e-05	1.51930539090458	0.999999997240553
13.15	17.35	0.999999986025232	0.799976859488765	1.16104463666346e-05	1.43930775037079	0.999999994410093
13.25	17.35	0.999999976921179	0.799977733010063	1.21426529064789e-05	1.35931002282469	0.999999990768472
13.35	17.35	0.999999967531147	0.799978607795965	1.26369764996483e-05	1.27931220819948	0.999999987012459
13.45	17.35	0.99999996151347	0.799979484005163	1.30948642205325e-05	1.19931430632733	0.999999984605388
13.55	17.35	0.999999964901135	0.799980361709742	1.35176527272766e-05	1.11931631687556	0.999999985960454
13.65	17.35	0.99999998604025	0.799981240858805	1.39065759924739e-05	1.03931823927584	0.9999999944161
13.75	17.35	1.00000003449257	0.799982121233543	1.4262771759297e-05	0.959320072671488	1.00000001379703
13.85	17.35	1.00000011828368	0.79998300240607	1.45872859880788e-05	0.879321815925978	1.00000004731347
13.95	17.35	1.00000023893068	0.799983883725486	1.48810744077269e-05	0.799323467754573	1.00000009557227
14.05	17.35	1.00000038402966	0.799984764367509	1.51450003002431e-05	0.719325027053808	1.00000015361186
14.15	17.35	1.00000051798577	0.799985643494875	1.53798280684586e-05	0.639326493497618	1.00000020719431
14.25	17.35	1.00000057286457	0.79998652057817	1.55862131810197e-05	0.559327868428002	1.00000022914583
14.35	17.35	1.0000004433628	0.799987395910409	1.57646906047424e-05	0.479329155972498	1.00000017734512
14.45	17.35	0.99999999233583	0.799988271301359	1.59156662324453e-05	0.399330364153806	0.999999996934332
14.55	17.35	0.999999075583399	0.799989150846277	1.6039418227039e-05	0.319331505514663	0.999999630233359
14.65	17.35	0.999997595537828	0.79999004152178	1.61361173836159e-05	0.239332596487467	0.999999038215131
14.75	17.35	0.999995591335906	0.799990953448543	1.62058760621467e-05	0.159333654463972	0.999998236534363
14.85	17.35	0.999993365146926	0.799992792997972	1.62488269724287e-05	0.0793346913477436	0.999997346058771
14.95	17.35	0.999991629099235	0.39999033822515	1.62666637774091e-05	-0.000664476518326174	0.999996651639694
0.05	17.45	-4.7005271527927e-06	0.399995692384869	0.000168006921447498	10.4592215662651	0.599998119789139
0.15	17.45	-5.3221787626503e-06	0.799987334577975	0.000168839550233453	10.4112222336001	0.599997871128495
0.25	17.45	-5.79290080258609e-06	0.799978832315195	0.000170511295887829	10.3632234267476	0.599997682839679
0.35	17.45	-5.36631615135648e-06	0.799970035722228	0.000172999860592713	10.3152251444878	0.59999785347354
0.45	17.45	-3.26526489030401e-06	0.799960833656715	0.00017628164408292	10.2672273659339	0.599998693894044
0.55	17.45	1.26821587966799e-06	0.799951069087464	0.000180333666551952	10.2192300534692	0.600000507286352
0.65	17.45	8.82628869249576e-06	0.799940552688089	0.000185146576519918	10.1712331565479	0.600003530515477
0.75	17.45	1.96020015210758e-05	0.799929060657999	0.000190737437041126	10.1232366223834	0.600007840800608
0.85	17.45	3.32492425432573e-05	0.799916140603643	0.000197109029027244	10.0752404149413	0.600013299697017
0.95	17.45	4.7310054758684e-05	0.799901494977833	0.00020420407578757	10.0272445578836	0.600018924021903
1.05	17.45	5.69533434296955e-05	0.799884974314945	0.000211960238763378	9.97924920818637	0.600022781337372
1.15	17.45	5.63346360686483e-05	0.799866241615957	0.000220359336047286	9.93125471660105	0.600022533854427
1.25	17.45	3.92747675791508e-05	0.799844923287667	0.000229411475941617	9.88326165451567	0.600015709907032
1.35	17.45	4.14002456152582e-07	0.799820610426634	0.000239139444031276	9.83527081285779	0.600000165600982
1.45	17.45	-6.30304069295867e-05	0.799792827215768	0.000249565974973195	9.78728315493546	0.599974787837228
1.55	17.45	-0.000149086262415793	0.799760981005961	0.000260702744738937	9.73929970666657	0.599940365495034
1.65	17.45	-0.000248766600763802	0.799724294297105	0.000272540578491063	9.69132137607018	0.599900493359694
1.75	17.45	-0.000344214294897777	0.799681715840432	0.000285041609876388	9.643348707124	0.599862314282041
1.85	17.45	-0.000407867709987652	0.7996318001707	0.000298125190990259	9.59538159132929	0.599836852916005
1.95	17.45	-0.000403346529711321	0.79957255264023	0.000311601294871705	9.54741898284475	0.599838661388115
2.05	17.45	-0.000288779666768635	0.799501315186494	0.000324959456163607	9.49945868563182	0.599884488133292
2.15	17.45	-2.36519770141425e-05	0.799414873295391	0.000337261544763473	9.45149729564678	0.599990539209194
2.25	17.45	0.000418034561266118	0.799318621809324	0.000349469122142728	9.40353041371467	0.600167213824506
2.35	17.45	0.00109920794231155	0.799208159549504	0.000362286492815167	9.35555232987629	0.600439683176925
2.45	17.45	0.00210481985055159	0.799078914105777	0.000374935459347661	9.30755515517615	0.600841927940221
2.55	17.45	0.00353068026086431	0.798927869657589	0.00038736608369902	9.25952830710736	0.601412272104346
2.65	17.45	0.00548598614105163	0.798751780582469	0.000399292956892676	9.2114581504179	0.602194394456421
2.75	17.45	0.00809641392005628	0.798547198404601	0.000410290511950019	9.16332753846396	0.603238565568022
2.85	17.45	0.0115073651741726	0.7983105457097	0.000419895866735792	9.11511525745265	0.604602946069669
2.95	17.45	0.0158880470582612	0.798038232612957	0.000427652441492508	9.06679535724998	0.606355218823304
3.05	17.45	0.0214369887368433	0.797726851629266	0.000433127347052994	9.01833632838222	0.608574795494737
3.15	17.45	0.0283894981156102	0.79737346358521	0.000435924513015718	8.9697000665085	0.611355799246244
3.25	17.45	0.0370274358095238	0.796975976094809	0.000435701442635757	8.92084055054785	0.614810974323809
3.35	17.45	0.0476913788325909	0.796533599345762	0.000432190090125869	8.87170215163965	0.619076551533036
3.45	17.45	0.0607945613778115	0.796047332722956	0.000425218697705096	8.82221749619714	0.624317824551125
3.55	17.45	0.0768366362244625	0.795520390453961	0.000414728851124689	8.772304844277	0.630734654489785
3.65	17.45	0.0964129737574931	0.794958430056976	0.000400779430614652	8.72186504093051	0.638565189502997
3.75	17.45	0.120211695176178	0.794369446402685	0.000383526896376288	8.67077828864429	0.648084678070471
3.85	17.45	0.14898623441321	0.793763313514545	0.000363171365019093	8.61890130803704	0.659594493765284
3.95	17.45	0.183487536263746	0.793151273721325	0.000339863737698479	8.56606590697153	0.673395014505498
4.05	17.45	0.224340835082373	0.792546142215812	0.000313584687837559	8.51208048588324	0.689736334032949
4.15	17.45	0.271863431688233	0.791964230408233	0.000284031875391594	8.45673633340199	0.708745372675293
4.25	17.45	0.325847451130361	0.791429233020856	0.000250577370100423	8.39982028975442	0.730338980452145
4.35	17.45	0.385371990449523	0.790976110889574	0.000212360164933313	8.34113401020143	0.754148796179809
4.45	17.45	0.448740834219949	0.790650586213573	0.000168535983691542	8.28051755405036	0.779496333687979
4.55	17.45	0.513628442453807	0.790500461695099	0.000118623908094944	8.21787216426446	0.805451376981523
4.65	17.45	0.577437271331971	0.790560379235724	6.28161867535601e-05	8.15317561771229	0.830974908532788
4.75	17.45	0.637758112008888	0.790837991579142	2.11498106319154e-06	8.08648499727513	0.855103244803555
4.85	17.45	0.692763078722691	0.791309957270511	-6.1760648870021e-05	8.01792599198326	0.877105231489077
4.95	17.45	0.741400741285445	0.79192951450459	-0.000126647791587777	7.94767257747517	0.896560296514178
5.05	17.45	0.783370839208947	0.792640198321788	-0.000190279706257012	7.87592348079999	0.913348335683579
5.15	17.45	0.818949413578871	0.793388528040395	-0.000250584552519686	7.80288125720668	0.927579765431549
5.25	17.45	0.848764272236185	0.794131616580275	-0.000305882279574327	7.72873725280176	0.939505708894474
5.35	17.45	0.873595877183475	0.794839511325214	-0.000354970562103783	7.65366302070629	0.94943835087339
5.45	17.45	0.894236957864174	0.795494079558053	-0.000397122812502081	7.57780703083826	0.95769478314567
5.55	17.45	0.911412074963753	0.796086409097878	-0.000432031633836179	7.50129491573344	0.964564829985501
5.65	17.45	0.925743052924256	0.796614034992685	-0.000459727446384366	7.42423164152384	0.970297221169702
5.75	17.45	0.937743361765973	0.797078606097451	-0.000480493033842878	7.34670443991168	0.975097344706389
5.85	17.45	0.94782767077073	0.797484152729412	-0.000494785829835234	7.26878579615853	0.979131068308292
5.95	17.45	0.956327399973773	0.797835900556612	-0.000503173102048608	7.19053613894948	0.982530959989509
6.05	17.45	0.963507045175509	0.798139506790539	-0.000506281047099698	7.11200610264407	0.985402818070204
6.15	17.45	0.969578777002534	0.798400595277654	-0.000504756641700881	7.03323835627245	0.987831510801014
6.25	17.45	0.974714440082802	0.798624491669634	-0.00049924021569742	6.95426905057684	0.989885776033121
6.35	17.45	0.97905492616915	0.798816087316778	-0.000490346561753169	6.87512895253777	0.99162197046766
6.45	17.45	0.982717264877146	0.798979783293136	-0.000478652595454643	6.79584433529194	0.993086905950858
6.55	17.45	0.985799883764951	0.799119482636408	-0.000464689908113255	6.71643768160037	0.99431995350598
6.65	17.45	0.988386471342795	0.799238610325979	-0.000448940896256237	6.63692824719167	0.995354588537118
6.75	17.45	0.990548808865517	0.799340148087187	-0.000431837456482791	6.55733251925911	0.996219523546207
6.85	17.45	0.992348858502644	0.799426676004251	-0.000413761484578233	6.4776645961991	0.996939543401058
6.95	17.45	0.993840324089646	0.7995004160572	-0.000395046614112297	6.3979365075103	0.997536129635858
7.05	17.45	0.99506984207465	0.799563274691856	-0.000375980780173291	6.31815848740647	0.99802793682986
7.15	17.45	0.996077914960116	0.799616882796627	-0.000356809305486254	6.2383392117915	0.998431165984047
7.25	17.45	0.996899665764455	0.799662632259599	-0.0003377382888374	6.15848600546243	0.998759866305782
7.35	17.45	0.997565467471029	0.799701708781372	-0.000318938135921861	6.0786050244566	0.999026186988412
7.45	17.45	0.998101483894064	0.79973512092676	-0.000300547116367998	5.99870141711431	0.999240593557625
7.55	17.45	0.998530146051557	0.799763725583193	-0.000282674862397959	5.91877946651438	0.999412058420623
7.65	17.45	0.998870579583129	0.799788250093931	-0.00026540574736552	5.83884271633018	0.999548231833251
7.75	17.45	0.999138992931788	0.799809311383978	-0.000248802099850614	5.75889408175339	0.999655597172715
7.85	17.45	0.999349032149637	0.799827432409686	-0.000232907221314849	5.67893594687525	0.999739612859855
7.95	17.45	0.999512105725195	0.799843056256579	-0.000217748186137423	5.59897024975216	0.999804842290078
8.05	17.45	0.999637681352748	0.799856558189485	-0.000203338410008964	5.51899855627806	0.999855072541099
8.15	17.45	0.99973355576941	0.799868255932607	-0.000189679980296808	5.43902212391759	0.999893422307764
8.25	17.45	0.99980609844973	0.799878418427355	-0.000176765746992504	5.35904195630326	0.999922439379892
8.35	17.45	0.999860469904996	0.799887273285957	-0.00016458117803897	5.27905884965625	0.999944187961998
8.45	17.45	0.99990081546259	0.799895013130639	-0.000153105986941569	5.19907343194671	0.999960326185036
8.55	17.45	0.999930435611513	0.799901800981597	-0.000142315543477031	5.1190861956625	0.999972174244605
8.65	17.45	0.999951934231401	0.799907774834104	-0.000132182081439648	5.03909752500218	0.99998077369256
8.75	17.45	0.999967346232949	0.799913051544104	-0.000122675718903917	4.95910771825028	0.999986938493179
8.85	17.45	0.999978246302719	0.799917730124572	-0.000113765307894522	4.87911700603019	0.999991298521088
8.95	17.45	0.999985840552828	0.799921894539153	-0.000105419130921675	4.79912556606474	0.999994336221131
9.05	17.45	0.999991042922691	0.799925616067174	-9.76054619886692e-05	4.71913353500771	0.999996417169076
9.15	17.45	0.999994538169626	0.799928955303322	-9.02930090217318e-05	4.63914101784366	0.99999781526785
9.25	17.45	0.999996833225085	0.79993196384569	-8.34512544550927e-05	4.55914809528958	0.999998733290034
9.35	17.45	0.999998298593508	0.79993468571877	-7.70507089665385e-05	4.47915482957126	0.999999319437403
9.45	17.45	0.999999201341883	0.799937158570678	-7.1063092542061e-05	4.39916126889149	0.999999680536753
9.55	17.45	0.999999731080338	0.799939414679005	-6.54614556483451e-05	4.31916745085616	0.999999892432135
9.65	17.45	1.00000002017681	0.799941481794314	-6.02202515588717e-05	4.23917340507878	1.00000000807072
9.75	17.45	1.00000015928989	0.799943383846487	-5.53153697602125e-05	4.15917915514443	1.00000006371596
9.85	17.45	1.00000020914974	0.799945141535375	-5.07241388790777e-05	4.07918472007906	1.0000000836599
9.95	17.45	1.00000020937165	0.79994677282434	-4.64253062055797e-05	3.99919011544135	1.00000008374866
10.05	17.45	1.00000018495459	0.799948293352159	-4.23989997914947e-05	3.91919535412942	1.00000007398183
10.15	17.45	1.00000015099833	0.799949716776941	-3.86266780865201e-05	3.83920044697438	1.00000006039933
10.25	17.45	1.00000011606956	0.799951055063207	-3.50910710056334e-05	3.75920540317642	1.00000004642782
10.35	17.45	1.00000008455861	0.799952318721809	-3.17761156217154e-05	3.6792102306255	1.00000003382344
10.45	17.45	1.00000005829437	0.799953517010715	-2.86668890311266e-05	3.59921493613867	1.00000002331775
10.55	17.45	1.00000003762308	0.799954658103438	-2.57495401785224e-05	3.51921952563726	1.00000001504923
10.65	17.45	1.00000002210728	0.799955749230654	-2.30112222271847e-05	3.43922400428144	1.00000000884291
10.75	17.45	1.00000001096118	0.799956796799756	-2.04400263758557e-05	3.3592283765744	1.00000000438447
10.85	17.45	1.00000000330768	0.799957806496192	-1.80249180335473e-05	3.27923264644512	1.00000000132307
10.95	17.45	0.999999998318175	0.799958783369701	-1.57556757166942e-05	3.19923681731583	0.99999999932727
11.05	17.45	0.999999995278228	0.799959731908084	-1.36228330857377e-05	3.11924089215856	0.999999998111291
11.15	17.45	0.999999993608589	0.799960656100756	-1.16176242242745e-05	3.03924487354371	0.999999997443436
11.25	17.45	0.999999992861287	0.799961559493586	-9.7319322980535e-06	2.95924876368251	0.999999997144515
11.35	17.45	0.999999992703539	0.799962445236659	-7.95824148073722e-06	2.87925256446482	0.999999997081416
11.45	17.45	0.999999992897384	0.799963316126059	-6.28959221048859e-06	2.79925627749315	0.999999997158953
11.55	17.45	0.999999993279637	0.799964174640487	-4.71953951227639e-06	2.71925990411339	0.999999997311855
11.65	17.45	0.999999993744633	0.799965022973707	-3.24211436665658e-06	2.63926344544272	0.999999997497853
11.75	17.45	0.999999994230721	0.799965863063188	-1.85178796944366e-06	2.55926690239503	0.999999997692288
11.85	17.45	0.999999994710486	0.799966696615681	-5.43438574252439e-07	2.47927027570396	0.999999997884194
11.95	17.45	0.999999995183868	0.799967525129944	6.87679027382187e-07	2.3992735659438	0.999999998073547
12.05	17.45	0.999999995672596	0.799968349917097	1.84596168576618e-06	2.31927677354842	0.999999998269038
12.15	17.45	0.999999996213688	0.799969172118835	2.93548393014918e-06	2.23927989882849	0.999999998485475
12.25	17.45	0.999999996849209	0.799969992723787	3.96002183672171e-06	2.15928294198716	0.999999998739684
12.35	17.45	0.999999997609325	0.799970812582353	4.92307506037748e-06	2.07928590313468	0.99999999904373
12.45	17.45	0.999999998486336	0.799971632420171	5.82788703999816e-06	1.99928878230219	0.999999999394535
12.55	17.45	0.999999999399527	0.799972452850711	6.67746357233462e-06	1.91929157945527	0.999999999759811
12.65	17.45	1.00000000015481	0.799973274387191	7.47458980183532e-06	1.83929429450754	1.00000000006192
12.75	17.45	1.00000000040987	0.799974097454176	8.22184584559755e-06	1.75929692733434	1.00000000016395
12.85	17.45	0.999999999664623	0.799974922399075	8.92162108063231e-06	1.67929947778627	0.999999999865849
12.95	17.45	0.999999997307102	0.799975749503399	9.57612730436317e-06	1.59930194570119	0.999999998922841
13.05	17.45	0.999999992753031	0.799976578993348	1.01874108620541e-05	1.51930433091254	0.999999997101213
13.15	17.45	0.999999985718373	0.799977411048476	1.07573639375624e-05	1.43930663325033	0.999999994287349
13.25	17.45	0.999999976649083	0.799978245806506	1.12877351228087e-05	1.35930885253025	0.999999990659633
13.35	17.45	0.999999967291869	0.799979083361485	1.17801394301046e-05	1.27931098852621	0.999999986916748
13.45	17.45	0.999999961313495	0.799979923752096	1.22360677622237e-05	1.19931304092329	0.999999984525398
13.55	17.45	0.999999964759295	0.799980766937465	1.26568958429053e-05	1.11931500925299	0.999999985903718
13.65	17.45	0.999999985990659	0.7999816127601	1.30438922927353e-05	1.03931689282165	0.999999994396264
13.75	17.45	1.00000003458459	0.799982460900235	1.33982254666551e-05	0.959318690657143	1.00000001383384
13.85	17.45	1.00000011857624	0.799983310834081	1.37209683160199e-05	0.879320401516826	1.0000000474305
13.95	17.45	1.00000023947799	0.799984161819351	1.4013100464713e-05	0.799322024019059	1.0000000957912
14.05	17.45	1.00000038485596	0.799985012944508	1.42755067204025e-05	0.719323556972855	1.00000015394239
14.15	17.45	1.00000051904883	0.799985863288995	1.45089716425162e-05	0.639324999974608	1.00000020761953
14.25	17.45	1.00000057401146	0.799986712244079	1.47141707229632e-05	0.559326354299705	1.00000022960458
14.35	17.45	1.00000044428751	0.79998756002764	1.4891660271671e-05	0.479327624021089	1.000000177715
14.45	17.45	0.999999992555939	0.799988408378754	1.50418701399592e-05	0.399328817119671	0.999999997022376
14.55	17.45	0.999999074460386	0.799989261326553	1.51651057182168e-05	0.31932994610902	0.999999629784154
14.65	17.45	0.999997592370618	0.799990125785613	1.52615674640099e-05	0.239331027402954	0.999999036948247
14.75	17.45	0.999995585555028	0.799991011814309	1.5331396429636e-05	0.159332078380464	0.999998234222011
14.85	17.45	0.999993356622703	0.799992826382865	1.53747459945169e-05	0.0793331109305718	0.999997342649081
14.95	17.45	0.999991618547438	0.399990343700037	1.53931329065386e-05	-0.000666058760046463	0.999996647418975
0.05	17.55	-4.74418344367235e-06	0.399996146705657	0.00017595578827265	10.4592112337945	0.599998102326623
0.15	17.55	-5.39480089501804e-06	0.799988706270727	0.000176894875960807	10.4112118480082	0.599997842079642
0.25	17.55	-5.92399768602865e-06	0.799981121234986	0.000178784416584987	10.3632129343223	0.599997630400925
0.35	17.55	-5.58756630310544e-06	0.799973240491969	0.000181612115052445	10.3152144926167	0.599997764973479
0.45	17.55	-3.6022674583947e-06	0.799964950879808	0.000185367595259231	10.2672165030973	0.599998559093017
0.55	17.55	8.23076633026928e-07	0.799956089002191	0.000190043705664046	10.2192189290998	0.600000329230653
0.65	17.55	8.36814418362173e-06	0.799946451945494	0.000195654829668873	10.1712217198087	0.600003347257673
0.75	17.55	1.93264979095754e-05	0.799935763663728	0.00020226435333302	10.1232248194187	0.600007730599164
0.85	17.55	3.29559980196819e-05	0.799923736808014	0.000209913011019973	10.0752281914621	0.600013182399208
0.95	17.55	4.70942320480875e-05	0.799909907340786	0.00021857931759716	10.0272318621205	0.600018837692819
1.05	17.55	5.68517106660293e-05	0.79989419053087	0.000228279299548495	9.97923598900346	0.600022740684266
1.15	17.55	5.64963540130576e-05	0.799876227082914	0.000239099420606608	9.93124092135428	0.600022598541605
1.25	17.55	3.99257374271519e-05	0.799855630760068	0.000251161817894129	9.88324722668403	0.600015970294971
1.35	17.55	1.81296191691569e-06	0.799831985199411	0.00026460530306991	9.83525569102686	0.600000725184767
1.45	17.55	-6.06306901913172e-05	0.799804815115054	0.000279573613950182	9.78726727261689	0.599975747723923
1.55	17.55	-0.000145479271728996	0.79977353917152	0.000296202285450941	9.73928299280462	0.599941808291308
1.65	17.55	-0.000243832790178537	0.799737406423139	0.000314604927601819	9.69130375614035	0.599902466883929
1.75	17.55	-0.000337961873020869	0.799695413860082	0.000334868057713882	9.64333010440859	0.599864815250792
1.85	17.55	-0.000400519133200794	0.799646186289061	0.000357065956459204	9.59536192801267	0.59983979234672
1.95	17.55	-0.00039567750049346	0.79958779749743	0.000381260480719075	9.54739818416471	0.599841728999803
2.05	17.55	-0.000283016717036652	0.799517751882698	0.000407246648769711	9.49943670286041	0.599886793313185
2.15	17.55	-2.29472417050203e-05	0.799434204453234	0.000433917013590778	9.45147415633765	0.599990821103318
2.25	17.55	0.00042590948383581	0.799335654317254	0.000461868647338115	9.40350606617098	0.600170363793534
2.35	17.55	0.00110795843127311	0.799226573039482	0.000492914032807991	9.3555266425214	0.600443183372509
2.45	17.55	0.00211522468156703	0.799098049370337	0.000527379883444796	9.30752803690595	0.600846089872627
2.55	17.55	0.00354311263928079	0.798947556735883	0.000565167373564169	9.25949965514164	0.601417245055712
2.65	17.55	0.00550012596989023	0.798771999840393	0.000606077423114224	9.21142786951363	0.602200050387956
2.75	17.55	0.00811147517777413	0.798568107401183	0.000649901737560037	9.1632955477551	0.60324459007111
2.85	17.55	0.0115221899548223	0.798332474045173	0.00069640620551974	9.11508149173219	0.604608875981929
2.95	17.55	0.0159010883091985	0.79806167213052	0.000745267724390669	9.06675976814729	0.606360435323679
3.05	17.55	0.0214462279827378	0.797752454218532	0.000795987539746168	9.01829888751099	0.608578491193095
3.15	17.55	0.0283923186884436	0.797402044706837	0.000847782843967807	8.96966077153909	0.611356927475377
3.25	17.55	0.037020457421449	0.797008518005831	0.000899450461648871	8.92079943510124	0.61480818296858
3.35	17.55	0.047670255523021	0.796571247038519	0.000949197484163392	8.87165930019424	0.619068102209208
3.45	17.55	0.060753749979793	0.796091375293675	0.000994442224234464	8.82217306548958	0.624301499991917
3.55	17.55	0.0767691579190703	0.795572220536987	0.00103160665679828	8.77225909268956	0.630707663167628
3.65	17.55	0.0963102208081642	0.795019474434129	0.00105595178734465	8.72181836672856	0.638524088323266
3.75	17.55	0.120063382166331	0.794441062548297	0.00106155088717222	8.67073127614404	0.648025352866532
3.85	17.55	0.148780655815166	0.793846650221797	0.00104154346828238	8.61885477724784	0.659512262326066
3.95	17.55	0.183212350292194	0.793247099490249	0.0009888369581632	8.56602095661771	0.673284940116878
4.05	17.55	0.223984596221074	0.792654653515547	0.000897370021967604	8.51203851261557	0.68959383848843
4.15	17.55	0.271417954957522	0.792084865344554	0.000763861379405054	8.45669900416496	0.708567181983009
4.25	17.55	0.325310730892658	0.79156053661213	0.000589637389010103	8.39978944502904	0.730124292357063
4.35	17.55	0.38475085830664	0.791115720542761	0.000381802145524428	8.34111148946577	0.753900343322656
4.45	17.55	0.448052120391066	0.790795405716534	0.000152974983479748	8.28050496302968	0.779220848156426
4.55	17.55	0.512897585078968	0.790647036442447	-8.07007266287175e-05	8.21787063681592	0.805159034031587
4.65	17.55	0.576694327264654	0.79070538157242	-0.000302733424710169	8.15318564294555	0.830677730905861
4.75	17.55	0.637032458699381	0.790978649081185	-0.000499461240730884	8.0865063671587	0.854812983479752
4.85	17.55	0.692078766264055	0.791444285559287	-0.000662101159331054	8.01795787998428	0.876831506505622
4.95	17.55	0.740773943131733	0.792056328961072	-0.00078720486450249	7.94771371096775	0.896309577252693
5.05	17.55	0.782809657228362	0.792758978235381	-0.000875805438417537	7.87597234619854	0.913123862891345
5.15	17.55	0.818455326768829	0.793499230942193	-0.000931920152188354	7.80293628377968	0.927382130707531
5.25	17.55	0.848334232539033	0.794234508392907	-0.000961030316636904	7.72879694564981	0.939333693015613
5.35	17.55	0.873224294016565	0.794935036591747	-0.000968899121063058	7.65372603798326	0.949289717606626
5.45	17.55	0.893917206757879	0.795582771000702	-0.000960829297378776	7.57787221537804	0.957566882703151
5.55	17.55	0.911137470837073	0.796168827501425	-0.00094130352405503	7.5013612962256	0.964454988334829
5.65	17.55	0.925507383364606	0.796690730615739	-0.000913891880280552	7.42429841698857	0.970202953345843
5.75	17.55	0.937541117311517	0.797150095193876	-0.000881313903660164	7.34677095735822	0.975016446924607
5.85	17.55	0.947654093263406	0.797550904781273	-0.000845571107187083	7.26885152739669	0.979061637305362
5.95	17.55	0.956178436119239	0.797898333080051	-0.0008080969639133	7.19060065955054	0.982471374447696
6.05	17.55	0.963379260204902	0.798197985334964	-0.000769896036133029	7.11206907415001	0.985351704081961
6.15	17.55	0.96946925931573	0.798455436761696	-0.000731660299908754	7.03329951170989	0.987787703726292
6.25	17.55	0.974620712152119	0.798675969622762	-0.000693860177529899	6.95432818285741	0.989848284860848
6.35	17.55	0.978974867827777	0.79886443796479	-0.000656812488305973	6.87518590518066	0.991589947131111
6.45	17.55	0.982649050239001	0.79902521174496	-0.000620729340085117	6.79589899492503	0.9930596200956
6.55	17.55	0.985741930720125	0.799162168691792	-0.000585752243188907	6.71648997178496	0.99429677228805
6.65	17.55	0.988337401699191	0.799278713628189	-0.000551975270382139	6.63697812322053	0.995334960679676
6.75	17.55	0.99050741706089	0.799377812494414	-0.000519460380397587	6.5573799636729	0.996202966824356
6.85	17.55	0.992314086993661	0.799462033157538	-0.000488247306511272	6.47770961484429	0.996925634797464
6.95	17.55	0.993811243824897	0.799533588189159	-0.000458359787241192	6.39797912602003	0.997524497529959
7.05	17.55	0.995045636773874	0.799594376757962	-0.000429809413397826	6.3181987480282	0.99801825470955
7.15	17.55	0.996057868207941	0.799646024029648	-0.00040259798030491	6.23837717051356	0.998423147283176
7.25	17.55	0.996883150168716	0.799689917251129	-0.000376718948686445	6.15852172941028	0.998753260067486
7.35	17.55	0.997551935332055	0.799727238189936	-0.00035215841116407	6.07863858954092	0.999020774132822
7.45	17.55	0.99809045898657	0.799758991902346	-0.00032889581586225	5.99873290591895	0.999236183594628
7.55	17.55	0.998521216240904	0.799786031985135	-0.000306904597341052	5.91880896641536	0.999408486496362
7.65	17.55	0.998863390088714	0.799809082566724	-0.000286152796954479	5.83887031783714	0.999545356035485
7.75	17.55	0.999133240117499	0.799828757342327	-0.000266603709741365	5.75891987706463	0.999653296047
7.85	17.55	0.999344457769265	0.799845575972959	-0.000248216566623778	5.67896002863597	0.999737783107706
7.95	17.55	0.99950849158336	0.79985997816243	-0.000230947244073384	5.59899271000411	0.999803396633344
8.05	17.55	0.999634844362583	0.799872335707996	-0.000214748985003174	5.51901948558733	0.999853937745033
8.15	17.55	0.999731343399863	0.799882962795333	-0.000199573111296296	5.43904161066615	0.999892537359945
8.25	17.55	0.9998043845603	0.799892124779855	-0.000185369708750607	5.35906008612897	0.99992175382412
8.35	17.55	0.999859150965992	0.799900045668497	-0.000172088267851425	5.27907570502559	0.999943660386397
8.45	17.55	0.999899807156422	0.799906914488293	-0.000159678267040856	5.19908909184451	0.999959922862569
8.55	17.55	0.999929669806245	0.799912890702819	-0.000148089689510178	5.11910073538326	0.999971867922498
8.65	17.55	0.999951356313019	0.799918108815407	-0.000137273468070135	5.03911101602805	0.999980542525208
8.75	17.55	0.999966912778086	0.799922682277646	-0.000127181856638796	4.95912022820183	0.999986765111235
8.85	17.55	0.999977923069633	0.799926706804731	-0.00011776872940239	4.87912859867719	0.999991169227853
8.95	17.55	0.999985600765306	0.799930263184446	-0.000108989811579772	4.7991363013851	0.999994240306122
9.05	17.55	0.999990865819603	0.799933419653681	-0.000100802847025111	4.71914346928431	0.999996346327841
9.15	17.55	0.99999440779186	0.799936233906234	-9.31677093939925e-05	4.63915020378999	0.999997763116744
9.25	17.55	0.999996737411649	0.799938754785835	-8.60464638888499e-05	4.55915658219623	0.999998694964659
9.35	17.55	0.999998228159407	0.799941023711463	-7.94033872291196e-05	4.47916266346671	0.999999291263763
9.45	17.55	0.99999914941189	0.79994307587472	-7.32049527882498e-05	4.39916849271166	0.999999659764756
9.55	17.55	0.999999692554726	0.799944941243829	-6.74197878406692e-05	4.3191741046181	0.999999877021891
9.65	17.55	0.99999999130739	0.799946645403908	-6.20186091788506e-05	4.23917952605509	0.999999996522956
9.75	17.55	1.00000013734713	0.799948210258895	-5.69741424739977e-05	4.15918477803536	1.00000005493885
9.85	17.55	1.00000019216411	0.799949654616978	-5.22610302877161e-05	4.07918987718032	1.00000007686564
9.95	17.55	1.00000019593485	0.799950994678211	-4.78557326427961e-05	3.999194836806	1.00000007837394
10.05	17.55	1.00000017406844	0.799952244440272	-4.37364237086663e-05	3.91919966772269	1.00000006962738
10.15	17.55	1.00000014196113	0.799953416035818	-3.98828869605325e-05	3.83920437882082	1.00000005678445
10.25	17.55	1.00000010839155	0.799954520013109	-3.62764112642792e-05	3.75920897749884	1.00000004335662
10.35	17.55	1.00000007789996	0.79995556556936	-3.28996891983184e-05	3.67921346997573	1.00000003115998
10.45	17.55	1.00000005242	0.799956560745151	-2.9736718941655e-05	3.59921786151994	1.000000020968
10.55	17.55	1.00000003237036	0.799957512586631	-2.67727104801814e-05	3.51922215661858	1.00000001294815
10.65	17.55	1.00000001736309	0.799958427281141	-2.39939966771579e-05	3.43922635910406	1.00000000694524
10.75	17.55	1.00000000664588	0.79995931027103	-2.13879494500076e-05	3.35923047225083	1.00000000265835
10.85	17.55	0.999999999364068	0.799960166349501	-1.89429012331985e-05	3.27923449885101	0.999999999745627
10.95	17.55	0.999999994703967	0.799960999741647	-1.66480716722805e-05	3.19923844127508	0.999999997881587
11.05	17.55	0.999999991961027	0.799961814173405	-1.44934994122776e-05	3.1192423015222	0.999999996784411
11.15	17.55	0.999999990562556	0.799962612930372	-1.2469978841648e-05	3.03924608126276	0.999999996225022
11.25	17.55	0.999999990064983	0.799963398908399	-1.05690015231441e-05	2.95924978187543	0.999999996025993
11.35	17.55	0.999999990138543	0.799964174657301	-8.78270212158961e-06	2.87925340447982	0.999999996055417
11.45	17.55	0.999999990547418	0.799964942418781	-7.10380841803315e-06	2.79925694996573	0.999999996218967
11.55	17.55	0.999999991130025	0.799965704159622	-5.52559535309664e-06	2.71926041901951	0.99999999645201
11.65	17.55	0.999999991781966	0.799966461600737	-4.04184260721196e-06	2.63926381214795	0.999999996712787
11.75	17.55	0.999999992442654	0.799967216242834	-2.64679559816455e-06	2.55926712969989	0.999999996977061
11.85	17.55	0.999999993085619	0.799967969389099	-1.33512961751284e-06	2.47927037188583	0.999999997234247
11.95	17.55	0.999999993711671	0.799968722165325	-1.01916850480791e-07	2.39927353879567	0.999999997484668
12.05	17.55	0.999999994343359	0.799969475537805	1.05740394805482e-06	2.3192766304147	0.999999997737344
12.15	17.55	0.999999995018476	0.799970230329274	2.14705528094221e-06	2.23927964663809	0.99999999800739
12.25	17.55	0.9999999957798	0.799970987233235	3.17094647167661e-06	2.15928258728416	0.99999999831192
12.35	17.55	0.999999996658107	0.799971746826787	4.13269713773173e-06	2.07928545210664	0.999999998663243
12.45	17.55	0.999999997646156	0.799972509582379	5.0356586783982e-06	1.99928824080645	0.999999999058462
12.55	17.55	0.999999998663459	0.799973275878732	5.8829340102906e-06	1.91929095304327	0.999999999465384
12.65	17.55	0.999999999515856	0.799974046011222	6.67739561809268e-06	1.83929358844742	0.999999999806342
12.75	17.55	0.999999999860626	0.799974820202138	7.42170209479932e-06	1.75929614663192	0.99999999994425
12.85	17.55	0.999999999196993	0.79997559861083	8.11831329539613e-06	1.67929862720456	0.999999999678797
12.95	17.55	0.99999999691216	0.799976381343852	8.76950425437372e-06	1.59930102977852	0.999999998764864
13.05	17.55	0.999999992421292	0.799977168464403	9.37737802638381e-06	1.51930335397947	0.999999996968517
13.15	17.55	0.999999985440641	0.799977960000019	9.94387756933393e-06	1.43930559944539	0.999999994176256
13.25	17.55	0.999999976418134	0.799978755946443	1.04707969030917e-05	1.35930776581458	0.999999990567253
13.35	17.55	0.999999967105072	0.799979556264872	1.09597915772041e-05	1.27930985269718	0.999999986842029
13.45	17.55	0.99999996117623	0.799980360869482	1.14123885969361e-05	1.19931185962715	0.999999984470492
13.55	17.55	0.999999964688591	0.799981169602413	1.18299956889208e-05	1.11931378599662	0.999999985875436
13.65	17.55	0.999999986017891	0.799981982195952	1.22139097499951e-05	1.03931563098346	0.999999994407156
13.75	17.55	1.00000003475534	0.799982798226194	1.25653239881786e-05	0.95931739349728	1.00000001390214
13.85	17.55	1.00000011894488	0.799983617070614	1.28853331879034e-05	0.879319072186895	1.00000004757795
13.95	17.55	1.00000024009418	0.799984437893073	1.31749362799879e-05	0.799320665571589	1.00000009603767
14.05	17.55	1.00000038574106	0.799985259692643	1.34350355457492e-05	0.719322172370894	1.00000015429643
14.15	17.55	1.00000052016197	0.799986081463596	1.36664321362421e-05	0.639323592101818	1.00000020806479
14.25	17.55	1.00000057520879	0.799986902516209	1.38698184669882e-05	0.559324925971281	1.00000023008351
14.35	17.55	1.00000044528369	0.79998772299167	1.40457694639426e-05	0.479326177995627	1.00000017811347
14.45	17.55	0.999999992903774	0.799988544556805	1.41947365466147e-05	0.399327356111694	0.99999999716151
14.55	17.55	0.999999073571258	0.799989371172906	1.43170502543071e-05	0.319328472801253	0.999999629428503
14.65	17.55	0.999997589602351	0.799990209690524	1.44129389740523e-05	0.239329544456663	0.999999035840941
14.75	17.55	0.999995580391081	0.799991070103426	1.44825712602152e-05	0.159330588441347	0.999998232156432
14.85	17.55	0.999993348952925	0.799992859892126	1.45261209201619e-05	0.0793316166277492	0.99999733958117
14.95	17.55	0.999991609032426	0.399990349916512	1.45449415336202e-05	-0.000667554936677131	0.99999664361297
0.05	17.65	-4.78089631292714e-06	0.399996652827455	0.000182935651421748	10.4592004519365	0.599998087641475
0.15	17.65	-5.45391331789124e-06	0.799990233324536	0.000183980771398143	10.4112010065906	0.599997818434673
0.25	17.65	-6.0283427406903e-06	0.799983675099157	0.00018608388769798	10.3632019730017	0.599997588662904
0.35	17.65	-5.76347623115383e-06	0.799976830998753	0.000189246199673368	10.3152033514147	0.599997694609507
0.45	17.65	-3.8771249280818e-06	0.799969592360106	0.000193475217585243	10.2672051221756	0.599998449150029
0.55	17.65	4.40600379173943e-07	0.799961799223313	0.00019878454938504	10.219207248512	0.600000176240152
0.65	17.65	7.96111541483724e-06	0.799953237161629	0.000205216751442028	10.1712096781377	0.600003184446166
0.75	17.65	1.91684319317017e-05	0.799943553391231	0.00021284082714692	10.1232123506491	0.600007667372773
0.85	17.65	3.30523865392373e-05	0.799932564441398	0.00022173903037183	10.0752152251278	0.600013220954616
0.95	17.65	4.71754243420836e-05	0.799919936520509	0.000231963560032676	10.0272183278438	0.600018870169737
1.05	17.65	5.70724177368321e-05	0.799905432285337	0.000243599981955625	9.97922181393448	0.600022828967095
1.15	17.65	5.71020701035458e-05	0.799888712082334	0.000256835814506999	9.93122602389284	0.600022840828041
1.25	17.65	4.11637217582061e-05	0.79986941256546	0.000271896918673018	9.8832315145989	0.600016465488703
1.35	17.65	3.89708729533807e-06	0.799847146939352	0.000289028384451228	9.83523906048738	0.600001558834918
1.45	17.65	-5.7561079972936e-05	0.799821480031361	0.000308484358533061	9.78724960776297	0.599976975568011
1.55	17.65	-0.000141413504487445	0.799791884477944	0.000330512401751428	9.73926416614559	0.599943434598205
1.65	17.65	-0.000238940453320208	0.799757679860699	0.000355333895936958	9.69128362992262	0.599904423818672
1.75	17.65	-0.000332605120815316	0.79971795160743	0.000383134174391569	9.64330853231872	0.599866957951674
1.85	17.65	-0.000395187508923857	0.799671418247717	0.000414091976699329	9.59533875516431	0.59984192499643
1.95	17.65	-0.00039100389815295	0.799616183989023	0.000448453042513926	9.54737324396549	0.599843598440739
2.05	17.65	-0.000280945545109284	0.799549899157937	0.000486251024847738	9.49940982556565	0.599887621781956
2.15	17.65	-3.04761318421677e-05	0.799473341350351	0.000526942692368838	9.45144522671399	0.599987809547263
2.25	17.65	0.00040870285764786	0.799382944695878	0.000570763337525165	9.40347497405338	0.600163481143059
2.35	17.65	0.00108989675798908	0.799279192764503	0.00061985931247394	9.35549313681694	0.600435958703196
2.45	17.65	0.00209443800027059	0.79915755912915	0.000675672437144343	9.3074917806642	0.600837775200108
2.55	17.65	0.0035164251551777	0.799015433107986	0.000738065199502597	9.25946032714407	0.601406570062071
2.65	17.65	0.00546397341654915	0.798850058230857	0.000806927701508362	9.21138515476614	0.60218558936662
2.75	17.65	0.00806175449898828	0.798658507493296	0.000882272182096856	9.16324912884327	0.603224701799595
2.85	17.65	0.0114539751514707	0.798437740918871	0.000964090494400727	9.11503104710044	0.604581590060588
2.95	17.65	0.0158083079554749	0.798184724526527	0.00105218356170694	9.06670497740177	0.60632332318219
3.05	17.65	0.0213212958491482	0.797896627702156	0.00114597719366018	9.01823944452897	0.608528518339659
3.15	17.65	0.0282256987137116	0.7975710985398	0.00124430238993389	8.96959640725341	0.611290279485485
3.25	17.65	0.036800149740011	0.797206612110409	0.00134511829287704	8.92072995297684	0.614720059896004
3.35	17.65	0.0473812063675727	0.796802872656616	0.00144516691017601	8.87158462839446	0.618952482547029
3.45	17.65	0.0603772214137834	0.79636122041957	0.00153956939282418	8.82209333017667	0.624150888565513
3.55	17.65	0.0762821546459006	0.79588494993364	0.00162141048963934	8.77217471616843	0.63051286185836
3.65	17.65	0.0956851739327453	0.795379405809676	0.0016814184148367	8.72173019113854	0.638274069573098
3.75	17.65	0.119268440927113	0.79485172743021	0.00170793310353723	8.67064070660752	0.647707376370845
3.85	17.65	0.14778111955037	0.794310242239326	0.00168744824306548	8.61876392624258	0.659112447820148
3.95	17.65	0.181973905303603	0.79376383595727	0.00160605421001189	8.56593275351099	0.672789562121441
4.05	17.65	0.222478927845669	0.793222111344349	0.0014519941701925	8.51195672206413	0.688991571138268
4.15	17.65	0.269630718471387	0.792697405047147	0.00121915757113121	8.45662808433211	0.707852287388555
4.25	17.65	0.323250597788233	0.792208999559516	0.00091067374735859	8.39973418839195	0.729300239115293
4.35	17.65	0.382456676673759	0.791787643690704	0.00054112286833608	8.34107644240422	0.752982670669504
4.45	17.65	0.445594214320469	0.79147595495546	0.000135831625648808	8.28049371415034	0.778237685728188
4.55	17.65	0.510370362034429	0.791320622039778	-0.000273288941001298	8.21788516001031	0.804148144813772
4.65	17.65	0.574201057443325	0.79135755359238	-0.00065420786204794	8.15322591286002	0.82968042297733
4.75	17.65	0.634667303199878	0.791597658400159	-0.000981120581614284	8.08657038683357	0.853866921279951
4.85	17.65	0.689912619665023	0.792021863926579	-0.00123840372855902	8.01804210258544	0.875965047866009
4.95	17.65	0.738848232052727	0.792587660133296	-0.00142128972881156	7.94781369370094	0.895539292821091
5.05	17.65	0.781138032406798	0.793242154588467	-0.00153390201863726	7.87608342494617	0.912455212962719
5.15	17.65	0.817030239884987	0.793934540384928	-0.00158604921865368	7.80305410680652	0.926812095953995
5.25	17.65	0.847134882810201	0.794623769790461	-0.00159005723584105	7.72891779881713	0.93885395312408
5.35	17.65	0.872223546746491	0.795281062062992	-0.00155836345513231	7.65384697428862	0.948889418698596
5.45	17.65	0.893086515609303	0.795888955685903	-0.00150205656741332	7.57799104289278	0.957234606243721
5.55	17.65	0.910449827517222	0.796438843896236	-0.00143022077694372	7.50147648510468	0.964179931006889
5.65	17.65	0.924938757658926	0.796928305287174	-0.00134982942891474	7.42440897404346	0.96997550306357
5.75	17.65	0.937070917153533	0.797358851178182	-0.00126594714095035	7.3468762994253	0.974828366861413
5.85	17.65	0.947265073590336	0.797734256767069	-0.0011820634735725	7.26895136981263	0.978906029436134
5.95	17.65	0.955856347221325	0.798059424400465	-0.00110044884315087	7.19069492578823	0.98234253888853
6.05	17.65	0.963112409075565	0.798339656965791	-0.00102247594251706	7.11215782673438	0.985244963630226
6.15	17.65	0.969248075767253	0.798580219685879	-0.000948884260008948	7.03338290170237	0.987699230306901
6.25	17.65	0.97443736109589	0.798786093267982	-0.00087998475443982	6.95440641426298	0.989774944438356
6.35	17.65	0.978822921069669	0.798961848864639	-0.000815811122096148	6.87525921069913	0.991529168427868
6.45	17.65	0.982523217106654	0.799111597965753	-0.000756227453818365	6.79596761997419	0.993009286842662
6.55	17.65	0.985637840831917	0.799238986796032	-0.000701002268171023	6.71655416435155	0.994255136332767
6.65	17.65	0.98825143139967	0.799347215957516	-0.000649857673567244	6.63703812769125	0.995300572559868
6.75	17.65	0.990436551268523	0.799439073343578	-0.000602500732760566	6.55743601730087	0.996174620507409
6.85	17.65	0.992255809236181	0.799516972997063	-0.00055864245783389	6.47776194590222	0.996902323694472
6.95	17.65	0.993763448476074	0.799582995510991	-0.000518008451787744	6.39802795299011	0.99750537939043
7.05	17.65	0.995006558683209	0.799638927402959	-0.000480344084757159	6.31824427939571	0.998002623473284
7.15	17.65	0.996026025930779	0.799686298038423	-0.000445416232483101	6.23841960488576	0.998410410372312
7.25	17.65	0.996857299838531	0.799726413390768	-0.000413012966954048	6.15856125578841	0.998742919935412
7.35	17.65	0.997531032883123	0.799760386368375	-0.0003829421296107	6.07867538764529	0.999012413153249
7.45	17.65	0.998073628959287	0.799789163706607	-0.000355029390310046	5.99876714651387	0.999229451583715
7.55	17.65	0.998507725810015	0.79981354958251	-0.000329116168774416	5.9188408116104	0.999403090324006
7.65	17.65	0.998852627270195	0.799834226196146	-0.000305057638809146	5.83889992135884	0.999541050908078
7.75	17.65	0.999124695352316	0.799851771604371	-0.000282720932562665	5.7589473845022	0.999649878140927
7.85	17.65	0.999337708267497	0.79986667510448	-0.000261983593691224	5.67898557766919	0.999735083306999
7.95	17.65	0.999503187952777	0.79987935045824	-0.00024273228668317	5.59901643062245	0.999801275181111
8.05	17.65	0.99963069915171	0.799890147229409	-0.000224861744484475	5.5190415003087	0.999852279660684
8.15	17.65	0.999728121264722	0.799899360484396	-0.000208273924314185	5.43906203476197	0.999891248505889
8.25	17.65	0.999801893822881	0.799907239079456	-0.000192877336185097	5.35907902786001	0.999920757529152
8.35	17.65	0.999857236375899	0.799913992731975	-0.000178586508830177	5.27909326589103	0.99994289455036
8.45	17.65	0.999898343699181	0.799919798047972	-0.000165321560658026	5.19910536684487	0.999959337479672
8.55	17.65	0.999928557425554	0.799924803655195	-0.000153007847801335	5.11911581329613	0.999971422970222
8.65	17.65	0.999950515432109	0.799929134570374	-0.000141575666431833	5.03912497969479	0.999980206172843
8.75	17.65	0.999966280519183	0.799932895910763	-0.000130959991149188	4.95913315482233	0.999986512207673
8.85	17.65	0.999977450081629	0.799936176045071	-0.0001211002365551	4.87914056010956	0.999990980032652
8.95	17.65	0.99998524857902	0.799939049264183	-0.000111940032066558	4.79914736444704	0.999994099431608
9.05	17.65	0.999990604658147	0.799941578041617	-0.000103427004432245	4.71915369605295	0.999996241863259
9.15	17.65	0.999994214771029	0.799943814943202	-9.55125639219162e-05	4.63915965189723	0.999997685908411
9.25	17.65	0.999996595072071	0.799945804237062	-8.81516928957453e-05	4.55916530511706	0.999998638028828
9.35	17.65	0.999998123278707	0.799947583248325	-8.13027361996503e-05	4.4791707107983	0.999999249311483
9.45	17.65	0.99999907205117	0.799949183496329	-7.49271941381112e-05	4.3991759104415	0.999999628820468
9.55	17.65	0.999999635299456	0.799950631647119	-6.89895190580486e-05	4.31918093537997	0.999999854119782
9.65	17.65	0.999999948668133	0.799951950309571	-6.34569168123743e-05	4.23918580937183	0.999999979467253
9.75	17.65	1.00000010529049	0.799953158699319	-5.82991545176393e-05	4.15919055054803	1.0000000421162
9.85	17.65	1.0000001677488	0.799954273191364	-5.34883756151062e-05	4.07919517286347	1.00000006709952
9.95	17.65	1.0000001770318	0.79995530777935	-4.89989234500261e-05	3.99919968716912	1.00000007081272
10.05	17.65	1.00000015914744	0.799956274456575	-4.48071739266786e-05	3.91920410199804	1.00000006365898
10.15	17.65	1.00000012992973	0.799957183531995	-4.08913778389218e-05	3.83920842413811	1.00000005197189
10.25	17.65	1.0000000984745	0.799958043891999	-3.72315130705919e-05	3.75921265904731	1.0000000393898
10.35	17.65	1.00000006954982	0.799958863217428	-3.3809146727697e-05	3.67921681115413	1.00000002781993
10.45	17.65	1.00000004525152	0.799959648163475	-3.06073071085692e-05	3.59922088407523	1.00000001810061
10.55	17.65	1.00000002611278	0.799960404509197	-2.76103651632891e-05	3.51922488077392	1.00000001044511
10.65	17.65	1.00000001182578	0.799961137281845	-2.48039250635095e-05	3.43922880367694	1.00000000473031
10.75	17.65	1.0000000016939	0.799961850860744	-2.21747234958624e-05	3.35923265476184	1.00000000067756
10.85	17.65	0.999999994900833	0.799962549064116	-1.97105370896469e-05	3.27923643562406	0.999999997960333
10.95	17.65	0.999999990659242	0.799963235222307	-1.74000974259778e-05	3.19924014752974	0.999999996263697
11.05	17.65	0.999999988282562	0.799963912239453	-1.52330131942094e-05	3.11924379145865	0.999999995313025
11.15	17.65	0.999999987210391	0.799964582645981	-1.319969883684e-05	3.03924736814003	0.999999994884156
11.25	17.65	0.999999987007576	0.79996524864341	-1.1291309258393e-05	2.95925087808341	0.999999994803031
11.35	17.65	0.999999987350179	0.799965912142766	-9.49968002175016e-06	2.87925432160557	0.999999994940072
11.45	17.65	0.999999988006477	0.799966574797838	-7.81727266631236e-06	2.79925769885456	0.999999995202591
11.55	17.65	0.999999988817839	0.79996723803401	-6.23712462604955e-06	2.71926100983122	0.999999995527135
11.65	17.65	0.99999998968207	0.799967903073429	-4.7528034061621e-06	2.63926425440868	0.999999995872828
11.75	17.65	0.999999990540294	0.799968570957059	-3.35836464161855e-06	2.55926743234988	0.999999996216118
11.85	17.65	0.999999991367436	0.79996924256416	-2.04831369794156e-06	2.47927054332349	0.999999996546974
11.95	17.65	0.99999999216549	0.799969918629358	-8.17570484182431e-07	2.39927358691823	0.999999996866196
12.05	17.65	0.999999992958049	0.799970599757849	3.38562754232241e-07	2.31927656265569	0.99999999718322
12.15	17.65	0.999999993783844	0.799971286438879	1.42443090848612e-06	2.23927947000203	0.999999997513538
12.25	17.65	0.999999994686488	0.799971979057699	2.44405307468198e-06	2.15928230837851	0.999999997874595
12.35	17.65	0.99999999569747	0.799972677906333	3.40114725902689e-06	2.07928507717142	0.999999998278988
12.45	17.65	0.999999996810086	0.79997338319343	4.29915304747426e-06	1.9992877757416	0.999999998724034
12.55	17.65	0.999999997944158	0.799974095053357	5.14125233661794e-06	1.91929040343402	0.999999999177663
12.65	17.65	0.999999998905544	0.799974813555027	5.93038830726668e-06	1.83929295958778	0.999999999562218
12.75	17.65	0.999999999351218	0.799975538710607	6.66928277768527e-06	1.75929544354647	0.999999999740487
12.85	17.65	0.999999998779812	0.799976270484357	7.36045209893293e-06	1.67929785466869	0.999999999511925
12.95	17.65	0.999999996577831	0.799977008801467	8.00622174666533e-06	1.59930019233726	0.999999998631132
13.05	17.65	0.999999992159976	0.799977753556392	8.60873972742046e-06	1.51930245596498	0.999999996863991
13.15	17.65	0.99999998524285	0.799978504619451	9.16998905209539e-06	1.43930464499323	0.99999999409714
13.25	17.65	0.999999976276318	0.79997926183972	9.69179933056931e-06	1.35930675887886	0.999999990510527
13.35	17.65	0.999999967016076	0.799980025041364	1.01758576777063e-05	1.27930879706463	0.99999998680643
13.45	17.65	0.999999961144493	0.799980794010276	1.06237189972286e-05	1.19931075893018	0.999999984457797
13.55	17.65	0.99999996472953	0.799981568468264	1.10368155810646e-05	1.11931264372542	0.999999985891812
13.65	17.65	0.999999986160358	0.799982348034441	1.14164658156032e-05	1.03931445049725	0.999999994464143
13.75	17.65	1.00000003504141	0.799983132178164	1.17638816599004e-05	0.959316178034832	1.00000001401657
13.85	17.65	1.00000011942464	0.799983920175953	1.20801742269915e-05	0.879317824876527	1.00000004776986
13.95	17.65	1.00000024081305	0.799984711095902	1.23663568502582e-05	0.799319389440848	1.00000009632522
14.05	17.65	1.00000038671775	0.799985503846108	1.26233449396722e-05	0.719320870356309	1.0000001546871
14.15	17.65	1.00000052135697	0.799986297334354	1.28519524204647e-05	0.639322267059055	1.00000020854279
14.25	17.65	1.00000057648698	0.799987090788823	1.30528852802473e-05	0.559323580686008	1.00000023059479
14.35	17.65	1.00000044637941	0.799987884273033	1.32267341480273e-05	0.479324815195186	1.00000017855176
14.45	17.65	0.999999993403222	0.799988679380611	1.33739694839815e-05	0.399325978477313	0.999999997361289
14.55	17.65	0.999999072933006	0.799989480003961	1.34949448247527e-05	0.319327082979955	0.999999629173202
14.65	17.65	0.99999758723979	0.799990292928327	1.35899147927038e-05	0.239328145071297	0.999999034895916
14.75	17.65	0.999995575837482	0.799991128081292	1.36590744105344e-05	0.159329182096502	0.999998230334993
14.85	17.65	0.999993342116406	0.799992893372075	1.37026179889133e-05	0.0793302059094056	0.999997336846562
14.95	17.65	0.999991600521706	0.399990356773635	1.3721750099912e-05	-0.000668967566170815	0.999996640208682
0.05	17.75	-4.80068260457736e-06	0.39999720680944	0.000188849852807603	10.4591892818735	0.599998079726958
0.15	17.75	-5.48464444201816e-06	0.799991902269812	0.000189996525825431	10.4111897706832	0.599997806142223
0.25	17.75	-6.07983313946056e-06	0.799986469737012	0.000192301607928449	10.3631906046329	0.599997568066744
0.35	17.75	-5.84579812922837e-06	0.799980769817962	0.000195780886643154	10.3151917834476	0.599997661680748
0.45	17.75	-4.00174333280452e-06	0.799974703085597	0.000200463088689387	10.267193286419	0.599998399302667
0.55	17.75	2.71472912341146e-07	0.7999681262956	0.000206392920771978	10.219195075235	0.600000108589165
0.65	17.75	7.89998908558153e-06	0.799960760475406	0.000213632119327418	10.1711970939562	0.600003159995634
0.75	17.75	1.91190203534921e-05	0.799952400173256	0.000222233352768171	10.1231992784818	0.600007647608141
0.85	17.75	3.31676295560111e-05	0.79994275083649	0.000232308355915892	10.0752015824814	0.600013267051822
0.95	17.75	4.74098973237001e-05	0.799931603653347	0.000244003511350966	10.0272040259076	0.600018963958929
1.05	17.75	5.75661668986174e-05	0.799918683334333	0.000257490420048969	9.97920675618362	0.600023026466759
1.15	17.75	5.80692969726017e-05	0.799903682376619	0.00027303755281098	9.93121010017409	0.600023227718789
1.25	17.75	4.27991863823486e-05	0.799886281199601	0.000290956950441241	9.88321459844988	0.600017119674553
1.35	17.75	6.32006049973019e-06	0.799866149914936	0.000311584602808358	9.83522100782279	0.6000025280242
1.45	17.75	-5.43637554340214e-05	0.799842927053665	0.000335270663365394	9.78723025620733	0.599978254497826
1.55	17.75	-0.000137656563948069	0.799816176927449	0.000362361291440832	9.73924333534926	0.599944937374421
1.65	17.75	-0.000235107200205648	0.799785329791084	0.000393173792189304	9.69126112315974	0.599905957119918
1.75	17.75	-0.000329472034030019	0.799749605160095	0.000427975660910434	9.64328413879779	0.599868211186388
1.85	17.75	-0.000393748697081314	0.799707880106471	0.000466983488346291	9.5953122503635	0.599842500521167
1.95	17.75	-0.000392538356999371	0.799658319676045	0.000510397506088506	9.54734438412491	0.5998429846572
2.05	17.75	-0.000289584958221098	0.799599864527087	0.000558464751383964	9.49937836396488	0.599884166016712
2.15	17.75	-4.86806484208611e-05	0.79953268132734	0.00061147625537163	9.4514109247991	0.599980527740632
2.25	17.75	0.000379637292087658	0.799453660174062	0.000670374849842149	9.40343755620968	0.600151854916835
2.35	17.75	0.0010529132095416	0.799361504415291	0.000737043618114911	9.35545220565958	0.600421165283817
2.45	17.75	0.00204722206860777	0.799253550043592	0.000812683063390344	9.30744684330479	0.600818888827443
2.55	17.75	0.00345432841896464	0.799127682400371	0.000897440323112757	9.25941087999464	0.601381731367586
2.65	17.75	0.00538125840218688	0.798981764554561	0.000991477364117916	9.21133068577342	0.602152503360875
2.75	17.75	0.00795164509591366	0.798813482001593	0.00109507575222841	9.16318910638834	0.603180658038365
2.85	17.75	0.011308293355077	0.798620402228353	0.00120843979706903	9.114964917769	0.604523317342031
2.95	17.75	0.015616973404187	0.798400123285575	0.00133146305476914	9.06663217577185	0.606246789361675
3.05	17.75	0.0210717373593894	0.798150474314432	0.00146347534822407	9.01815941586329	0.608428694943756
3.15	17.75	0.0279021622604335	0.797869764591124	0.0016029342512886	8.96950864586282	0.611160864904173
3.25	17.75	0.0363828843278103	0.797557079450211	0.00174702983256618	8.9206340611785	0.614553153731124
3.35	17.75	0.0468455350503593	0.797212603664174	0.00189118955320165	8.87148040258365	0.618738214020144
3.45	17.75	0.0596925600845899	0.796837920129624	0.00202850002012354	8.8219808810895	0.623877024033836
3.55	17.75	0.0754111417784397	0.796436188871863	0.00214911439876996	8.77205462897893	0.630164456711376
3.65	17.75	0.0945832406428177	0.796012075244603	0.00223979998062055	8.7216037258989	0.637833296257127
3.75	17.75	0.117884392906683	0.795571309845384	0.00228390152847585	8.67051002829764	0.647153757162673
3.85	17.75	0.146059589078226	0.795119902311868	0.00226212637745012	8.61863233394928	0.65842383563129
3.95	17.75	0.179860733608999	0.794663374167882	0.00215461586487985	8.56580484964822	0.6719442934436
4.05	17.75	0.219930368960775	0.79420687886679	0.00194460477935709	8.51183843060133	0.68797214758431
4.15	17.75	0.266626391626464	0.793757364919232	0.00162342024833748	8.456526407807	0.706650556650586
4.25	17.75	0.319808062008931	0.793328237980979	0.00119562959990715	8.39965661445228	0.727923224803573
4.35	17.75	0.378642801872748	0.792944735741454	0.000682218460954027	8.34102999857928	0.751457120749099
4.45	17.75	0.441526913354788	0.792645522435108	0.000119590595338745	8.28048382151617	0.776610765341915
4.55	17.75	0.50620613699101	0.792476031812553	-0.000446419388932829	8.21791459012186	0.802482454796404
4.65	17.75	0.570109838577758	0.792474097672684	-0.000969886126925733	8.1532941999862	0.828043935431103
4.75	17.75	0.630802927975447	0.792655194779234	-0.00141399542200655	8.08667391679292	0.852321171190179
4.85	17.75	0.686389725064869	0.793006163177776	-0.00175678833363381	8.01817484001546	0.874555890025948
4.95	17.75	0.735732340821364	0.793490394515427	-0.00199212172537434	7.9479682754853	0.894292936328545
5.05	17.75	0.77844867848377	0.794060009536494	-0.00212676139239084	7.87625226993806	0.911379471393508
5.15	17.75	0.814752111474212	0.794668022150409	-0.00217565452623943	7.80323027806395	0.925900844589685
5.25	17.75	0.845231138483119	0.795276078181407	-0.00215726646952558	7.72909551232166	0.938092455393248
5.35	17.75	0.870647334356318	0.795857165740565	-0.00209005191801702	7.65402178127294	0.948258933742527
5.45	17.75	0.891789112442672	0.796394876975967	-0.00199033005021454	7.57815977985814	0.956715644977069
5.55	17.75	0.909385470902138	0.796881119234513	-0.00187135071716208	7.50163709463812	0.963754188360855
5.65	17.75	0.924066958847359	0.797313586894848	-0.00174317056633279	7.42456027766682	0.969626783538943
5.75	17.75	0.936357152794971	0.797693623251866	-0.00161298014902264	7.34701777398135	0.974542861117988
5.85	17.75	0.94668057325847	0.798024644777013	-0.00148561935248101	7.26908295359934	0.978672229303388
5.95	17.75	0.955377460889612	0.798311078691813	-0.00136411984569836	7.1908168634871	0.982150984355845
6.05	17.75	0.962719841185059	0.798557693557311	-0.00125019160415039	7.11227055240318	0.985087936474024
6.15	17.75	0.968926135957487	0.798769203064928	-0.00114462151029856	7.03348695456335	0.987570454382995
6.25	17.75	0.974173298130539	0.798950048302889	-0.0010475807067043	6.95450238063675	0.989669319252215
6.35	17.75	0.978606360359114	0.799104291482239	-0.000958851039451373	6.87534768569669	0.991442544143645
6.45	17.75	0.982345699415534	0.799235576683458	-0.00087798568344428	6.79604918351759	0.992938279766214
6.55	17.75	0.985492450192998	0.799347129351852	-0.000804419137427098	6.71662936722608	0.994196980077199
6.65	17.75	0.988132497588369	0.799441777054983	-0.000737539818062038	6.63710748438778	0.995252999035348
6.75	17.75	0.990339412758453	0.799521980909994	-0.000676735904583034	6.55750000328938	0.996135765103381
6.85	17.75	0.992176624390106	0.799589871382722	-0.000621422589928921	6.47782099767026	0.996870649756042
6.95	17.75	0.993699044856978	0.799647284792968	-0.000571056766342397	6.39808246970098	0.997479617942791
7.05	17.75	0.994954312366292	0.799695798461736	-0.000525143480139501	6.31829462540147	0.997981724946517
7.15	17.75	0.995983764404665	0.799736763406764	-0.000483237200823517	6.23846611260059	0.998393505761866
7.25	17.75	0.996823223477887	0.799771334078983	-0.000444939998221295	6.15860422861635	0.998729289391155
7.35	17.75	0.997503651084125	0.799800494984653	-0.000409898032918574	6.07871510278428	0.99900146043365
7.45	17.75	0.998051707899561	0.799825084246186	-0.000377797278739775	5.99880385754312	0.999220683159824
7.55	17.75	0.998490245471957	0.799845814273221	-0.000348359055587612	5.91887475082255	0.999396098188783
7.65	17.75	0.998838745891318	0.799863289777598	-0.000321335718497874	5.83893130183207	0.999535498356527
7.75	17.75	0.999113719871668	0.79987802339234	-0.000296506691972559	5.7589764019265	0.999645487948667
7.85	17.75	0.999329069649676	0.799890449159451	-0.000273674936562274	5.679012411951	0.99973162785987
7.95	17.75	0.999496420511483	0.79990093414122	-0.000252663868992575	5.59904124729544	0.999798568204593
8.05	17.75	0.999625423179328	0.799909788392644	-0.000233314718919516	5.51906445177856	0.999850169271731
8.15	17.75	0.99972402841596	0.799917273510959	-0.000215484283308815	5.43908326141092	0.999889611366384
8.25	17.75	0.999798734808881	0.799923609954906	-0.000199043029910989	5.35909865903354	0.999919493923553
8.35	17.75	0.999854810608401	0.799928983303823	-0.000183873499092717	5.27911142078603	0.999941924243361
8.45	17.75	0.999896490588333	0.799933549604666	-0.000169868954966241	5.19912215531463	0.999958596235333
8.55	17.75	0.99992714908455	0.799937439935462	-0.000156932242128587	5.11913133658487	0.99997085963382
8.65	17.75	0.999949450580712	0.799940764295912	-0.000144974809382885	5.03913933111143	0.999979780232285
8.75	17.75	0.999965479409127	0.799943614920285	-0.000133915868914252	4.95914642036132	0.999986191763651
8.85	17.75	0.99997685029192	0.799946069094672	-0.000123681664259183	4.87915281902447	0.999990740116768
8.95	17.75	0.999984801549919	0.799948191548567	-0.000114204826462513	4.79915868978167	0.999993920619968
9.05	17.75	0.999990272850116	0.799950036481449	-0.000105423801884777	4.71916415513347	0.999996109140046
9.15	17.75	0.999993969349984	0.799951649276533	-9.7282339209216e-05	4.63916930678824	0.999997587739994
9.25	17.75	0.999996414035511	0.799953067946537	-8.9729025830668e-05	4.55917421304405	0.999998565614204
9.35	17.75	0.999997989948858	0.799954324350419	-8.27168666280781e-05	4.47917892453848	0.999999195979543
9.45	17.75	0.999998973871695	0.799955445214834	-7.62028995556508e-05	4.39918347868503	0.999999589548678
9.55	17.75	0.999999562881454	0.799956452989248	-7.01478439939417e-05	4.31918790306326	0.999999825152582
9.65	17.75	0.999999895039351	0.799957366560097	-6.45157785035161e-05	4.2391922179847	0.99999995801574
9.75	17.75	1.00000006530893	0.799958201845679	-5.92738456310567e-05	4.15919643841628	1.00000002612357
9.85	17.75	1.0000001376482	0.799958972290511	-5.43919815257205e-05	4.07920057540857	1.00000005505928
9.95	17.75	1.00000015407219	0.799959689275334	-4.98426685593258e-05	3.99920463714653	1.00000006162888
10.05	17.75	1.00000014134854	0.799960362456508	-4.56007092933232e-05	3.91920862971579	1.00000005653942
10.15	17.75	1.00000011586923	0.799961000046634	-4.16430202449264e-05	3.83921255765698	1.00000004634769
10.25	17.75	1.0000000871367	0.799961609046329	-3.79484439949367e-05	3.75921642436417	1.00000003485468
10.35	17.75	1.00000006021301	0.799962195435581	-3.44975782697233e-05	3.67922023236976	1.0000000240852
10.45	17.75	1.00000003740489	0.799962764331847	-3.12726205580346e-05	3.59922398354785	1.00000001496196
10.55	17.75	1.00000001939565	0.799963320120758	-2.82572270921435e-05	3.51922767925972	1.00000000775826
10.65	17.75	1.00000000598351	0.799963866564339	-2.54363848619039e-05	3.43923132045861	1.00000000239341
10.75	17.75	0.999999996546251	0.799964406890886	-2.27962955727172e-05	3.3592349077663	0.9999999986185
10.85	17.75	0.99999999031941	0.799964943869817	-2.03242704049481e-05	3.27923844153018	0.999999996127764
10.95	17.75	0.999999986551557	0.799965479874246	-1.80086345682993e-05	3.19924192186706	0.999999994620623
11.05	17.75	0.999999984580913	0.799966016933545	-1.58386407683351e-05	3.11924534869781	0.999999993832365
11.15	17.75	0.99999998386413	0.799966556777714	-1.38043906240081e-05	3.03924872177571	0.999999993545652
11.25	17.75	0.999999983977801	0.799967100875025	-1.18967633732166e-05	2.95925204071037	0.99999999359112
11.35	17.75	0.99999998460611	0.79996765046419	-1.01073510348194e-05	2.87925530498851	0.999999993842444
11.45	17.75	0.999999985523005	0.799968206581924	-8.42839950467918e-06	2.79925851399222	0.999999994209202
11.55	17.75	0.999999986573879	0.799968770086788	-6.85275491652541e-06	2.71926166701533	0.999999994629552
11.65	17.75	0.999999987659461	0.799969341679865	-5.37381481609252e-06	2.6392647632781	0.999999995063784
11.75	17.75	0.999999988723069	0.799969921922757	-3.98548360892932e-06	2.55926780194048	0.999999995489228
11.85	17.75	0.999999989741341	0.799970511253388	-2.68213200090673e-06	2.47927078211403	0.999999995896536
11.95	17.75	0.999999990717667	0.799971109999818	-1.45855990935262e-06	2.39927370287261	0.999999996287067
12.05	17.75	0.999999991676819	0.799971718392457	-3.09962641469587e-07	2.31927656326193	0.999999996670727
12.15	17.75	0.999999992658554	0.799972336574746	7.68100060429527e-07	2.23927936230817	0.999999997063421
12.25	17.75	0.999999993707379	0.799972964612735	1.7797322501262e-06	2.15928209902581	0.999999997482952
12.35	17.75	0.999999994855536	0.799973602503565	2.72872762869872e-06	2.07928477242494	0.999999997942214
12.45	17.75	0.999999996096897	0.799974250183209	3.61859317133795e-06	1.99928738151855	0.999999998438759
12.55	17.75	0.99999999735163	0.799974907533766	4.452570705683e-06	1.91928992532992	0.999999998940652
12.65	17.75	0.999999998425657	0.799975574390519	5.23365664958901e-06	1.83929240290069	0.999999999370263
12.75	17.75	0.999999998975702	0.799976250549099	5.96462005962611e-06	1.75929481329951	0.999999999590281
12.85	17.75	0.999999998499886	0.799976935772857	6.64801914384188e-06	1.67929715563084	0.999999999399955
12.95	17.75	0.999999996384095	0.799977629800431	7.28621638380024e-06	1.59929942904277	0.999999998553638
13.05	17.75	0.999999992042643	0.799978332352834	7.88139248987085e-06	1.51930163273131	0.999999996817057
13.15	17.75	0.999999985192511	0.799979043138964	8.43555927018311e-06	1.43930376593781	0.999999994077004
13.25	17.75	0.999999976285441	0.799979761857456	8.95057163769216e-06	1.35930582793462	0.999999990514176
13.35	17.75	0.999999967081318	0.799980488192082	9.42813888170937e-06	1.2793078179944	0.999999986832527
13.45	17.75	0.999999961269682	0.799981221797472	9.86983521831807e-06	1.19930973534012	0.999999984507873
13.55	17.75	0.999999964928804	0.799981962272478	1.02771096640272e-05	1.11931157907737	0.999999985971522
13.65	17.75	0.999999986460407	0.799982709120755	1.0651294999986e-05	1.03931334812031	0.999999994584163
13.75	17.75	1.00000003548119	0.79998346170297	1.09936154712466e-05	0.959315041136087	1.00000001419247
13.85	17.75	1.00000012005037	0.799984219193053	1.13051927247491e-05	0.87931665655125	1.00000004802015
13.95	17.75	1.00000024166632	0.799984980562034	1.15870492855064e-05	0.799318192682357	1.00000009666653
14.05	17.75	1.0000003878149	0.799985744626011	1.18401090654194e-05	0.719319648065815	1.00000015512596
14.15	17.75	1.00000052266001	0.799986510205543	1.206519465677e-05	0.639321022055827	1.00000020906401
14.25	17.75	1.00000057786921	0.799987276446209	1.22630220330467e-05	0.55932231571813	1.00000023114769
14.35	17.75	1.0000004475939	0.799988043333515	1.24341943873316e-05	0.479323532950995	1.00000017903756
14.45	17.75	0.999999994067843	0.799988812387621	1.25791985206946e-05	0.399324681597256	0.999999997627137
14.55	17.75	0.999999072550929	0.799989587431716	1.2698408712479e-05	0.319325774068072	0.999999629020371
14.65	17.75	0.999997585276797	0.799990375185263	1.27921041196468e-05	0.239326826704919	0.999999034110719
14.75	17.75	0.999995571873757	0.799991185508963	1.28605053358631e-05	0.159327856832098	0.999998228749503
14.85	17.75	0.999993336077392	0.799992926666197	1.29038275646926e-05	0.0793288762827864	0.999997334430957
14.95	17.75	0.999991592967874	0.399990364169971	1.29231409395634e-05	-0.000670299128689538	0.99999663718715
0.05	17.85	-4.80011088320407e-06	0.399997804537678	0.000193610850183326	10.4591777903019	0.599998079955647
0.15	17.85	-5.48208624176006e-06	0.799993699942668	0.000194851297885747	10.4111782073662	0.599997807165503
0.25	17.85	-6.06901504089518e-06	0.799989481106656	0.000197342487826171	10.3631788971777	0.599997572393984
0.35	17.85	-5.81067557373736e-06	0.799985017928108	0.000201113502305664	10.3151798580755	0.599997675729771
0.45	17.85	-3.90979342676171e-06	0.799980222644833	0.000206211804374809	10.2671810669449	0.599998436082629
0.55	17.85	4.59525181933369e-07	0.799974959817101	0.000212707769566774	10.2191824816331	0.600000183810073
0.65	17.85	8.05104536397137e-06	0.799969032344222	0.000220673041535705	10.1711840424247	0.600003220418146
0.75	17.85	1.90984610035519e-05	0.79996227071632	0.000230173487637512	10.1231856825835	0.600007639384401
0.85	17.85	3.33063059328617e-05	0.799954203586814	0.00024134314248405	10.0751873477857	0.600013322522373
0.95	17.85	4.77485761647151e-05	0.799944816887306	0.000254376785592018	10.0271890467745	0.600019099430466
1.05	17.85	5.82603282121509e-05	0.79993383460424	0.000269537372229621	9.97919091417635	0.600023304131285
1.15	17.85	5.92889981170999e-05	0.79992100955678	0.000287176225218129	9.93119325839676	0.600023715599247
1.25	17.85	4.46488935827358e-05	0.799906090811551	0.000307673420972533	9.88319659904791	0.600017859557433
1.35	17.85	8.7863321283377e-06	0.799888832856222	0.000331434584060724	9.83520167045746	0.600003514532851
1.45	17.85	-5.14773908820825e-05	0.799868979872876	0.000358886843218783	9.78720937702217	0.599979409043647
1.55	17.85	-0.00013481300003457	0.799846223662984	0.000390457507660607	9.73922068706259	0.599946074799986
1.65	17.85	-0.000233126978764576	0.799820143607788	0.000426542439053172	9.69123645674489	0.599906749208494
1.75	17.85	-0.000329629266444147	0.799790129644706	0.000467468849195264	9.64325718680308	0.599868148293422
1.85	17.85	-0.000397893195384975	0.799755265211367	0.000513449274992296	9.59528273213976	0.599840842721846
1.95	17.85	-0.000403031526009472	0.799714117990423	0.000564566630122643	9.54731201257793	0.599838787389596
2.05	17.85	-0.000306806346310281	0.799664899818852	0.000621243388203747	9.49934282301949	0.599877277461476
2.15	17.85	-7.57781630015177e-05	0.799609680995514	0.000684579345748637	9.45137185223199	0.599969688734799
2.25	17.85	0.000341877117162501	0.79954462532019	0.000756487444926068	9.4033945089999	0.600136750846865
2.35	17.85	0.00100251259444329	0.799468876595816	0.000838657385910488	9.355404629789	0.600401005037777
2.45	17.85	0.00197938308464772	0.799380508976148	0.000931513108490273	9.30739412588814	0.600791753233859
2.55	17.85	0.00336282339237205	0.799277906861632	0.00103520866091199	9.25935238659331	0.601345129356949
2.65	17.85	0.00525878163185862	0.799159625076548	0.00115025228903418	9.21126575094449	0.602103512652743
2.75	17.85	0.00778947631988334	0.799024096282746	0.00127724103731688	9.1631170234359	0.603115790527953
2.85	17.85	0.0110957462155754	0.798869672665832	0.00141656975959485	9.11488494139019	0.60443829848623
2.95	17.85	0.0153407596486315	0.798694785260217	0.00156818182554581	9.0665435386597	0.606136303859453
3.05	17.85	0.0207152321012203	0.79849813080056	0.00173128893315456	9.01806136074978	0.608286092840488
3.15	17.85	0.0274445293066788	0.798278878013315	0.00190400482429082	8.96940047741853	0.610977811722672
3.25	17.85	0.0357980360513113	0.798036892548705	0.00208286206280548	8.92051522474183	0.614319214420525
3.35	17.85	0.0461009398568781	0.797772957889221	0.0022622025982698	8.87135059845071	0.618440375942751
3.45	17.85	0.0587479829292847	0.797488935110848	0.00243346646288331	8.82184022357304	0.623499193171714
3.55	17.85	0.0742175330859212	0.797187763747947	0.00258446479279556	8.77190385737652	0.629687013234368
3.65	17.85	0.0930822036767523	0.796873176061544	0.00269882696332325	8.72144446764935	0.637232881470701
3.75	17.85	0.116008972690182	0.79654902076758	0.00275595884601164	8.6703450998304	0.646403589076073
3.85	17.85	0.143737497154561	0.796218245579106	0.00273200849030881	8.61846603897349	0.657494998861824
3.95	17.85	0.177021387151905	0.795881948363727	0.00260240946323853	8.56564319746238	0.670808554860762
4.05	17.85	0.216516912026922	0.795539434998866	0.00234637925880616	8.51168915559953	0.686606764810769
4.15	17.85	0.262612632132211	0.795190550914159	0.00195308567669615	8.45639864649057	0.705045052852884
4.25	17.85	0.315217605599108	0.794840902443472	0.00142804190941046	8.39956012340626	0.726087042239643
4.35	17.85	0.373564132311044	0.794508329165935	0.000797130032624579	8.34097391114745	0.749425652924418
4.45	17.85	0.436115974285343	0.794226071702134	0.000105490488451803	8.28047513941107	0.774446389714137
4.55	17.85	0.500670277652683	0.794037670268268	-0.000589811267397672	8.21795680908741	0.800268111061073
4.65	17.85	0.564674782738183	0.793983319753347	-0.00123140434828765	8.15338653485907	0.825869913095273
4.75	17.85	0.62567357235258	0.794084476319742	-0.00177319587336545	8.08681142281674	0.850269428941032
4.85	17.85	0.681719079414541	0.794335891285113	-0.00218770527999361	8.01834938484127	0.872687631765816
4.95	17.85	0.731607891124087	0.794708961178996	-0.00246738475525358	7.94817000212001	0.892643156449635
5.05	17.85	0.77489625425644	0.795162678040957	-0.00262100825288325	7.87647108262541	0.909958501702576
5.15	17.85	0.811750680544	0.795655336982034	-0.00266769929585631	7.80345699522683	0.9247002722176
5.25	17.85	0.842730679361016	0.796152332027512	-0.00263100571360286	7.72932254224791	0.937092271744407
5.35	17.85	0.868584374063208	0.79662912629309	-0.00253440588787876	7.65424335672362	0.947433749625283
5.45	17.85	0.890097733142847	0.797070794276055	-0.00239860474147988	7.57837187923023	0.956039093257139
5.55	17.85	0.908003844028972	0.797469973409784	-0.00224035273917269	7.50183718988459	0.963201537611589
5.65	17.85	0.922940467548978	0.797824531787725	-0.00207230056873201	7.4247470193827	0.969176187019591
5.75	17.85	0.935439313168436	0.798135589910063	-0.00190342890686382	7.34719068345238	0.974175725267375
5.85	17.85	0.945932730341088	0.798406075101073	-0.00173971626828816	7.26924215706648	0.978373092136435
5.95	17.85	0.954767917323543	0.798639762797362	-0.00158483845759787	7.19096288049519	0.981907166929417
6.05	17.85	0.962222807972914	0.798840686765226	-0.00144079401585493	7.11240413684901	0.984889123189165
6.15	17.85	0.96852070868977	0.799012801196508	-0.00130841542586745	7.03360898096456	0.987408283475908
6.25	17.85	0.973842548374786	0.799159803311841	-0.00118776248729685	6.95461376634923	0.989537019349914
6.35	17.85	0.978336569263112	0.79928505305539	-0.00107841158806563	6.87544934023533	0.991334627705245
6.45	17.85	0.982125729722919	0.799391548881309	-0.000979660507592101	6.79614197749057	0.992850291889168
6.55	17.85	0.985313240032599	0.799481934365025	-0.00089066836817923	6.71671411496869	0.994125296013039
6.65	17.85	0.987986655912596	0.799558520606126	-0.000810547747961657	6.63718493584031	0.995194662365038
6.75	17.85	0.990220897175868	0.799623315731724	-0.000738422611626074	6.55757084187857	0.996088358870347
6.85	17.85	0.992080484695355	0.799678056610155	-0.000673462493124218	6.4778858419047	0.996832193878142
6.95	17.85	0.993621218494356	0.799724240113141	-0.000614900628591744	6.39814187690563	0.997448487397742
7.05	17.85	0.994891460794571	0.799763152549533	-0.000562041570261113	6.31834909653766	0.997956584317828
7.15	17.85	0.995933141657097	0.799795896627481	-0.00051426216562452	6.2385160974893	0.998373256662839
7.25	17.85	0.996782570103831	0.799823415716662	-0.000471008572578418	6.15865013114121	0.998713028041533
7.35	17.85	0.997471108160413	0.799846515413834	-0.000431791106924202	6.07875728582735	0.998988443264165
7.45	17.85	0.998025746974994	0.799865882541022	-0.000396178098978305	5.99884264752442	0.999210298789998
7.55	17.85	0.998469611221567	0.79988210177026	-0.000363789504484213	5.91891044179033	0.999387844488627
7.65	17.85	0.998822408964115	0.799895670096787	-0.000334290719213194	5.83896415909826	0.999528963585646
7.75	17.85	0.999100837962152	0.799907009389469	-0.00030738684725931	5.75900666526963	0.999640335184861
7.85	17.85	0.999318955245632	0.799916477240693	-0.000282817542045374	5.67904029842337	0.999727582098253
7.95	17.85	0.999488514096678	0.799924376324693	-0.000260352455650005	5.59906695367765	0.999795405638671
8.05	17.85	0.999619270921661	0.799930962454835	-0.000239787280986755	5.51908815672533	0.999847708368665
8.15	17.85	0.999719263566338	0.799936451511901	-0.000220940342835786	5.43910512732966	0.999887705426535
8.25	17.85	0.999795062186835	0.799941025394947	-0.00020364967974802	5.3591188337336	0.999918024874734
8.35	17.85	0.999851993667525	0.799944837128336	-0.000187770554210914	5.27913003893154	0.99994079746701
8.45	17.85	0.999894340645869	0.799948015240604	-0.000173173330017902	5.19913933970955	0.999957736258348
8.55	17.85	0.999925516371158	0.799950667515436	-0.000159741660415484	5.11914719931414	0.999970206548463
8.65	17.85	0.999948216823222	0.799952884201283	-0.00014737093680558	5.03915397455841	0.999979286729289
8.75	17.85	0.999964551704691	0.799954740753788	-0.000135966954810741	4.95915993811805	0.999985820681876
8.85	17.85	0.999976156068969	0.799956300175627	-0.000125444761445781	4.87916529670881	0.999990462427588
8.95	17.85	0.99998428444191	0.799957615008542	-0.000115727653011153	4.79917020577254	0.999993713776764
9.05	17.85	0.999989889333585	0.799958729025747	-0.000106746298991235	4.7191747812339	0.999995955733434
9.15	17.85	0.999993686020151	0.799959678666238	-9.84379720489608e-05	4.63917910882421	0.99999747440806
9.25	17.85	0.999996205411213	0.799960494246807	-9.07458678436763e-05	4.55918325140592	0.999998482164485
9.35	17.85	0.999997836714695	0.799961200983435	-8.36185016910725e-05	4.47918725467103	0.999999134685878
9.45	17.85	0.999998861479204	0.799961819849217	-7.70091714868906e-05	4.39919115153104	0.999999544591682
9.55	17.85	0.999999480443288	0.799962368292961	-7.08754784176857e-05	4.31919496546527	0.999999792177315
9.65	17.85	0.999999834461004	0.799962860838931	-6.51788984297614e-05	4.23919871304889	0.999999933784402
9.75	17.85	1.00000002061172	0.799963309586127	-5.98843984947149e-05	4.15920240584219	1.00000000824469
9.85	17.85	1.00000010444513	0.799963724622535	-5.49600927855076e-05	4.07920605178779	1.00000004177805
9.95	17.85	1.00000012916515	0.799964114368013	-5.03769344966052e-05	3.99920965623341	1.00000005166606
10.05	17.85	1.000000122421	0.799964485857448	-4.61084394891553e-05	3.91921322267278	1.0000000489684
10.15	17.85	1.0000001012536	0.799964844974105	-4.2130438599065e-05	3.83921675327717	1.00000004050144
10.25	17.85	1.00000007563957	0.799965196641652	-3.84208554932811e-05	3.75922024927307	1.00000003025583
10.35	17.85	1.00000005098485	0.799965544982067	-3.49595075747876e-05	3.67922371120855	1.00000002039394
10.45	17.85	1.00000002984373	0.799965893445437	-3.17279274208263e-05	3.59922713913974	1.00000001193749
10.55	17.85	1.00000001307638	0.799966244916703	-2.87092026484178e-05	3.51923053276121	1.00000000523055
10.65	17.85	1.00000000060653	0.799966601803604	-2.58878322568615e-05	3.43923389149706	1.00000000024261
10.75	17.85	0.99999999190029	0.799966966109155	-2.32495976370714e-05	3.35923721456517	0.999999996760116
10.85	17.85	0.999999986255038	0.799967339491741	-2.07814466373764e-05	3.2792405010232	0.999999994502015
10.95	17.85	0.99999998296233	0.799967723314894	-1.84713894109452e-05	3.19924374980232	0.999999993184932
11.05	17.85	0.999999981390123	0.799968118688901	-1.6308404514411e-05	3.11924695973282	0.999999992556049
11.15	17.85	0.999999981015559	0.799968526505648	-1.42823543847081e-05	3.03925012956425	0.999999992406224
11.25	17.85	0.999999981429327	0.799968947467966	-1.23839089691133e-05	2.95925325798197	0.999999992571731
11.35	17.85	0.999999982325313	0.799969382114516	-1.06044767520064e-05	2.87925634362116	0.999999992930125
11.45	17.85	0.999999983484175	0.799969830841024	-8.93614235723093e-06	2.79925938507901	0.99999999339367
11.55	17.85	0.999999984755999	0.79997029391843	-7.37160993753593e-06	2.7192623809256	0.9999999939024
11.65	17.85	0.99999998604485	0.799970771508595	-5.90415189199713e-06	2.63926532971353	0.99999999441794
11.75	17.85	0.999999987296479	0.799971263677857	-4.52756224957002e-06	2.5592682299866	0.999999994918591
11.85	17.85	0.999999988489359	0.799971770408808	-3.23611425180266e-06	2.47927108028763	0.999999995395743
11.95	17.85	0.999999989628325	0.799972291610577	-2.02452177592826e-06	2.39927387916528	0.99999999585133
12.05	17.85	0.999999990739333	0.799972827127787	-8.87904144539267e-07	2.31927662518018	0.999999996295733
12.15	17.85	0.999999991863137	0.799973376748376	1.78245908758556e-07	2.23927931691043	0.999999996745255
12.25	17.85	0.999999993045096	0.799973940210494	1.17809154006225e-06	2.15928195295645	0.999999997218038
12.35	17.85	0.999999994318155	0.799974517208625	2.11547847631119e-06	2.07928453194577	0.999999997727262
12.45	17.85	0.999999995676714	0.799975107399174	2.99395941815934e-06	1.99928705253781	0.999999998270686
12.55	17.85	0.999999997041254	0.79997571040576	3.81681630781132e-06	1.91928951342915	0.999999998816502
12.65	17.85	0.999999998217733	0.799976325824478	4.58708066802061e-06	1.83929191335957	0.999999999287093
12.75	17.85	0.999999998862628	0.799976953229446	5.3075522004452e-06	1.75929425111884	0.999999999545051
12.85	17.85	0.999999998473562	0.799977592178672	5.9808157590171e-06	1.67929652555387	0.999999999389425
12.95	17.85	0.99999999643583	0.799978242220234	6.60925694084621e-06	1.59929873557496	0.999999998574332
13.05	17.85	0.99999999216338	0.799978902898151	7.19507640857418e-06	1.51930088015874	0.999999996865352
13.15	17.85	0.999999985373557	0.799979573756722	7.74030311886477e-06	1.4393029583442	0.999999994149423
13.25	17.85	0.99999997651988	0.799980254341329	8.24680663087123e-06	1.35930496921716	0.999999990607952
13.35	17.85	0.999999967366179	0.799980944192859	8.71630863726572e-06	1.27930691187849	0.999999986946472
13.45	17.85	0.999999961608727	0.7999816428325	9.15039375916529e-06	1.19930878539295	0.999999984643491
13.55	17.85	0.99999996533543	0.799982349734268	9.55051959613573e-06	1.11931058872059	0.999999986134172
13.65	17.85	0.999999986959687	0.799983064284772	9.91802589825305e-06	1.0393123206417	0.999999994783875
13.75	17.85	1.00000003610951	0.7999837857347	1.02541424760399e-05	0.959313979700563	1.0000000144438
13.85	17.85	1.00000012085068	0.79998451315438	1.0559995397778e-05	0.879315564211129	1.00000004834027
13.95	17.85	1.0000002426769	0.799985245417066	1.08366108951617e-05	0.799317072387359	1.00000009707076
14.05	17.85	1.00000038905021	0.799985981246431	1.10849164539785e-05	0.719318502672944	1.00000015562008
14.15	17.85	1.00000052408376	0.799986719375672	1.13057389700229e-05	0.639319854339488	1.00000020963351
14.25	17.85	1.00000057936294	0.799987458867881	1.14998005177654e-05	0.559321128380729	1.00000023174518
14.35	17.85	1.00000044892862	0.799988199630864	1.1667713466538e-05	0.479322328634093	1.00000017957145
14.45	17.85	0.999999994891482	0.799988943111763	1.18099780274201e-05	0.399323462893025	0.999999997956593
14.55	17.85	0.999999072408825	0.799989693065049	1.19269868094224e-05	0.319324543530321	0.99999962896353
14.65	17.85	0.99999758368417	0.799990456144824	1.20190417328007e-05	0.23932558685837	0.999999033473668
14.75	17.85	0.999995568455099	0.799991242145235	1.20863881335917e-05	0.159326610178102	0.99999822738204
14.85	17.85	0.999993330774896	0.799992959616428	1.21292627612245e-05	0.079327625299926	0.999997332309958
14.95	17.85	0.999991586297851	0.399990372004175	1.21486162378825e-05	-0.000671552058675392	0.99999663451914
0.05	17.95	-4.78429478074128e-06	0.399998442798436	0.000197138034996973	10.459166048909	0.599998086282088
0.15	17.95	-5.45519497107925e-06	0.799995618035842	0.000198461241992072	10.4111663888761	0.599997817922012
0.25	17.95	-6.01573257114497e-06	0.799992697713091	0.000201118073726466	10.3631669238935	0.599997593706971
0.35	17.95	-5.70653449154883e-06	0.799989565156767	0.000205147361091648	10.3151676501843	0.599997717386203
0.45	17.95	-3.72197925160951e-06	0.799986149022702	0.000210607627879429	10.2671685413306	0.599998511208299
0.55	17.95	7.49158895115436e-07	0.799982334491885	0.000217578758201814	10.2191695505588	0.600000299663558
0.65	17.95	8.37421891036768e-06	0.799977976052702	0.000226151480720731	10.1711706133133	0.600003349687564
0.75	17.95	1.93961169385689e-05	0.799972926407119	0.000236437739436651	10.1231716575762	0.600007758446775
0.85	17.95	3.35961940202343e-05	0.799966730212798	0.000248574760957016	10.0751726209262	0.600013438477608
0.95	17.95	4.81443867270968e-05	0.799959410406453	0.000262766026172087	10.027173499987	0.600019257754691
1.05	17.95	5.9062567428276e-05	0.799950686768188	0.000279356208003275	9.97917441070859	0.600023625026971
1.15	17.95	6.06678552505735e-05	0.79994042989751	0.000298770047368204	9.93117563793141	0.6000242671421
1.25	17.95	4.66239830299868e-05	0.799928489235359	0.000321437519278526	9.88317767680742	0.600018649593212
1.35	17.95	1.12204730598496e-05	0.799914728383183	0.000347812597313625	9.83518123570743	0.600004488189224
1.45	17.95	-4.89419526058971e-05	0.799899023713253	0.000378378037489198	9.78718719153249	0.599980423218958
1.55	17.95	-0.000132857711655528	0.799881225508936	0.000413619371367876	9.73919648492857	0.599946856915338
1.65	17.95	-0.000232881204070595	0.799861098381564	0.000453987404403745	9.69120994629207	0.599906847518372
1.75	17.95	-0.000332805359083824	0.799838238971891	0.000499855072207082	9.64322805513397	0.599866877856366
1.85	17.95	-0.000406872888455717	0.799811954165667	0.000551470309225089	9.59525065306601	0.599837250844618
1.95	17.95	-0.000420530625374372	0.799781080170174	0.000608953061733569	9.54727665460498	0.59983178774985
2.05	17.95	-0.000334095765966831	0.79974375362307	0.000672607197282918	9.49930383028005	0.599866361693613
2.15	17.95	-0.000111902230268417	0.79970193597608	0.000743990465653121	9.4513287797024	0.599955239107893
2.25	17.95	0.000297415331631361	0.799652115723706	0.000825988092072005	9.40334675730205	0.600118966132653
2.35	17.95	0.000943068531804703	0.799595976531648	0.000920275818970695	9.35535149978909	0.600377227412722
2.45	17.95	0.00189660459338598	0.799531764217789	0.00102649992435182	9.30733491450429	0.600758641837354
2.55	17.95	0.00324891536196582	0.799457943829623	0.00114458891396553	9.25928637673693	0.601299566144786
2.65	17.95	0.00510541563732194	0.799373703692108	0.00127537724366137	9.21119217186556	0.602042166254929
2.75	17.95	0.00758668184112579	0.799278253119283	0.00141970746821009	9.16303504182303	0.60303467273645
2.85	17.95	0.0108311107697888	0.799170832376557	0.00157807613740209	9.11479367224973	0.604332444307915
2.95	17.95	0.0149987117261457	0.799050846686342	0.00175041017746014	9.06644206967005	0.605999484690458
3.05	17.95	0.0202762349260234	0.798918007563697	0.0019357832264854	9.01794879235408	0.608110493970409
3.15	17.95	0.0268841005243652	0.798772477960682	0.00213201411222697	8.96927598521123	0.610753640209746
3.25	17.95	0.0350855627394518	0.798615013852838	0.00233512631071588	8.92037815303164	0.614034225095781
3.35	17.95	0.0451983091001204	0.79844706965633	0.00253866509044914	8.87120059539078	0.618079323640048
3.45	17.95	0.0576081303416355	0.79827080228058	0.00273290236092943	8.82167742850835	0.623043252136654
3.55	17.95	0.0727831589379527	0.798088872452996	0.00290402616567757	8.77172914849174	0.629113263575181
3.65	17.95	0.0912851514921455	0.797903919216988	0.00303352584479938	8.72125976994049	0.636514060596858
3.75	17.95	0.113771124670111	0.797717617793107	0.00309814676813894	8.67015373625989	0.645508449868044
3.85	17.95	0.140974470561284	0.797529398080294	0.00307096614090769	8.61827307786766	0.656389788224514
3.95	17.95	0.173650630969016	0.797335279472867	0.00292422788171266	8.5654557062463	0.669460252387606
4.05	17.95	0.212471587034492	0.797127834232742	0.00263437061164932	8.51151622293334	0.684988634813797
4.15	17.95	0.257861278006122	0.796898671173196	0.00218895734161475	8.45625100543661	0.703144511202449
4.25	17.95	0.30978657367177	0.796644248014611	0.00159393487115005	8.39944923821747	0.723914629468708
4.35	17.95	0.36755564355749	0.796373570029118	0.000878322784289666	8.34091052095263	0.747022257422996
4.45	17.95	0.429711932330275	0.796113190113685	9.31736980886108e-05	8.2804674824849	0.77188477293211
4.55	17.95	0.494114336264748	0.795904005227927	-0.000696554831957162	8.2180089918679	0.797645734505899
4.65	17.95	0.55823405064513	0.795788607307465	-0.00142516817510179	8.15349759626492	0.823293620258052
4.75	17.95	0.619592228911813	0.795795284611088	-0.00203957884456132	8.08697545596191	0.847836891564725
4.85	17.95	0.676180844249239	0.795928119659084	-0.00250793185661963	8.01855667700622	0.870472337699696
4.95	17.95	0.726718843670922	0.796168128132057	-0.00282133484350946	7.94840877463388	0.890687537468369
5.05	17.95	0.770688660211833	0.796482666551066	-0.0029898225511016	7.87672927201474	0.908275464084733
5.15	17.95	0.808200269702287	0.796836518212939	-0.00303549153354958	7.80372364284808	0.923280107880915
5.25	17.95	0.8397779729236	0.797199710958132	-0.00298562134969699	7.72958861168017	0.93591118916944
5.35	17.95	0.866153419214893	0.797550780610381	-0.00286743083589769	7.65450201794525	0.946461367685957
5.45	17.95	0.888109459617088	0.797876648601098	-0.00270491429149787	7.57861841217967	0.955243783846835
5.55	17.95	0.906384029290471	0.798170868069058	-0.00251745821613086	7.50206867722344	0.962553611716188
5.65	17.95	0.921623559037594	0.798431534510922	-0.00231967146749756	7.42496196288789	0.968649423615037
5.75	17.95	0.934369566628757	0.798659506488947	-0.00212188904760951	7.34738862918062	0.973747826651503
5.85	17.95	0.945063850749043	0.798857121767496	-0.00193095390430019	7.26942337227222	0.978025540299617
5.95	17.95	0.954062005470964	0.799027366913137	-0.00175103458276883	7.19112809669485	0.981624802188386
6.05	17.95	0.96164908887738	0.799173385503651	-0.00158435527201712	7.11255435723782	0.984659635550952
6.15	17.95	0.968054290595763	0.799298211579337	-0.00143179159715484	7.03374534297685	0.987221716238305
6.25	17.95	0.973463321940816	0.79940464134254	-0.00129332840620036	6.95473744799853	0.989385328776326
6.35	17.95	0.978028279862306	0.799495184289992	-0.00116839593950012	6.87556149942219	0.991211311944923
6.45	17.95	0.981875218076109	0.799572057101975	-0.00105610753137712	6.79624371514121	0.992750087230443
6.55	17.95	0.985109830761872	0.799637198750941	-0.000955421848952185	6.71680645480055	0.994043932304749
6.65	17.95	0.987821669411833	0.799692294809925	-0.000865249547295502	6.6372688153337	0.995128667764733
6.75	17.95	0.990087261314935	0.799738804583048	-0.000784520252251382	6.55764711051431	0.996034904525974
6.85	17.95	0.991972426038293	0.79977798786936	-0.000712221998649208	6.47795526388464	0.996788970415317
6.95	17.95	0.993534016315351	0.799810929902525	-0.000647422055834161	6.39820513644086	0.99741360652614
7.05	17.95	0.994821250517666	0.79983856390965	-0.000589275547844558	6.31840680442213	0.997928500207066
7.15	17.95	0.995876757182809	0.799861691181439	-0.000537026364207324	6.23856879812674	0.998350702873124
7.25	17.95	0.996737416786947	0.799880998755057	-0.000490003452287346	6.15869830950746	0.998694966714779
7.35	17.95	0.997435060023713	0.79989707490006	-0.000447614571156261	6.07880137406499	0.998974024009485
7.45	17.95	0.997997063164616	0.79991042262602	-0.000409338871853705	5.99888303101001	0.999198825265846
7.55	17.95	0.998446867811213	0.799921471432149	-0.000374719171402797	5.91894746460784	0.999378747124485
7.65	17.95	0.998804443066485	0.799930587506739	-0.000343354447025281	5.8389981289108	0.999521777226594
7.75	17.95	0.999086701763248	0.799938082568209	-0.000314892846721379	5.75903785761616	0.999634680705299
7.85	17.95	0.999307878085099	0.799944221520321	-0.000289025361340394	5.67906896048588	0.99972315123404
7.95	17.95	0.999479871109705	0.799949229075928	-0.00026548020609496	5.59909330757252	0.999791948443882
8.05	17.95	0.99961255706164	0.799953295485208	-0.000244017899846328	5.51911240237439	0.999845022824656
8.15	17.95	0.999714072063009	0.799956581487981	-0.000224426996698637	5.43912744496439	0.999885628825203
8.25	17.95	0.999791066677749	0.799959222593553	-0.000206520406723162	5.35913938608144	0.9999164266711
8.35	17.95	0.999848933383679	0.799961332778032	-0.00019013223678997	5.27914897312811	0.999939573353472
8.45	17.95	0.999892008144474	0.799963007676602	-0.000175115082682788	5.19915678897509	0.999956803257789
8.55	17.95	0.999923747397148	0.79996432733719	-0.000161337708040153	5.11916328442701	0.999969498958859
8.65	17.95	0.99994688195176	0.799965358593152	-0.00014868305239919	5.03916880515381	0.999978752780704
8.75	17.95	0.999963549473752	0.799966157104004	-0.000137046517560011	4.95917361383577	0.999985419789501
8.85	17.95	0.999975407357423	0.799966769107583	-0.000126334488771387	4.87917790821002	0.999990162942969
8.95	17.95	0.999983727886663	0.79996723292023	-0.000116463054147269	4.79918183564274	0.999993491154665
9.05	17.95	0.99998947761117	0.799967580217951	-0.000107356891550444	4.71918550478622	0.999995791044468
9.15	17.95	0.999993382844943	0.799967837126817	-9.89482976060623e-05	4.63918899481549	0.999997353137977
9.25	17.95	0.999995983125218	0.799968025147866	-9.11763376874955e-05	4.5591923626758	0.999998393250087
9.35	17.95	0.999997674363343	0.799968161938589	-8.39860997129917e-05	4.47919564871315	0.999999069745337
9.45	17.95	0.999998743284288	0.79996826197079	-7.73280372252797e-05	4.39919888100409	0.999999497313715
9.55	17.95	0.999999394598577	0.799968337082013	-7.11573899135307e-05	4.31920207865066	0.999999757839431
9.65	17.95	0.999999772188419	0.799968396936007	-6.54336715403734e-05	4.23920525426094	0.999999908875368
9.75	17.95	0.999999975426567	0.799968449405661	-6.01202168187369e-05	4.15920841579613	0.999999990170627
9.85	17.95	1.00000007158797	0.799968500890314	-5.51837801446729e-05	4.07921156793015	1.00000002863519
9.95	17.95	1.00000010516548	0.799968556577653	-5.05941797989687e-05	3.99921471303889	1.00000004206619
10.05	17.95	1.00000010476462	0.799968620659232	-4.63239824333169e-05	3.9192178519113	1.00000004190585
10.15	17.95	1.00000008813078	0.79996869650733	-4.23482230126107e-05	3.83922098425428	1.00000003525231
10.25	17.95	1.00000006575584	0.799968786819701	-3.86441561728943e-05	3.75922410904665	1.00000002630234
10.35	17.95	1.00000004341982	0.799968893737886	-3.51910352536829e-05	3.67922722478431	1.00000001736793
10.45	17.95	1.00000002394668	0.799969018943707	-3.19699158720472e-05	3.59923032964786	1.00000000957867
10.55	17.95	1.00000000838949	0.79996916373808	-2.89634810738948e-05	3.51923342161609	1.0000000033558
10.65	17.95	0.99999999680898	0.799969329105306	-2.61558856351932e-05	3.43923649854204	0.999999998723592
10.75	17.95	0.999999988767849	0.799969515765632	-2.35326171291405e-05	3.35923955820373	0.99999999550714
10.85	17.95	0.99999998363108	0.799969724218291	-2.10803719577513e-05	3.27924259833812	0.999999993452432
10.95	17.95	0.999999980737215	0.799969954776917	-1.87869443717004e-05	3.19924561666404	0.999999992294886
11.05	17.95	0.999999979486665	0.799970207598673	-1.66411271697016e-05	3.11924861089805	0.999999991794666
11.15	17.95	0.999999979378858	0.79997048270849	-1.46326225455217e-05	3.03925157876589	0.999999991751543
11.25	17.95	0.999999980019714	0.799970780019187	-1.27519619533294e-05	2.95925451801116	0.999999992007886
11.35	17.95	0.9999999811135	0.799971099348385	-1.09904340291922e-05	2.87925742640225	0.9999999924454
11.45	17.95	0.999999982447952	0.799971440432717	-9.34001949583591e-06	2.79926030173818	0.999999992979181
11.55	17.95	0.999999983877992	0.7999718029399	-7.79333244327121e-06	2.71926314185357	0.999999993551197
11.65	17.95	0.999999985311025	0.799972186479014	-6.34356713008453e-06	2.63926594462315	0.99999999412441
11.75	17.95	0.999999986695149	0.799972590609301	-4.98444983730008e-06	2.55926870796567	0.99999999467806
11.85	17.95	0.999999988010534	0.799973014847697	-3.71019510974748e-06	2.4792714298473	0.999999995204213
11.95	17.95	0.999999989263281	0.799973458675314	-2.51546604406711e-06	2.39927410828468	0.999999995705313
12.05	17.95	0.999999990480342	0.799973921542996	-1.39533815562132e-06	2.31927674134735	0.999999996192137
12.15	17.95	0.999999991703273	0.799974402876115	-3.45266438115995e-07	2.23927932716002	0.999999996681309
12.25	17.95	0.999999992978093	0.799974902078668	6.38944569007706e-07	2.15928186390451	0.999999997191237
12.35	17.95	0.999999994338269	0.799975418536963	1.56116819765599e-06	2.07928434982177	0.999999997735308
12.45	17.95	0.999999995778567	0.799975951622905	2.42498053860939e-06	1.99928678321419	0.999999998311427
12.55	17.95	0.999999997219625	0.79997650069726	3.23368323534619e-06	1.91928916244865	0.99999999888785
12.65	17.95	0.999999998467322	0.799977065113084	3.99032425337883e-06	1.83929148596046	0.999999999386929
12.75	17.95	0.999999999177785	0.799977644219522	4.69771683713167e-06	1.75929375225831	0.999999999671114
12.85	17.95	0.99999999884807	0.799978237366176	5.35845688453102e-06	1.67929595992966	0.999999999539228
12.95	17.95	0.999999996862825	0.799978843907875	5.9749388001159e-06	1.59929810764543	0.99999999874513
13.05	17.95	0.999999992635579	0.799979463209245	6.54937011642807e-06	1.51930019416149	0.999999997054232
13.15	17.95	0.999999985883958	0.799980094647878	7.08378494803057e-06	1.43930221831336	0.999999994353583
13.25	17.95	0.999999977063092	0.799980737614074	7.58005654765912e-06	1.35930417899944	0.999999990825237
13.35	17.95	0.999999967940466	0.799981391504236	8.03990897361196e-06	1.27930607514803	0.999999987176186
13.45	17.95	0.999999962218602	0.799982055704778	8.46492805780914e-06	1.1993079056651	0.999999984887441
13.55	17.95	0.99999996599435	0.799982729563751	8.85657160103719e-06	1.11930966936471	0.99999998639774
13.65	17.95	0.999999987691895	0.799983412349849	9.21617864312348e-06	1.039311364893	0.999999995076758
13.75	17.95	1.00000003694961	0.799984103203138	9.54497756291903e-06	0.959312990671115	1.00000001477984
13.85	17.95	1.00000012183911	0.79998480108996	9.84409250123496e-06	0.879314544900324	1.00000004873565
13.95	17.95	1.0000002438494	0.799985504785683	1.0114547626937e-05	0.799316025691889	1.00000009753976
14.05	17.95	1.00000039041995	0.79998621292173	1.03572688035233e-05	0.719317431396679	1.00000015616798
14.15	17.95	1.00000052561655	0.799986924144384	1.05730825437432e-05	0.639318761203495	1.00000021024662
14.25	17.95	1.00000058094851	0.79998763743499	1.07627128511844e-05	0.559320016033665	1.0000002323794
14.35	17.95	1.00000045035526	0.799988352624656	1.09267775589322e-05	0.479321199663028	1.00000018014211
14.45	17.95	0.999999995835781	0.799989071088712	1.10657870706313e-05	0.399322319834448	0.999999998334312
14.55	17.95	0.999999072456058	0.799989796514264	1.11801496533603e-05	0.319323388880642	0.999999628982423
14.65	17.95	0.999997582396321	0.799990535491484	1.12701880454654e-05	0.23932442308273	0.999999032958529
14.75	17.95	0.999995565498742	0.799991297749432	1.13361714584041e-05	0.159325439715835	0.999998226199497
14.85	17.95	0.999993326108882	0.79999299206491	1.13783589927365e-05	0.0793264505654194	0.999997330443553
14.95	17.95	0.999991580398969	0.399990380175729	1.13975969246691e-05	-0.000672728736755528	0.999996632159588
0.05	18.05	-4.76200912882246e-06	0.399999117495499	0.000199356542409795	10.4591541340643	0.599998095196349
0.15	18.05	-5.41829930522589e-06	0.799997645798411	0.000200747861655111	10.4111543923549	0.599997832680278
0.25	18.05	-5.94713727936423e-06	0.799996102192661	0.0002035428739561	10.3631547633569	0.599997621145088
0.35	18.05	-5.5834908493213e-06	0.799994386638185	0.000207786077368568	10.3151552407371	0.59999776660366
0.45	18.05	-3.51739250150885e-06	0.799992445684411	0.00021354185993091	10.2671557943439	0.599998593042999
0.55	18.05	1.05897394451465e-06	0.79999018574837	0.000220895583699629	10.2191563724209	0.600000423589578
0.65	18.05	8.80284934253771e-06	0.799987493219161	0.000229952013213364	10.1711569043476	0.600003521139737
0.75	18.05	1.99694791062483e-05	0.799984233487969	0.000240848194929685	10.1231573099403	0.600007987791642
0.85	18.05	3.40399677394903e-05	0.799980145397403	0.000253746453962384	10.0751575183991	0.600013615987096
0.95	18.05	4.85784104187477e-05	0.799975160236139	0.000268884797612403	10.0271575140925	0.600019431364167
1.05	18.05	5.99535588852652e-05	0.799968937890759	0.00028662766808636	9.9791573903651	0.600023981423554
1.15	18.05	6.21787168321254e-05	0.799961547148004	0.000307427032220239	9.9311574047952	0.600024871486733
1.25	18.05	4.86943564752771e-05	0.799952965030837	0.000331758338060293	9.88315802560142	0.60001947774259
1.35	18.05	1.36213577355297e-05	0.799943172222126	0.000360107570390332	9.83515993288894	0.600005448543094
1.45	18.05	-4.66769052750252e-05	0.799932189537447	0.000392991664659383	9.78716397339519	0.59998132923789
1.55	18.05	-0.000131547668200039	0.799920040190217	0.000430928049090014	9.73917105739097	0.59994738093272
1.65	18.05	-0.000233826333426985	0.799906691437409	0.000474395433379669	9.69118198697188	0.599906469466629
1.75	18.05	-0.000337915200351185	0.799891974396102	0.000523797449943817	9.64319721776108	0.599864833919859
1.85	18.05	-0.000418770860173247	0.799875468288175	0.000579446637378106	9.59521657391209	0.599832491655931
1.95	18.05	-0.00044249283323537	0.799856335116937	0.000641615767251353	9.54723895895728	0.599823002866706
2.05	18.05	-0.00036902097469275	0.799833261097858	0.00071077427383073	9.49926212839408	0.599852391610123
2.15	18.05	-0.00015577155915334	0.799806038195358	0.00078846407525602	9.4512825802985	0.599937691376339
2.25	18.05	0.000247993414216306	0.799771550054587	0.000877078821997021	9.40329537103905	0.600099197365687
2.35	18.05	0.00087771619234813	0.799736879635912	0.000978790401305472	9.35529412752431	0.600351086476939
2.45	18.05	0.00180328991179725	0.799700181922133	0.00109350168497829	9.30727079041348	0.600721315964719
2.55	18.05	0.00311925048644245	0.79965882333759	0.00122064002051855	9.25921473869649	0.601247700194577
2.65	18.05	0.00493076357383497	0.799612714901328	0.00136122418231557	9.21111218503672	0.601972305429534
2.75	18.05	0.00735640378010057	0.799561901887202	0.00151611378413823	9.1629457971395	0.60294256151204
2.85	18.05	0.010531758685628	0.799506593816643	0.00168575599993691	9.11469420513901	0.604212703474251
2.95	18.05	0.0146133570940551	0.799447248807048	0.00186998773581963	9.06633138939878	0.605845342837622
3.05	18.05	0.0197836599323299	0.799384656927455	0.00206773623474436	9.01782592700468	0.607913463972932
3.15	18.05	0.026257773283739	0.799320023058333	0.002276592828941	8.96914005061784	0.610503109313496
3.25	18.05	0.0342923800942385	0.79925502514228	0.00249224535565061	8.92022845552388	0.613716952037695
3.35	18.05	0.0441971362470544	0.799191802177755	0.00270776604373284	8.87103677944902	0.617678854498822
3.45	18.05	0.0563482477993119	0.799132798981488	0.00291278569348328	8.82149968057861	0.622539299119725
3.55	18.05	0.0712028800775803	0.799080363503577	0.00309265446095245	8.77153846538316	0.628481152031032
3.65	18.05	0.0893111315832191	0.799035976331406	0.0032278072262958	8.72105829156292	0.635724452633288
3.75	18.05	0.111319262952879	0.798999035605358	0.00329371943221199	8.66994512413303	0.644527705181152
3.85	18.05	0.137953766968035	0.798965299639903	0.00326202380919932	8.61806288909862	0.655181506787214
3.95	18.05	0.169971710113861	0.79892548404194	0.00310345310761086	8.56525166688528	0.667988684045544
4.05	18.05	0.208061411389238	0.798865095114333	0.00279307530218291	8.51132825310571	0.683224564555695
4.15	18.05	0.25268416919898	0.798767017870771	0.00231755301309038	8.45609081611638	0.701073667679592
4.25	18.05	0.303868498209993	0.79861787847501	0.00168283494106398	8.39932934914753	0.721547399283997
4.35	18.05	0.361004289977168	0.798416979916664	0.000919269825701328	8.34084268611098	0.744401715990867
4.45	18.05	0.422721949445764	0.798183251826753	8.07736699775674e-05	8.28046075583837	0.769088779778305
4.55	18.05	0.486949221978883	0.797954180530294	-0.000763535409999342	8.21806793018632	0.794779688791553
4.65	18.05	0.551185432169412	0.797774422074572	-0.00154324798406946	8.15362120153495	0.820474172867765
4.75	18.05	0.612929242934809	0.797679339033646	-0.00220102983106975	8.08715726915885	0.845171697173924
4.85	18.05	0.670108103841182	0.79768308427828	-0.00270213095255312	8.01878600220922	0.868043241536473
4.95	18.05	0.721356218221034	0.797777290954053	-0.0030365212387709	7.94867258798599	0.888542487288414
5.05	18.05	0.766074354915018	0.797938686769896	-0.00321471989513123	7.87701419943023	0.906429741966007
5.15	18.05	0.804309293144137	0.798139397915009	-0.00326044053587256	7.8040175173316	0.921723717257655
5.25	18.05	0.836545600603963	0.798354731148052	-0.00320313056492277	7.7298813978512	0.934618240241585
5.35	18.05	0.863496087058936	0.798566737833102	-0.00307224486654389	7.65478613954673	0.945398434823574
5.45	18.05	0.885939789122777	0.798764460558874	-0.00289377453222134	7.57888865006714	0.954375915649111
5.55	18.05	0.904619847458647	0.798942512194143	-0.00268872113373654	7.50232182791208	0.961847938983459
5.65	18.05	0.920192258243835	0.799099264369848	-0.00247290146839489	7.4251964094001	0.968076903297534
5.75	18.05	0.933209428165209	0.799235296346148	-0.00225749193825665	7.34760392075712	0.973283771266083
5.85	18.05	0.944123667754615	0.799352296141858	-0.00204987831518167	7.26961986185231	0.977649467101846
5.95	18.05	0.953299914426123	0.799452376188458	-0.0018545450706705	7.19130665263281	0.981319965770449
6.05	18.05	0.961031150353343	0.799537692423298	-0.00167386901902376	7.11271614733214	0.984412460141337
6.15	18.05	0.967553102150039	0.79961025798328	-0.00150876642093588	7.03389168046608	0.987021240860016
6.25	18.05	0.973056787873194	0.799671869766815	-0.0013591896960638	6.95486968673305	0.989222715149277
6.35	18.05	0.977698575341016	0.799724094463772	-0.00122449183984384	6.87568096604729	0.991079430136406
6.45	18.05	0.981607942277892	0.799768282386451	-0.00110368391451995	6.79635166802071	0.992643176911157
6.55	18.05	0.984893325941035	0.799805591826838	-0.000995610725920425	6.71690406159222	0.993957330376414
6.65	18.05	0.987646478097776	0.799837015327718	-0.000899066318661967	6.63735714313517	0.99505859123911
6.75	18.05	0.989945695148984	0.799863404079745	-0.000812866559203044	6.55772712416232	0.995978278059593
6.85	18.05	0.991858223376948	0.799885489144456	-0.00073589193987352	6.47802782928792	0.996743289350779
6.95	18.05	0.99344206982591	0.799903899372444	-0.000667110258055664	6.39827102679967	0.997376827930364
7.05	18.05	0.994747389780759	0.799919176357203	-0.000605586085839153	6.31846670789473	0.997898955912303
7.15	18.05	0.995817574522178	0.799931786898182	-0.000550481877833226	6.23862332600709	0.998327029808871
7.25	18.05	0.996690127138547	0.799942133430987	-0.000501054049053398	6.15874800432948	0.998676050855419
7.35	18.05	0.997397387700014	0.799950562814777	-0.000456646265626694	6.07884671728901	0.998958955080006
7.45	18.05	0.997967149960161	0.799957373790729	-0.000416681422656709	5.99892445010798	0.999186859984065
7.55	18.05	0.998423198124426	0.799962823358089	-0.000380653249223362	5.9189853394689	0.999369279249771
7.65	18.05	0.998785782659911	0.799967132259635	-0.00034811811386916	5.83903279755481	0.999514313063964
7.75	18.05	0.99907204751406	0.799970489726734	-0.000318687357665517	5.75906962124255	0.999628819005624
7.85	18.05	0.999296416640394	0.79997305760275	-0.000292020318412587	5.67909808790696	0.999718566656158
7.95	18.05	0.999470944795648	0.799974973939525	-0.000267818105108325	5.59912003909044	0.999788377918259
8.05	18.05	0.999605635731962	0.799976356143473	-0.000245818117124842	5.5191369531638	0.999842254292785
8.15	18.05	0.999708729833523	0.799977303733768	-0.000225789264748476	5.43915000802098	0.999883491933409
8.25	18.05	0.999786962697064	0.799977900763913	-0.000207527828465565	5.35916013479219	0.999914785078825
8.35	18.05	0.999845795949509	0.79997821794916	-0.000190853886466524	5.2791680635138	0.999938318379804
8.45	18.05	0.999889621600405	0.799978314535456	-0.000175608239218055	5.19917436164943	0.999955848640162
8.55	18.05	0.999921941344083	0.799978239939456	-0.000161649764078514	5.11917946631124	0.999968776537633
8.65	18.05	0.99994552238779	0.799978035185576	-0.000148853138709565	5.03918371098015	0.999978208955116
8.75	18.05	0.99996253154037	0.799977734161697	-0.000137106879312183	4.95918734746836	0.999985012616148
8.85	18.05	0.999974649422335	0.799977364713105	-0.000126311646795201	4.87919056380772	0.999989859768934
8.95	18.05	0.999983166736606	0.79997694959179	-0.000116378780904143	4.79919349868469	0.999993266694643
9.05	18.05	0.999989064564038	0.799976507276549	-0.000107229028358882	4.71919625297791	0.999995625825615
9.15	18.05	0.999993080620685	0.79997605267813	-9.87914364331091e-05	4.63919889889048	0.999997232248274
9.25	18.05	0.999995763340465	0.799975597742181	-9.10023882827065e-05	4.55920148710627	0.999998305336186
9.35	18.05	0.999997515536396	0.799975151962197	-8.38047598316567e-05	4.47920405234034	0.999999006214558
9.45	18.05	0.999998629255592	0.799974722813198	-7.71471815938111e-05	4.3992066175985	0.999999451702237
9.55	18.05	0.999999313287589	0.799974316116334	-7.09833911473389e-05	4.31920919741027	0.999999725315035
9.65	18.05	0.999999714621247	0.799973936343596	-6.52716645051208e-05	4.23921180025505	0.999999885848499
9.75	18.05	0.999999934980221	0.799973586871065	-5.99743160514519e-05	4.15921443036094	0.999999973992089
9.85	18.05	1.00000004340679	0.799973270188055	-5.50572584186785e-05	4.07921708902198	1.00000001736272
9.95	18.05	1.00000008571354	0.799972988068945	-5.04896147854455e-05	3.99921977554984	1.00000003428542
10.05	18.05	1.00000009148471	0.799972741713743	-4.6243377028652e-05	3.91922248795176	1.00000003659388
10.15	18.05	1.00000007918649	0.799972531862209	-4.22931042120255e-05	3.83922522340609	1.0000000316746
10.25	18.05	1.00000005983777	0.799972358886481	-3.86156562580473e-05	3.75922797859028	1.00000002393511
10.35	18.05	1.00000003960114	0.799972222865601	-3.51899586184388e-05	3.67923074990308	1.00000001584046
10.45	18.05	1.00000002157617	0.79997212364558	-3.19967940530404e-05	3.59923353361175	1.00000000863047
10.55	18.05	1.000000007013	0.799972060887467	-2.90186182510654e-05	3.51923632594744	1.0000000028052
10.65	18.05	0.99999999611216	0.799972034105897	-2.62393962033002e-05	3.4392391231652	0.999999998444864
10.75	18.05	0.999999988534759	0.799972042699886	-2.36444569783685e-05	3.35924192158042	0.999999995413903
10.85	18.05	0.999999983714466	0.79997208597752	-2.1220364420101e-05	3.27924471759001	0.999999993485786
10.95	18.05	0.99999998103738	0.799972163175666	-1.89548019805789e-05	3.19924750768399	0.999999992414952
11.05	18.05	0.999999979936553	0.799972273475862	-1.68364698124913e-05	3.11925028845117	0.999999991974621
11.15	18.05	0.999999979933622	0.799972416017071	-1.48549927633738e-05	3.03925305658155	0.999999991973449
11.25	18.05	0.999999980649486	0.79997258990601	-1.30008378808036e-05	2.95925580886676	0.999999992259795
11.35	18.05	0.999999981798422	0.799972794225565	-1.12652402719325e-05	2.87925854219967	0.999999992719369
11.45	18.05	0.999999983174796	0.7999730280416	-9.6401364535545e-06	2.79926125357364	0.999999993269918
11.55	18.05	0.999999984637885	0.799973290408579	-8.11810420299328e-06	2.71926394008153	0.999999993855154
11.65	18.05	0.999999986097936	0.799973580374202	-6.69230823494305e-06	2.63926659891476	0.999999994439174
11.75	18.05	0.999999987504898	0.799973896983181	-5.35645104549916e-06	2.55926922736241	0.999999995001959
11.85	18.05	0.999999988840145	0.799974239280349	-4.10472839422861e-06	2.47927182281015	0.999999995536058
11.95	18.05	0.999999990110582	0.799974606313215	-2.93178885406212e-06	2.39927438273926	0.999999996044233
12.05	18.05	0.999999991343704	0.799974997133998	-1.83269709250182e-06	2.31927690472547	0.999999996537482
12.15	18.05	0.999999992581453	0.79997541080124	-8.02900444552955e-07	2.23927938643783	0.999999997032581
12.25	18.05	0.999999993870114	0.799975846381135	1.61801526133306e-07	2.15928182563766	0.999999997548046
12.35	18.05	0.99999999524331	0.799976302948556	1.06528472791742e-06	2.0792842201778	0.999999998097324
12.45	18.05	0.999999996695834	0.799976779588111	1.91112584502722e-06	1.99928656800242	0.999999998678334
12.55	18.05	0.999999998148185	0.799977275395268	2.7026253713458e-06	1.91928886714777	0.999999999259274
12.65	18.05	0.999999999405892	0.799977789477882	3.44282865863806e-06	1.83929111574399	0.999999999762357
12.75	18.05	1.00000000012451	0.799978320958289	4.13454510567586e-06	1.75929331201818	1.0000000000498
12.85	18.05	0.999999999800319	0.799978868976079	4.78036570056497e-06	1.67929545429805	0.999999999920128
12.95	18.05	0.999999997817167	0.799979432691434	5.38267910106593e-06	1.59929754101499	0.999999999126867
13.05	18.05	0.999999993587997	0.799980011288404	5.94368636136868e-06	1.51929957070409	0.999999997435199
13.15	18.05	0.999999986830527	0.79998060397689	6.46541457010516e-06	1.43930154199747	0.999999994732211
13.25	18.05	0.999999978001258	0.79998120999127	6.94972946854132e-06	1.3593034536063	0.999999991200503
13.35	18.05	0.999999968870954	0.799981828582804	7.39834726162413e-06	1.27930530428657	0.999999987548381
13.45	18.05	0.999999963147846	0.799982459002615	7.81284561588716e-06	1.19930709278585	0.999999985259138
13.55	18.05	0.99999996693698	0.799983100472459	8.19467392786696e-06	1.11930881777258	0.999999986774792
13.65	18.05	0.999999988672413	0.79998375214294	8.54516267467874e-06	1.0393104777592	0.999999995468965
13.75	18.05	1.00000003800191	0.799984413043519	8.86553159127197e-06	0.959312071044257	1.00000001520076
13.85	18.05	1.00000012300215	0.799985082036803	9.15689630393272e-06	0.879313595716823	1.00000004920086
13.95	18.05	1.00000024515732	0.799985757800735	9.42027290573491e-06	0.799315049785975	1.00000009806293
14.05	18.05	1.0000003918855	0.799986438875236	9.6565801494887e-06	0.719316431510188	1.0000001567542
14.15	18.05	1.0000005272082	0.799987123820714	9.86663917534213e-06	0.639317739995738	1.00000021088328
14.25	18.05	1.00000058256437	0.799987811538117	1.00511713874593e-05	0.559318976091568	1.00000023302575
14.35	18.05	1.00000045180049	0.799988501783522	1.02107960044745e-05	0.479320143511574	1.0000001807202
14.45	18.05	0.999999996814373	0.799989195862425	1.03460300116476e-05	0.399321249947184	0.999999998725749
14.55	18.05	0.999999072591307	0.799989897396825	1.0457294287832e-05	0.319322307689613	0.999999629036523
14.65	18.05	0.999997581294665	0.799990612915454	1.05449301289377e-05	0.239323332986725	0.999999032517866
14.75	18.05	0.999995562867068	0.799991352085051	1.06092295367094e-05	0.159324343085502	0.999998225146827
14.85	18.05	0.999993321923175	0.799993023856314	1.06504747461863e-05	0.0793253497441851	0.99999732876927
14.95	18.05	0.999991575101789	0.399990388585894	1.0669422870852e-05	-0.000673831481591565	0.999996630040716
0.05	18.15	-4.74141257988742e-06	0.399999822594598	0.000200200098640353	10.4591421264388	0.599998103434968
0.15	18.15	-5.38324095642435e-06	0.799999765832867	0.000201641882931689	10.4111422994587	0.599997846703617
0.25	18.15	-5.88225117280647e-06	0.799999664718445	0.000204541124262537	10.3631424990845	0.599997647099531
0.35	18.15	-5.47136561388797e-06	0.799999439063268	0.000208944905401892	10.315142716187	0.599997811453754
0.45	18.15	-3.34151913530701e-06	0.799999056578611	0.000214920907475997	10.2671429166069	0.599998663392346
0.55	18.15	1.30778846986373e-06	0.799998448552177	0.000222558448734881	10.2191430433096	0.600000523115388
0.65	18.15	9.12401244792534e-06	0.79999753171654	0.00023196779467673	10.1711430191496	0.600003649604979
0.75	18.15	2.03716287853755e-05	0.799996204685179	0.000243285205131548	10.1231427556482	0.600008148651514
0.85	18.15	3.45648777929228e-05	0.79999425507297	0.000256710925897982	10.0751421709012	0.600013825951117
0.95	18.15	4.936802536374e-05	0.799991643683449	0.000272529846507962	10.0271412330073	0.600019747210146
1.05	18.15	6.10094040603784e-05	0.799988193264039	0.000291100828337948	9.97914001425506	0.600024403761624
1.15	18.15	6.38156768111205e-05	0.799983879319419	0.000312858843033249	9.93113874540018	0.600025526270724
1.25	18.15	5.08470258906613e-05	0.799978906502775	0.000338289757994798	9.88313786475689	0.600020338810356
1.35	18.15	1.60433679282848e-05	0.799973366147237	0.000367906149221971	9.83513802264957	0.600006417347171
1.45	18.15	-4.44832196316671e-05	0.799967427467941	0.000402240282973826	9.78714003424385	0.599982206712147
1.55	18.15	-0.000130441612328722	0.799961286123152	0.000441818821478848	9.73914477834199	0.599947823355068
1.65	18.15	-0.00023513084512641	0.799955101910375	0.000487127875141504	9.69115302795918	0.599905947661949
1.75	18.15	-0.000343473620635433	0.7999489162886	0.000538584919685341	9.64316521384571	0.599862610551746
1.85	18.15	-0.000430891036899162	0.799942545390671	0.000596552176663163	9.59518113912858	0.59982764358524
1.95	18.15	-0.00046367592241375	0.799935446962091	0.000661467161342167	9.54719968367322	0.599814529631035
2.05	18.15	-0.000401457861687806	0.79992667322433	0.000734184414791882	9.49921855859884	0.599839416855325
2.15	18.15	-0.000201203736535214	0.799916198856471	0.000816069699653017	9.45123417408835	0.599919518505386
2.25	18.15	0.000186304297107744	0.799902299039137	0.000908481443302854	9.403241490693	0.600074521718843
2.35	18.15	0.000805425771253462	0.799886785236935	0.00101290416826497	9.35523397646436	0.600322170308501
2.45	18.15	0.00170159268471894	0.799879130850812	0.00113027441353296	9.30720353680261	0.600680637073888
2.55	18.15	0.00298000119315414	0.799871328763561	0.00126079765697716	9.25913959558964	0.601192000477262
2.65	18.15	0.00474502375503383	0.799864580279604	0.00140495730951682	9.21102828826866	0.601898009502014
2.75	18.15	0.00711297100317386	0.799859806470054	0.0015632885114544	9.16285221617355	0.60284518840127
2.85	18.15	0.0102166369653446	0.799858186824429	0.00173606128273292	9.11458996146928	0.604086654786138
2.95	18.15	0.0142091370908608	0.799861193168946	0.00192297524292136	9.06621548525684	0.605683654836344
3.05	18.15	0.019268692129139	0.799870639044102	0.00212281666652504	9.01769739167508	0.607707476851656
3.15	18.15	0.0256051204621004	0.799888713981837	0.00233302453491473	8.96899801207301	0.61024204818484
3.25	18.15	0.0334685448509713	0.799917963195169	0.00254913078561112	8.92007224665046	0.613387417940389
3.35	18.15	0.0431605898594021	0.799961161464804	0.00276406414700876	8.87086608969028	0.617264235943761
3.45	18.15	0.0550478646771843	0.800021004582153	0.0029673460380232	8.82131476406233	0.622019145870874
3.55	18.15	0.0695765329156872	0.800099512600443	0.00314427636394694	8.77134041375258	0.627830613166275
3.65	18.15	0.087284957296265	0.800197027698572	0.00327532137417501	8.72084937101435	0.634913982918506
3.75	18.15	0.108808487459366	0.800310740217012	0.00333607846869955	8.66972915784653	0.643523394983746
3.85	18.15	0.134866439311704	0.80043286450255	0.00329837304773548	8.61784563460662	0.653946575724682
3.95	18.15	0.166217064513079	0.800548993254969	0.0031331396194365	8.56504109221046	0.666486825805232
4.05	18.15	0.203564430725025	0.800637770043945	0.00281555806682512	8.51113456367929	0.68142577229001
4.15	18.15	0.24740659955718	0.80067351565432	0.00233221657949141	8.45592605063747	0.698962639822872
4.25	18.15	0.2978334794349	0.800633043675468	0.00168878550962207	8.3992063894631	0.71913339177396
4.35	18.15	0.35431731098397	0.800505737969144	0.000915264333852447	8.34077366002771	0.741726924393588
4.45	18.15	0.415577419790101	0.800302423400759	6.54199950840946e-05	8.28045505834399	0.766230967916041
4.55	18.15	0.479613611395161	0.800056528661661	-0.000791310790037336	8.21813036064031	0.791845444558064
4.65	18.15	0.543956887846123	0.799814176214169	-0.00158366326104721	8.15375083557451	0.817582755138449
4.75	18.15	0.606085891486864	0.799617470198602	-0.00225312276019978	8.08734750587424	0.842434356594746
4.85	18.15	0.663863894262823	0.799490650473613	-0.00276381085362049	8.01902579059922	0.865545557705129
4.95	18.15	0.715838569702023	0.799436258502006	-0.00310494817018558	7.94894839055377	0.886335427880809
5.05	18.15	0.761326010877561	0.799440806945026	-0.0032868161502538	7.87731205585532	0.904530404351024
5.15	18.15	0.80030670370815	0.799484171813296	-0.00333333913345742	7.80432468822053	0.92012268148326
5.25	18.15	0.833223083717132	0.799547270659991	-0.00327445713809748	7.73018735283184	0.933289233486853
5.35	18.15	0.860767678695853	0.799615909861157	-0.00314022588219196	7.65508291734733	0.944307071478341
5.45	18.15	0.883715110619724	0.799681409140534	-0.00295721883154125	7.57917076223115	0.95348604424789
5.55	18.15	0.902813703131217	0.799739531146394	-0.0027469329195213	7.50258590571072	0.961125481252487
5.65	18.15	0.918729313383542	0.799788965669067	-0.00252557047196825	7.42544075496156	0.967491725353417
5.75	18.15	0.932025660649061	0.799830021965859	-0.00230458820709482	7.34782806555212	0.972810264259625
5.85	18.15	0.943166004541058	0.799863726869117	-0.00209156399731372	7.2698241850823	0.977266401816423
5.95	18.15	0.952525019729521	0.799891295297803	-0.00189110610960768	7.19149207744108	0.981010007891808
6.05	18.15	0.960403942413864	0.799913866318229	-0.00170566494652125	7.11288391307039	0.984161576965545
6.15	18.15	0.96704530097691	0.799932401024832	-0.0015361947471316	7.03404318021024	0.986818120390764
6.25	18.15	0.972645627389367	0.799947666343821	-0.00138266130198981	6.95500635659886	0.989058250955747
6.35	18.15	0.977365720123347	0.799960257269349	-0.00124441433703233	6.87580421349682	0.990946288049339
6.45	18.15	0.981338603281647	0.799970631255778	-0.00112045064897056	6.79646282834596	0.992535441312659
6.55	18.15	0.984675550698542	0.799979142027956	-0.00100959374445434	6.71700437406335	0.993870220279417
6.65	18.15	0.987470585898477	0.799986067786725	-0.000910612117161034	6.63744774041719	0.994988234359391
6.75	18.15	0.989803829153537	0.799991632725526	-0.00082229379404961	6.55780903035574	0.995921531661415
6.85	18.15	0.991743995505562	0.799996022514964	-0.00074349053418166	6.47810196331307	0.996697598202225
6.95	18.15	0.993350278644065	0.799999394987711	-0.000673141502473171	6.398338208865	0.997340111457626
7.05	18.15	0.994673795641177	0.800001887280767	-0.000610283445515198	6.31852766753185	0.997869518256471
7.15	18.15	0.995758719624542	0.800003620498445	-0.000554052293443476	6.23867871068315	0.998303487849817
7.25	18.15	0.996643190909395	0.800004702712617	-0.000503679570618	6.15879838801567	0.998657276363758
7.35	18.15	0.997360070048669	0.800005230891086	-0.00045848589531479	6.07889260861629	0.998944028019468
7.45	18.15	0.997937576635829	0.800005292161264	-0.000417873070152584	5.9989662999101	0.999175030654332
7.55	18.15	0.998399843685002	0.800004964681216	-0.000381315724162277	5.91902354762371	0.999359937474001
7.65	18.15	0.998767407550415	0.800004318291936	-0.000348353097444383	5.83906771910505	0.999506963020166
7.75	18.15	0.999057646510982	0.800003415059131	-0.000318581309014469	5.75910157181986	0.999623058604393
7.85	18.15	0.99928517650156	0.800002309767782	-0.000291646283552823	5.67912734850653	0.999714070600624
7.95	18.15	0.999462209405008	0.800001050404132	-0.000267237405988711	5.59914686025561	0.999784883762003
8.05	18.15	0.999598877376486	0.799999678641436	-0.000245081906508191	5.51916155864324	0.999839550950595
8.15	18.15	0.999703525519392	0.79999823033428	-0.000224939939452291	5.43917259796028	0.999881410207757
8.25	18.15	0.999782974622815	0.799996736019876	-0.000206600299228494	5.35918088851782	0.999913189849126
8.35	18.15	0.999842755418796	0.799995221420892	-0.000189876706552171	5.2791871419619	0.999937102167518
8.45	18.15	0.999887315787182	0.799993707942743	-0.00017460459782098	5.19919190948651	0.999954926314873
8.55	18.15	0.999920202426505	0.799992213158149	-0.000160638352280769	5.11919561378787	0.999968080970602
8.65	18.15	0.999944218650044	0.799990751271734	-0.00014784889794771	5.03919857555352	0.999977687460018
8.75	18.15	0.999961560108791	0.799989333559305	-0.00013612164280532	4.95920103522451	0.999984624043516
8.85	18.15	0.999973930356998	0.7999879687763	-0.000125354684991313	4.87920317071016	0.999989572142799
8.95	18.15	0.99998263824484	0.799986663532913	-0.000115457261917399	4.79920511167215	0.999993055297936
9.05	18.15	0.999988679139956	0.79998542263347	-0.000106348403843227	4.719206950931	0.999995471655983
9.15	18.15	0.999992801946413	0.799984249379393	-9.79557630595483e-05	4.63920875348387	0.999997120778565
9.25	18.15	0.999995563811377	0.79998314583621	-9.0214593778217e-05	4.55921056356118	0.999998225524551
9.35	18.15	0.999997374295266	0.799982113065977	-8.30668620105927e-05	4.47921241008973	0.999998949718106
9.45	18.15	0.999998530639722	0.799981151326829	-7.64604677553447e-05	4.39921431087584	0.999999412255889
9.55	18.15	0.999999245609272	0.799980260242544	-7.03485643885284e-05	4.31921627577138	0.999999698243709
9.65	18.15	0.999999669215765	0.799979438944568	-6.46889624886682e-05	4.23921830904115	0.999999867686306
9.75	18.15	0.999999905467277	0.799978686189813	-5.94436071671454e-05	4.15922041111011	0.999999962186911
9.85	18.15	1.00000002512117	0.79997800045699	-5.45781193912627e-05	4.07922257983528	1.00000001004847
9.95	18.15	1.00000007526907	0.799977380024523	-5.00613931532103e-05	3.99922481141748	1.00000003010763
10.05	18.15	1.00000008644256	0.799976823032737	-4.58652414549906e-05	3.91922710104424	1.00000003457702
10.15	18.15	1.00000007780454	0.799976327532896	-4.19640847843649e-05	3.83922944333434	1.00000003112182
10.25	18.15	1.00000006088256	0.799975891525298	-3.83346769065736e-05	3.75923183263865	1.00000002435302
10.35	18.15	1.00000004220779	0.799975512988459	-3.49558631443307e-05	3.67923426323815	1.00000001688312
10.45	18.15	1.00000002514479	0.799975189901107	-3.18083670181809e-05	3.59923672947001	1.00000001005792
10.55	18.15	1.00000001113268	0.799974920258432	-2.88746017359125e-05	3.51923922580414	1.00000000445307
10.65	18.15	1.00000000050555	0.799974702083911	-2.61385033532933e-05	3.43924174688656	1.00000000020222
10.75	18.15	0.999999993018084	0.799974533437498	-2.35853828298762e-05	3.35924428756109	0.999999997207234
10.85	18.15	0.999999988168833	0.799974412421327	-2.12017946794885e-05	3.27924684287746	0.999999995267533
10.95	18.15	0.9999999853884	0.799974337183226	-1.89754200527891e-05	3.19924940809116	0.99999999415536
11.05	18.15	0.999999984139982	0.799974305918885	-1.68949624930848e-05	3.11925197865877	0.999999993655993
11.15	18.15	0.999999983965344	0.799974316872794	-1.49500547742284e-05	3.03925455023098	0.999999993586138
11.25	18.15	0.999999984498585	0.79997436833848	-1.31311755138092e-05	2.95925711864481	0.999999993799434
11.35	18.15	0.999999985462452	0.799974458658178	-1.14295743377241e-05	2.87925967991564	0.999999994184981
11.45	18.15	0.99999998665658	0.799974586222052	-9.83720453809653e-06	2.79926223022977	0.999999994662632
11.55	18.15	0.999999987943387	0.799974749467226	-8.34666247399925e-06	2.71926476593737	0.999999995177355
11.65	18.15	0.999999989234863	0.799974946876579	-6.95113285057439e-06	2.6392672835461	0.999999995693945
11.75	18.15	0.999999990481805	0.799975176977445	-5.64433919761006e-06	2.55926977971518	0.999999996192722
11.85	18.15	0.99999999166588	0.799975438340209	-4.42049904373502e-06	2.47927225124995	0.999999996666352
11.95	18.15	0.999999992793951	0.799975729576831	-3.27428327991991e-06	2.3992746950967	0.99999999711758
12.05	18.15	0.999999993893284	0.7999760493393	-2.20077919613348e-06	2.31927710833791	0.999999997557314
12.15	18.15	0.999999995005486	0.799976396318055	-1.19545692504949e-06	2.23927948818774	0.999999998002194
12.25	18.15	0.999999996176447	0.799976769240398	-2.54138839473071e-07	2.1592818319879	0.999999998470579
12.35	18.15	0.999999997439336	0.79997716686897	6.2702826905238e-07	2.07928413720412	0.999999998975735
12.45	18.15	0.999999998788416	0.799977588000426	1.45159856764765e-06	1.99928640142345	0.999999999515366
12.55	18.15	1.00000000014353	0.799978031464455	2.22285032999454e-06	1.91928862235265	1.00000000005741
12.65	18.15	1.00000000130941	0.799978496123376	2.94380702641916e-06	1.83929079781793	1.00000000052377
12.75	18.15	1.00000000194062	0.799978980872479	3.61725660030271e-06	1.75929292576606	1.00000000077625
12.85	18.15	1.00000000153233	0.799979484641226	4.24576905173131e-06	1.6792950042663	1.00000000061293
12.95	18.15	0.999999999467234	0.799980006395132	4.8317125509331e-06	1.59929703151179	0.999999999786894
13.05	18.15	0.999999995157398	0.799980545137722	5.37726822269227e-06	1.51929900581818	0.999999998062959
13.15	18.15	0.999999988320322	0.799981099911328	5.8844437867471e-06	1.43930092561552	0.999999995328129
13.25	18.15	0.999999979413499	0.799981669794605	6.35508619850501e-06	1.35930278942904	0.9999999917654
13.35	18.15	0.999999970210498	0.799982253893947	6.79089343373558e-06	1.27930459584376	0.999999988084199
13.45	18.15	0.999999964424631	0.799982851325527	7.19342550609342e-06	1.1993063434501	0.999999985769852
13.55	18.15	0.99999996816832	0.799983461185239	7.56411469348066e-06	1.11930803077216	0.999999987267328
13.65	18.15	0.999999989884512	0.799984082506135	7.90427489599897e-06	1.03930965618996	0.999999995953805
13.75	18.15	1.00000003922934	0.799984714207747	8.21510985419789e-06	0.959311217880647	1.00000001569174
13.85	18.15	1.00000012428375	0.799985355049768	8.49771989392323e-06	0.879312713822308	1.0000000497135
13.95	18.15	1.0000002465269	0.799986003613758	8.75310679127699e-06	0.799314141922939	1.00000009861076
14.05	18.15	1.00000039335648	0.799986658349414	8.98217642820604e-06	0.719315500349615	1.00000015734259
14.15	18.15	1.00000052875258	0.799987317732854	9.185739254572e-06	0.639316788126885	1.00000021150103
14.25	18.15	1.00000058408905	0.799987980586545	9.36450915501611e-06	0.559318006031797	1.00000023363562
14.35	18.15	1.00000045312727	0.799988646593841	9.51910220447243e-06	0.479319157716379	1.00000018125091
14.45	18.15	0.999999997673792	0.799989316993114	9.6500378686863e-06	0.399320250820155	0.999999999069517
14.55	18.15	0.99999907264309	0.799989995344417	9.75774606645334e-06	0.31932129759173	0.999999629057236
14.65	18.15	0.999997580187823	0.799990688118642	9.84258386820883e-06	0.239322314243987	0.999999032075129
14.75	18.15	0.999995560347576	0.799991404924348	9.90486453630843e-06	0.159323317993542	0.99999822413903
14.85	18.15	0.999993317985282	0.799993054840814	9.94489391242194e-06	0.0793243205690825	0.999997327194113
14.95	18.15	0.999991570159851	0.399990397138892	9.96335482870266e-06	-0.000674862541823938	0.999996628063941
0.05	18.25	-4.72771592023733e-06	0.400000550048639	0.000199615597815347	10.4591301103551	0.599998108913632
0.15	18.25	-5.35702744375224e-06	0.800001953991931	0.000201088490664514	10.4111301956425	0.599997857189022
0.25	18.25	-5.83063695291029e-06	0.800003343071605	0.000204053515364098	10.3631302187451	0.599997667745219
0.35	18.25	-5.38118652256249e-06	0.800004658886693	0.000208557627253033	10.3151301676669	0.599997847525391
0.45	18.25	-3.20320461806549e-06	0.800005892647327	0.00021466878069819	10.2671300041196	0.599998718718153
0.55	18.25	1.49183574316855e-06	0.800007003651769	0.000222477302688623	10.2191296656111	0.600000596734297
0.65	18.25	9.32927245864657e-06	0.80000794220386	0.000232097335860684	10.1711290682705	0.600003731708983
0.75	18.25	2.05704624159253e-05	0.800008660270566	0.000243675118524542	10.1231281155471	0.600008228184966
0.85	18.25	3.50297548538638e-05	0.800008867160099	0.000257418171491368	10.0751267126064	0.600014011901941
0.95	18.25	5.02010245559529e-05	0.800008689573598	0.000273607960478149	10.0271248096632	0.600020080409822
1.05	18.25	6.23286754714622e-05	0.800008002925052	0.000292622338533069	9.97912245707396	0.600024931470189
1.15	18.25	6.55548597563436e-05	0.800006933198543	0.00031488325408272	9.93111986036633	0.600026221943903
1.25	18.25	5.30356050397958e-05	0.800005685901288	0.000340841145968049	9.8831174296844	0.600021214242016
1.35	18.25	1.84981185137269e-05	0.800004497840563	0.000371008342861583	9.83511578390942	0.600007399247405
1.45	18.25	-4.22305719687883e-05	0.800003690689942	0.000405913407000077	9.78711570622385	0.599983107771212
1.55	18.25	-0.000129218923343071	0.800003628679507	0.000446078246063591	9.73911804397474	0.599948312430663
1.65	18.25	-0.000236197435386525	0.80000465249583	0.000491990671729483	9.69112354102247	0.599905521025845
1.75	18.25	-0.000348531415969377	0.800006991632665	0.000544086093137243	9.64313260260314	0.599860587433612
1.85	18.25	-0.000441928037769021	0.800010657786926	0.000602772287956223	9.59514500844883	0.599823228784892
1.95	18.25	-0.000482489754900539	0.800015321225227	0.000668549506046904	9.54715960766926	0.59980700409804
2.05	18.25	-0.000429103377774309	0.800020049346846	0.00074223028066855	9.49917405007953	0.59982835864889
2.15	18.25	-0.000241684788337619	0.800026489355345	0.000824978060878036	9.45118466530686	0.599903326084665
2.25	18.25	0.000127488962851672	0.800033266310742	0.000918073799706697	9.4031863399631	0.600050995585141
2.35	18.25	0.000719508310996596	0.800044044394441	0.00102179173731185	9.35517251399716	0.600287803324399
2.45	18.25	0.00159223009200054	0.800062175117006	0.00113713585463897	9.30713500386215	0.6006368920368
2.55	18.25	0.00283764832047463	0.800085984109438	0.00126544724345636	9.25906314264411	0.60113505932819
2.65	18.25	0.00455876284721247	0.800116886129948	0.00140678990452687	9.210943057077	0.601823505138885
2.75	18.25	0.00687078054452693	0.800156519528817	0.00156135083225191	9.16275731319116	0.602748312217811
2.85	18.25	0.00990449091881133	0.800206796387232	0.00172915434012982	9.11448445909281	0.603961796367524
2.95	18.25	0.0138100809970756	0.800269992128664	0.00190970541309525	9.06609844670978	0.60552403239883
3.05	18.25	0.0187619038642388	0.800348773563263	0.00210163742937565	9.01756791693966	0.607504761545695
3.15	18.25	0.0249648573272335	0.800446171362503	0.00230229848693273	8.96885530893215	0.609985942930893
3.25	18.25	0.0326629175464266	0.800565474289006	0.00250723067778278	8.91991573482367	0.613065167018571
3.35	18.25	0.0421501617982482	0.800709993142859	0.00270952827643555	8.87069554811168	0.616860064719299
3.45	18.25	0.0537841610951487	0.800882613007891	0.00289910072369011	8.82113053162198	0.621513664438059
3.55	18.25	0.0680006896156225	0.80108502508728	0.00306193101724885	8.77114365104624	0.627200275846249
3.65	18.25	0.0853269780619207	0.801316522244137	0.00317952486042062	8.72064238235133	0.634130791224768
3.75	18.25	0.106387933660817	0.801572298460829	0.00322889470677312	8.66951575548246	0.642555173464327
3.85	18.25	0.131895813981393	0.801841386168883	0.00318358865206842	8.61763149740611	0.652758325592557
3.95	18.25	0.162609517326089	0.802104780537403	0.00301636704304114	8.56483402789045	0.665043806930436
4.05	18.25	0.199247318114107	0.802334932225716	0.00270397264178535	8.51094453460238	0.679698927245643
4.15	18.25	0.242341263191779	0.802498343575072	0.0022338103590751	8.45576478992918	0.696936505276711
4.25	18.25	0.292038776188117	0.802562707936155	0.00161117071893286	8.39908645700289	0.716815510475247
4.35	18.25	0.347890207406729	0.802507952479106	0.0008642878411498	8.34070691113817	0.739156082962692
4.45	18.25	0.408700500288098	0.802336866169935	4.40330742985488e-05	8.28045073074158	0.763480200115239
4.55	18.25	0.472540467376401	0.802078440392119	-0.000783507321537737	8.21819324962503	0.789016186950561
4.65	18.25	0.536974487174715	0.801779552249426	-0.0015500516013473	8.15388015696075	0.814789794869886
4.75	18.25	0.599464898593164	0.801488242061291	-0.00219908899908134	8.08753689103646	0.839785959437266
4.85	18.25	0.65781501723053	0.801238158891383	-0.00269556740614799	8.01926444332551	0.863126006892212
4.95	18.25	0.710489375108859	0.801042300233766	-0.00302852661970235	7.9492229933761	0.884195750043544
5.05	18.25	0.756721398361287	0.800896715808279	-0.00320741115175255	7.87760880473804	0.902688559344515
5.15	18.25	0.796426080057032	0.800788917911364	-0.0032550062132778	7.80463093380213	0.918570432022813
5.25	18.25	0.830003779350054	0.800705393659788	-0.00320007492579463	7.73049260125473	0.932001511740022
5.35	18.25	0.85812646726971	0.80063569876176	-0.0030716167755405	7.6553792073361	0.943250586907884
5.45	18.25	0.88156399202706	0.800573442776844	-0.00289534271310871	7.57945258373548	0.952625596810824
5.55	18.25	0.901069521618425	0.800515562075644	-0.00269209732189874	7.50284985765138	0.96042780864737
5.65	18.25	0.917318482967841	0.800461096555354	-0.00247762490403424	7.42568510340456	0.966927393187136
5.75	18.25	0.930885660928765	0.800410123332369	-0.00226308744277563	7.34805230647082	0.972354264371506
5.85	18.25	0.94224505192842	0.800363049948249	-0.00205589591295125	7.27002866520123	0.976898020771368
5.95	18.25	0.951780882833147	0.800320237883244	-0.00186058580282043	7.1916776917447	0.980712353133259
6.05	18.25	0.959802481506899	0.800281853828306	-0.00167959987418477	7.11305187762428	0.983920992602759
6.15	18.25	0.966559035917204	0.800247850220207	-0.00151392664023036	7.03419486974356	0.986623614366882
6.25	18.25	0.972252468294098	0.800218005071012	-0.0013635904878625	6.9551431935652	0.988900987317639
6.35	18.25	0.977047901191447	0.80019197954934	-0.00122801139860099	6.87592759592272	0.990819160476579
6.45	18.25	0.981081814074677	0.800169372415402	-0.00110625943708925	6.79657408574186	0.992432725629871
6.55	18.25	0.98446824025033	0.800149763062502	-0.00099722884485113	6.7171047429524	0.993787296100132
6.65	18.25	0.987303410102763	0.800132741668974	-0.000899753060909004	6.63753835313591	0.994921364041105
6.75	18.25	0.989669213409628	0.800117928015726	-0.000812677631198952	6.55789091251695	0.995867685363851
6.85	18.25	0.991635788562212	0.8001049815227	-0.000734903866098	6.47817603667299	0.996654315424885
6.95	18.25	0.993263478012979	0.800093605052001	-0.000665412674853559	6.39840529734646	0.997305391205191
7.05	18.25	0.994604329011475	0.800083544613216	-0.000603275319525598	6.3185885048903	0.99784173160459
7.15	18.25	0.995703270117553	0.800074586597149	-0.000547655811540164	6.23873394882394	0.998281308047021
7.25	18.25	0.996599056746448	0.800066553696932	-0.00049780820029371	6.15884860533599	0.998639622698579
7.35	18.25	0.997325051342637	0.800059300296041	-0.000453070946391119	6.0789383179947	0.998930020537055
7.45	18.25	0.997909883667252	0.800052707820523	-0.000412859829167253	5.9990079561352	0.999163953466901
7.55	18.25	0.998378022288815	0.800046680350549	-0.000376660321319719	5.91906155416362	0.999351208915526
7.65	18.25	0.998750278207091	0.800041140649451	-0.000344020009090876	5.83910243419053	0.999500111282836
7.75	18.25	0.999044254476537	0.800036026678512	-0.000314541397571052	5.75913331385682	0.999617701790615
7.85	18.25	0.999274750878654	0.800031288609446	-0.000287875281723143	5.6791564008587	0.999709900351461
7.95	18.25	0.999454129494036	0.800026886312649	-0.000263714760843341	5.59917347545059	0.999781651797614
8.05	18.25	0.999592644982651	0.800022787280986	-0.000241789909626241	5.5191859620601	0.99983705799306
8.15	18.25	0.999698742153101	0.800018964940264	-0.000221863080562644	5.43919499105661	0.99987949686124
8.25	18.25	0.999779322734565	0.800015397294373	-0.0002037247909065	5.35920145165109	0.999911729093826
8.35	18.25	0.999839982969528	0.800012065855084	-0.000187190137946862	5.27920603685575	0.999935993187811
8.45	18.25	0.999885223581447	0.800008954808944	-0.000172095683505809	5.19920928138729	0.999954089432579
8.55	18.25	0.999918633736417	0.800006050378937	-0.000158296750242275	5.11921159335158	0.999967453494567
8.65	18.25	0.999943050738879	0.80000334034301	-0.000145665076463291	5.03921328049835	0.999977220295552
8.75	18.25	0.999960697328756	0.800000813677169	-0.000134086781487618	4.95921457177966	0.999984278931502
8.85	18.25	0.999973298549457	0.799998460295209	-0.000123460599167808	4.87921563488752	0.999989319419783
8.95	18.25	0.999982180215721	0.79999627086265	-0.000113696342411624	4.79921659038378	0.999992872086288
9.05	18.25	0.999988351020124	0.799994236665586	-0.000104713567210723	4.71921752297219	0.999995340408049
9.15	18.25	0.999992570277827	0.799992349519952	-9.64404084552866e-05	4.6392184903992	0.999997028111131
9.25	18.25	0.999995403226077	0.799990601709114	-8.88125645027073e-05	4.55921953040813	0.999998161290431
9.35	18.25	0.999997265676351	0.799988985940935	-8.17724102428228e-05	4.47922066611295	0.99999890627054
9.45	18.25	0.999998459672292	0.799987495317608	-7.52682217321731e-05	4.39922191010315	0.999999383868917
9.55	18.25	0.999999201645173	0.799986123313419	-6.92534977735638e-05	4.31922326754133	0.999999680658069
9.65	18.25	0.999999644389463	0.799984863756843	-6.36863657057703e-05	4.23922473847049	0.999999857755785
9.75	18.25	0.999999894011495	0.799983710815051	-5.85290607328266e-05	4.15922631950871	0.999999957604598
9.85	18.25	1.00000002284048	0.79998265897922	-5.37474691289233e-05	4.07922800507476	1.00000000913619
9.95	18.25	1.00000007913757	0.79998170304981	-4.93107274811487e-05	3.99922978825945	1.00000003165503
10.05	18.25	1.00000009429844	0.799980838121646	-4.5190870520091e-05	3.9192316614328	1.00000003771938
10.15	18.25	1.00000008811974	0.799980059568604	-4.13625215924296e-05	3.83923361665735	1.0000000352479
10.25	18.25	1.00000007259029	0.799979363027969	-3.78026202709427e-05	3.75923564596137	1.00000002903611
10.35	18.25	1.00000005457425	0.799978744384735	-3.44901823369144e-05	3.67923774151266	1.0000000218297
10.45	18.25	1.00000003767451	0.799978199756067	-3.14060880382854e-05	3.5992398957232	1.0000000150698
10.55	18.25	1.00000002349916	0.799977725476005	-2.8532895050409e-05	3.51924210130677	1.00000000939966
10.65	18.25	1.00000001250087	0.799977318080769	-2.58546729433384e-05	3.43924435130562	1.00000000500035
10.75	18.25	1.00000000451654	0.79997697429467	-2.33568564472289e-05	3.35924663909732	1.00000000180661
10.85	18.25	0.999999999100969	0.799976691016833	-2.10261151130501e-05	3.27924895838967	0.999999999640388
10.95	18.25	0.999999995722612	0.799976465308759	-1.88502373294148e-05	3.1992513032089	0.999999998289045
11.05	18.25	0.999999993869598	0.799976294382717	-1.68180268500756e-05	3.11925366788453	0.999999997547839
11.15	18.25	0.999999993099671	0.799976175591036	-1.49192103693391e-05	3.03925604703308	0.999999997239868
11.25	18.25	0.999999993056758	0.799976106416235	-1.31443546950384e-05	2.9592584355419	0.999999997222703
11.35	18.25	0.999999993469277	0.799976084461979	-1.14847924059132e-05	2.87926082855378	0.999999997387711
11.45	18.25	0.999999994139764	0.79997610744477	-9.93255502655473e-06	2.79926322145272	0.999999997655906
11.55	18.25	0.999999994931731	0.799976173186329	-8.48031277075655e-06	2.71926560985082	0.999999997972692
11.65	18.25	0.999999995757117	0.799976279606634	-7.12132012180344e-06	2.63926798957646	0.999999998302847
11.75	18.25	0.999999996565973	0.799976424717528	-5.84936667749242e-06	2.55927035666338	0.999999998626389
11.85	18.25	0.999999997338822	0.799976606616766	-4.65873253586838e-06	2.47927270734076	0.999999998935529
11.95	18.25	0.999999998081184	0.799976823482537	-3.54414789382417e-06	2.39927503802403	0.999999999232474
12.05	18.25	0.999999998818904	0.799977073568355	-2.5007562895195e-06	2.31927734530635	0.999999999527561
12.15	18.25	0.999999999592165	0.799977355198238	-1.52408121265022e-06	2.23927962595079	0.999999999836866
12.25	18.25	1.00000000044546	0.799977666762279	-6.09995698479603e-07	2.15928187688313	1.00000000017818
12.35	18.25	1.00000000141057	0.799978006712498	2.4530535658763e-07	2.07928409518555	1.00000000056423
12.45	18.25	1.00000000248038	0.799978373559169	1.04533046412596e-06	1.99928627809135	1.00000000099215
12.55	18.25	1.00000000357333	0.799978765867729	1.79331452555274e-06	1.91928842298111	1.00000000142933
12.65	18.25	1.00000000449261	0.799979182256449	2.49223984322272e-06	1.83929052738026	1.00000000179704
12.75	18.25	1.00000000489118	0.799979621395019	3.14485525739995e-06	1.75929258895828	1.00000000195647
12.85	18.25	1.0000000042625	0.799980082004165	3.75369366077534e-06	1.67929460552884	1.000000001705
12.95	18.25	1.00000000198762	0.79998056285608	4.32108800317135e-06	1.59929657504969	1.00000000079505
13.05	18.25	0.99999999747723	0.799981062775093	4.84918597964594e-06	1.51929849561966	0.999999998990892
13.15	18.25	0.99999999044812	0.799981580637227	5.33996359301614e-06	1.43930036546929	0.999999996179248
13.25	18.25	0.999999981358254	0.799982115366652	5.79523769709216e-06	1.35930218294033	0.999999992543302
13.35	18.25	0.999999971983389	0.799982665926115	6.21667766670084e-06	1.27930394644916	0.999999988793356
13.45	18.25	0.999999966041156	0.799983231298031	6.60581633347806e-06	1.19930565443128	0.999999986416462
13.55	18.25	0.999999969650435	0.799983810453641	6.96406009344063e-06	1.11930730526864	0.999999987860174
13.65	18.25	0.999999991261997	0.799984402309677	7.29269818619213e-06	1.03930889721087	0.999999996504799
13.75	18.25	1.00000004053924	0.799985005677029	7.59291089071411e-06	0.95931042831571	1.0000000162157
13.85	18.25	1.00000012556648	0.799985619213878	7.86577632208651e-06	0.879311896452118	1.00000005022659
13.95	18.25	1.00000024781756	0.799986241406951	8.11227550330076e-06	0.799313299428764	1.00000009912702
14.05	18.25	1.0000003946706	0.799986870617495	8.33329542354152e-06	0.719314635322908	1.00000015786824
14.15	18.25	1.00000053006684	0.799987505239386	8.52963018571416e-06	0.639315903078712	1.00000021202673
14.25	18.25	1.00000058531986	0.799988144019029	8.70198080834787e-06	0.55931710340234	1.00000023412794
14.35	18.25	1.00000045411327	0.799988786569909	8.85095518147892e-06	0.479318239884499	1.00000018164531
14.45	18.25	0.999999998171499	0.799989434066668	8.97707051660784e-06	0.399319320112778	0.9999999992686
14.55	18.25	0.999999072347497	0.799990090011397	9.08076150084207e-06	0.319320356292463	0.999999628938999
14.65	18.25	0.999997578789145	0.799990760821853	9.1623974300666e-06	0.239321364600022	0.999999031515658
14.75	18.25	0.999995557630264	0.799991456053985	9.22231053319281e-06	0.159322362219683	0.999998223052106
14.85	18.25	0.999993313963705	0.799993084877772	9.26083004720896e-06	0.0793233608482084	0.999997325585482
14.95	18.25	0.999991565226961	0.399990405743349	9.27857861602259e-06	-0.000675824088309368	0.999996626090785
0.05	18.35	-4.72285273053599e-06	0.400001290453749	0.000197566924886403	10.4591181728571	0.599998110858908
0.15	18.35	-5.34255674172735e-06	0.800004181903902	0.000199051179593853	10.4111181691405	0.599997862977303
0.25	18.35	-5.79641323785498e-06	0.800007088073446	0.000202041902816402	10.3631180129725	0.599997681434705
0.35	18.35	-5.31661647694144e-06	0.800009972167865	0.000206584056636402	10.3151176895762	0.599997873353409
0.45	18.35	-3.09822947681182e-06	0.800012847497699	0.000212743642181589	10.2671171566231	0.599998760708209
0.55	18.35	1.64803134894227e-06	0.800015697527816	0.000220609995578135	10.2191163462218	0.60000065921254
0.65	18.35	9.56120397489207e-06	0.800018499351034	0.000230299561527811	10.1711151675114	0.60000382448159
0.75	18.35	2.09446419376049e-05	0.800021224133891	0.000241963562764202	10.1231135144485	0.600008377856775
0.85	18.35	3.5485532293686e-05	0.800023702021337	0.00025580143175022	10.0751112802152	0.600014194212917
0.95	18.35	5.0863734733806e-05	0.800026055127943	0.000272081077251531	10.0271083991695	0.600020345493893
1.05	18.35	6.3573913410165e-05	0.800028103752474	0.000291164858620976	9.97910489833201	0.600025429565364
1.15	18.35	6.73057029506342e-05	0.800030234629058	0.000313455442736278	9.93110095797544	0.60002692228118
1.25	18.35	5.52218806004677e-05	0.800032687231203	0.000339374713385675	9.88309696259084	0.60002208875224
1.35	18.35	2.09286400000118e-05	0.800035808666259	0.000369397601443947	9.83509350131751	0.600008371456
1.45	18.35	-3.99779636232752e-05	0.800040053598255	0.000404025516795304	9.78709132622506	0.599984008814551
1.55	18.35	-0.000127883064109703	0.800045940068757	0.000443761999160443	9.7390912537831	0.599948846774356
1.65	18.35	-0.000236901292650871	0.800053981566713	0.000489089670088701	9.69109399859507	0.59990523948294
1.75	18.35	-0.000352808781183852	0.800064603432803	0.000540455421913698	9.64309993890565	0.599858876487527
1.85	18.35	-0.000451690682686785	0.800078053331644	0.000598281465625905	9.59510882798594	0.599819323726925
1.95	18.35	-0.000500012712360792	0.800094301224069	0.000663025795180182	9.5471194837601	0.599799994915056
2.05	18.35	-0.000457202039142038	0.800112968187503	0.000735292367452145	9.49912951666759	0.599817119184343
2.15	18.35	-0.000281380332725126	0.800135130174718	0.000815928849370523	9.45113519289563	0.59988744786691
2.25	18.35	7.43256823053661e-05	0.800159437656713	0.000905747186766483	9.40313131269821	0.600029730272922
2.35	18.35	0.000641698698459307	0.800194153572997	0.00100537416700943	9.35511130286654	0.600256679479384
2.45	18.35	0.00148866377315304	0.800237879052864	0.00111547297373964	9.30706693588015	0.600595465509261
2.55	18.35	0.00270192116314982	0.800291579745243	0.00123662455853606	9.25898745487657	0.60108076846526
2.65	18.35	0.00438192002102262	0.800357424545949	0.00136916622560017	9.21085896065117	0.601752768008409
2.75	18.35	0.00664212062425455	0.800437829682326	0.001513218707776	9.16266399608768	0.602656848249702
2.85	18.35	0.00961128684197	0.800535428455915	0.00166857451367386	9.11438109306807	0.603844514736788
2.95	18.35	0.0134369598055979	0.800653207396417	0.00183449906819316	9.06598421098465	0.605374783922239
3.05	18.35	0.0182900762513672	0.800794546212468	0.00200945840589458	9.01744204095958	0.607316030500547
3.15	18.35	0.0243712021889499	0.800963156952445	0.00219076298195053	8.96871713836521	0.60974848087558
3.25	18.35	0.0319188987281945	0.80116291484245	0.00237411278379609	8.91976482772785	0.612767559491278
3.35	18.35	0.0412205822019503	0.8013975347554	0.00255304041584614	8.87053180997033	0.61648823288078
3.45	18.35	0.052625827292147	0.801670011840455	0.0027182776853728	8.82095439815855	0.621050330916859
3.55	18.35	0.0665611850619931	0.801981716837933	0.00285712563949548	8.7709563251974	0.626624474024797
3.65	18.35	0.0835439522784538	0.802331031393523	0.00295299796419774	8.7204461243333	0.633417580911381
3.75	18.35	0.104189627733206	0.802711467310553	0.00298543567889238	8.66931420949039	0.641675851093282
3.85	18.35	0.129203935400467	0.803109409279219	0.00293103417729279	8.61743001205208	0.651681574160187
3.95	18.35	0.159345915991972	0.803502038939365	0.00276580567431749	8.56463988921269	0.663738366396789
4.05	18.35	0.195345871699554	0.80385664606889	0.00246936963160872	8.51076698646645	0.678138348679821
4.15	18.35	0.237765405114296	0.804133137520178	0.0020308264185588	8.45561468608977	0.695106162045718
4.25	18.35	0.286802651710609	0.804291362765256	0.00145514635613016	8.39897540728148	0.714721060684244
4.35	18.35	0.342077680972996	0.804302895751475	0.000767716828335669	8.34064589155659	0.736831072389198
4.45	18.35	0.402472959129131	0.804163147230134	1.42071080732022e-05	8.2804483349211	0.760989183651653
4.55	18.35	0.466124978392102	0.803896674869614	-0.000745888878560155	8.21825400088667	0.786449991356841
4.65	18.35	0.53063080454543	0.803550443809505	-0.00145080964955314	8.15400342907569	0.812252321818172
4.75	18.35	0.59344057711409	0.803177300894004	-0.0020491113353325	8.08771685894474	0.837376230845636
4.85	18.35	0.652304911464698	0.802819027826303	-0.0025085616599683	8.01949111372486	0.860921964585879
4.95	18.35	0.705613199981623	0.802497916711439	-0.00281872351709842	7.94948395288835	0.882245279992649
5.05	18.35	0.752523012000441	0.802218634851204	-0.00298777246730637	7.87789111478936	0.901009204800177
5.15	18.35	0.792888576366745	0.801975667545372	-0.00303616108633122	7.80492267897947	0.917155430546698
5.25	18.35	0.827070833598393	0.801760626205379	-0.00298993401827163	7.7307838480345	0.930828333439357
5.35	18.35	0.855722254379635	0.801566540614805	-0.00287547508011969	7.65566237848444	0.942288901751854
5.45	18.35	0.879607928305807	0.801389163295703	-0.00271625964786857	7.57972239802203	0.951843171322323
5.55	18.35	0.899485306056845	0.801226552626561	-0.0025313837769951	7.503103019015	0.959794122422738
5.65	18.35	0.916038566485096	0.801078115493407	-0.00233532600775837	7.42591989192066	0.966415426594038
5.75	18.35	0.929852680605717	0.800943760897895	-0.0021384021106859	7.34826817038162	0.971941072242287
5.85	18.35	0.94141154526607	0.800823371076054	-0.00194751120370183	7.27022586549958	0.976564618106428
5.95	18.35	0.951108193851198	0.800716564608358	-0.00176692615101623	7.19185701762814	0.980443277540479
6.05	18.35	0.959259405837495	0.800622652850415	-0.00159900215175378	7.11321443207963	0.983703762334998
6.15	18.35	0.966120492086312	0.800540695952145	-0.00144475577126384	7.03434191566242	0.986448196834525
6.25	18.35	0.971898321615901	0.800469593914571	-0.00130431019087135	6.95527604809553	0.98875932864636
6.35	18.35	0.976761977950342	0.80040817658184	-0.00117722267463405	6.87604756124543	0.990704791180137
6.45	18.35	0.980851100234058	0.800355276583693	-0.00106271690519163	6.79668240626693	0.992340440093623
6.55	18.35	0.984282241200138	0.800309781073646	-0.000959842587093794	6.71720258104538	0.993712896480055
6.65	18.35	0.987153643476382	0.800270663970913	-0.0008675815525198	6.63762677743957	0.994861457390553
6.75	18.35	0.989548808581095	0.800237002651501	-0.000784915669573121	6.55797089455116	0.995819523432438
6.85	18.35	0.991539170266592	0.800207983354913	-0.000710868150860578	6.47824845265537	0.996615668106637
6.95	18.35	0.993186115769251	0.800182899038159	-0.000644526766731875	6.39847093311824	0.9972744463077
7.05	18.35	0.994542537881587	0.800161142603008	-0.000585055047721047	6.31864806251663	0.997817015152635
7.15	18.35	0.99565405155189	0.800142197629039	-0.000531695744144928	6.23878805392525	0.998261620620756
7.25	18.35	0.996559970831499	0.800125628078927	-0.000483769484264986	6.15889781454768	0.9986239883326
7.35	18.35	0.997294113762576	0.800111067928009	-0.000440670623908793	6.07898312618681	0.99891764550503
7.45	18.35	0.997885482223176	0.80009821129757	-0.000401861611468475	5.99904880318169	0.99915419288927
7.55	18.35	0.99835884898779	0.800086803411386	-0.000366866727435518	5.91909883115615	0.999343539595116
7.65	18.35	0.998735273822384	0.800076632521999	-0.000335265738650875	5.83913648905864	0.999494109528954
7.75	18.35	0.999032563157625	0.800067522842728	-0.000306687790839131	5.7591644563989	0.99961302526305
7.85	18.35	0.999265682906678	0.800059328453839	-0.000280805719166624	5.67918490721275	0.999706273162671
7.95	18.35	0.999447130674617	0.800051928112997	-0.000257330862242234	5.59919959204691	0.999778852269847
8.05	18.35	0.999587271473023	0.80004522088151	-0.000236008405142975	5.51920990910414	0.999834908589209
8.15	18.35	0.999694639756777	0.80003912247072	-0.000216613240986687	5.43921696559091	0.999877855902711
8.25	18.35	0.999776209880726	0.800033562213912	-0.000198946319552569	5.35922163024396	0.99991048395229
8.35	18.35	0.999837636738892	0.800028480574136	-0.000182831441219663	5.27922457796072	0.999935054695557
8.45	18.35	0.99988346825468	0.800023827105672	-0.000168112450478537	5.19922632741344	0.999953387301872
8.55	18.35	0.999917331432532	0.80001955879576	-0.000154650783888348	5.11922727248082	0.999966932573013
8.65	18.35	0.999942093784761	0.800015638721956	-0.00014232332917941	5.03922770828129	0.999976837513904
8.75	18.35	0.999960002060932	0.800012034968891	-0.000131020556683291	4.9592278525381	0.999984000824373
8.85	18.35	0.999972800298615	0.800008719756815	-0.000120644887681984	4.87922786294786	0.999989120119446
8.95	18.35	0.999981829265362	0.800005668741426	-0.000111109269180815	4.7992278511628	0.999992731706145
9.05	18.35	0.99998810936496	0.800002860451241	-0.000102335927795081	4.71922789393368	0.999995243745984
9.15	18.35	0.999992409036225	0.800000275834912	-9.42552797071804e-05	4.63922804189758	0.99999696361449
9.25	18.35	0.999995300585126	0.799997897895607	-8.68049762473786e-05	4.55922832643319	0.99999812023405
9.35	18.35	0.99999720526863	0.79999571139434	-7.99290678164697e-05	4.47922876494802	0.999998882107452
9.45	18.35	0.999998429300742	0.799993702607584	-7.35772709145783e-05	4.3992293649073	0.999999371720297
9.55	18.35	0.99999919228718	0.799991859127641	-6.77043252402906e-05	4.31923012686507	0.999999676914872
9.65	18.35	0.999999649423607	0.799990169696801	-6.22694295303198e-05	4.23923104671311	0.999999859769443
9.75	18.35	0.999999908620842	0.799988624068089	-5.72357461019108e-05	4.15923211732436	0.999999963448337
9.85	18.35	1.00000004355498	0.799987212887378	-5.25699656946478e-05	4.07923332973366	1.00000001742199
9.95	18.35	1.00000010348539	0.799985927592604	-4.82419247853265e-05	3.99923467396949	1.00000004139415
10.05	18.35	1.00000012054204	0.799984760326829	-4.42242690271525e-05	3.91923613962649	1.00000004821682
10.15	18.35	1.00000011505747	0.799983703862822	-4.04921568484821e-05	3.83923771624824	1.00000004602299
10.25	18.35	1.00000009940822	0.799982751537147	-3.70229982264044e-05	3.75923939357355	1.00000003976329
10.35	18.35	1.00000008073641	0.799981897192332	-3.37962241293113e-05	3.67924116168659	1.00000003229457
10.45	18.35	1.00000006284211	0.799981135125963	-3.0793082869467e-05	3.59924301110056	1.00000002513684
10.55	18.35	1.00000004747159	0.799980460045683	-2.79964598114602e-05	3.51924493279691	1.00000001898863
10.65	18.35	1.00000003517304	0.799979867029416	-2.53907175740334e-05	3.43924691823557	1.00000001406922
10.75	18.35	1.00000002584825	0.799979351490094	-2.29615541649522e-05	3.35924895934729	1.0000000103393
10.85	18.35	1.0000000190951	0.799978909144398	-2.06958766817387e-05	3.2792510485157	1.00000000763804
10.95	18.35	1.00000001440981	0.799978535984947	-1.85816887608643e-05	3.19925317855394	1.00000000576392
11.05	18.35	1.00000001129761	0.799978228255673	-1.66079900535833e-05	3.11925534267933	1.00000000451904
11.15	18.35	1.00000000932601	0.799977982429779	-1.47646861502721e-05	3.03925753448791	1.0000000037304
11.25	18.35	1.00000000814378	0.799977795190203	-1.30425078455475e-05	2.95925974793002	1.00000000325751
11.35	18.35	1.00000000748089	0.799977663412141	-1.14329385482884e-05	2.87926197728755	1.00000000299236
11.45	18.35	1.00000000713932	0.799977584147402	-9.92814888171361e-06	2.79926421715311	1.00000000285573
11.55	18.35	1.00000000698071	0.799977554610363	-8.52093769608874e-06	2.71926646241087	1.00000000279228
11.65	18.35	1.00000000691436	0.799977572165392	-7.20467873154981e-06	2.6392687082194	1.00000000276574
11.75	18.35	1.00000000688729	0.799977634315421	-5.97327232515134e-06	2.55927094999581	1.00000000275491
11.85	18.35	1.00000000687682	0.799977738691631	-4.82110166114645e-06	2.47927318340144	1.00000000275073
11.95	18.35	1.00000000688527	0.799977883043988	-3.74299297055514e-06	2.39927540432861	1.00000000275411
12.05	18.35	1.00000000693537	0.799978065232632	-2.73417943465347e-06	2.3192776088885	1.00000000277415
12.15	18.35	1.00000000706433	0.799978283219921	-1.79026829781869e-06	2.23927979339993	1.00000000282573
12.25	18.35	1.0000000073138	0.799978535063112	-9.07210923868154e-07	2.1592819543792	1.00000000292552
12.35	18.35	1.00000000771289	0.799978818907686	-8.12755099711221e-08	2.07928408853102	1.00000000308516
12.45	18.35	1.00000000825189	0.799979132981364	6.90977778156857e-07	1.9992861927407	1.00000000330076
12.55	18.35	1.00000000884668	0.7999794755889	1.41271948299003e-06	1.91928826406799	1.00000000353867
12.65	18.35	1.00000000929796	0.799979845107839	2.08687155431467e-06	1.83929029974264	1.00000000371918
12.75	18.35	1.00000000925612	0.799980239985399	2.71612623116366e-06	1.75929229716161	1.00000000370245
12.85	18.35	1.00000000821208	0.799980658736497	3.30296328249412e-06	1.67929425388756	1.00000000328483
12.95	18.35	1.00000000554448	0.799981099942766	3.84966580306419e-06	1.59929616764703	1.00000000221779
13.05	18.35	1.00000000066189	0.799981562251896	4.35833467804834e-06	1.51929803632609	1.00000000026476
13.15	18.35	0.999999993279715	0.79998204437604	4.83090193687845e-06	1.43929985795956	0.999999997311886
13.25	18.35	0.999999983855656	0.799982545087177	5.26914308448105e-06	1.35930163070926	0.999999993542262
13.35	18.35	0.999999974166865	0.799983063206539	5.67468861173225e-06	1.27930335282632	0.999999989666746
13.45	18.35	0.999999967934376	0.799983597584853	6.0490346725042e-06	1.19930502259454	0.99999998717375
13.55	18.35	0.999999971282463	0.79998414707066	6.39355305601847e-06	1.11930663825672	0.999999988512985
13.65	18.35	0.999999992668535	0.799984710466273	6.70950027419729e-06	1.03930819793498	0.999999997067414
13.75	18.35	1.00000004176206	0.799985286475838	6.99802564371886e-06	0.959309699570366	1.00000001670482
13.85	18.35	1.00000012664971	0.799985873657941	7.26017807904949e-06	0.879311140925289	1.00000005065988
13.95	18.35	1.00000024879958	0.799986470406486	7.49691125869575e-06	0.799312519711495	1.00000009951983
14.05	18.35	1.00000039557087	0.799987074996442	7.70908704618975e-06	0.719313833918621	1.00000015822835
14.15	18.35	1.00000053086824	0.799987685741881	7.89747720530509e-06	0.639315082412372	1.0000002123473
14.25	18.35	1.00000058594946	0.799988301315943	8.06276409946099e-06	0.559316265829586	1.00000023437978
14.35	18.35	1.00000045442706	0.799988921265531	8.2055417825863e-06	0.479317387700739	1.00000018177082
14.45	18.35	0.999999997951881	0.799989546705469	8.32631973952146e-06	0.399318455561958	0.999999999180752
14.55	18.35	0.999999071324077	0.799990181084611	8.42553223621129e-06	0.319319481574962	0.999999628529631
14.65	18.35	0.999997576692555	0.799990830773267	8.50355619642581e-06	0.239320481878784	0.999999030677022
14.75	18.35	0.999995554283487	0.799991505281737	8.56073935629511e-06	0.159321473623502	0.999998221713395
14.85	18.35	0.999993309403827	0.79999311384018	8.5974329464287e-06	0.0793224684716622	0.999997323761531
14.95	18.35	0.999991559833124	0.399990414314012	8.61421208972221e-06	-0.000676718206902018	0.99999662393325
0.05	18.45	-4.72637385571274e-06	0.400002033863242	0.000194037245009696	10.459106402601	0.599998109450458
0.15	18.45	-5.33883728524847e-06	0.800006419125602	0.000195513802931237	10.4111063097883	0.599997864465086
0.25	18.45	-5.77690296875415e-06	0.800010847296071	0.000198490973474161	10.3631059740127	0.599997689238812
0.35	18.45	-5.27120103141542e-06	0.800015302345506	0.000203010718678985	10.3151053778704	0.599997891519587
0.45	18.45	-3.01515833862051e-06	0.800019819296744	0.00020913525881488	10.2671044751378	0.599998793936664
0.55	18.45	1.78105466905078e-06	0.800024407206404	0.000216949996271603	10.2191031925853	0.600000712421868
0.65	18.45	9.74998842104587e-06	0.800029074385786	0.000226569303274423	10.17110143235	0.600003899995368
0.75	18.45	2.11787819914111e-05	0.800033841928157	0.000238144053778975	10.1230990797174	0.600008471512797
0.85	18.45	3.59492789617367e-05	0.800038499393582	0.00025185813536968	10.075096015912	0.600014379711585
0.95	18.45	5.16757009940469e-05	0.800043271595297	0.000267952231576833	10.0270921590307	0.600020670280398
1.05	18.45	6.47623652776059e-05	0.800048082418126	0.000286759420384866	9.97908751601435	0.600025904946111
1.15	18.45	6.8958687406063e-05	0.800053325683656	0.000308648166012537	9.9310822442301	0.600027583474962
1.25	18.45	5.73130706563725e-05	0.800059335768002	0.000333996154097897	9.88307670342466	0.600022925228263
1.35	18.45	2.32969964213897e-05	0.800066565002026	0.000363225581010673	9.83507145578439	0.600009318798569
1.45	18.45	-3.76821466394454e-05	0.80007558806868	0.000396791343833861	9.78706722466016	0.599984927141344
1.55	18.45	-0.000126271465197899	0.800087061395524	0.000435160241610149	9.73906479728154	0.599949491413921
1.65	18.45	-0.000236923544603928	0.800101659216012	0.000478791875080529	9.69106485973868	0.599905230582158
1.75	18.45	-0.000355815454630608	0.800119992172907	0.000528122966444401	9.64306776341468	0.599857673818148
1.85	18.45	-0.000459441824939367	0.800142515462467	0.000583556879751263	9.59507323650068	0.599816223270024
1.95	18.45	-0.000514499397894065	0.800169413157749	0.000645460967211594	9.54708007130495	0.599794200240842
2.05	18.45	-0.000480191815624029	0.800200325918954	0.000714198796331378	9.49908584209977	0.59980792327375
2.15	18.45	-0.00031653942638374	0.800237181430046	0.000790306611133343	9.45108677242281	0.599873384229446
2.25	18.45	2.18073598756079e-05	0.800279657067376	0.000874094229580351	9.40307764512689	0.60000872294395
2.35	18.45	0.000574369742872806	0.80033213352897	0.00096644474790354	9.35505181769804	0.600229747897149
2.45	18.45	0.00139785737037176	0.800398582926553	0.00106759533715981	9.3070010144738	0.600559142948149
2.55	18.45	0.00258107644904088	0.8004787472408	0.00117728121480839	9.25891448061072	0.601032430579616
2.65	18.45	0.0042239914083126	0.800575233575697	0.00129607637783128	9.21077827737939	0.601689596563325
2.75	18.45	0.00643851405718115	0.800690912963395	0.00142403019918176	9.16257492308439	0.602575405622872
2.85	18.45	0.00935145508335887	0.800828959423347	0.00156069390327671	9.11428294739705	0.603740582033344
2.95	18.45	0.013108013442619	0.800992931551449	0.0017050885427364	9.06587633503326	0.605243205377048
3.05	18.45	0.0178762525463987	0.801186764968586	0.00185553274045355	9.01732384189921	0.607150501018559
3.15	18.45	0.0238531654873774	0.801414674755909	0.0020093653014565	8.96858814627338	0.609541266194951
3.25	18.45	0.0312728698898516	0.801680942753598	0.00216257883675757	8.91962477918689	0.612509147955941
3.35	18.45	0.0404173135940181	0.801989535222286	0.00230937345242824	8.8703807644606	0.616166925437607
3.45	18.45	0.0516294878118908	0.802343466954431	0.00244165596625187	8.82079289439589	0.620651795124756
3.55	18.45	0.0653283175023398	0.802743802469401	0.00254855182564409	8.77078558230248	0.626131327000936
3.65	18.45	0.0820228355037094	0.803188180971153	0.0026160686425864	8.72026828641375	0.632809134201484
3.75	18.45	0.102320634726029	0.803668810502179	0.00262715260834246	8.6691326193156	0.640928253890412
3.85	18.45	0.126921807432615	0.804170070736477	0.00256249315177729	8.61724947744332	0.650768722973046
3.95	18.45	0.156585167086151	0.804666280788383	0.00240249617389523	8.5644668738543	0.66263406683446
4.05	18.45	0.192050530216363	0.80512084540614	0.00213074100692568	8.51060961998669	0.676820212086545
4.15	18.45	0.233903536897624	0.805488639760184	0.00173880396067032	8.45548246217208	0.69356141475905
4.25	18.45	0.282384122758329	0.805723395281613	0.00123150358049226	8.39887845248911	0.712953649103331
4.35	18.45	0.337170480155529	0.805789975407212	0.000630648046458637	8.34059377585222	0.734868192062212
4.45	18.45	0.397210529736839	0.805677624654618	-2.50548340299114e-05	8.28044856868849	0.758884211894736
4.55	18.45	0.460697233992916	0.805406906737373	-0.000685318057536433	8.21831057072472	0.784278893597167
4.65	18.45	0.52525705624814	0.805024382055299	-0.00129788026088242	8.15411584190265	0.810102822499256
4.75	18.45	0.588331687075122	0.804586412410665	-0.00181905681550032	8.08788006670392	0.835332674830049
4.85	18.45	0.647628355715044	0.804141184883439	-0.00222128584186436	8.01969637873591	0.859051342286018
4.95	18.45	0.701473039953139	0.803718521604689	-0.00249541069942742	7.94972035472566	0.880589215981256
5.05	18.45	0.748958448009544	0.803330178361607	-0.00264808690523476	7.87814720708509	0.899583379203818
5.15	18.45	0.789886381839802	0.802976430744958	-0.00269647872161296	7.80518786037829	0.915954552735921
5.25	18.45	0.82458352425748	0.80265317736948	-0.00266261280171704	7.73104922456769	0.929833409702992
5.35	18.45	0.853685261675416	0.802356380394582	-0.00256891322765702	7.655921113243	0.941474104670166
5.45	18.45	0.877952399710145	0.802083627487342	-0.00243542186915892	7.57996967463366	0.951180959884058
5.55	18.45	0.898145988239466	0.801833967741929	-0.00227852264278262	7.5033357793672	0.959258395295786
5.65	18.45	0.914957711548013	0.8016071711811	-0.00211071440572824	7.42613648268524	0.965983084619205
5.75	18.45	0.928981302432204	0.801403061886273	-0.00194097678175305	7.34846798690661	0.971592520972882
5.85	18.45	0.940709172869584	0.801221134887374	-0.00177538841433087	7.270409039579	0.976283669147833
5.95	18.45	0.950541920017355	0.801060434268494	-0.00161778739374097	7.1920241661919	0.980216768006942
6.05	18.45	0.958802710366872	0.800919596762235	-0.00147036603283617	7.11336646678778	0.983521084146749
6.15	18.45	0.965752090633902	0.800796970767771	-0.00133415863991411	7.0344799053687	0.986300836253561
6.25	18.45	0.971601149851404	0.800690750521226	-0.00120941795617392	6.9554011236221	0.988640459940562
6.35	18.45	0.976522342939684	0.800599093690237	-0.00109589320166302	6.87616085223778	0.990608937175874
6.45	18.45	0.98065799306588	0.800520210402622	-0.000993028439266095	6.79678500142348	0.992263197226352
6.55	18.45	0.984126789626115	0.800452422903911	-0.000900099864175218	6.71729550483631	0.993650715850446
6.65	18.45	0.987028679681887	0.800394200185168	-0.000816308040323975	6.63771097812097	0.994811471872755
6.75	18.45	0.989448528810698	0.800344173497048	-0.000740837849046555	6.55804723968515	0.995779411524279
6.85	18.45	0.991458866545851	0.800301138431872	-0.000672895840775706	6.47831772944207	0.99658354661834
6.95	18.45	0.993121963777322	0.800264048287586	-0.000611732107754494	6.39853385166607	0.997248785510929
7.05	18.45	0.994491428461426	0.800232002297219	-0.000556651781671925	6.31870526077436	0.99779657138457
7.15	18.45	0.995613456185286	0.800204231281485	-0.000507019747643681	6.23884010342581	0.998245382474114
7.25	18.45	0.996527833654736	0.800180082451784	-0.00046226106055356	6.1589452264122	0.998611133461894
7.35	18.45	0.99726876443494	0.80015900446561	-0.000421858758497925	6.07902635704399	0.998907505773976
7.45	18.45	0.997865565283787	0.800140533388907	-0.000385350209271188	5.99908826079788	0.999146226113515
7.55	18.45	0.998343266338211	0.800124279911581	-0.000352322736669256	5.91913487966526	0.999337306535284
7.65	18.45	0.998723137729817	0.800109917960014	-0.000322409004797293	5.83916945374254	0.999489255091927
7.75	18.45	0.999023157746582	0.800097174720828	-0.000295282456176048	5.75919462800767	0.999609263098633
7.85	18.45	0.999258432542047	0.800085822013773	-0.000270652976353712	5.67921254583819	0.999703373016819
7.95	18.45	0.999441573970759	0.800075668908524	-0.000248262876860504	5.599224930576	0.999776629588304
8.05	18.45	0.99958303991805	0.800066555460203	-0.000227883235939469	5.519233156286	0.99983321596722
8.15	18.45	0.999691440137674	0.800058347432857	-0.000209310603965292	5.4392383087535	0.99987657605507
8.25	18.45	0.999773809848021	0.800050931882833	-0.000192364060706307	5.35924123769632	0.999909523939208
8.35	18.45	0.999835852969821	0.800044213482058	-0.000176882601267941	5.27924260111505	0.999934341187929
8.45	18.45	0.999882156769203	0.800038111471399	-0.000162722822243051	5.19924290265875	0.999952862707681
8.55	18.45	0.999916379693037	0.800032557146556	-0.000149756878269656	5.11924252283685	0.999966551877215
8.65	18.45	0.999941414272339	0.800027491789994	-0.000137870679881903	5.03924174485878	0.999976565708936
8.75	18.45	0.999959527071898	0.800022864974276	-0.000126962305138	4.95924077582824	0.999983810828759
8.85	18.45	0.999972477746958	0.800018633172436	-0.000116940600366402	4.87923976396156	0.999988991098783
8.95	18.45	0.999981619311872	0.800014758620987	-0.000107723947275862	4.79923881243759	0.999992647724749
9.05	18.45	0.999987981723173	0.80001120838944	-9.92391768559977e-05	4.7192379904243	0.999995192689269
9.15	18.45	0.999992340830175	0.800007953618294	-9.14206122279532e-05	4.63923734176414	0.99999693633207
9.25	18.45	0.999995274654879	0.800004968893621	-8.42092252899511e-05	4.55923689173924	0.999998109861952
9.35	18.45	0.999997208837356	0.800002231732332	-7.75518932602944e-05	4.47923665227932	0.999998883534942
9.45	18.45	0.999998452932139	0.799999722157092	-7.14007434008734e-05	4.39923662592087	0.999999381172855
9.55	18.45	0.999999229074777	0.799997422343472	-6.57125752803391e-05	4.3192368087768	0.999999691629911
9.65	18.45	0.999999694364162	0.799995316325873	-6.0448351430991e-05	4.23923719273137	0.999999877745665
9.75	18.45	0.999999958133018	0.799993389750935	-5.55727479889125e-05	4.15923776703604	0.999999983253207
9.85	18.45	1.00000009511197	0.799991629669729	-5.10537583589284e-05	4.07923851944832	1.00000003804479
9.95	18.45	1.00000015533634	0.799990024361692	-4.68623432692465e-05	3.99923943702665	1.00000006213453
10.05	18.45	1.0000001715022	0.799988563184571	-4.29721217671638e-05	3.91924050667035	1.00000006860088
10.15	18.45	1.00000016435124	0.799987236446123	-3.93590980419303e-05	3.83924171547376	1.0000000657405
10.25	18.45	1.00000014655262	0.799986035293731	-3.60014197221927e-05	3.75924305094719	1.00000005862105
10.35	18.45	1.00000012545515	0.799984951619195	-3.28791637821992e-05	3.67924450114466	1.00000005018206
10.45	18.45	1.00000010500273	0.799983977976261	-2.99741466563046e-05	3.59924605472781	1.00000004200109
10.55	18.45	1.00000008703999	0.79998310750903	-2.72697555535639e-05	3.51924770098748	1.000000034816
10.65	18.45	1.00000007218069	0.799982333889562	-2.47507984156409e-05	3.43924942983845	1.00000002887228
10.75	18.45	1.00000006036892	0.799981651263402	-2.24033700981212e-05	3.35925123179786	1.00000002414757
10.85	18.45	1.00000005122851	0.799981054201952	-2.02147330123097e-05	3.27925309795492	1.0000000204914
10.95	18.45	1.00000004427023	0.799980537660615	-1.81732102447362e-05	3.1992550199366	1.00000001770809
11.05	18.45	1.00000003900612	0.799980096942061	-1.62680897846117e-05	3.11925698987231	1.00000001560245
11.15	18.45	1.00000003500531	0.79997972766382	-1.44895385882707e-05	3.03925900035969	1.00000001400213
11.25	18.45	1.00000003191478	0.799979425729621	-1.28285251289611e-05	2.95926104443223	1.00000001276591
11.35	18.45	1.00000002946056	0.799979187304054	-1.12767497115379e-05	2.87926311552939	1.00000001178423
11.45	18.45	1.00000002743948	0.79997900879001	-9.82658150233773e-06	2.79926520746928	1.00000001097579
11.55	18.45	1.00000002570733	0.799978886808556	-8.47100156098716e-06	2.71926731442377	1.00000001028293
11.65	18.45	1.0000000241673	0.799978818180998	-7.20355127313811e-06	2.63926943089595	1.00000000966692
11.75	18.45	1.00000002276028	0.799978799912654	-6.01828554988524e-06	2.55927155169963	1.00000000910411
11.85	18.45	1.00000002145762	0.799978829178324	-4.90973036711485e-06	2.47927367194061	1.00000000858305
11.95	18.45	1.00000002025593	0.799978903309039	-3.87284409447706e-06	2.39927578699955	1.00000000810237
12.05	18.45	1.00000001917252	0.799979019780044	-2.90298236940532e-06	2.31927789251623	1.00000000766901
12.15	18.45	1.00000001823952	0.799979176199758	-1.99586604025224e-06	2.23927998437515	1.00000000729581
12.25	18.45	1.00000001749381	0.79997937029974	-1.14755201133913e-06	2.15928205869235	1.00000000699753
12.35	18.45	1.00000001696002	0.799979599925504	-3.54406599264697e-07	2.07928411180361	1.00000000678401
12.45	18.45	1.0000000166242	0.799979863028255	3.8691871415938e-07	1.99928614025428	1.00000000664968
12.55	18.45	1.00000001639818	0.799980157657657	1.07950946061112e-06	1.91928814079078	1.00000000655927
12.65	18.45	1.00000001607873	0.799980481955732	1.72620837731858e-06	1.83929011035413	1.00000000643149
12.75	18.45	1.00000001531242	0.79998083415203	2.32963386107343e-06	1.75929204607535	1.00000000612497
12.85	18.45	1.00000001358649	0.799981212560126	2.89219681900558e-06	1.67929394527214	1.0000000054346
12.95	18.45	1.00000001027603	0.799981615575238	3.41611608585684e-06	1.59929580544559	1.00000000411041
13.05	18.45	1.00000000478656	0.799982041672271	3.90343257530563e-06	1.51929762427432	1.00000000191462
13.15	18.45	0.999999996831094	0.799982489403094	4.35602228224307e-06	1.43929939960247	0.999999998732438
13.25	18.45	0.999999986866118	0.79998295739081	4.77560833618763e-06	1.35930112941663	0.999999994746447
13.35	18.45	0.999999976669162	0.79998344431825	5.16377217898534e-06	1.27930281180705	0.999999990667665
13.45	18.45	0.999999969963552	0.799983948907328	5.521963993213e-06	1.19930444490999	0.999999987985421
13.55	18.45	0.999999972877721	0.799984469886597	5.85151233656904e-06	1.11930602683298	0.999999989151089
13.65	18.45	0.999999993874377	0.799985005946512	6.1536330216211e-06	1.03930755557431	0.999999997549751
13.75	18.45	1.00000004262771	0.799985555686915	6.42943697172722e-06	0.959309028961818	1.00000001705108
13.85	18.45	1.00000012722562	0.799986117569182	6.67993688030993e-06	0.879310444654629	1.00000005089025
13.95	18.45	1.00000024912987	0.799986689896795	6.9060524408074e-06	0.799311800270634	1.00000009965195
14.05	18.45	1.00000039568117	0.79998727086093	7.10861396510189e-06	0.71931309371468	1.00000015827247
14.15	18.45	1.00000053074963	0.799987858698543	7.2883645980547e-06	0.639314323776551	1.00000021229985
14.25	18.45	1.00000058554117	0.79998845201253	7.44596180463941e-06	0.559315491025932	1.00000023421647
14.35	18.45	1.00000045360347	0.79998905028674	7.58197950868225e-06	0.479316598934741	1.00000018144139
14.45	18.45	0.999999996521713	0.799989654580425	7.69691312791739e-06	0.399317654988711	0.999999998608685
14.55	18.45	0.999999069051444	0.799990268294408	7.79119019170325e-06	0.319318671306318	0.999999627620578
14.65	18.45	0.999997573348348	0.799990897758048	7.86518926839756e-06	0.239319663988656	0.999999029339339
14.75	18.45	0.999995549729977	0.799991552444205	7.91926850715073e-06	0.159320650150311	0.999998219891991
14.85	18.45	0.999993303704151	0.799993141619828	7.95379790740566e-06	0.0793216414175277	0.999997321481661
14.95	18.45	0.999991553360903	0.399990422773738	7.96931547266394e-06	-0.000677546892085638	0.999996621344361
0.05	18.55	-4.73569450242901e-06	0.400002770356319	0.000189029718067886	10.4590948886509	0.599998105722199
0.15	18.55	-5.34306322663058e-06	0.800008635765305	0.000190480672183675	10.4110947077576	0.599997862774709
0.25	18.55	-5.76956853147968e-06	0.800014570683082	0.000193407064406339	10.3630941943374	0.599997692172587
0.35	18.55	-5.24422638579792e-06	0.800020578225845	0.000197847691621072	10.3150933285657	0.599997902309446
0.45	18.55	-2.95628292144451e-06	0.800026712067613	0.000203859806728251	10.2670920606327	0.599998817486831
0.55	18.55	1.89665542448231e-06	0.800033000841385	0.000211521423338946	10.2190903123817	0.60000075866217
0.65	18.55	9.97683328230889e-06	0.800039474699697	0.000220937399209489	10.1710879792089	0.600003990733313
0.75	18.55	2.16012216331067e-05	0.800046166985056	0.000232250953485456	10.1230849369495	0.600008640488653
0.85	18.55	3.63992074671277e-05	0.800053028048355	0.00024563185721072	10.0750810567057	0.600014559682987
0.95	18.55	5.2250384799992e-05	0.800060221996758	0.000261291894352382	10.0270762439854	0.60002090015392
1.05	18.55	6.58470414014044e-05	0.800067590534192	0.000279518728666918	9.97907048590768	0.600026338816561
1.15	18.55	7.05276713839537e-05	0.800075751155347	0.000300623647376322	9.931063918685	0.600028211068554
1.25	18.55	5.92850476169095e-05	0.80008508691629	0.000324926521111485	9.88305688171358	0.600023714019047
1.35	18.55	2.55376515526166e-05	0.80009612185009	0.00035278958552807	9.83504991376391	0.600010215060621
1.45	18.55	-3.54289234787962e-05	0.800109521349828	0.000384605995379191	9.78704371265354	0.599985828430608
1.55	18.55	-0.000124452992531901	0.80012605211348	0.000420785728418109	9.7390390391441	0.599950218802987
1.65	18.55	-0.000236245599688036	0.800146520495675	0.000461741952025935	9.69103655283972	0.599905501760125
1.75	18.55	-0.000357317955232866	0.800171695919618	0.000507874597835673	9.64303657937812	0.599857072817907
1.85	18.55	-0.000464615910389564	0.800202227805389	0.00055954432887916	9.59503882280515	0.599814153635844
1.95	18.55	-0.000525525091240016	0.800238551990248	0.00061702401410523	9.54704205520779	0.599789789963504
2.05	18.55	-0.000500113936171551	0.800280813987012	0.000680449772211419	9.49904384044556	0.599799954425531
2.15	18.55	-0.000346026205372262	0.800329795479368	0.000750205842651643	9.45104037631344	0.599861589517851
2.25	18.55	-1.87890026486676e-05	0.800385786531289	0.000826511012400289	9.4030264200646	0.59999248439894
2.35	18.55	0.000522905206686727	0.800451918917274	0.000908799872734198	9.35499528528876	0.600209162082675
2.45	18.55	0.00132273332114753	0.800538628571597	0.000997024303567485	9.30693870525258	0.600529093328459
2.55	18.55	0.00247912649917377	0.800641005247979	0.00109175503945941	9.25884593824003	0.60099165059967
2.65	18.55	0.00409088288647895	0.800762444748238	0.00119314283781183	9.21070299371899	0.601636353154592
2.75	18.55	0.00626799719268704	0.80090621178994	0.0013008664043492	9.16249237917607	0.602507198877075
2.85	18.55	0.00913547979294322	0.801075916444709	0.00141418141772855	9.11419264242333	0.603654191917177
2.95	18.55	0.0128366535417947	0.80127552878323	0.00153188859822684	9.06577781253906	0.605134661416718
3.05	18.55	0.017537404395613	0.80150934246833	0.00165220985107399	9.01721672363946	0.607014961758245
3.15	18.55	0.0234320662971474	0.801781862620683	0.00177258915314822	8.96847218035879	0.609372826518859
3.25	18.55	0.0307514608086968	0.80209757286992	0.00188942959261033	8.91949990807245	0.612300584323479
3.35	18.55	0.0397734694553468	0.80246052208095	0.00199777676433173	8.87024721827226	0.615909387782139
3.45	18.55	0.0508361640528164	0.802873646940774	0.0020909711490365	8.82065131473794	0.620334465621126
3.55	18.55	0.064352735487336	0.803337722468134	0.00216032241566495	8.77063717978241	0.625741094194934
3.65	18.55	0.0808259553659192	0.803849828419601	0.00219491069979212	8.72011503012029	0.632330382146368
3.75	18.55	0.100857362062193	0.804401276526917	0.00218169370265603	8.66897744643836	0.640342944824877
3.85	18.55	0.125142634443353	0.804975133332621	0.00210617939923455	8.61709649418887	0.650057053777341
3.95	18.55	0.154440182081112	0.805543885297414	0.00195396722111444	8.56432149426784	0.661776072832445
4.05	18.55	0.189496742504835	0.806068452753432	0.00171337745680297	8.5104785609688	0.675798697001934
4.15	18.55	0.230915911223583	0.806500436800656	0.00137906551311668	8.45537349284234	0.692366364489433
4.25	18.55	0.278969228751915	0.806789463346045	0.000955905955530742	8.39879980650785	0.711587691500766
4.35	18.55	0.333379258879881	0.806895714084601	0.000461713942059418	8.34055320314046	0.733351703551953
4.45	18.55	0.393144396508824	0.806803926819364	-7.29346907705633e-05	8.28045213788766	0.75725775860353
4.55	18.55	0.456501738475742	0.806531522366696	-0.000608816420809676	8.21836149720842	0.782600695390297
4.65	18.55	0.521101427519224	0.80612440783684	-0.00110538983294409	8.1542137125937	0.808440571007689
4.75	18.55	0.58437961938317	0.805641151635228	-0.00152882714845534	8.08802076269079	0.833751847753268
4.85	18.55	0.644010577840489	0.805134344512681	-0.00185775969348323	8.01987275367032	0.857604231136196
4.95	18.55	0.69827122103016	0.804639136507989	-0.00208501822705532	7.94992343946918	0.879308488412064
5.05	18.55	0.746203629262128	0.804172365141336	-0.00221565319150926	7.87836755001535	0.898481451704851
5.15	18.55	0.787568463852346	0.803738487944018	-0.00226287708280707	7.80541664960671	0.915027385540939
5.25	18.55	0.82266544937148	0.803336522690393	-0.00224373344896269	7.73127900553996	0.929066179748592
5.35	18.55	0.852116527949456	0.802964591346672	-0.00217565960275993	7.65614609178066	0.940846611179782
5.45	18.55	0.876679166532032	0.802621665038543	-0.00207433307506891	7.580185703647	0.950671666612813
5.55	18.55	0.89711729899147	0.802307576648929	-0.00195266787948751	7.50354015765529	0.958846919596588
5.65	18.55	0.914128562652796	0.802022429698288	-0.0018206159405417	7.42632767505146	0.965651425061118
5.75	18.55	0.928313610826715	0.801766054843348	-0.00168542708087515	7.3486453383377	0.971325444330686
5.85	18.55	0.940171555726581	0.801537727853276	-0.00155210767870298	7.27057252229669	0.976068622290632
5.95	18.55	0.950108923033934	0.801336128695132	-0.00142391679101294	7.19217417435117	0.980043569213574
6.05	18.55	0.958453865555986	0.801159447616463	-0.00130281639091915	7.11350365953841	0.983381546222394
6.15	18.55	0.965471001661045	0.801005550209976	-0.00118984306145878	7.03460509228161	0.986188400664418
6.25	18.55	0.971374690067244	0.800872143796344	-0.00108539686091518	6.95551518426607	0.988549876026898
6.35	18.55	0.976339989429278	0.800756916230804	-0.0009894564444709	6.87626468183392	0.990535995771711
6.45	18.55	0.980511290287984	0.800657637834691	-0.000901734119613307	6.79687947565319	0.992204516115193
6.55	18.55	0.984008924551262	0.800572227962794	-0.000821784603246778	6.71738145829459	0.993603569820505
6.65	18.55	0.986934147866049	0.800498792404002	-0.000749079412502889	6.6377891922374	0.99477365914642
6.75	18.55	0.989372872465674	0.800435638940239	-0.000683056440488102	6.55811843704673	0.99574914898627
6.85	18.55	0.991398468713655	0.800381277772065	-0.000623151998390211	6.47838257232304	0.996559387485462
6.95	18.55	0.993073885912762	0.800334412246332	-0.000568820696270367	6.39859294322438	0.997229554365105
7.05	18.55	0.994453281555063	0.800293923960611	-0.000519547035138419	6.31875914785316	0.997781312622025
7.15	18.55	0.99558329786908	0.800258855126082	-0.000474851453283051	6.23888928024117	0.998233319147632
7.25	18.55	0.996504085540186	0.800228390121056	-0.000434292741914406	6.15899013865038	0.998601634216074
7.35	18.55	0.997250145314014	0.80020183746046	-0.00039746815026911	6.07906740606004	0.998900058125605
7.45	18.55	0.997851036863419	0.800178612903443	-0.00036401207872219	5.99912580772315	0.999140414745368
7.55	18.55	0.998331988958495	0.800158224076857	-0.000333593962839664	5.91916924930987	0.999332795583398
7.65	18.55	0.998714434098878	0.800140256765846	-0.000305915746298447	5.8392009382314	0.999485773639551
7.75	18.55	0.999016483161757	0.800124362879624	-0.000280709199287406	5.7592234901229	0.999606593264703
7.85	18.55	0.999253350395397	0.800110250014491	-0.000257733243199397	5.67923902206246	0.999701340158159
7.95	18.55	0.999437735585451	0.800097672489571	-0.000236771377718537	5.59924923384511	0.99977509423418
8.05	18.55	0.999580167951559	0.800086423708429	-0.000217629263939428	5.51925547846629	0.999832067180624
8.15	18.55	0.999689314933532	0.800076329693667	-0.000200132488945601	5.43925882286399	0.999875725973413
8.25	18.55	0.999772258231213	0.800067243645731	-0.000184124520232024	5.35926009989692	0.999908903292485
8.35	18.55	0.999834739070075	0.800059041385816	-0.00016946484754402	5.27925995248245	0.99993389562803
8.45	18.55	0.99988137452754	0.800051617555143	-0.000156027303454022	5.19925887077062	0.999952549811016
8.55	18.55	0.999915846764318	0.80004488245658	-0.000143698550930128	5.11925722318395	0.999966338705727
8.65	18.55	0.999941067083505	0.800038759437275	-0.000132376724880804	5.03925528210284	0.999976426833402
8.75	18.55	0.999959316834426	0.800033182724814	-0.000121970214404995	4.95925324492219	0.99998372673377
8.85	18.55	0.999972367254526	0.800028095641062	-0.000112396572507691	4.87925125114696	0.999988946901811
8.95	18.55	0.999981580381568	0.800023449129009	-0.000103581541520087	4.79924939613265	0.999992632152627
9.05	18.55	0.999987993161738	0.800019200537998	-9.54581826037068e-05	4.71924774201466	0.999995197264695
9.15	18.55	0.999992386826486	0.800015312621469	-8.7966099115088e-05	4.6392463263072	0.999996954730595
9.25	18.55	0.999995343516587	0.800011752708856	-8.10507441894855e-05	4.55924516859171	0.999998137406635
9.35	18.55	0.999997292003842	0.800008492019977	-7.46628039685324e-05	4.47924427565667	0.999998916801537
9.45	18.55	0.999998544208032	0.800005505096066	-6.87576486469244e-05	4.3992436453964	0.999999417683213
9.55	18.55	0.999999324038418	0.800002769325804	-6.32948440047223e-05	4.3192432697272	0.999999729615367
9.65	18.55	0.999999789914002	0.800000264549225	-5.82377169966855e-05	4.23924313673481	0.999999915965601
9.75	18.55	1.00000005214204	0.799997972725503	-5.35529696653696e-05	4.15924323222834	1.00000002085682
9.85	18.55	1.00000018616618	0.799995877652768	-4.92103357277774e-05	4.07924354084186	1.00000007446647
9.95	18.55	1.00000024253823	0.799993964731286	-4.51822754094763e-05	3.99924404679633	1.00000009701529
10.05	18.55	1.00000025432412	0.799992220762167	-4.14437038367001e-05	3.91924473441039	1.00000010172965
10.15	18.55	1.00000024252681	0.79999063377568	-3.79717494638574e-05	3.83924558842855	1.00000009701072
10.25	18.55	1.00000021999691	0.799989192884228	-3.47455388017983e-05	3.7592465942192	1.00000008799876
10.35	18.55	1.00000019420658	0.799987888156154	-3.17460045581092e-05	3.67924773788192	1.00000007768263
10.45	18.55	1.00000016918113	0.799986710506825	-2.89557143651985e-05	3.59924900629321	1.00000006767245
10.55	18.55	1.0000001468166	0.799985651604536	-2.63587176998555e-05	3.51925038711196	1.00000005872664
10.65	18.55	1.000000127757	0.799984703788917	-2.3940408870765e-05	3.43925186875965	1.0000000511028
10.75	18.55	1.00000011196194	0.799983859999926	-2.16874042286128e-05	3.35925344038602	1.00000004478478
10.85	18.55	1.00000009906068	0.799983113715993	-1.95874318677401e-05	3.27925509182715	1.00000003962427
10.95	18.55	1.00000008856267	0.799982458899914	-1.76292324849377e-05	3.1992568135608	1.00000003542507
11.05	18.55	1.00000007997425	0.799981889951403	-1.58024700719558e-05	3.11925859666187	1.0000000319897
11.15	18.55	1.00000007285611	0.799981401665354	-1.409765127723e-05	3.03926043275978	1.00000002914245
11.25	18.55	1.00000006684524	0.799980989195121	-1.25060526641482e-05	2.95926231399854	1.0000000267381
11.35	18.55	1.00000006165691	0.799980648019907	-1.10196547604966e-05	2.87926423300012	1.00000002466276
11.45	18.55	1.00000005707692	0.799980373915952	-9.63108236431078e-06	2.79926618283091	1.00000002283077
11.55	18.55	1.00000005295017	0.79998016293076	-8.33355037297549e-06	2.71926815697133	1.00000002118007
11.65	18.55	1.00000004916926	0.799980011360194	-7.12081456107134e-06	2.63927014928816	1.0000000196677
11.75	18.55	1.00000004566498	0.799979915727805	-5.98712682903103e-06	2.55927215400951	1.00000001826599
11.85	18.55	1.0000000423991	0.799979872766257	-4.92719443893149e-06	2.4792741657019	1.00000001695964
11.95	18.55	1.00000003935923	0.799979879400592	-3.93614293253165e-06	2.39927617924929	1.00000001574369
12.05	18.55	1.00000003655429	0.799979932732886	-3.00948226648361e-06	2.31927818983399	1.00000001462172
12.15	18.55	1.00000003400854	0.799980030028354	-2.1430759642771e-06	2.23928019291897	1.00000001360342
12.25	18.55	1.00000003175157	0.799980168702662	-1.33311293748816e-06	2.1592821842319	1.00000001270063
12.35	18.55	1.00000002980117	0.79998034631034	-5.76081803032415e-07	2.07928415975071	1.00000001192047
12.45	18.55	1.00000002813699	0.799980560534356	1.31252614324534e-07	1.99928611569101	1.00000001125479
12.55	18.55	1.0000000266648	0.799980809176909	7.9187068923916e-07	1.91928804849543	1.00000001066592
12.65	18.55	1.00000002517562	0.79998109015151	1.40851755227413e-06	1.83928995482513	1.00000001007025
12.75	18.55	1.00000002331052	0.799981401476534	1.98372096691838e-06	1.75929183155338	1.00000000932421
12.85	18.55	1.00000002055144	0.799981741270213	2.51980763224993e-06	1.67929367576064	1.00000000822058
12.95	18.55	1.00000001626858	0.799982107746874	3.01891810070012e-06	1.59929548472964	1.00000000650743
13.05	18.55	1.00000000986301	0.799982499213779	3.483020484832e-06	1.51929725593826	1.0000000039452
13.15	18.55	1.0000000010441	0.799982914067221	3.91392301830442e-06	1.4392989870461	1.00000000041764
13.25	18.55	0.999999990265885	0.799983350785809	4.31328569912488e-06	1.35930067587031	0.999999996106354
13.35	18.55	0.999999979304993	0.799983807917994	4.68263107259947e-06	1.27930232034571	0.999999991721997
13.45	18.55	0.999999971885693	0.799984284060608	5.02335424588428e-06	1.19930391846603	0.999999988754277
13.55	18.55	0.999999974139132	0.799984777825632	5.33673219553922e-06	1.11930546820832	0.999999989655653
13.65	18.55	0.999999994531791	0.79998528779485	5.6239322332957e-06	1.03930696745149	0.999999997812716
13.75	18.55	1.00000004274108	0.799985812466763	5.886019593116e-06	0.959308413914374	1.00000001709643
13.85	18.55	1.00000012685481	0.799986350208334	6.12396385646743e-06	0.879309805156792	1.00000005074192
13.95	18.55	1.0000002483277	0.79998689923531	6.33864408405625e-06	0.79931113870651	1.00000009933108
14.05	18.55	1.00000039448219	0.799987457657768	6.53085253453407e-06	0.719312412387063	1.00000015779288
14.15	18.55	1.00000052915553	0.799988023638328	6.70129722730149e-06	0.639313624915501	1.00000021166221
14.25	18.55	1.00000058350543	0.799988595712689	6.85060405727158e-06	0.559314776797167	1.00000023340217
14.35	18.55	1.00000045102041	0.799989173305166	6.97931988889796e-06	0.479315871447763	1.00000018040816
14.45	18.55	0.999999993227348	0.799989757423707	7.08791875433979e-06	0.399316916304373	0.999999997290939
14.55	18.55	0.999999064844944	0.79999035142649	7.17681382398474e-06	0.319317923443248	0.999999625937978
14.65	18.55	0.999997568041379	0.799990961608858	7.24637757863631e-06	0.239318908927714	0.999999027216552
14.75	18.55	0.999995543225535	0.799991597415378	7.2969713175308e-06	0.159319889836129	0.999998217290214
14.85	18.55	0.999993296095403	0.799993168133121	7.32897799332955e-06	0.0793208777567859	0.999997318438161
14.95	18.55	0.999991545024775	0.399990431055721	7.34290557240325e-06	-0.000678312041820014	0.99999661800991
0.05	18.65	-4.74717166736969e-06	0.400003490286351	0.000182567418921689	10.4590837192839	0.599998101131333
0.15	18.65	-5.3497267822178e-06	0.80001080214826	0.00018397605883347	10.4110834523666	0.599997860109287
0.25	18.65	-5.76539074930291e-06	0.800018208190693	0.000186816737479091	10.3630827654319	0.5999976938437
0.35	18.65	-5.2225423540706e-06	0.800025729514487	0.000191125539900894	10.3150816364081	0.599997910983058
0.45	18.65	-2.90914442613909e-06	0.800033437471856	0.000196954767989848	10.267080012187	0.59999883634223
0.55	18.65	1.98180405215515e-06	0.800041379578105	0.000204373786043483	10.2190778101604	0.600000792721621
0.65	18.65	1.01243846416747e-05	0.800049607169272	0.000213471052457249	10.1710749198639	0.600004049753857
0.75	18.65	2.18574183825454e-05	0.80005817856785	0.000224358649480328	10.12307120938	0.600008742967353
0.85	18.65	3.68391374611153e-05	0.800067070775824	0.000237206132276618	10.0750665395525	0.600014735654984
0.95	18.65	5.29543659294117e-05	0.800076481612628	0.000252228577018367	10.0270608030902	0.600021181746372
1.05	18.65	6.68792262242569e-05	0.800086288440433	0.000269626363392916	9.97905397247379	0.60002675169049
1.15	18.65	7.19237944776728e-05	0.800097150450763	0.000289621327707336	9.93104616787591	0.600028769517791
1.25	18.65	6.10565732655394e-05	0.800109494853055	0.00031248551689418	9.88303771088115	0.600024422629306
1.35	18.65	2.7638420021476e-05	0.800123905874855	0.0003385152106455	9.83502912049389	0.600011055368009
1.45	18.65	-3.31319340072996e-05	0.800141117731324	0.000368027878398744	9.78702107321179	0.599986747226397
1.55	18.65	-0.000122218016834435	0.800161977742976	0.00040135886702895	9.73901430736506	0.599951112793266
1.65	18.65	-0.000234509443677972	0.800187387734309	0.000438853823748381	9.69100945961321	0.599906196222529
1.75	18.65	-0.000356770495774959	0.800218226753791	0.000480852272663234	9.64300683316334	0.59985729180169
1.85	18.65	-0.000466292254251527	0.800255258946921	0.000527654446623199	9.59500611216224	0.599813483098299
1.95	18.65	-0.000530842501192572	0.800299029086283	0.000579470829513532	9.54700605454798	0.599787662999523
2.05	18.65	-0.0005105396625064	0.800349791304629	0.000636414419591875	9.49900421553577	0.599795784134997
2.15	18.65	-0.000362061114334978	0.80040778579661	0.000698677240937356	9.45099676867413	0.599855175554266
2.25	18.65	-4.43726505014939e-05	0.800474055063454	0.000765590078052248	9.40297846523364	0.599982250939799
2.35	18.65	0.000474753669599684	0.8005566159516	0.000835410135015341	9.35494272388268	0.60018990146784
2.45	18.65	0.00125947044002258	0.800656652130028	0.000908508151704689	9.30688126624105	0.600503788176009
2.55	18.65	0.00239768655119361	0.800774634096468	0.000986055976351132	9.25878325366636	0.600959074620477
2.65	18.65	0.003986977809914	0.800913575263354	0.00106760926869377	9.21063470994739	0.601594791123966
2.75	18.65	0.00613669842829243	0.801076838835886	0.00115239780026221	9.16241816699974	0.602454679371317
2.85	18.65	0.00897102054687408	0.801268137361188	0.00123937342964026	9.11411221227982	0.60358840821875
2.95	18.65	0.0126322084750215	0.801491542719563	0.00132714537062966	9.06569093544753	0.605052883390009
3.05	18.65	0.0172848379375481	0.801751428551552	0.00141388740165017	9.01712325887219	0.606913935175019
3.15	18.65	0.0231216088295892	0.802052336972353	0.00149721424488841	8.96837211293477	0.609248643531836
3.25	18.65	0.030371293900139	0.802398729866527	0.00157402702788453	8.9193933996131	0.612148517560056
3.35	18.65	0.0393092198557684	0.802794562654773	0.00164033459410406	8.8701346747638	0.615723687942307
3.45	18.65	0.0502703328160916	0.80324259514053	0.00169106829452838	8.82053347429887	0.620108133126437
3.55	18.65	0.0636641381294735	0.803743331567542	0.00171992789666246	8.77051522199819	0.625465655251789
3.65	18.65	0.0799893354542749	0.804293477894169	0.00171932873092395	8.71999070486868	0.63199573418171
3.75	18.65	0.0998434740415818	0.804883858690192	0.00168056458243628	8.6688532130819	0.639937389616633
3.85	18.65	0.12391926472752	0.805496920220808	0.00159434681503372	8.61697565028978	0.649567705891008
3.95	18.65	0.152974739321978	0.806104350662645	0.00145189838259146	8.56420825630605	0.661189895728791
4.05	18.65	0.187761065935245	0.806666005864656	0.00124671653532475	8.51037804053978	0.675104426374098
4.15	18.65	0.228893587958347	0.807132025232066	0.000976902295643316	8.45529149866167	0.691557435183339
4.25	18.65	0.276664723923405	0.807450059706585	0.00064756573327838	8.39874241051248	0.710665889569362
4.35	18.65	0.330826547093597	0.807577842471718	0.000272379035047731	8.34052605631791	0.732330618837439
4.45	18.65	0.390411215739973	0.807497550378174	-0.0001268065956794	8.28045961496859	0.756164486295989
4.55	18.65	0.45368552100088	0.807224626613709	-0.000522871622376924	8.21840586296478	0.781474208400352
4.65	18.65	0.518315666371751	0.806804322820584	-0.000888326696681479	8.15429457051071	0.8073262665487
4.75	18.65	0.581734181629421	0.806296194478072	-0.00120053772606488	8.08813499940788	0.832693672651769
4.85	18.65	0.641593084448359	0.805755137972163	-0.00144536897492357	8.02001502346424	0.856637233779344
4.95	18.65	0.696136055395335	0.805219194354197	-0.00161819176575603	7.95008702978621	0.878454422158134
5.05	18.65	0.744370844853231	0.804707985144557	-0.0017224970978819	7.87854535196173	0.897748337941292
5.15	18.65	0.786030273711809	0.804228264569984	-0.00176719772875332	7.80560197949808	0.914412109484724
5.25	18.65	0.821395943025614	0.803780776283852	-0.00176378269820204	7.73146614016239	0.928558377210245
5.35	18.65	0.851080917167254	0.803364865628371	-0.00172406472769634	7.65633050586023	0.940432366866902
5.45	18.65	0.875840667445026	0.802980327700634	-0.00165876172086551	7.58036407679686	0.950336266978011
5.55	18.65	0.896441328978262	0.802627509789618	-0.00157682195268019	7.5037102415129	0.958576531591305
5.65	18.65	0.913584766085247	0.802306790844293	-0.00148527111708032	7.42648809899281	0.965433906434099
5.75	18.65	0.927876449167228	0.802018095128451	-0.00138935951790182	7.34879540678298	0.971150579666891
5.85	18.65	0.939820097481616	0.80176065838665	-0.00129284304777447	7.27071203253712	0.975928038992647
5.95	18.65	0.949826272983275	0.801533027592078	-0.00119829413974307	7.19230326653082	0.97993050919331
6.05	18.65	0.958226493429008	0.801333200273131	-0.0011073882226115	7.11362270014995	0.983290597371603
6.15	18.65	0.965288102918409	0.801158815542668	-0.00102114348892563	7.03471458749935	0.986115241167364
6.25	18.65	0.97122763346626	0.801007339777307	-0.000940110025754576	6.95561571765673	0.988491053386504
6.35	18.65	0.976221863967495	0.800876219043579	-0.000864513129369556	6.87635687093355	0.990488745586998
6.45	18.65	0.980416544411894	0.800762990108873	-0.000794358809730603	6.79696394261021	0.992166617764758
6.55	18.65	0.983933083273646	0.800665352638938	-0.000729509774980465	6.71745881071565	0.993573233309458
6.65	18.65	0.986873592405781	0.800581209719127	-0.000669739191723871	6.63786001127355	0.994749436962312
6.75	18.65	0.98932466865796	0.800508684776988	-0.000614768130104949	6.55818327052063	0.995729867463184
6.85	18.65	0.991360232901357	0.800446122189294	-0.000564291245794003	6.47844193130114	0.996544093160543
6.95	18.65	0.99304367947158	0.800392077429595	-0.000517994094811981	6.39864730089492	0.997217471788632
7.05	18.65	0.994429527299363	0.800345301131932	-0.000475564560080492	6.31880893990852	0.997771810919745
7.15	18.65	0.995564713255907	0.800304720160505	-0.000436700171412519	6.23893490620654	0.998225885302363
7.25	18.65	0.996489628869338	0.800269417759053	-0.000401112586512101	6.15903196377547	0.998595851547735
7.35	18.65	0.997238972080161	0.800238614098255	-0.000368530126951509	6.0791057635132	0.998895588832064
7.45	18.65	0.997842464123919	0.800211648002527	-0.000338698995788528	5.99916100091388	0.999136985649567
7.55	18.65	0.998325466099745	0.800187960269692	-0.000311383613943714	5.9192015542255	0.999330186439898
7.65	18.65	0.99870951876444	0.800167078754761	-0.000286366378274458	5.83923060571512	0.999483807505776
7.75	18.65	0.999012821384682	0.800148605234576	-0.000263447050585281	5.75925074804883	0.999605128553873
7.85	18.65	0.99925066018329	0.800132203977675	-0.000242441921102305	5.67926407738233	0.999700264073316
7.95	18.65	0.999435793360134	0.800117591891951	-0.000223182844303558	5.59927227449422	0.999774317344054
8.05	18.65	0.999578797360605	0.800104530098341	-0.000205516213447551	5.51927667512478	0.999831518944242
8.15	18.65	0.999688377638936	0.800092816770243	-0.000189301918451939	5.43927833057491	0.999875351055574
8.25	18.65	0.999771646348791	0.800082281082636	-0.000174412316545602	5.35927805954604	0.999908658539516
8.35	18.65	0.999834368987075	0.800072778122428	-0.000160731235192252	5.27927649214678	0.99993374759483
8.45	18.65	0.999881181869389	0.800064184624728	-0.00014815301952875	5.19927410694378	0.999952472747756
8.55	18.65	0.999915782317054	0.800056395413275	-0.000136581631738757	5.11927126188699	0.999966312926822
8.65	18.65	0.999941093508148	0.800049320436695	-0.000125929806665283	5.03926821988929	0.999976437403259
8.75	18.65	0.999959406034671	0.800042882306488	-0.000116118265285599	4.95926516978602	0.999983762413868
8.85	18.65	0.999972498280639	0.800037014254923	-0.00010707498633921	4.87926224334163	0.999988999312256
8.95	18.65	0.999981737771804	0.800031658442591	-9.87345351677325e-05	4.79925952890942	0.999992695108722
9.05	18.65	0.999988165638573	0.800026764556427	-9.10374476993223e-05	4.71925708228735	0.999995266255429
9.15	18.65	0.999992566278672	0.800022288647617	-8.39296674804125e-05	4.63925493525062	0.999997026511469
9.25	18.65	0.999995524209887	0.800018192167334	-7.73620326808085e-05	4.55925310218006	0.999998209683955
9.35	18.65	0.999997469973428	0.800014441165524	-7.1289810091759e-05	4.47925158514798	0.999998987989371
9.45	18.65	0.999998716794123	0.800011005623281	-6.56722728372138e-05	4.39925037776842	0.999999486717649
9.55	18.65	0.999999489534057	0.800007858895414	-6.0472318558402e-05	4.31924946806972	0.999999795813623
9.65	18.65	0.999999947299924	0.800004977243216	-5.56561247500433e-05	4.23924884060295	0.99999997891997
9.75	18.65	1.00000020088869	0.800002339441746	-5.11928379706164e-05	4.15924847796089	1.00000008035548
9.85	18.65	1.00000032608711	0.799999926448364	-4.70542940268364e-05	4.07924836184834	1.00000013043485
9.95	18.65	1.00000037368245	0.799997721121995	-4.32147660774922e-05	3.99924847381608	1.00000014947298
10.05	18.65	1.00000037689783	0.799995707984476	-3.96507379751361e-05	3.91924879574667	1.00000015075913
10.15	18.65	1.00000035683701	0.799993873016911	-3.63407002962434e-05	3.83924931016021	1.0000001427348
10.25	18.65	1.00000032641134	0.799992203485265	-3.32649667204367e-05	3.75925000039238	1.00000013056454
10.35	18.65	1.00000029312553	0.799990687790537	-3.04055087370625e-05	3.67925085068375	1.00000011725021
10.45	18.65	1.00000026101794	0.799989315339616	-2.77458065695375e-05	3.59925184620948	1.00000010440718
10.55	18.65	1.00000023198447	0.799988076433542	-2.52707147903598e-05	3.51925297307033	1.00000009279379
10.65	18.65	1.0000002066603	0.799986962170704	-2.29663409130401e-05	3.43925421825991	1.00000008266412
10.75	18.65	1.00000018499064	0.799985964362497	-2.08199357051392e-05	3.35925556961861	1.00000007399626
10.85	18.65	1.00000016658709	0.799985075459899	-1.88197938745806e-05	3.27925701578128	1.00000006663484
10.95	18.65	1.00000015093965	0.799984288489072	-1.69551641490002e-05	3.19925854612298	1.00000006037586
11.05	18.65	1.00000013753448	0.799983596995004	-1.52161676903825e-05	3.11926015070594	1.00000005501379
11.15	18.65	1.0000001259121	0.799982994991796	-1.35937240353387e-05	3.03926182022909	1.00000005036484
11.25	18.65	1.00000011568974	0.79998247691884	-1.20794837636256e-05	2.95926354598124	1.0000000462759
11.35	18.65	1.00000010656368	0.799982037601994	-1.06657672988996e-05	2.87926531979794	1.00000004262547
11.45	18.65	1.00000009830157	0.799981672219111	-9.34550913173891e-06	2.79926713402225	1.00000003932063
11.55	18.65	1.00000009073115	0.799981376269275	-8.11220701191303e-06	2.71926898146899	1.00000003629246
11.65	18.65	1.00000008372893	0.799981145545315	-6.95987563601526e-06	2.63927085539241	1.00000003349157
11.75	18.65	1.00000007721056	0.799980976109136	-5.88300437776339e-06	2.55927274945669	1.00000003088422
11.85	18.65	1.00000007112373	0.799980864269475	-4.87651867618405e-06	2.47927465770905	1.00000002844949
11.95	18.65	1.00000006544292	0.799980806561745	-3.93574481401767e-06	2.39927657455526	1.00000002617717
12.05	18.65	1.00000006016481	0.799980799729815	-3.05637771666125e-06	2.31927849473707	1.00000002406593
12.15	18.65	1.00000005530235	0.799980840709283	-2.23445150758578e-06	2.23928041331168	1.00000002212094
12.25	18.65	1.00000005087455	0.799980926612332	-1.46631263426371e-06	2.15928232563287	1.00000002034982
12.35	18.65	1.0000000468894	0.79998105471389	-7.48595273949479e-07	2.07928422733415	1.00000001875576
12.45	18.65	1.00000004331738	0.799981222439133	-7.81988756114054e-08	1.99928611431381	1.00000001732695
12.55	18.65	1.00000004005566	0.799981427352381	5.47732354257483e-07	1.91928798272218	1.00000001602227
12.65	18.65	1.00000003688715	0.799981667147472	1.13182821396051e-06	1.83928982895123	1.00000001475486
12.75	18.65	1.00000003344523	0.799981939639744	1.67650961365103e-06	1.7592916496264	1.00000001337809
12.85	18.65	1.00000002920459	0.799982242759574	2.18400423622206e-06	1.67929344160004	1.00000001168184
12.95	18.65	1.00000002352867	0.79998257454733	2.65636083588735e-06	1.5992952019451	1.00000000941147
13.05	18.65	1.00000001581236	0.799982933148989	3.09546234980907e-06	1.51929692794656	1.00000000632495
13.15	18.65	1.00000000575982	0.799983316811145	3.50303795010535e-06	1.43929861708688	1.00000000230393
13.25	18.65	0.99999999382101	0.799983723873307	3.88067416203886e-06	1.35930026702063	0.999999997528404
13.35	18.65	0.9999999817701	0.799984152754495	4.2298251401312e-06	1.27930187553352	0.99999999270804
13.45	18.65	0.999999973330688	0.79998460193098	4.55182221985776e-06	1.19930344048274	0.999999989332275
13.55	18.65	0.99999997463494	0.799985069902334	4.84788271911979e-06	1.11930495972043	0.999999989853976
13.65	18.65	0.999999994151376	0.799985555145429	5.11911798357108e-06	1.03930643101135	0.99999999766055
13.75	18.65	1.00000004155892	0.799986056060861	5.36654052249393e-06	0.959307851970258	1.00000001662357
13.85	18.65	1.00000012494385	0.799986570924331	5.59107011838683e-06	0.879309220062321	1.00000004997754
13.95	18.65	1.00000024575289	0.799987097866768	5.79353869918132e-06	0.799310532729575	1.00000009830116
14.05	18.65	1.00000039129024	0.799987634919883	5.97469401055986e-06	0.71931178771838	1.00000015651609
14.15	18.65	1.00000052536172	0.799988180174674	6.13520232406034e-06	0.639312983676892	1.00000021014469
14.25	18.65	1.00000057908012	0.799988732102473	6.27565098831778e-06	0.55931412104961	1.00000023163205
14.35	18.65	1.00000044588001	0.79998929007125	6.39655225168339e-06	0.479315203199092	1.000000178352
14.45	18.65	0.999999987236792	0.799989855041553	6.49835048100112e-06	0.399316237516295	0.999999994894717
14.55	18.65	0.999999057839667	0.799990430333989	6.58143537188144e-06	0.319317236037096	0.999999623135867
14.65	18.65	0.999997559875003	0.799991022216761	6.64616352650854e-06	0.239318214788097	0.999999023950001
14.75	18.65	0.999995533843826	0.799991640115687	6.69288936498162e-06	0.159319190811541	0.99999821353753
14.85	18.65	0.999993285626014	0.799993193327351	6.72199950376967e-06	0.079320175656844	0.999997314250406
14.95	18.65	0.999991533857006	0.399990439105909	6.73397435367575e-06	-0.000679015454016749	0.999996613542802
0.05	18.75	-4.75677444815712e-06	0.400004184543751	0.000174692741487146	10.4590729807951	0.599998097290221
0.15	18.75	-5.35328571719647e-06	0.800012890410837	0.000176043614479438	10.4110726308744	0.599997858685713
0.25	18.75	-5.75620991200992e-06	0.80002171305755	0.000178766105456262	10.3630717765802	0.599997697516035
0.35	18.75	-5.19491388949996e-06	0.800030690326741	0.00018289371912707	10.315070393746	0.599997922034444
0.45	18.75	-2.86052505532141e-06	0.800039910201804	0.00018847317016566	10.2670684262718	0.599998855789978
0.55	18.75	2.04784989086539e-06	0.80004943828588	0.000195563795240019	10.2190657876606	0.600000819139956
0.65	18.75	1.01953763414947e-05	0.800059345865264	0.000204238195775991	10.1710623626755	0.600004078150537
0.75	18.75	2.19353499878417e-05	0.800069727893084	0.00021459045786952	10.1230580136852	0.600008774139995
0.85	18.75	3.72520272516655e-05	0.800080448062669	0.000226765277967837	10.075052591437	0.600014900810901
0.95	18.75	5.37855993444237e-05	0.800091828447776	0.000240946116148034	10.0270459756541	0.600021514239738
1.05	18.75	6.78698365814565e-05	0.80010390770913	0.000257283751399925	9.97903812946828	0.600027147934633
1.15	18.75	7.31537232642318e-05	0.800117208291321	0.000275925790739787	9.93102916262637	0.600029261489306
1.25	18.75	6.26043607219064e-05	0.800132200694532	0.000297067583262492	9.88301938209272	0.600025041744289
1.35	18.75	2.95397255965266e-05	0.800149507615779	0.000320928164787098	9.83500929135806	0.600011815890239
1.45	18.75	-3.08857357310575e-05	0.800169903944807	0.000347741401885773	9.78699955045195	0.599987645705708
1.55	18.75	-0.000119690838289218	0.800194282806209	0.000377756773276923	9.73899088017311	0.599952123664684
1.65	18.75	-0.000231852007545454	0.80022360047	0.000411238507667589	9.69098389878339	0.599907259196982
1.75	18.75	-0.000354278749489457	0.800258800440527	0.000448456768852472	9.64297889099953	0.599858288500204
1.85	18.75	-0.000464486478939445	0.800300717110104	0.000489666001684654	9.59497552412521	0.599814205408424
1.95	18.75	-0.000530515900361038	0.800349961342318	0.000535061702811607	9.54697254348782	0.599787793639856
2.05	18.75	-0.00051269998867256	0.800406814812324	0.000584668339667593	9.49896749687996	0.599794920004531
2.15	18.75	-0.000368506640040818	0.800471194345605	0.000637969490388291	9.45095655545385	0.599852597343984
2.25	18.75	-6.46583575582288e-05	0.800547434898372	0.000693596619747385	9.40293455214582	0.599974136656977
2.35	18.75	0.000440093656775841	0.800639758462578	0.000750124823439702	9.35489500451702	0.60017603746271
2.45	18.75	0.00121354480268643	0.800748689311468	0.000807752701396023	9.30682959290955	0.600485417921075
2.55	18.75	0.00233973451510477	0.800876216299708	0.000867085152590946	9.2587274225577	0.600935893806042
2.65	18.75	0.00391467978292581	0.801025303561825	0.000927553495920898	9.21057454025985	0.60156587191317
2.75	18.75	0.00604716974406848	0.801199277130586	0.000988105727495433	9.16235352586329	0.602418867897627
2.85	18.75	0.0088610219664538	0.801401775329325	0.00104743072078431	9.11404302831372	0.603544408786581
2.95	18.75	0.0124981236789197	0.801636750403546	0.0011039723245321	9.06561721409079	0.604999249471568
3.05	18.75	0.0171225788386563	0.801908415756366	0.00115589152576365	9.01704510222536	0.606849031535463
3.15	18.75	0.02292647605627	0.802221114914099	0.00120101808585709	8.9682897453894	0.609170590422508
3.25	18.75	0.0301377894309253	0.802579076642096	0.00123680133609076	8.9193072005912	0.61205511577237
3.35	18.75	0.0390308080778538	0.802985998023933	0.00126026699062657	8.87004521988115	0.615612323231141
3.45	18.75	0.0499391580619691	0.803444372491166	0.00126799226199628	8.82044158588032	0.619975663224788
3.55	18.75	0.0632707320746656	0.803954456466083	0.00125612129774695	8.7704220288006	0.625308292829866
3.65	18.75	0.0795223926703836	0.804512762583568	0.00122045661051298	8.71989770862053	0.631808957068153
3.75	18.75	0.0992898436072129	0.805110018159518	0.00115667795123362	8.66876235540192	0.639715937442885
3.85	18.75	0.123264396374477	0.805728704970872	0.00106075142254063	8.6168893671352	0.649305758549791
3.95	18.75	0.152203907414953	0.806340691610629	0.00092958393456856	8.56412949834774	0.660881562965981
4.05	18.75	0.18686170499128	0.806906120341615	0.000761928223597227	8.51031022838745	0.674744681996512
4.15	18.75	0.227858890370911	0.807375413471254	0.000559429566671787	8.45523837622309	0.691143556148365
4.25	18.75	0.275498146163278	0.807696336448456	0.000327534095176315	8.39870776612325	0.710199258465311
4.35	18.75	0.329546049103534	0.807826424046828	7.58253772227893e-05	8.34051330903105	0.731818419641414
4.45	18.75	0.389051269493173	0.807747334492706	-0.000182631225874092	8.28047131540968	0.755620507797269
4.55	18.75	0.452294910027198	0.807473865998013	-0.000433052525299102	8.21844321954022	0.780917964010879
4.65	18.75	0.516950496554987	0.807050802939742	-0.00066140197959857	8.15435714668448	0.806780198621995
4.75	18.75	0.580447947347414	0.8065376163974	-0.000856729888797922	8.08822069892156	0.832179178938966
4.85	18.75	0.640427438320222	0.80598947269669	-0.00101259176335429	8.02012038524514	0.856170975328089
4.95	18.75	0.695115581591245	0.805444843935159	-0.00112721860732702	7.95020774121216	0.878046232636498
5.05	18.75	0.743502893828741	0.804923760907068	-0.00120267422697302	7.87867682399908	0.897401157531497
5.15	18.75	0.785308571976023	0.804433294048496	-0.00124353237954033	7.80573983921175	0.914123428790409
5.25	18.75	0.820805697986589	0.80397442961998	-0.00125556998153876	7.73160656078655	0.928322279194636
5.35	18.75	0.850603532524583	0.803546725330581	-0.00124475991745593	7.656470365244	0.940241413009833
5.45	18.75	0.875457147432808	0.803150183682155	-0.0012166363563294	7.58050098014247	0.950182858973123
5.55	18.75	0.89613426243805	0.802785356005967	-0.00117597927203821	7.50384245877248	0.95845370497522
5.65	18.75	0.913339197645404	0.802452811173497	-0.00112672117334366	7.42661446148673	0.965335679058162
5.75	18.75	0.927680040102147	0.802152637414224	-0.0010719843526287	7.3489151940163	0.971072016040859
5.85	18.75	0.939662911857034	0.801884201144315	-0.00101418082479996	7.27082486687358	0.975865164742814
5.95	18.75	0.9497004139101	0.801646144768531	-0.000955132143101425	7.19240902357177	0.97988016556404
6.05	18.75	0.958125717166813	0.80143652813725	-0.000896185665411636	7.11372143664958	0.983250286866725
6.15	18.75	0.965207471536579	0.801253024020034	-0.000838316616598933	7.03480648554144	0.986082988614632
6.25	18.75	0.9711632271273	0.801093109110998	-0.000782212726958236	6.95570104256674	0.98846529085092
6.35	18.75	0.976170553545364	0.800954221741713	-0.000728342035601797	6.87643594017217	0.990468221418146
6.45	18.75	0.98037581649885	0.800833877648455	-0.000677006066627608	6.79703710314762	0.99215032659954
6.55	18.75	0.983900907240405	0.800729746196416	-0.000628381012281805	6.71752642280997	0.993560362896162
6.65	18.75	0.986848319723148	0.80063969416904	-0.000582549411931056	6.63792243701487	0.994739327889259
6.75	18.75	0.989304956322672	0.800561805258537	-0.000539524446428546	6.55824086588764	0.995721982529069
6.85	18.75	0.991344984625923	0.800494382633869	-0.000499268555791528	6.47849504079024	0.996537993850369
6.95	18.75	0.993031999912203	0.800435940544547	-0.000461707712146561	6.39869625402481	0.997212799964881
7.05	18.75	0.99442068588994	0.800385189431618	-0.000426742367547747	6.3188540490862	0.997768274355976
7.15	18.75	0.995558115194073	0.80034101771969	-0.000394255850874118	6.23897646557723	0.998223246077629
7.25	18.75	0.996484791512563	0.800302472435482	-0.00036412079875973	6.15907024877882	0.998593916605025
7.35	18.75	0.997235505515562	0.800268740029827	-0.000336204064232401	6.07914103094157	0.998894202206225
7.45	18.75	0.997840055028331	0.800239128232376	-0.000310370440211283	5.9991934893222	0.999136022011332
7.55	18.75	0.998323864250047	0.80021304939123	-0.000286485456114784	5.91923148458158	0.999329545700019
7.65	18.75	0.998708525724813	0.800190005498815	-0.000264417446933164	5.83925818220812	0.999483410289925
7.75	18.75	0.999012281011369	0.800169574945048	-0.000244039049661934	5.75927615899493	0.999604912404548
7.85	18.75	0.999250450665447	0.800151400940868	-0.000225228248808131	5.67928749618278	0.999700180266179
7.95	18.75	0.999435820569412	0.800135181498943	-0.00020786906750408	5.59929386061241	0.999774328227765
8.05	18.75	0.999578989320371	0.800120660830472	-0.000191851980867198	5.5192965750583	0.999831595728148
8.15	18.75	0.99968867995202	0.800107622006306	-0.000177074113468545	5.43929667880513	0.999875471980808
8.25	18.75	0.999772018444078	0.800095880731364	-0.000163439270975479	5.35929497945296	0.999908807377631
8.35	18.75	0.99983478106253	0.800085280088524	-0.000150857846017963	5.27929209688088	0.999933912425012
8.45	18.75	0.99988161242373	0.800075686118878	-0.0001392466314434	5.1992885002496	0.999952644969492
8.55	18.75	0.999916216175222	0.800066984117948	-0.000128528567210491	5.11928453887557	0.999966486470089
8.65	18.75	0.999941520257379	0.800059075540746	-0.000118632442288733	5.0392804677583	0.999976608102952
8.75	18.75	0.99995981879881	0.800051875420977	-0.000109492568533846	4.95927646848778	0.999983927519524
8.85	18.75	0.999972892770181	0.800045310222692	-0.000101048440098518	4.87927266620028	0.999989157108072
8.95	18.75	0.999982111556343	0.80003931605333	-9.32443884361615e-05	4.79926914318902	0.999992844622537
9.05	18.75	0.999988517596588	0.800033837178045	-8.60292411822011e-05	4.7192659497135	0.999995407038635
9.15	18.75	0.999992896187066	0.800028824783925	-7.93559902458048e-05	4.63926311248812	0.999997158474827
9.25	18.75	0.999995832442297	0.800024235951109	-7.31814735923468e-05	4.55926064126967	0.999998332976919
9.35	18.75	0.999997757282098	0.800020032794764	-6.74660732525223e-05	4.47925853390509	0.999999102912839
9.45	18.75	0.999998984155124	0.800016181748097	-6.2173431177692e-05	4.3992567801467	0.999999593662049
9.55	18.75	0.999999738039803	0.800012652961478	-5.72701837860887e-05	4.31925536449248	0.999999895215921
9.65	18.75	1.00000017808649	0.800009419797477	-5.27257153406928e-05	4.23925426826506	1.0000000712346
9.75	18.75	1.00000041508828	0.800006458405015	-4.85119298084634e-05	4.15925347110369	1.00000016603531
9.85	18.75	1.00000052479835	0.80000374735892	-4.46030405694157e-05	4.07925295201014	1.00000020991934
9.95	18.75	1.00000055795313	0.800001267353854	-4.09753770432506e-05	3.9992526900603	1.00000022318125
10.05	18.75	1.00000054771596	0.799999000943267	-3.76072072829751e-05	3.91925266486976	1.00000021908638
10.15	18.75	1.00000051512746	0.799996932316079	-3.4478575423768e-05	3.83925285688123	1.00000020605099
10.25	18.75	1.00000047303589	0.799995047104922	-3.15711528835985e-05	3.75925324752589	1.00000018921435
10.35	18.75	1.00000042888497	0.799993332220866	-2.88681022518652e-05	3.67925381929763	1.00000017155399
10.45	18.75	1.0000003866554	0.799991775710596	-2.63539528151607e-05	3.59925455576901	1.00000015466216
10.55	18.75	1.00000034818912	0.799990366632483	-2.40144867201492e-05	3.5192554415698	1.00000013927565
10.65	18.75	1.00000031407129	0.799989094948827	-2.18366349235742e-05	3.439256462343	1.00000012562851
10.75	18.75	1.00000028420088	0.799987951431794	-1.98083819984624e-05	3.35925760468848	1.00000011368035
10.85	18.75	1.00000025814682	0.799986927581179	-1.79186790724897e-05	3.27925885610125	1.00000010325873
10.95	18.75	1.0000002353598	0.79998601555213	-1.61573641624765e-05	3.1992602049088	1.00000009414392
11.05	18.75	1.0000002152897	0.799985208091604	-1.4515089259769e-05	3.11926164021027	1.00000008611588
11.15	18.75	1.0000001974435	0.799984498482282	-1.29832536196784e-05	3.03926315181895	1.0000000789774
11.25	18.75	1.00000018140747	0.799983880492832	-1.15539426311763e-05	2.95926473020898	1.00000007256299
11.35	18.75	1.00000016684918	0.799983348333841	-1.02198718667971e-05	2.87926636646639	1.00000006673967
11.45	18.75	1.00000015350972	0.799982896618504	-8.97433583062124e-06	2.79926805224446	1.00000006140389
11.55	18.75	1.00000014119221	0.799982520327505	-7.81116101252037e-06	2.71926977972314	1.00000005647688
11.65	18.75	1.00000012975029	0.799982214777546	-6.72466285902135e-06	2.63927154157215	1.00000005190012
11.75	18.75	1.00000011907844	0.799981975593042	-5.70960637007333e-06	2.55927333091746	1.00000004763137
11.85	18.75	1.00000010910468	0.799981798680567	-4.76117003297934e-06	2.47927514131065	1.00000004364187
11.95	18.75	1.00000009978526	0.799981680205699	-3.87491270267734e-06	2.39927696670095	1.0000000399141
12.05	18.75	1.00000009109997	0.799981616572005	-3.04674333257217e-06	2.31927880140962	1.00000003643999
12.15	18.75	1.00000008304605	0.799981604401817	-2.27289324061222e-06	2.23928064010644	1.00000003321842
12.25	18.75	1.000000075628	0.799981640518783	-1.54989067220383e-06	2.15928247778836	1.0000000302512
12.35	18.75	1.00000006884026	0.799981721931887	-8.74537574242931e-07	2.07928430976013	1.0000000275361
12.45	18.75	1.00000006264072	0.799981845821048	-2.43888310321707e-07	1.99928613161724	1.00000002505629
12.55	18.75	1.0000000569148	0.799982009524221	3.44769809008138e-07	1.91928793923112	1.00000002276592
12.65	18.75	1.00000005143435	0.799982210526167	8.93934296423123e-07	1.83928972873697	1.00000002057374
12.75	18.75	1.00000004582238	0.79998244644892	1.40590374984207e-06	1.75929149652387	1.00000001832895
12.85	18.75	1.00000003954386	0.799982715043987	1.88279269669493e-06	1.67929323922668	1.00000001581754
12.95	18.75	1.00000003195312	0.799983014186028	2.32654518251363e-06	1.59929495371842	1.00000001278125
13.05	18.75	1.00000002243682	0.799983341867337	2.73894719362587e-06	1.5192966371003	1.00000000897473
13.15	18.75	1.0000000106918	0.799983696191803	3.12163808212598e-06	1.43929828668609	1.00000000427672
13.25	18.75	0.999999997162083	0.799984075366223	3.47612105172876e-06	1.35929989997562	0.999999998864833
13.35	18.75	0.999999983617451	0.799984477686059	3.8037728757575e-06	1.27930147461283	0.999999993446981
13.45	18.75	0.999999973778914	0.799984901512355	4.10585285576791e-06	1.19930300832516	0.999999989511566
13.55	18.75	0.999999973777709	0.799985345237091	4.38351104609303e-06	1.11930449884617	0.999999989511084
13.65	18.75	0.999999992082416	0.799985807236579	4.63779575458601e-06	1.03930594383247	0.999999996832966
13.75	18.75	1.00000003837157	0.799986285817401	4.86966014664062e-06	0.959307340800335	1.00000001534863
13.85	18.75	1.00000012072827	0.799986779167431	5.07996786369412e-06	0.879308687125603	1.00000004829131
13.95	18.75	1.00000024059012	0.799987285335809	5.26949750863863e-06	0.799309980169611	1.00000009623605
14.05	18.75	1.00000038524292	0.799987802278579	5.43894605748093e-06	0.719311217606314	1.00000015409717
14.15	18.75	1.00000051846228	0.799988328017547	5.58893149235116e-06	0.63931239801948	1.00000020738491
14.25	18.75	1.00000057131899	0.799988860962014	5.71999550033329e-06	0.559313521796975	1.0000002285276
14.35	18.75	1.00000043719845	0.799989400426098	5.83260770891267e-06	0.479314592252063	1.00000017487938
14.45	18.75	0.999999977530994	0.799989947325977	5.92717361712032e-06	0.399315616732982	0.999999991012398
14.55	18.75	0.9999990469832	0.799990504948829	6.00404881263768e-06	0.319316607238071	0.99999961879328
14.65	18.75	0.999997547765248	0.799991079541779	6.06356187556552e-06	0.239317579759341	0.999999019106099
14.75	18.75	0.999995520471834	0.799991680521045	6.10604698624263e-06	0.159318551304186	0.999998208188734
14.85	18.75	0.999993271158574	0.799993217187111	6.13188067722713e-06	0.0793195333833538	0.999997308463429
14.95	18.75	0.999991518704677	0.399990446885499	6.14151217351584e-06	-0.000679658825100087	0.999996607481871
0.05	18.85	-4.76109378570709e-06	0.400004844801967	0.000165465973976392	10.4590627563741	0.599998095562486
0.15	18.85	-5.3490935917572e-06	0.800014875056993	0.000166744964334685	10.4110623273609	0.599997860362563
0.25	18.85	-5.73491841473856e-06	0.80002504206401	0.000169319877733516	10.3630613137343	0.599997706032634
0.35	18.85	-5.14959566402881e-06	0.800035398032823	0.000173221991763796	10.3150596893907	0.599997940161734
0.45	18.85	-2.78753928864522e-06	0.800046043613005	0.000178492983003346	10.2670573956027	0.599998884984285
0.55	18.85	2.15167095837204e-06	0.800057055728523	0.000185183648557461	10.219054342626	0.600000860668383
0.65	18.85	1.03515650200614e-05	0.800068515402128	0.000193353065346549	10.1710504112672	0.600004140626008
0.75	18.85	2.22233802900093e-05	0.800080514368656	0.000203074128264637	10.123045458302	0.600008889352116
0.85	18.85	3.76292253539361e-05	0.800093009869393	0.00021445348296022	10.0750393271971	0.600015051690142
0.95	18.85	5.43357624816441e-05	0.800106268201385	0.00022764464302104	10.0270318886735	0.600021734304993
1.05	18.85	6.87005678410972e-05	0.80012029988738	0.000242757742857235	9.97902309718093	0.600027480227136
1.15	18.85	7.42020874870788e-05	0.800135717894887	0.000259868484547046	9.93101305532078	0.600029680834995
1.25	18.85	6.38904992952391e-05	0.800152976604356	0.00027909671509815	9.88300206143824	0.600025556199718
1.35	18.85	3.11243795993844e-05	0.800172699656035	0.000300578740047059	9.83499060851098	0.60001244975184
1.45	18.85	-2.8921395216073e-05	0.800195664911934	0.000324458987026144	9.78697934525845	0.599988431441914
1.55	18.85	-0.000117246587953757	0.800222771230894	0.000350894198081751	9.73896898032548	0.599953101364818
1.65	18.85	-0.00022881641231002	0.800254985270463	0.000380057271589765	9.69096011877655	0.599908473435076
1.75	18.85	-0.000350563305537921	0.8002932723176	0.000412133458256171	9.6429530312184	0.599859774677785
1.85	18.85	-0.000460122707044517	0.800338514624346	0.00044730373404326	9.59494737059503	0.599815950917182
1.95	18.85	-0.000525951769348663	0.800391406238758	0.000485700518682834	9.54694187001042	0.59978961929226
2.05	18.85	-0.000509706682318912	0.800452321990767	0.000527242114093208	9.4989340794744	0.599796117327072
2.15	18.85	-0.00037166323730753	0.80052203606952	0.000570862244091182	9.45092023130218	0.599851334705077
2.25	18.85	-7.35091747426572e-05	0.800602142175469	0.000614717852760796	9.40289523738686	0.599970596330103
2.35	18.85	0.000421106077548322	0.800700047117206	0.000657774803894278	9.35485268265434	0.600168442431019
2.45	18.85	0.00118677317498698	0.800813424538804	0.000700024511859457	9.3067842576585	0.600474709269995
2.55	18.85	0.00230615404859207	0.800944805088714	0.000741325644851897	9.25867904130996	0.600922461619437
2.65	18.85	0.00387406173663067	0.801097043666299	0.0007808649166625	9.21052311320443	0.601549624694652
2.75	18.85	0.0059988634634092	0.801273308085697	0.000817407790728158	9.16229911645629	0.602399545385364
2.85	18.85	0.00880437660734171	0.801477010505423	0.000849475893933819	9.11398577825284	0.603521750642937
2.95	18.85	0.0124326737310882	0.801711801882294	0.000875412802277951	9.06555735512679	0.604973069492435
3.05	18.85	0.017048134674235	0.801981535522581	0.000893412783786787	9.01698296870721	0.606819253869694
3.15	18.85	0.0228431800772856	0.802290156444605	0.000901553285570389	8.96822578812191	0.609137272030914
3.25	18.85	0.0300461547301924	0.802641479890544	0.000897848497442267	8.91924200166337	0.612018461892077
3.35	18.85	0.0389317397438919	0.80303880570223	0.000880334143571078	8.8699795077539	0.615572695897557
3.45	18.85	0.0498339524301554	0.803484290225863	0.000847192530788237	8.8203762495991	0.619933580972062
3.55	18.85	0.063161050027678	0.80397797238949	0.000796925902151035	8.77035812955514	0.625264420011071
3.65	18.85	0.0794102079015101	0.80451634219557	0.000728581801239619	8.71983648595572	0.631764083160604
3.75	18.85	0.0991773751737524	0.805090385936097	0.000642023075542254	8.66870522418949	0.639670950069501
3.85	18.85	0.123154045247715	0.805683212362582	0.00053821389636646	8.61683790006084	0.649261618099086
3.95	18.85	0.152098224124657	0.806267749082159	0.000419460608655035	8.5640853875027	0.660839289649863
4.05	18.85	0.186763410458646	0.80680563890295	0.000289508972439558	8.5102752193107	0.674705364183458
4.15	18.85	0.227770943181749	0.807249165290121	0.000153378715399362	8.45521416960889	0.691108377272699
4.25	18.85	0.275423793247169	0.807548120923472	1.68486938459521e-05	8.39869588779442	0.710169517298867
4.35	18.85	0.329488734729561	0.807661937930624	-0.000114377523904557	8.34051495841366	0.731795493891825
4.45	18.85	0.389014267165077	0.807573706654233	-0.000235615311420982	8.28048721512693	0.755605706866031
4.55	18.85	0.452280648027639	0.807298915502094	-0.000343903138306935	8.21847349884369	0.780912259211056
4.65	18.85	0.516959761696242	0.806882169716131	-0.000438163810304482	8.15440129189575	0.806783904678497
4.75	18.85	0.580479331128683	0.806381952138706	-0.000518779893843502	8.08827759014535	0.832191732451473
4.85	18.85	0.640477350617778	0.805851852415933	-0.000586848958745678	8.02018841398372	0.856190940247111
4.95	18.85	0.69517887927769	0.805328485068563	-0.000643505657547031	7.95028497998215	0.878071551711076
5.05	18.85	0.743573861448349	0.804830048802426	-0.000689564441365439	7.87876120839785	0.89742954457934
5.15	18.85	0.785381874227048	0.804362041046032	-0.000725498050093039	7.80582932810395	0.914152749690819
5.25	18.85	0.820877030335886	0.803924260918146	-0.000751608303747537	7.73169925507111	0.928350812134354
5.35	18.85	0.850669891715119	0.803515490710726	-0.000768227048659213	7.65656458101835	0.940267956686048
5.45	18.85	0.875516792405969	0.803135324760507	-0.000775850513611253	7.58059528239464	0.950206716962388
5.55	18.85	0.896186493061	0.802784194369377	-0.000775183864493502	7.50393566604861	0.9584745972244
5.65	18.85	0.913384067501627	0.802462750706228	-0.000767116347852045	7.42670563202245	0.965353627000651
5.75	18.85	0.927718080845455	0.802171290547218	-0.00075265986757316	7.34900360178634	0.971087232338182
5.85	18.85	0.939694907871025	0.801909455481456	-0.000732878531111606	7.27090997348895	0.97587796314841
5.95	18.85	0.949727238367036	0.801676187133674	-0.000708825981738646	7.19249044974587	0.979890895346814
6.05	18.85	0.95814822493476	0.801469840675497	-0.000681497847707706	7.11379893532127	0.983259289973904
6.15	18.85	0.965226437678759	0.801288363624058	-0.00065180043747905	7.03487991766136	0.986090575071504
6.25	18.85	0.971179318440475	0.801129478212712	-0.000620533622160388	6.95577035589621	0.98847172737619
6.35	18.85	0.976184321983719	0.800990835847705	-0.000588384699729582	6.87650115107729	0.990473728793487
6.45	18.85	0.980387705715812	0.800870132994175	-0.000555930018098406	6.79709828118613	0.992155082286325
6.55	18.85	0.983911265928243	0.800765189474907	-0.000523641617148997	6.71758367782914	0.993564506371297
6.65	18.85	0.986857417524162	0.800673995333866	-0.000491896771878072	6.6379759084581	0.994742967009665
6.75	18.85	0.989312999702366	0.800594733784924	-0.000460988905953308	6.55829071401565	0.995725199880946
6.85	18.85	0.991352131258428	0.800525787244971	-0.000431138829045535	6.47854143954514	0.996540852503371
6.95	18.85	0.993038370909935	0.800465732194048	-0.000402505622962248	6.39873938529227	0.997215348363974
7.05	18.85	0.994426375704017	0.800413327223638	-0.000375196772061413	6.31889409813919	0.997770550281607
7.15	18.85	0.995563199301332	0.800367497403652	-0.000349277322532885	6.23901361751138	0.998225279720533
7.25	18.85	0.996489332155159	0.800327317110446	-0.000324777983538625	6.15910468577441	0.998595732862064
7.35	18.85	0.997239555819355	0.800291992713049	-0.0003017021659592	6.07917293020957	0.998895822327742
7.45	18.85	0.997843661831543	0.800260845979484	-0.00028003200640453	5.99922302161177	0.999137464732617
7.55	18.85	0.998327069948042	0.80023329869222	-0.000259733453434057	5.91925881314434	0.999330827979217
7.65	18.85	0.998711369395796	0.800208858712482	-0.000240760507930819	5.83928346213034	0.999484547758319
7.75	18.85	0.999014799041541	0.800187107570525	-0.000223058714629026	5.75929953682247	0.999605919616616
7.85	18.85	0.999252677046383	0.800167689558033	-0.000206568000783144	5.67930910977575	0.999701070818553
7.95	18.85	0.999437786998816	0.80015030223864	-0.000191224952760762	5.59931383917705	0.999775114799527
8.05	18.85	0.999580725201278	0.800134688261072	-0.000176964614990548	5.5193150393127	0.999832290080511
8.15	18.85	0.999690212355805	0.800120628344644	-0.000163721886962964	5.43931374124303	0.999876084942322
8.25	18.85	0.999773372078939	0.800107935304382	-0.000151432585984014	5.35931074467697	0.999909348831576
8.35	18.85	0.999835978271118	0.800096448986808	-0.000140034235030463	5.27930666198168	0.999934391308447
8.45	18.85	0.999882673220431	0.800086031995837	-0.000129466627015007	5.19930195521293	0.999953069288173
8.55	18.85	0.999917158324585	0.80007656609838	-0.000119672209397758	5.11929696700257	0.999966863329834
8.65	18.85	0.999942359389448	0.800067949210264	-0.000110596326406026	5.03929194608829	0.999976943755779
8.75	18.85	0.999960568553886	0.800060092874666	-0.000102187350219732	4.9592870682152	0.999984227421554
8.85	18.85	0.999973564964256	0.800052920156028	-9.43967267219587e-05	4.8792824530798	0.999989425985702
8.95	18.85	0.999982716358367	0.800046363882545	-8.71789570228861e-05	4.79927817792474	0.999993086543347
9.05	18.85	0.999989063709581	0.800040365180082	-8.04915319992036e-05	4.71927428832938	0.999995625483832
9.15	18.85	0.999993391026335	0.800034872248735	-7.42948333065624e-05	4.63927080667807	0.999997356410534
9.25	18.85	0.9999962823055	0.800029839340566	-6.85520117399117e-05	4.55926773872651	0.9999985129222
9.35	18.85	0.999998167507382	0.800025225904218	-6.32288512892357e-05	4.47926507862822	0.999999267002953
9.45	18.85	0.99999935926492	0.800020995867305	-5.82936251942135e-05	4.3992628127288	0.999999743705968
9.55	18.85	1.00000008186904	0.800017117032869	-5.3716948960965e-05	4.3192609223859	1.00000003274762
9.65	18.85	1.00000049389495	0.800013560569942	-4.94716335917843e-05	4.23925938602875	1.00000019755798
9.75	18.85	1.00000070565747	0.800010300582184	-4.55325418943069e-05	4.15925818063173	1.00000028226299
9.85	18.85	1.00000079251394	0.800007313741122	-4.18764493076751e-05	4.07925728274278	1.00000031700558
9.95	18.85	1.00000080487413	0.800004578973255	-3.84819105750927e-05	3.99925666917887	1.00000032194965
10.05	18.85	1.00000077563217	0.800002077191858	-3.5329132918848e-05	3.91925631747633	1.00000031025287
10.15	18.85	1.00000072560663	0.799999791066482	-3.23998561223564e-05	3.83925620616418	1.00000029024265
10.25	18.85	1.00000066746213	0.79999770482393	-2.96772396259781e-05	3.75925631491241	1.00000026698485
10.35	18.85	1.00000060848985	0.799995804075855	-2.71457566484118e-05	3.67925662459414	1.00000024339594
10.45	18.85	1.00000055254283	0.799994075668985	-2.47910951478073e-05	3.59925711729038	1.00000022101713
10.55	18.85	1.00000050135538	0.799992507554472	-2.26000654397006e-05	3.51925777625831	1.00000020054215
10.65	18.85	1.00000045542091	0.799991088673666	-2.05605141783833e-05	3.43925858587771	1.00000018216836
10.75	18.85	1.00000041455945	0.799989808857877	-1.86612443723995e-05	3.35925953158591	1.00000016582378
10.85	18.85	1.00000037827115	0.799988658740287	-1.68919411932526e-05	3.27926059980794	1.00000015130846
10.95	18.85	1.00000034594619	0.799987629678157	-1.52431031411455e-05	3.19926177788646	1.00000013837848
11.05	18.85	1.00000031698065	0.79998671368405	-1.37059783513504e-05	3.11926305401409	1.00000012679226
11.15	18.85	1.00000029083324	0.799985903364852	-1.22725056545471e-05	3.03926441716961	1.00000011633329
11.25	18.85	1.00000026704654	0.79998519186753	-1.09352601395129e-05	2.95926585705888	1.00000010681862
11.35	18.85	1.0000002452484	0.799984572830716	-9.68740284868035e-06	2.87926736406056	1.00000009809936
11.45	18.85	1.00000022514352	0.799984040341498	-8.52263442918833e-06	2.7992689291766	1.00000009005741
11.55	18.85	1.00000020650161	0.799983588896584	-7.43515235336867e-06	2.71927054398711	1.00000008260065
11.65	18.85	1.0000001891455	0.79998321336746	-6.41961155582777e-06	2.63927220060942	1.0000000756582
11.75	18.85	1.00000017294123	0.799982908968882	-5.47108817565765e-06	2.55927389166069	1.00000006917649
11.85	18.85	1.00000015779051	0.799982671230441	-4.58504622002669e-06	2.47927561022383	1.0000000631162
11.95	18.85	1.00000014362524	0.799982495970706	-3.75730690380307e-06	2.39927734981636	1.0000000574501
12.05	18.85	1.00000013040265	0.799982379273705	-2.98402049174512e-06	2.31927910436182	1.00000005216106
12.15	18.85	1.00000011809908	0.799982317467465	-2.26164042891223e-06	2.23928086816365	1.00000004723963
12.25	18.85	1.00000010669965	0.799982307104388	-1.58689963527757e-06	2.15928263588127	1.00000004267986
12.35	18.85	1.00000009618079	0.79998234494337	-9.56788722945969e-07	2.07928440250857	1.00000003847232
12.45	18.85	1.00000008648367	0.799982427933618	-3.6853608436482e-07	1.99928616335468	1.00000003459347
12.55	18.85	1.00000007747811	0.799982553200074	1.80410356814167e-07	1.91928791402739	1.00000003099124
12.65	18.85	1.00000006892137	0.799982718030684	6.92399854376684e-07	1.83928965041914	1.00000002756855
12.75	18.85	1.00000006042285	0.799982919865486	1.16959408544715e-06	1.75929136869564	1.00000002416914
12.85	18.85	1.00000005143474	0.799983156287503	1.61398110050705e-06	1.67929306528632	1.0000000205739
12.95	18.85	1.00000004129954	0.799983425015255	2.02738806342197e-06	1.59929473687528	1.00000001651982
13.05	18.85	1.00000002939302	0.799983723896144	2.41149291971434e-06	1.5192963803903	1.00000001175721
13.15	18.85	1.00000001540233	0.799984050899431	2.76783507071225e-06	1.43929799298594	1.00000000616093
13.25	18.85	0.999999999763207	0.799984404106597	3.0978251938425e-06	1.3592995720161	0.999999999905283
13.35	18.85	0.999999984238808	0.799984781696293	3.4027542636e-06	1.27930111499113	0.999999993695523
13.45	18.85	0.999999972545318	0.79998518192045	3.68380184371641e-06	1.19930261951632	0.999999989018127
13.55	18.85	0.999999970810808	0.799985603068967	3.94204368543363e-06	1.11930408321376	0.999999988324323
13.65	18.85	0.999999987501697	0.799986043422513	4.17845853516166e-06	1.03930550363853	0.999999995000679
13.75	18.85	1.00000003229401	0.799986501197941	4.39393411677543e-06	0.959306878214704	1.0000000129176
13.85	18.85	1.00000011326584	0.799986974499007	4.58927211653556e-06	0.879308204234696	1.00000004530634
13.95	18.85	1.00000023184441	0.799987461296164	4.765192122763e-06	0.799309478984781	1.00000009273776
14.05	18.85	1.00000037529677	0.799987959472298	4.92233452786722e-06	0.719310700071891	1.00000015011871
14.15	18.85	1.00000050736933	0.799988466982006	5.0612628158482e-06	0.639311866020562	1.00000020294773
14.25	18.85	1.00000055909351	0.79998898217412	5.18246603669109e-06	0.559312977166946	1.00000022363741
14.35	18.85	1.00000042381003	0.799989504310269	5.28636302811419e-06	0.479314036779686	1.00000016952401
14.45	18.85	0.999999962909994	0.799990034263828	5.37331054726499e-06	0.399315052168662	0.999999985163998
14.55	18.85	0.999999031043872	0.79999057529096	5.44361801677092e-06	0.31931603529866	0.999999612417549
14.65	18.85	0.999997530451045	0.799991133621953	5.49757139414339e-06	0.239317002130565	0.999999012180418
14.75	18.85	0.999995501821848	0.799991718671	5.53546743246037e-06	0.15931796963971	0.999998200728739
14.85	18.85	0.999993251383186	0.799993239740381	5.55765335635988e-06	0.0793189493000015	0.999997300553274
14.95	18.85	0.999991498243797	0.39999045437336	5.56453573403108e-06	-0.000680243751129547	0.999996599297519
0.05	18.95	-4.7580818034152e-06	0.40000546381733	0.000154963410086689	10.4590531250815	0.599998096767279
0.15	18.95	-5.33372730515182e-06	0.800016733774792	0.00015615801283311	10.4110526216903	0.599997866509078
0.25	18.95	-5.69497468496652e-06	0.800028157449748	0.000158559768081232	10.3630514584129	0.599997722010126
0.35	18.95	-5.074645294219e-06	0.800039799632792	0.000162198058521494	10.3150496073188	0.599997970141882
0.45	18.95	-2.67268926687533e-06	0.800051772555963	0.000167110365451704	10.2670470072942	0.599998930924293
0.55	18.95	2.2998480670459e-06	0.800064165604306	0.000173340841119172	10.2190435657315	0.600000919939227
0.65	18.95	1.05071357516669e-05	0.800077072679839	0.000180937366743686	10.1710391602883	0.600004202854301
0.75	18.95	2.23493641218677e-05	0.800090611218247	0.000189950447482341	10.1230336445697	0.600008939745649
0.85	18.95	3.79499174565687e-05	0.800104650957074	0.000200441912592641	10.0750268565146	0.600015179966983
0.95	18.95	5.50421219289044e-05	0.800119467209718	0.00021253917152232	10.0270186574488	0.600022016848772
1.05	18.95	6.94508450391468e-05	0.800135291392572	0.0002263161380993	9.9790089973466	0.600027780338016
1.15	18.95	7.50155844221573e-05	0.800152553127214	0.000241782236588185	9.93099797700755	0.600030006233769
1.25	18.95	6.48285292999827e-05	0.80017171620464	0.000258992638554414	9.88298588920265	0.60002593141172
1.35	18.95	3.22721263726797e-05	0.800193393247126	0.000278001531272879	9.83497322130344	0.600012908850549
1.45	18.95	-2.74301317920564e-05	0.80021834324414	0.000298862842278451	9.78696061626718	0.599989027947283
1.55	18.95	-0.000115205450889273	0.800247440666239	0.000321638836080315	9.73894877630399	0.599953917819644
1.65	18.95	-0.000225939866894895	0.800281625555505	0.000346405686047194	9.69093829901163	0.599909624053242
1.75	18.95	-0.000346512874094394	0.800321839091169	0.000373248382626556	9.64292944668706	0.599861394850362
1.85	18.95	-0.00045458067593112	0.800368945782544	0.000402235618837141	9.59492186428697	0.599818167729628
1.95	18.95	-0.000518768636360942	0.800423615297603	0.000433355597797635	9.54691428000714	0.599792492545456
2.05	18.95	-0.000501394536865741	0.80048599922342	0.000466344851318824	9.49890424947105	0.599799442185254
2.15	18.95	-0.000366854664627665	0.80055795876602	0.00050023200790378	9.45088806910425	0.599853258134149
2.25	18.95	-7.74787812648119e-05	0.80064152066379	0.000532850394541006	9.40286078976525	0.599969008487494
2.35	18.95	0.000414036083318574	0.800739530040342	0.000563025818136054	9.35481604952847	0.600165614433327
2.45	18.95	0.00117769293359973	0.800852252811957	0.000590684018174508	9.30674552365446	0.60047107717344
2.55	18.95	0.00229586745001406	0.800981779423683	0.000615028931020491	9.25863832686001	0.600918346980006
2.65	18.95	0.00386343952230859	0.801130606920221	0.000634956347762221	9.21048059460956	0.601545375808923
2.75	18.95	0.00598906409822542	0.80130148547849	0.000649092794082784	9.16225504479686	0.60239562563929
2.85	18.95	0.00879707205839483	0.801497372871118	0.000655867130390215	9.11394049302856	0.603518828823358
2.95	18.95	0.0124302604793159	0.801721421339237	0.000653587576207779	9.06551129400804	0.604972104191726
3.05	18.95	0.0170539428766851	0.801976944039941	0.000640526430640641	9.01693667436155	0.606821577150674
3.15	18.95	0.0228616966533727	0.802267321899849	0.000615028613653867	8.96817991160029	0.609144678661349
3.25	18.95	0.0300832669929217	0.802595813280692	0.000575659495858098	8.91919730077333	0.612033306797169
3.35	18.95	0.0389949956136032	0.802965214990007	0.000521404109220468	8.8699368381029	0.615597998245441
3.45	18.95	0.0499328204101043	0.803377299471605	0.000451924519931737	8.82033654541535	0.619973128164042
3.55	18.95	0.0633071426863303	0.803831927320906	0.000367871519665252	8.77032237107387	0.625322857074532
3.65	18.95	0.0796174014310247	0.804325723295778	0.000271226173477379	8.71980565041423	0.63184696057241
3.75	18.95	0.0994617101364985	0.80485024517907	0.000165611658324338	8.668680218857	0.639784684054599
3.85	18.95	0.123533230021024	0.80538973707922	5.64655295451261e-05	8.61681947896818	0.64941329200841
3.95	18.95	0.152590497124243	0.805918933203956	-4.90921332692487e-05	8.56407405929646	0.661036198849697
4.05	18.95	0.187385493960116	0.806402005919244	-0.00014288517352611	8.51027116189583	0.674954197584046
4.15	18.95	0.228534927211419	0.806794438752407	-0.000216930058668031	8.45521717612069	0.691413970884567
4.25	18.95	0.276333134437845	0.807049682604427	-0.000265220343875689	8.39870537319908	0.710533253775138
4.35	18.95	0.330534185032985	0.807130869393143	-0.00028560327665622	8.34053004938499	0.732213674013194
4.45	18.95	0.390171258128421	0.807024219653711	-0.000280975374399029	8.28050692202821	0.756068503251368
4.55	18.95	0.453509896041456	0.8067470984774	-0.000259034629562849	8.21849693134053	0.781403958416582
4.65	18.95	0.518212016491771	0.806344224011905	-0.000230380749132475	8.15442784755272	0.807284806596709
4.75	18.95	0.581703324560233	0.805872350094288	-0.000205618617647616	8.08830704395701	0.832681329824093
4.85	18.95	0.641628255165104	0.805381923317336	-0.000192677645366973	8.02022087636674	0.856651302066042
4.95	18.95	0.696224336258169	0.804905740273422	-0.000195368765554918	7.95032075018527	0.878489734503268
5.05	18.95	0.744496074539403	0.804458237785845	-0.000213450572420794	7.87880059127214	0.897798429815761
5.15	18.95	0.786176187897438	0.804041705320597	-0.000243761530816559	7.80587248259353	0.914470475158975
5.25	18.95	0.821548542868353	0.803653507452653	-0.000281707476278473	7.7317461121985	0.928619417147341
5.35	18.95	0.851229678794653	0.803290777021565	-0.000322545314118756	7.65661483327743	0.940491871517861
5.45	18.95	0.875978726265226	0.802952141905803	-0.000362212763959074	7.58064842399623	0.950391490506091
5.55	18.95	0.896565006673707	0.802637604698601	-0.000397704686569955	7.50399105776276	0.958626002669483
5.65	18.95	0.913692808569482	0.802347778361268	-0.000427118572140872	7.42676256938026	0.965477123427793
5.75	18.95	0.927969236942805	0.802083182803949	-0.000449511835959994	7.34906137387961	0.971187694777122
5.85	18.95	0.93989897019672	0.801843840539302	-0.000464683341025349	7.270967907063	0.975959588078688
5.95	18.95	0.949893019686522	0.801629154482825	-0.000472949618194721	7.19254793818675	0.979957207874609
6.05	18.95	0.958283006171326	0.801437967145892	-0.000474951239470238	7.11385545465939	0.98331320246853
6.15	18.95	0.965336166177979	0.801268703788608	-0.000471501635608955	7.03493503258897	0.986134466471192
6.25	18.95	0.971268814761	0.80111953326027	-0.000463477836076023	6.95582371875097	0.9885075259044
6.35	18.95	0.976257473365382	0.800988511017156	-0.000451746875395672	6.87655249628768	0.990502989346153
6.45	18.95	0.980447636835209	0.800873690421225	-0.000437119995221084	6.79714741710627	0.992179054734083
6.55	18.95	0.983960484381004	0.800773200856159	-0.000420327205228346	6.71763047735709	0.993584193752402
6.65	18.95	0.986897934944828	0.800685297053784	-0.000402006011248135	6.63802029938996	0.994759173977931
6.75	18.95	0.989346431000539	0.800608385939616	-0.000382699521803319	6.55833266974805	0.995738572400215
6.85	18.95	0.991379774986126	0.800541037193333	-0.000362860410859154	6.47858097048986	0.99655190999445
6.95	18.95	0.993061273781837	0.80048198275785	-0.000342858245677128	6.39877653119226	0.997224509512735
7.05	18.95	0.994445384049059	0.800430109352516	-0.000322988477489197	6.31892892135665	0.997778153619624
7.15	18.95	0.995578999882008	0.800384446952218	-0.000303481972681872	6.23904619728239	0.998231599952803
7.25	18.95	0.996502484428351	0.800344155296193	-0.000284514376250779	6.15913511337713	0.99860099377134
7.35	18.95	0.997250517368311	0.800308509801303	-0.000266214886243408	6.07920130496686	0.998900206947324
7.45	18.95	0.997852808389786	0.800276887753696	-0.000248674213868507	5.99924944763667	0.999141123355914
7.55	18.95	0.99833471116794	0.800248755298945	-0.000231951633163641	5.9192833967337	0.999333884467176
7.65	18.95	0.9987177612872	0.800223655511371	-0.000216081107348968	5.83930630971431	0.99948710451488
7.75	18.95	0.999020153816194	0.800201197663459	-0.000201076529890459	5.75932075338395	0.999608061526478
7.85	18.95	0.999257170947686	0.80018104771503	-0.000186936147724972	5.67932879766177	0.999702868379075
7.95	18.95	0.999441566569481	0.800162919979561	-0.000173646248865908	5.59933209723285	0.999776626627792
8.05	18.95	0.999583912339297	0.800146569888723	-0.000161184201321936	5.51933196227811	0.999833564935719
8.15	18.95	0.999692908427963	0.800131787758255	-0.00014952092977879	5.43932941935946	0.999877163371185
8.25	18.95	0.999775661297279	0.800118393450602	-0.0001386229114098	5.359325263461	0.999910264518912
8.35	18.95	0.999837930488268	0.800106231830492	-0.00012845376561992	5.2793201021286	0.999935172195307
8.45	18.95	0.999884346261769	0.800095168912954	-0.000118975504463494	5.19931439259984	0.999953738504708
8.55	18.95	0.999918599946481	0.800085088611346	-0.000110149502748985	5.11930847276616	0.999967439978592
8.65	18.95	0.999943608931435	0.800075890000361	-0.000101937238689551	5.03930258675717	0.999977443572574
8.75	18.95	0.999961658336774	0.800067485017958	-9.43008483849071e-05	4.95929690588077	0.999984663334709
8.85	18.95	0.999974521474685	0.800059796539517	-8.72035311227626e-05	4.87929154559297	0.999989808589874
8.95	18.95	0.99998356125193	0.800052756764997	-8.06098358958285e-05	4.79928657910849	0.999993424500772
9.05	18.95	0.999989814658606	0.800046305868862	-7.44858543122772e-05	4.71928204819967	0.999995925863442
9.15	18.95	0.999994062434013	0.800040390869016	-6.87993408693058e-05	4.63927797166722	0.999997624973605
9.25	18.95	0.999996885904806	0.800034964678208	-6.3519776929583e-05	4.55927435190483	0.999998754361922
9.35	18.95	0.999998712860737	0.800029985306612	-5.86183921684538e-05	4.47927117992071	0.999999485144295
9.45	18.95	0.999999854178585	0.80002541518972	-5.40681539323292e-05	4.39926843912474	0.999999941671434
9.55	18.95	1.0000005327346	0.800021220620195	-4.98437330643524e-05	4.31926610813991	1.00000021309384
9.65	18.95	1.00000090596878	0.800017371265487	-4.59214529094147e-05	4.23926416285224	1.00000036238751
9.75	18.95	1.00000108328799	0.80001383975696	-4.22792263442643e-05	4.15926257787431	1.0000004333152
9.85	18.95	1.00000113932494	0.800010601338154	-3.8896485212129e-05	4.07926132756339	1.00000045572998
9.95	18.95	1.00000112391174	0.800007633562649	-3.57541048289676e-05	3.99926038670662	1.0000004495647
10.05	18.95	1.00000106948194	0.800004916033268	-3.2834326196433e-05	3.91925973096117	1.00000042779278
10.15	18.95	1.00000099648607	0.800002430176051	-3.01206774214852e-05	3.83925933711778	1.00000039859443
10.25	18.95	1.00000091729358	0.800000159043734	-2.75978958467373e-05	3.75925918323956	1.00000036691743
10.35	18.95	1.00000083895743	0.799998087144106	-2.52518516851794e-05	3.67925924871505	1.00000033558297
10.45	18.95	1.00000076513688	0.799996200289701	-2.3069474037341e-05	3.59925951425439	1.00000030605475
10.55	18.95	1.00000069740697	0.799994485465676	-2.10386796035787e-05	3.51925996184944	1.00000027896279
10.65	18.95	1.00000063612867	0.799992930713392	-1.91483045880693e-05	3.43926057471249	1.00000025445147
10.75	18.95	1.00000058101039	0.799991525027522	-1.73880398609562e-05	3.35926133720401	1.00000023240416
10.85	18.95	1.00000053145695	0.79999025826487	-1.57483696165424e-05	3.27926223475603	1.00000021258278
10.95	18.95	1.00000048677596	0.799989121063421	-1.42205135300716e-05	3.19926325379573	1.00000019471038
11.05	18.95	1.00000044629102	0.799988104770203	-1.27963723554731e-05	3.11926438167187	1.00000017851641
11.15	18.95	1.00000040939655	0.79998720137696	-1.14684769804862e-05	3.03926560658549	1.00000016375862
11.25	18.95	1.00000037557744	0.799986403462598	-1.02299408023123e-05	2.95926691752574	1.00000015023098
11.35	18.95	1.00000034440935	0.799985704141553	-9.07441533644922e-06	2.87926830421085	1.00000013776374
11.45	18.95	1.00000031554947	0.799985097017453	-7.99604890454376e-06	2.79926975703421	1.00000012621979
11.55	18.95	1.00000028872395	0.7999845761413	-6.98944831850404e-06	2.71927126701526	1.00000011548958
11.65	18.95	1.00000026371562	0.799984135973804	-6.0496433025767e-06	2.6392728257547	1.00000010548625
11.75	18.95	1.00000024035362	0.799983771351212	-5.17205366023022e-06	2.55927442539372	1.00000009614145
11.85	18.95	1.00000021850558	0.79998347745436	-4.35245880700452e-06	2.47927605857667	1.00000008740223
11.95	18.95	1.00000019807186	0.799983249780449	-3.58696979561347e-06	2.39927771841703	1.00000007922874
12.05	18.95	1.00000017898049	0.799983084117357	-2.87200341151128e-06	2.31927939846608	1.0000000715922
12.15	18.95	1.00000016118078	0.799982976520135	-2.20425838334851e-06	2.2392810926843	1.00000006447231
12.25	18.95	1.00000014463275	0.799982923289469	-1.58069351080649e-06	2.1592827954152	1.0000000578531
12.35	18.95	1.0000001292896	0.799982920952083	-9.9850753064391e-07	2.07928450136164	1.00000005171584
12.45	18.95	1.00000011507086	0.799982966242856	-4.55120671811615e-07	1.99928620556477	1.00000004602834
12.55	18.95	1.00000010182624	0.799983056088814	5.18422614316739e-08	1.91928790338559	1.00000004073049
12.65	18.95	1.00000008929428	0.799983187594975	5.24567352813759e-07	1.83928959048944	1.00000003571771
12.75	18.95	1.00000007706688	0.799983358032131	9.65065760539633e-07	1.75929126283303	1.00000003082675
12.85	18.95	1.00000006457994	0.799983564826573	1.3751866341762e-06	1.67929291665362	1.00000002583198
12.95	18.95	1.00000005116082	0.799983805551493	1.75662895199796e-06	1.59929454845874	1.00000002046433
13.05	18.95	1.00000003617137	0.799984077919353	2.11095230675147e-06	1.51929615501403	1.00000001446855
13.15	18.95	1.00000001928621	0.799984379773889	2.43958678536956e-06	1.43929773332533	1.00000000771448
13.25	18.95	1.00000000093007	0.799984709079646	2.74384201257128e-06	1.35929928061033	1.00000000037203
13.35	18.95	0.999999982856871	0.799985063906054	3.02491543080308e-06	1.27930079425474	0.999999993142749
13.45	18.95	0.999999968775439	0.799985442402842	3.28389985543867e-06	1.19930227175008	0.999999987510175
13.55	18.95	0.999999964808152	0.799985842764014	3.52179033066208e-06	1.11930371061471	0.999999985923261
13.65	18.95	0.999999979416813	0.799986263180038	3.73949019559861e-06	1.03930510830947	0.999999991766725
13.75	18.95	1.00000002227263	0.79998670178278	3.93781632491694e-06	0.959306462173059	1.00000000890905
13.85	18.95	1.00000010144667	0.799987156595817	4.11750335407035e-06	0.879307769420937	1.00000004057867
13.95	18.95	1.00000021835438	0.799987625514046	4.27920687168755e-06	0.799309027270493	1.00000008734175
14.05	18.95	1.00000036024362	0.799988106349468	4.42350561043923e-06	0.719310233267569	1.00000014409745
14.15	18.95	1.00000049083243	0.79998859699085	4.55090302223948e-06	0.63931138588322	1.00000019633297
14.25	18.95	1.00000054111533	0.799989095727081	4.66182911046881e-06	0.559312485407489	1.00000021644613
14.35	18.95	1.00000040439245	0.799989601767117	4.75664403280191e-06	0.479313535069881	1.00000016175698
14.45	18.95	0.999999942021189	0.799990115940958	4.83564573327673e-06	0.399314542147301	0.999999976808476
14.55	18.95	0.999999008641815	0.799990641473477	4.89908437948989e-06	0.319315518576229	0.999999603456726
14.65	18.95	0.999997506527905	0.799991184579253	4.94718639862857e-06	0.239316480291479	0.999999002611162
14.75	18.95	0.999995476467428	0.799991754674833	4.98018982105756e-06	0.159317444241028	0.999998190586971
14.85	18.95	0.999993224855175	0.79999326106353	4.99838692794191e-06	0.0793184218659921	0.99999728994207
14.95	18.95	0.999991471017993	0.399990461568137	5.00212041753509e-06	-0.000680771731951096	0.999996588407197
0.05	19.05	-4.74716959591904e-06	0.400006035631628	0.000143274790070046	10.4590441609516	0.599998101132162
0.15	19.05	-5.30652653805451e-06	0.800018448614348	0.000144374345256741	10.4110435885938	0.599997877389385
0.25	19.05	-5.63540118442405e-06	0.800031029061164	0.000146581595986366	10.3630422867622	0.599997745839526
0.35	19.05	-4.96771110983427e-06	0.800043851953055	0.000149923979725311	10.3150402258174	0.599998012915556
0.45	19.05	-2.50752649831111e-06	0.800057037879762	0.000154435055471963	10.2670373425226	0.599998996989401
0.55	19.05	2.52686029461722e-06	0.800070684156767	0.000160153400179858	10.2190335418213	0.600001010744118
0.65	19.05	1.07952210100472e-05	0.800084890818248	0.000167118471765525	10.1710286987593	0.600004318088404
0.75	19.05	2.2702491624651e-05	0.800099766875116	0.00017536475458441	10.1230226640371	0.60000908099665
0.85	19.05	3.82000444622953e-05	0.800115298522476	0.000184921589685499	10.0750152736876	0.600015280017785
0.95	19.05	5.55449545784884e-05	0.800131501911748	0.000195853857680104	10.0270063831658	0.600022217981831
1.05	19.05	7.00183094612454e-05	0.800148843011441	0.00020820833739111	9.97899593811599	0.600028007323784
1.15	19.05	7.55739361980913e-05	0.800167661723978	0.000221976274721667	9.93098404013072	0.600030229574479
1.25	19.05	6.53733427173974e-05	0.800188397243788	0.000237141971854152	9.88297098110801	0.600026149337087
1.35	19.05	3.2854386763553e-05	0.800211629478744	0.000253679003489415	9.8349572477394	0.600013141754705
1.45	19.05	-2.66780721040996e-05	0.800238075555289	0.000271556059519076	9.78694348250345	0.599989328771158
1.55	19.05	-0.00011403718166388	0.80026855868297	0.000290745326911462	9.7389303867601	0.599954385127334
1.65	19.05	-0.000223978427277716	0.800303959528124	0.000311226994871606	9.69091855648655	0.599910408629089
1.75	19.05	-0.000343273927902843	0.800345155309407	0.000332980223829336	9.64290825189068	0.599862690428839
1.85	19.05	-0.000449572399946441	0.800392945291191	0.000355946761939467	9.59489911708044	0.599820171040021
1.95	19.05	-0.000511755422780197	0.800447925681975	0.000379953046379799	9.54688988545581	0.599795297830888
2.05	19.05	-0.000492905075304062	0.800510279054729	0.000404574412302992	9.49887813693076	0.599802837969878
2.15	19.05	-0.000357000693593881	0.800580858845157	0.000428897228866493	9.45086021827541	0.599857199722562
2.25	19.05	-7.10721004398421e-05	0.800663915911685	0.00045121980456219	9.40283129877596	0.599971571159824
2.35	19.05	0.000419842581632578	0.800759029971967	0.000470088505018251	9.35478510104133	0.600167937032653
2.45	19.05	0.00118477884944533	0.800867235811772	0.000484646029338892	9.30671332005951	0.600473911539778
2.55	19.05	0.00230597595505271	0.800990274260519	0.000493829718531988	9.25860512501155	0.600922390382021
2.65	19.05	0.00387869741888689	0.801130196337952	0.000496387155633646	9.21044672232934	0.601551478967555
2.75	19.05	0.00601224836414632	0.80128921619351	0.000490860572776088	9.16222091446079	0.602404899345659
2.85	19.05	0.00883184537701929	0.801469695834301	0.000475632860661569	9.11390661275744	0.603532738150808
2.95	19.05	0.0124814379610741	0.801674147127569	0.000449021616409127	9.06547827481422	0.60499257518443
3.05	19.05	0.0171278043152892	0.801905209921827	0.000409408329676625	9.01690523179375	0.606851121726116
3.15	19.05	0.0229663507021173	0.802165580635831	0.00035540866880557	8.9681508599794	0.609186540280847
3.25	19.05	0.0302290696922326	0.802457860101368	0.00028609777729021	8.91917153724598	0.612091627876893
3.35	19.05	0.0391950163038745	0.802784272906526	0.00020130342591835	8.86991531282895	0.61567800652155
3.45	19.05	0.0502033284490733	0.803146186211219	0.000101971511373025	8.82032021352832	0.620081331379629
3.55	19.05	0.0636680520070111	0.803543329317425	-9.41006218609571e-06	8.77031212200276	0.625467220802804
3.65	19.05	0.0800925479537144	0.803972601645665	-0.000128377276193688	8.71980221141128	0.632037019181486
3.75	19.05	0.100078741194207	0.804426392965181	-0.000248149008353848	8.66868403317191	0.640031496477683
3.85	19.05	0.124322756906299	0.804890494254581	-0.000359556924915761	8.6168305663114	0.649729102762519
3.95	19.05	0.153584032628368	0.80534204135864	-0.000451496626896245	8.56409187798253	0.661433613051347
4.05	19.05	0.188611656809855	0.805748547083593	-0.000512165558673181	8.51029450764542	0.675444662723942
4.15	19.05	0.23001361680891	0.806069744672056	-0.000531218568458667	8.4552441674496	0.692005446723564
4.25	19.05	0.278068074004971	0.80626401973038	-0.000502604341557139	8.39873357751619	0.711227229601989
4.35	19.05	0.332505458383662	0.806299614695286	-0.000427289437153484	8.34055678308657	0.733002183353465
4.45	19.05	0.39233079293288	0.806167208821774	-0.000314630230066496	8.28052970260221	0.756932317173152
4.55	19.05	0.455783188028733	0.805886968420929	-0.000181299512708579	8.21851398113102	0.782313275211493
4.65	19.05	0.520507622212394	0.805503943963274	-4.7657163149509e-05	8.15443848862312	0.808203048884957
4.75	19.05	0.583928031885263	0.805072570672617	6.7189454846379e-05	8.08831183325522	0.833571212754105
4.85	19.05	0.643702659949401	0.804638923857503	0.00014964493287664	8.02022142564942	0.85748106397976
4.95	19.05	0.69809336922213	0.804230457619892	0.000193677296674178	7.95031930602922	0.879237347688852
5.05	19.05	0.746131964448107	0.803856354306046	0.000200390740902352	7.87879953567325	0.898452785779243
5.15	19.05	0.787574991469004	0.803514432168777	0.000175943065028111	7.80587391080778	0.915029996587602
5.25	19.05	0.82272334077348	0.803198651443943	0.000128979215309114	7.73175157503849	0.929089336309392
5.35	19.05	0.852203399922708	0.802903804731335	6.84594301684093e-05	7.65662525143013	0.940881359969083
5.45	19.05	0.876778341473605	0.802627098301774	2.25529036601334e-06	7.58066413134461	0.950711336589442
5.55	19.05	0.897217617715152	0.802367839270097	-6.35054784311607e-05	7.50401191622536	0.958887047086061
5.65	19.05	0.914223427249367	0.802126480791303	-0.000124549598798846	7.42678810683224	0.965689370899747
5.75	19.05	0.928399785292253	0.801903751767547	-0.000178255069364149	7.34909091402856	0.971359914116901
5.85	19.05	0.94024804141169	0.80170011689509	-0.000223315402037135	7.27100067609263	0.976099216564676
5.95	19.05	0.950176052084391	0.801515550748044	-0.000259385731038814	7.19258314399639	0.980070420833757
6.05	19.05	0.958512643963548	0.801349522023461	-0.000286769758702236	7.11389234066101	0.983405057585419
6.15	19.05	0.965522675686602	0.801201085647451	-0.000306169549294645	7.03497291064084	0.986209070274641
6.25	19.05	0.971420487831983	0.801069011185306	-0.000318499408624179	6.95586198634057	0.988568195132793
6.35	19.05	0.976380987556428	0.800951907161651	-0.000324755458363979	6.8765906425838	0.990552395022571
6.45	19.05	0.980548362728739	0.800848323302355	-0.000325929452999977	6.79718502162913	0.992219345091496
6.55	19.05	0.984042740774088	0.800756826035927	-0.000322955676922232	6.71766720410674	0.993617096309635
6.65	19.05	0.986965197221263	0.800676049274511	-0.000316681442627673	6.63805588847764	0.994786078888505
6.75	19.05	0.989401499467282	0.800604725095971	-0.000307853738612643	6.55836692793862	0.995760599786913
6.85	19.05	0.991424909938181	0.800541699369779	-0.000297116461316435	6.47861376158198	0.996569963975273
6.95	19.05	0.993098303398511	0.800485936799925	-0.000285014225546047	6.39880776681306	0.997239321359404
7.05	19.05	0.994475790353773	0.800436518963095	-0.000271999959896724	6.31895855250201	0.997790316141509
7.15	19.05	0.995603987123151	0.800392638020134	-0.000258444395095233	6.23907420676575	0.99824159484926
7.25	19.05	0.996523033446795	0.800353588012117	-0.00024464620391152	6.15916150923939	0.998609213378718
7.35	19.05	0.997267428836269	0.800318755049624	-0.000230842010416381	6.07922611482962	0.998906971534508
7.45	19.05	0.997866737236598	0.800287607256141	-0.000217215803321285	5.99927271393934	0.999146694894639
7.55	19.05	0.998346194040509	0.800259685006177	-0.000203907502668935	5.91930517277238	0.999338477616204
7.65	19.05	0.99872723851245	0.800234591776521	-0.000191020570697159	5.83932665639095	0.99949089540498
7.75	19.05	0.999027987025803	0.800211985778558	-0.000178628649151878	5.75933973657287	0.999611194810321
7.85	19.05	0.999263657279011	0.800191572440822	-0.000166781260951089	5.6793464861045	0.999705462911605
7.95	19.05	0.999446950160025	0.800173097747443	-0.000155508646003877	5.59934856087914	0.99977878006401
8.05	19.05	0.999588393676033	0.800156342398991	-0.000144825817739853	5.51934727099928	0.999835357470413
8.15	19.05	0.999696651989724	0.800141116739711	-0.000134735931965786	5.43934364196905	0.99987866079589
8.25	19.05	0.999778801831874	0.800127256383414	-0.000125233058949802	5.35933846698647	0.999911520732749
8.35	19.05	0.999840578190727	0.800114618465261	-0.000116304444502603	5.2793323512861	0.999936231276291
8.45	19.05	0.999886591061828	0.800103078447013	-0.000107932338558546	5.19932574943144	0.999954636424731
8.55	19.05	0.999920515068541	0.800092527406115	-0.00010009546143902	5.11931899640587	0.999968206027417
8.65	19.05	0.999945253855815	0.800082869743246	-9.27701691409491e-05	5.03931233329779	0.999978101542326
8.75	19.05	0.999963081264793	0.80007402124942	-8.59313709340676e-05	4.95930592831881	0.999985232505917
8.85	19.05	0.999975761380045	0.80006590747868	-7.95532443411436e-05	4.87929989383299	0.999990304552018
8.95	19.05	0.999984649585508	0.800058462379844	-7.36097858580412e-05	4.79929430001209	0.999993859834203
9.05	19.05	0.999990776761919	0.800051627145602	-6.80752290414706e-05	4.71928918566716	0.999996310704768
9.15	19.05	0.99999491870742	0.800045349243815	-6.29243564656136e-05	4.63928456674256	0.999997967482968
9.25	19.05	0.999997652769192	0.800039581600451	-5.81327270831946e-05	4.5592804428964	0.999999061107677
9.35	19.05	0.999999403545581	0.800034281908715	-5.36768365782665e-05	4.47927680253224	0.999999761418232
9.45	19.05	1.00000047936444	0.800029412042738	-4.95342251063477e-05	4.3992736265918	1.00000019174578
9.55	19.05	1.00000110107401	0.800024937558081	-4.56835437236953e-05	4.31927089136865	1.00000044042961
9.65	19.05	1.00000142450619	0.800020827264176	-4.21045889170365e-05	4.23926857055778	1.00000056980248
9.75	19.05	1.00000155779611	0.800017052856709	-3.87783125630647e-05	4.15926663671681	1.00000062311844
9.85	19.05	1.00000157457265	0.800013588599866	-3.5686813034358e-05	4.07926506228048	1.00000062982906
9.95	19.05	1.0000015238761	0.800010411050445	-3.2813312400924e-05	3.99926382024105	1.00000060955044
10.05	19.05	1.00000143751496	0.800007498817173	-3.01421232328681e-05	3.91926288458319	1.00000057500598
10.15	19.05	1.00000133544516	0.800004832349782	-2.76586079652155e-05	3.83926223054159	1.00000053417806
10.25	19.05	1.00000122964308	0.800002393753501	-2.5349133272507e-05	3.75926183473376	1.00000049185723
10.35	19.05	1.00000112684727	0.800000166625258	-2.32010211153903e-05	3.67926167520686	1.00000045073891
10.45	19.05	1.00000103046324	0.799998135908594	-2.12024980246304e-05	3.59926173142773	1.00000041218529
10.55	19.05	1.00000094185904	0.799996287764836	-1.93426436953834e-05	3.51926198423686	1.00000037674362
10.65	19.05	1.00000086122466	0.799994609458276	-1.76113397287431e-05	3.43926241578127	1.00000034448986
10.75	19.05	1.0000007881252	0.799993089253826	-1.59992193126494e-05	3.35926300943645	1.00000031525008
10.85	19.05	1.00000072184368	0.799991716325361	-1.44976181753286e-05	3.27926374972427	1.00000028873747
10.95	19.05	1.00000066158259	0.79999048067364	-1.30985273084775e-05	3.1992646222313	1.00000026463304
11.05	19.05	1.00000060657361	0.799989373052632	-1.17945477002773e-05	3.11926561353029	1.00000024262944
11.15	19.05	1.0000005561297	0.799988384903229	-1.05788471913678e-05	3.03926671110621	1.00000022245188
11.25	19.05	1.00000050966283	0.799987508293554	-9.44511967647772e-06	2.95926790328758	1.00000020386513
11.35	19.05	1.00000046668277	0.799986735865107	-8.38754657634131e-06	2.87926917918335	1.00000018667311
11.45	19.05	1.00000042678673	0.799986060784074	-7.40076068822891e-06	2.79927052862512	1.00000017071469
11.55	19.05	1.00000038964597	0.799985476697268	-6.47981231150539e-06	2.71927194211437	1.00000015585839
11.65	19.05	1.00000035499286	0.799984977692135	-5.62013768430527e-06	2.63927341077435	1.00000014199715
11.75	19.05	1.00000032261004	0.799984558260427	-4.81752954683666e-06	2.55927492630616	1.00000012904402
11.85	19.05	1.00000029232217	0.799984213265141	-4.06810984341258e-06	2.47927648094861	1.00000011692887
11.95	19.05	1.00000026398986	0.799983937910293	-3.36830440735804e-06	2.39927806744139	1.00000010559594
12.05	19.05	1.00000023750435	0.799983727713341	-2.7148195385897e-06	2.31927967899142	1.00000009500174
12.15	19.05	1.00000021278086	0.799983578479873	-2.10462041579876e-06	2.23928130924183	1.00000008511234
12.25	19.05	1.00000018974781	0.79998348628041	-1.53491112983296e-06	2.15928295224383	1.00000007589912
12.35	19.05	1.0000001683291	0.79998344742926	-1.00311635643295e-06	2.07928460243101	1.00000006733164
12.45	19.05	1.00000014841708	0.799983458465149	-5.06864502715054e-07	1.99928625459656	1.00000005936683
12.55	19.05	1.00000012983617	0.799983516133869	-4.39722321431573e-08	1.91928790387319	1.00000005193447
12.65	19.05	1.00000011230141	0.799983617372859	3.87569719055194e-07	1.83928954571613	1.00000004492056
12.75	19.05	1.0000000953828	0.799983759297807	7.89609483486997e-07	1.75929117588883	1.00000003815312
12.85	19.05	1.0000000784959	0.799983939191291	1.16384592793417e-06	1.67929279045087	1.00000003139836
12.95	19.05	1.00000006094914	0.799984154493161	1.51183946367162e-06	1.59929438574655	1.00000002437966
13.05	19.05	1.00000004208701	0.799984402791956	1.83502191009605e-06	1.51929595839171	1.0000000168348
13.15	19.05	1.00000002156831	0.799984681816025	2.13470549687148e-06	1.43929750525487	1.00000000862732
13.25	19.05	0.999999999803718	0.799984989422241	2.41209107896285e-06	1.35929902342799	0.999999999921487
13.35	19.05	0.999999978535	0.799985323579282	2.6682755973498e-06	1.2793005101819	0.999999991414
13.45	19.05	0.999999961460751	0.799985682342325	2.90425885594346e-06	1.19930196290331	0.9999999845843
13.55	19.05	0.999999954694899	0.799986063816324	3.12094955596463e-06	1.11930337901526	0.999999981877959
13.65	19.05	0.999999966691952	0.7999864661076	3.31917058093401e-06	1.03930475589217	0.999999986676781
13.75	19.05	1.00000000711581	0.799986887268184	3.49966336945207e-06	0.959306090794672	1.00000000284633
13.85	19.05	1.00000008402843	0.799987325245699	3.66309130351946e-06	0.879307380868238	1.00000003361137
13.95	19.05	1.00000019883198	0.799987777862676	3.81004197553239e-06	0.799308623267991	1.00000007953279
14.05	19.05	1.00000033875461	0.799988242862248	3.9410284260292e-06	0.719309815485086	1.00000013550184
14.15	19.05	1.00000046748675	0.799988718068073	4.05648966483204e-06	0.639310955943351	1.0000001869947
14.25	19.05	1.00000051598839	0.799989201708411	4.15679134440549e-06	0.559312044892927	1.00000020639536
14.35	19.05	1.00000037752292	0.799989692937422	4.24222802877994e-06	0.47931308553043	1.00000015100917
14.45	19.05	0.999999913419049	0.799990192538373	4.31302934160328e-06	0.399314085106169	0.999999965367619
14.55	19.05	0.999998978312207	0.79999070370079	4.36937285670823e-06	0.319315055534916	0.999999591324883
14.65	19.05	0.99999747451441	0.799991232619951	4.41140686686911e-06	0.239316012732266	0.999998989805764
14.75	19.05	0.999995442912703	0.799991788713776	4.43928544632126e-06	0.159316973625884	0.999998177165081
14.85	19.05	0.999993190066534	0.799993281284199	4.45321321199432e-06	0.0793179496310517	0.999997276026613
14.95	19.05	0.999991435511144	0.399990468489692	4.45343608561244e-06	-0.000681244178786587	0.999996574204458
0.05	19.15	-4.72935934869746e-06	0.400006555659207	0.000130500366077832	10.4590359322763	0.59999810825626
0.15	19.15	-5.26877624817527e-06	0.800020005853643	0.000131496225891838	10.4110352969455	0.599997892489501
0.25	19.15	-5.55770918041997e-06	0.800033633907899	0.000133492168029334	10.3630338688028	0.599997776916328
0.35	19.15	-4.82989401109283e-06	0.800047522869165	0.000136513427764896	10.3150316166162	0.599998068042396
0.45	19.15	-2.29242799405432e-06	0.800061799938942	0.000140589586225702	10.2670284752339	0.599999083028802
0.55	19.15	2.82497696247467e-06	0.800076570366913	0.000145754231660749	10.2190243474067	0.600001129990785
0.65	19.15	1.11526563532615e-05	0.800091941997193	0.000152041312720482	10.1710191060431	0.600004461062541
0.75	19.15	2.30499651942103e-05	0.800108043878701	0.000159475851203943	10.1230126005965	0.600009219986078
0.85	19.15	3.86541334059104e-05	0.800124768509106	0.00016805201092005	10.0750046654748	0.600015461653362
0.95	19.15	5.59417010950711e-05	0.800142278269086	0.000177775527265813	10.0269951542318	0.600022376680438
1.05	19.15	7.03721400608582e-05	0.800160925097857	0.000188678101751643	9.97898401129627	0.600028148856024
1.15	19.15	7.58391700187591e-05	0.800181046607881	0.000200740796665904	9.9309713386292	0.600030335668007
1.25	19.15	6.54939723785644e-05	0.800203056958417	0.000213887799030873	9.88295743104273	0.600026197588951
1.35	19.15	3.28262478674753e-05	0.80022749582071	0.00022802260350051	9.83494277927346	0.600013130499147
1.45	19.15	-2.6756875128571e-05	0.800255023393439	0.000243039950311485	9.78692803023709	0.599989297249949
1.55	19.15	-0.000113924707099608	0.80028638964276	0.00025883189205625	9.73891388963504	0.59995443011716
1.65	19.15	-0.000223266919716924	0.800322386347359	0.000275290614153739	9.69090095746705	0.599910693232113
1.75	19.15	-0.000341407687276974	0.80036378433304	0.000292297867565567	9.64288949832297	0.599863436925089
1.85	19.15	-0.000445910934260709	0.800411251760501	0.000309683453963734	9.59487916359633	0.599821635626296
1.95	19.15	-0.000505613722839489	0.800465211037959	0.000327136286787451	9.5468687013163	0.599797754510864
2.05	19.15	-0.000483577024063892	0.800525475236968	0.000344097997310236	9.4988557166146	0.599806569190374
2.15	19.15	-0.000345993617579904	0.800593590290712	0.00035981898220001	9.45083661380624	0.599861602552968
2.25	19.15	-5.73959081366109e-05	0.80067222731336	0.000373153081301145	9.40280664607481	0.599977041636745
2.35	19.15	0.000436228371977983	0.800761507223554	0.00038234639727583	9.35475962323985	0.600174491348791
2.45	19.15	0.00120511204708058	0.80086197470648	0.000385784343545897	9.30668732031659	0.600482044818832
2.55	19.15	0.00233252302981522	0.800974858436021	0.000382259502937899	9.25857897631504	0.600933009211926
2.65	19.15	0.00391460014486102	0.801101597531638	0.000370477857460358	9.21042087424656	0.601565840057944
2.75	19.15	0.00606157564211835	0.80124374569455	0.000348952173550005	9.16219590555712	0.602424630256847
2.85	19.15	0.00889980545994967	0.801402969170019	0.000316059430681862	9.11388308115158	0.60355992218398
2.95	19.15	0.0125746957115818	0.801581050045885	0.000270162388327446	9.06545696318335	0.605029878284633
3.05	19.15	0.0172548793772007	0.80177987243292	0.000209773239739801	9.01688698450538	0.60690195175088
3.15	19.15	0.0231380934927696	0.802001375050674	0.000133767871648646	8.96813660969003	0.609255237397108
3.25	19.15	0.0304592171479154	0.802247443178555	4.16670824812724e-05	8.91916227728825	0.612183686859166
3.35	19.15	0.0395008201365775	0.802519695216916	-6.6001586290879e-05	8.86991205061083	0.615800328054631
3.45	19.15	0.0506062229417128	0.802819094726872	-0.000187259216506983	8.82032389941614	0.620242489176685
3.55	19.15	0.0641942780976015	0.803145291180967	-0.000318170342350575	8.77032354833844	0.625677711239041
3.65	19.15	0.0807735633584711	0.803495576241017	-0.000452344025850948	8.7198218783805	0.632309425343388
3.75	19.15	0.10095111126289	0.803863373457172	-0.00058057844130224	8.66871198362191	0.640380444505156
3.85	19.15	0.125427040677489	0.80423632614175	-0.000690878804556496	8.61686620201714	0.650170816270996
3.95	19.15	0.154961998067976	0.804594401432046	-0.000769163784161009	8.5641337864355	0.66198479922719
4.05	19.15	0.190301107307896	0.804909026836929	-0.000800980157233953	8.51034034992517	0.676120442923158
4.15	19.15	0.232040429503578	0.805144918506403	-0.000774352546205402	8.45529069748079	0.692816171801431
4.25	19.15	0.280436030217657	0.80526627924038	-0.000683407590498272	8.3987768665102	0.712174412087063
4.35	19.15	0.33518615298394	0.805247427394514	-0.000531706208365605	8.3405926903365	0.734074461193576
4.45	19.15	0.395257714775418	0.805084395855238	-0.000333694573999419	8.28055455292058	0.758103085910167
4.55	19.15	0.458854447593971	0.804800752412223	-0.000112952113103862	8.2185252980794	0.783541779037588
4.65	19.15	0.523599258678955	0.804441984189886	0.000102768719802134	8.15443555102268	0.809439703471582
4.75	19.15	0.586914824580768	0.804059761567694	0.000288002464383001	8.08829584265635	0.834765929832307
4.85	19.15	0.646479126494062	0.803694927509746	0.00042496736619495	8.0201952129673	0.858591650597625
4.95	19.15	0.700587593044311	0.803368559642082	0.000506023711281168	7.95028669266399	0.880235037217724
5.05	19.15	0.748309055902766	0.803083594879746	0.00053295017126216	7.87876458309095	0.899323622361106
5.15	19.15	0.789431936334905	0.802832550116438	0.000514151063894122	7.80584028410124	0.915772774533962
5.25	19.15	0.824279544939251	0.8026053410006	0.000461298474427028	7.7317221457014	0.9297118179757
5.35	19.15	0.853490932541686	0.802393953091262	0.000386512116107081	7.65660195098417	0.941396373016675
5.45	19.15	0.877834163912575	0.802193849079242	0.000300534453648033	7.58064799531878	0.95113366556503
5.55	19.15	0.898078435136789	0.802003436333308	0.000211867340901039	7.50400323682898	0.959231374054716
5.65	19.15	0.914922832625321	0.801822898157278	0.000126608028091793	7.4267866247766	0.965969133050128
5.75	19.15	0.928967033105312	0.801653135824823	4.86911623746318e-05	7.34909600399853	0.971586813242125
5.85	19.15	0.940707818740524	0.801495074353327	-1.96935083735781e-05	7.2710115028155	0.97628312749621
5.95	19.15	0.950548777415024	0.801349316503266	-7.76540788848979e-05	7.19259878159955	0.980219510966009
6.05	19.15	0.958814993139111	0.801216038364954	-0.000125196506245845	7.1139118569835	0.983525997255644
6.15	19.15	0.965768163883972	0.801095019524884	-0.000162901307614172	7.03499542218579	0.986307265553589
6.25	19.15	0.971620021326789	0.80098573084988	-0.000191679934596424	6.95588669058922	0.988648008530716
6.35	19.15	0.976543349019998	0.800887434279627	-0.000212601235941032	6.87661683390989	0.990617339607999
6.45	19.15	0.980680620614959	0.800799272118402	-0.000226774180559853	6.79721209597239	0.992272248245983
6.55	19.15	0.984150586285245	0.800720337528744	-0.000235273091062207	6.71769465637959	0.993660234514098
6.65	19.15	0.987053217602629	0.80064972548096	-0.000239093566817694	6.63808330561585	0.994821287041052
6.75	19.15	0.989473397718781	0.800586566768593	-0.000239129716072867	6.55839397964217	0.995789359087512
6.85	19.15	0.99148368055256	0.800530048723376	-0.000236165625216459	6.47864019012921	0.996593472221024
6.95	19.15	0.99314637254621	0.800479426153174	-0.000230875930725045	6.39883337684362	0.997258549018484
7.05	19.15	0.994515127578387	0.800434025463653	-0.000223831875153047	6.31898320131631	0.997806051031355
7.15	19.15	0.995636194330208	0.80039324426214	-0.000215510365774951	6.23909779544756	0.998254477732083
7.25	19.15	0.996549415852542	0.800356548136401	-0.000206304381245542	6.15918397474559	0.998619766341017
7.35	19.15	0.997289051610378	0.800323465807823	-0.000196533659632218	6.07924742308503	0.998915620644151
7.45	19.15	0.997884470810151	0.800293583480753	-0.000186455010355786	5.99929285390818	0.99915378832406
7.55	19.15	0.998360750435696	0.800266538933757	-0.00017627187252975	5.91932415143912	0.999344300174278
7.65	19.15	0.998739200557768	0.800242015702082	-0.000166142929805937	5.83934449456294	0.999495680223107
7.75	19.15	0.999037831927912	0.800219737563942	-0.000156189714000243	5.75935646540944	0.999615132771165
7.85	19.15	0.999271775710522	0.800199463450586	-0.000146503207337207	5.67936214427692	0.999708710284209
7.95	19.15	0.99945366177547	0.800180982837237	-0.00013714949949392	5.59936319227094	0.999781464710188
8.05	19.15	0.99959395977328	0.800164111631031	-0.000128174580652821	5.51936092286354	0.999837583909312
8.15	19.15	0.999701285880646	0.800148688545996	-0.000119608363517635	5.43935636346844	0.999880514352259
8.25	19.15	0.999782677365795	0.800134571938101	-0.000111468029687011	5.35935030805054	0.999913070946318
8.35	19.15	0.999843836780174	0.800121637064455	-0.000103760792177594	5.27934336172955	0.999937534712069
8.45	19.15	0.999889347486993	0.800109773725832	-9.64861599699475e-05	5.19933597828517	0.999955738994797
8.55	19.15	0.999922862280062	0.800098884249947	-8.96377816172931e-05	5.11932849142027	0.999969144912025
8.65	19.15	0.999947266951462	0.800088881774006	-8.32049366085285e-05	5.03932114058442	0.999978906780585
8.75	19.15	0.999964820781566	0.800079688786571	-7.71737338080328e-05	4.95931409210228	0.999985928312626
8.85	19.15	0.999977276016669	0.800071235892231	-7.15280682775541e-05	4.87930745629006	0.999990910406668
8.95	19.15	0.999985978449655	0.800063460765902	-6.62503797195998e-05	4.79930130117907	0.999994391379862
9.05	19.15	0.999991951220198	0.800056307267086	-6.13222491815795e-05	4.71929566340034	0.999996780488079
9.15	19.15	0.999995963903238	0.800049724688602	-5.67248641595866e-05	4.63929055671927	0.999998385561295
9.25	19.15	0.999998588863166	0.800043667117436	-5.24393773788498e-05	4.55928597864685	0.999999435545266
9.35	19.15	1.00000024672464	0.80003809288886	-4.84471799080218e-05	4.47928191549413	1.00000009868986
9.45	19.15	1.00000124265869	0.80003296411815	-4.47301054078805e-05	4.39927834618143	1.00000049706348
9.55	19.15	1.00000179501447	0.800028246296569	-4.12705793942111e-05	4.31927524506348	1.00000071800579
9.65	19.15	1.00000205765146	0.800023907940767	-3.80517246308683e-05	4.23927258398661	1.00000082306058
9.75	19.15	1.00000213715162	0.800019920286962	-3.50574317078688e-05	4.15927033375436	1.00000085486065
9.85	19.15	1.00000210592256	0.800016257022368	-3.22724022177527e-05	4.07926846514406	1.00000084236902
9.95	19.15	1.00000201204438	0.80001289404821	-2.96821703713583e-05	3.99926694958745	1.00000080481775
10.05	19.15	1.00000188656976	0.800009809269527	-2.72731078590245e-05	3.91926575960434	1.0000007546279
10.15	19.15	1.00000174885783	0.800006982407999	-2.50324159077297e-05	3.83926486905803	1.00000069954313
10.25	19.15	1.00000161041135	0.800004394834441	-2.29481074901996e-05	3.75926425328496	1.00000064416454
10.35	19.15	1.00000147759026	0.800002029418734	-2.10089824029709e-05	3.67926388913808	1.00000059103611
10.45	19.15	1.00000135349458	0.799999870394736	-1.92045970691288e-05	3.59926375497284	1.00000054139783
10.55	19.15	1.00000123924293	0.799997903238639	-1.75252308217609e-05	3.519263830597	1.00000049569717
10.65	19.15	1.00000113481892	0.799996114559095	-1.59618498695704e-05	3.43926409719919	1.00000045392757
10.75	19.15	1.00000103961445	0.799994491997977	-1.45060700647346e-05	3.35926453726649	1.00000041584578
10.85	19.15	1.0000009527649	0.799993024140495	-1.31501192308967e-05	3.27926513449807	1.00000038110596
10.95	19.15	1.00000087334511	0.799991700433875	-1.18867997354217e-05	3.19926587371929	1.00000034933805
11.05	19.15	1.00000080047484	0.79999051111353	-1.0709451731348e-05	3.1192667407991	1.00000032018993
11.15	19.15	1.00000073336767	0.799989447136161	-9.61191754293603e-06	3.03926772257209	1.00000029334707
11.25	19.15	1.00000067134643	0.799988500118964	-8.58850729804306e-06	2.95926880676619	1.00000026853857
11.35	19.15	1.00000061384021	0.799987662284395	-7.63396621621714e-06	2.8792699819359	1.00000024553608
11.45	19.15	1.00000056037268	0.799986926409894	-6.74344345466488e-06	2.79927123740115	1.00000022414907
11.55	19.15	1.00000051054774	0.799986285782169	-5.9124627389364e-06	2.71927256319145	1.0000002042191
11.65	19.15	1.00000046403582	0.799985734155469	-5.13689471687724e-06	2.63927394999473	1.00000018561433
11.75	19.15	1.00000042056238	0.799985265713493	-4.4129310636315e-06	2.5592753891107	1.00000016822495
11.85	19.15	1.00000037989927	0.79998487503464	-3.73706034374425e-06	2.47927687240812	1.00000015195971
11.95	19.15	1.00000034185826	0.799984557060103	-3.10604548799648e-06	2.3992783922856	1.0000001367433
12.05	19.15	1.00000030628534	0.799984307064683	-2.51690294392942e-06	2.31927994163569	1.00000012251414
12.15	19.15	1.00000027305381	0.79998412062995	-1.96688330698957e-06	2.23928151381188	1.00000010922153
12.25	19.15	1.00000024205327	0.79998399361964	-1.45345346486216e-06	2.15928310259849	1.00000009682131
12.35	19.15	1.0000002131716	0.799983922157043	-9.74280108208873e-07	2.0792847021833	1.00000008526864
12.45	19.15	1.00000018626774	0.799983902604461	-5.27214563539735e-07	1.99928630713313	1.00000007450709
12.55	19.15	1.00000016113512	0.799983931544591	-1.10278849715821e-07	1.91928791237231	1.00000006445405
12.65	19.15	1.00000013745997	0.799984005763982	2.78347094957689e-07	1.8392895131643	1.00000005498399
12.75	19.15	1.00000011478553	0.799984122238607	6.40337111042433e-07	1.75929110509617	1.00000004591421
12.85	19.15	1.00000009250246	0.799984278121512	9.77229502733475e-07	1.6792926840654	1.00000003700098
12.95	19.15	1.00000006989618	0.799984470732259	1.29043677900843e-06	1.59929424626742	1.00000002795847
13.05	19.15	1.00000004628991	0.799984697547488	1.58125452049756e-06	1.51929578818148	1.00000001851596
13.15	19.15	1.00000002132308	0.799984956191237	1.85086947050426e-06	1.43929730655097	1.00000000852923
13.25	19.15	0.999999995388926	0.799985244422838	2.10036684193419e-06	1.35929879835338	0.99999999815557
13.35	19.15	0.999999970213849	0.799985560119483	2.33073695564951e-06	1.27930026075502	0.99999998808554
13.45	19.15	0.999999949483145	0.799985901250198	2.5428811542751e-06	1.19930169104742	0.999999979793258
13.55	19.15	0.999999939299322	0.79998626583843	2.73761703133969e-06	1.11930308656718	0.999999975719729
13.65	19.15	0.99999994810677	0.799986651912967	2.91568283044621e-06	1.03930444461053	0.999999979242708
13.75	19.15	0.999999985559502	0.799987057451678	3.07774094942893e-06	0.959305762367868	0.999999994223801
13.85	19.15	1.00000005970817	0.799987480330815	3.22438037972774e-06	0.879307036921939	1.00000002388327
13.95	19.15	1.00000017194019	0.799987918303869	3.35611794069868e-06	0.799308265372585	1.00000006877608
14.05	19.15	1.0000003094635	0.799988369046975	3.47339835338132e-06	0.719309445163018	1.0000001237854
14.15	19.15	1.00000043594175	0.799988830318815	3.57659339741129e-06	0.639310574676466	1.0000001743767
14.25	19.15	1.00000048230266	0.799989300285086	3.66600087296623e-06	0.559311654129838	1.00000019292106
14.35	19.15	1.00000034177659	0.799989778040901	3.74184473461457e-06	0.479312686693727	1.00000013671064
14.45	19.15	0.999999875668172	0.79999026431607	3.8042785095513e-06	0.399313679599129	0.999999950267269
14.55	19.15	0.999998938612566	0.799990762255844	3.85339493142745e-06	0.319314644747024	0.999999575445026
14.65	19.15	0.999997432963368	0.799991278026024	3.88924520362276e-06	0.239315598042564	0.999998973185347
14.75	19.15	0.999995399706846	0.799991821036759	3.91187120913595e-06	0.159316556402854	0.999998159882738
14.85	19.15	0.999993145562906	0.799993300580426	3.92135006739542e-06	0.0793175312279349	0.999997258225162
14.95	19.15	0.999991390265753	0.399990475179359	3.91778454684784e-06	-0.000681662425544456	0.999996556106301
0.05	19.25	-4.70652989801828e-06	0.400007020606711	0.000116747965977089	10.4590285010598	0.599998117388041
0.15	19.25	-5.2238922680299e-06	0.80002139627078	0.000117633410365193	10.4110278092049	0.599997910443093
0.25	19.25	-5.468713045273e-06	0.800035957399553	0.000119405525249898	10.3630262678642	0.599997812514782
0.35	19.25	-4.67364118817248e-06	0.800050792826693	0.000122087186526129	10.3150238443617	0.599998130543525
0.45	19.25	-2.04553346686984e-06	0.800066032996146	0.000125703884042341	10.267020471901	0.599999181786613
0.55	19.25	3.18469431175454e-06	0.8000817863292	0.000130283603686868	10.2190160513836	0.600001273877725
0.65	19.25	1.16420175678948e-05	0.800098162838185	0.000135853969795793	10.1710104537693	0.600004656807027
0.75	19.25	2.36429208879092e-05	0.800115278904136	0.000142434744963989	10.1230035267442	0.600009457168355
0.85	19.25	3.89710843160394e-05	0.800133190632554	0.000149990908624436	10.0749951070301	0.600015588433726
0.95	19.25	5.61561990757163e-05	0.800151805713	0.000158487131743363	10.0269850494105	0.60002246247963
1.05	19.25	7.05550576395294e-05	0.800171524414323	0.000167946800572497	9.97897329578535	0.600028222023056
1.15	19.25	7.58702467990963e-05	0.800192712575876	0.000178333101238433	9.93095995012119	0.60003034809872
1.25	19.25	6.52348678894221e-05	0.800215746572594	0.000189523208460736	9.88294531355568	0.600026093947156
1.35	19.25	3.22059654229725e-05	0.800241113238906	0.000201371400084652	9.83492988453264	0.600012882386169
1.45	19.25	-2.76922671437652e-05	0.800269401838872	0.000213717138653701	9.78691431833438	0.599988923093143
1.55	19.25	-0.000114965423690708	0.800301270442386	0.000226388867350327	9.73889932939705	0.599954013830524
1.65	19.25	-0.000224000784372982	0.800337395554803	0.000239207118131568	9.69088552663521	0.599910399686251
1.75	19.25	-0.000341215193088498	0.80037840616207	0.00025197708902351	9.64287318423561	0.599863513922765
1.85	19.25	-0.000444039798814456	0.80042479722824	0.000264454352249315	9.59486196621922	0.599822384080474
1.95	19.25	-0.000501381889310145	0.800476795355167	0.00027626048470368	9.54685064244007	0.599799447244276
2.05	19.25	-0.000476378701733355	0.800534176924835	0.000286762977712618	9.49883685858958	0.599809448519307
2.15	19.25	-0.000332182874007676	0.800596768325124	0.000295344668797549	9.45081705006421	0.599867126850397
2.25	19.25	-3.7640241164226e-05	0.800668792517187	0.00030123203816561	9.40278652222705	0.599984943903534
2.35	19.25	0.00046010146493704	0.800750496296099	0.000302450944252345	9.35473920623829	0.600184040585975
2.45	19.25	0.00123445864755691	0.800841129013372	0.000296996024056209	9.3066669888535	0.600493783459023
2.55	19.25	0.00237030472910439	0.800941350841312	0.000283673460745933	9.25855918264959	0.600948121891642
2.65	19.25	0.0039647703160356	0.801051941167041	0.000261159003937792	9.2104021490738	0.601585908126414
2.75	19.25	0.00612908611269694	0.801173764022143	0.000227947839314898	9.16217887109358	0.602451634445079
2.85	19.25	0.00899087136226731	0.801307761669786	0.000182441014550205	9.11386846070643	0.603596348544907
2.95	19.25	0.01269717557402	0.801454953349651	0.000123080069618651	9.06544558366138	0.605078870229608
3.05	19.25	0.0174187386455954	0.801616432937972	4.8525277107064e-05	9.01687976954704	0.606967495458238
3.15	19.25	0.0233559559095552	0.80179335142286	-4.21072439711764e-05	8.96813456033561	0.609342382363822
3.25	19.25	0.0307470123872583	0.801986858937812	-0.000148931923379052	8.91916643577632	0.612298804954903
3.35	19.25	0.0398785230222386	0.802197964631398	-0.000270890681182663	8.86992344170111	0.615951409208895
3.45	19.25	0.0510986478931069	0.80242724861741	-0.000405260751979805	8.82034344286578	0.620439459157243
3.55	19.25	0.0648318317004296	0.80267433141422	-0.000547101882539124	8.77035193653451	0.625932732680172
3.65	19.25	0.0815927527728125	0.802936986731307	-0.000688722602741245	8.71985941580344	0.632637101109125
3.75	19.25	0.101994442666469	0.803209809195236	-0.000819325725596947	8.66875839150246	0.640797777066587
3.85	19.25	0.12674172404498	0.803482487836432	-0.000925097301750609	8.6169204042737	0.650696689617992
3.95	19.25	0.156596658007067	0.803738079153681	-0.000990095496831194	8.56419371304483	0.662638663202826
4.05	19.25	0.192299642252322	0.803952256450618	-0.00099829054741331	8.51040281957348	0.676919856900929
4.15	19.25	0.234432556342392	0.804095128074999	-0.000936871298084	8.45535146436002	0.693773022536957
4.25	19.25	0.283225243850224	0.804137193376126	-0.000800364656933003	8.39883091871392	0.71329009754009
4.35	19.25	0.338337880488684	0.80405935546001	-0.000594315046396122	8.34063484559515	0.735335152195474
4.45	19.25	0.398692566390922	0.803863449852395	-0.000336714138894433	8.28058029769945	0.759477026556369
4.55	19.25	0.462451825627966	0.803576711344459	-5.57406850550711e-05	8.2185316817921	0.784980730251186
4.65	19.25	0.527213434851605	0.803245047545136	0.000216086848952766	8.1544218517291	0.810885373940642
4.75	19.25	0.590399617438775	0.802917061695027	0.000449317804469454	8.08826375044992	0.83615984697551
4.85	19.25	0.649712423419666	0.802627874995415	0.000623624545826554	8.02014845108796	0.859884969367866
4.95	19.25	0.703487147420936	0.802391650618706	0.000730451341774949	7.9502302221955	0.881394858968374
5.05	19.25	0.750836040758692	0.802204595936657	0.00077206515730043	7.87870367686519	0.900334416303477
5.15	19.25	0.791584525629997	0.802053535302283	0.000758311605706506	7.80577974182747	0.916633810251999
5.25	19.25	0.826081658398187	0.80192403699445	0.000702775810653802	7.73166580024007	0.930432663359275
5.35	19.25	0.854980802934317	0.801805047170771	0.000619574414551845	7.65655247934081	0.941992321173727
5.45	19.25	0.879055329827515	0.801690108402192	0.000521278606205398	7.58060696179012	0.951622131931006
5.55	19.25	0.899073837234836	0.801576599213523	0.000417923191919405	7.50397127039937	0.959629534893935
5.65	19.25	0.915731585958474	0.801464346256067	0.000316805844403128	7.42676364707824	0.96629263438339
5.75	19.25	0.929623082505232	0.801354373820018	0.000222747555177625	7.34908145262706	0.971849233002093
5.85	19.25	0.94123973429928	0.801248049601291	0.000138555865783908	7.27100452151873	0.976495893719712
5.95	19.25	0.950980144056432	0.80114661215473	6.55258581693071e-05	7.19259836774452	0.980392057622573
6.05	19.25	0.959165048154197	0.801050971286906	3.89185005919447e-06	7.11391696760561	0.983666019261679
6.15	19.25	0.966052487640083	0.800961670293289	-4.68047787694108e-05	7.03500504493178	0.986420995056033
6.25	19.25	0.971851184684427	0.800878928051134	-8.74361323744871e-05	6.9558998872814	0.988740473873771
6.35	19.25	0.976731478343129	0.800802710279294	-0.000119086776588902	6.87663276402309	0.990692591337252
6.45	19.25	0.980833871624288	0.8007328028986	-0.000142916145995687	6.79723002612093	0.992333548649715
6.55	19.25	0.98427553233648	0.800668875428416	-0.000160069226969675	6.71771396055777	0.993710212934592
6.65	19.25	0.987155163536644	0.80061053074113	-0.000171622365778744	6.63810345970114	0.994862065414658
6.75	19.25	0.989556631585144	0.800557341605454	-0.000178553686524535	6.55841455265497	0.995822652634058
6.85	19.25	0.991551674675034	0.800508876096986	-0.000181730140775991	6.47866083395856	0.996620669870013
6.95	19.25	0.993201943837075	0.800464714326888	-0.000181905357198956	6.39885381556617	0.99728077753483
7.05	19.25	0.994560565322945	0.800424458738328	-0.000179724153021115	6.31900322081735	0.997824226129178
7.15	19.25	0.995673362113141	0.800387739816985	-0.000175730846699475	6.23911723376021	0.998269344845257
7.25	19.25	0.996579832971979	0.800354218638387	-0.000170379445498032	6.15920271332439	0.998631933188792
7.35	19.25	0.99731395823244	0.800323587305164	-0.000164044449797416	6.07926537909802	0.998925583292976
7.45	19.25	0.997904880233646	0.800295568032014	-0.000157031483610728	5.99930997354667	0.999161952093458
7.55	19.25	0.998377491130672	0.800269911412645	-0.000149587283414547	5.9193404041934	0.999350996452269
7.65	19.25	0.998752950080841	0.800246394238648	-0.000141908794486026	5.83935986838333	0.999501180032337
7.75	19.25	0.999049144373169	0.800224817121869	-0.000134151268227416	5.7593709626589	0.999619657749268
7.85	19.25	0.999281104003822	0.800205002087965	-0.000126435345304981	5.6793757783781	0.999712441601529
7.95	19.25	0.999461375843127	0.800186790249501	-0.000118853166362276	5.59937598495316	0.999784550337251
8.05	19.25	0.999600361398089	0.800170039624541	-0.000111473583955596	5.5193729019218	0.999840144559236
8.15	19.25	0.999706620886917	0.800154623138052	-0.00010434656539224	5.43936756095475	0.999882648354767
8.25	19.25	0.999787145640734	0.80014042682253	-9.75068811708814e-05	5.3593607588271	0.999914858256293
8.35	19.25	0.999847600533867	0.800127348219982	-9.09771728288268e-05	5.27935310232224	0.999939040213547
8.45	19.25	0.999892538071198	0.800115294978832	-8.47704877051352e-05	5.19934504598463	0.999957015228479
8.55	19.25	0.999925585822022	0.800104183632123	-7.88923611324403e-05	5.11933692358563	0.999970234328809
8.65	19.25	0.999949609009043	0.800093938540945	-7.334251723093e-05	5.03932897411196	0.999979843603617
8.75	19.25	0.999966850187034	0.800084490984971	-6.81162511871603e-05	4.95932136302747	0.999986740074814
8.85	19.25	0.999979048045855	0.800075778381401	-6.32055466590811e-05	4.8793141994969	0.999991619218342
8.95	19.25	0.999987537429136	0.800067743614977	-5.85999745461376e-05	4.79930755019519	0.999995014971654
9.05	19.25	0.999993332665967	0.800060334462316	-5.42874119437627e-05	4.71930145026012	0.999997333066387
9.15	19.25	0.999997196268883	0.800053503095952	-5.02546137943661e-05	4.63929591188078	0.999998878507553
9.25	19.25	0.999999694963076	0.800047205654892	-4.64876643447369e-05	4.55929093095071	0.99999987798523
9.35	19.25	1.0000012448874	0.800041401870668	-4.29723307572033e-05	4.47928649215495	1.00000049795496
9.45	19.25	1.00000214765725	0.800036054739365	-3.96943373190482e-05	4.39928257280406	1.0000008590629
9.55	19.25	1.0000026188123	0.800031130231896	-3.66395754349601e-05	4.31927914567811	1.00000104752492
9.65	19.25	1.00000280999792	0.800026597036154	-3.37942616347328e-05	4.23927618109749	1.00000112399917
9.75	19.25	1.00000282605435	0.800022426325891	-3.11450539195031e-05	4.15927364839848	1.00000113042174
9.85	19.25	1.00000273802012	0.800018591552293	-2.86791344638637e-05	4.07927151695644	1.00000109520805
9.95	19.25	1.00000259289868	0.800015068254901	-2.63842656011089e-05	3.99926975687068	1.00000103715947
10.05	19.25	1.0000024208942	0.800011833889511	-2.42488245126362e-05	3.91926833940027	1.00000096835768
10.15	19.25	1.00000224069452	0.800008867670787	-2.22618210980882e-05	3.83926723722023	1.00000089627781
10.25	19.25	1.00000206326811	0.800006150428193	-2.04129027024381e-05	3.75926642455065	1.00000082530724
10.35	19.25	1.00000189454613	0.800003664473722	-1.86923486969331e-05	3.67926587719866	1.00000075781845
10.45	19.25	1.00000173728092	0.800001393480513	-1.70910573198446e-05	3.59926557254238	1.00000069491237
10.55	19.25	1.0000015923057	0.79999932237129	-1.56005267882801e-05	3.51926548947815	1.00000063692228
10.65	19.25	1.00000145936651	0.799997437215935	-1.42128322814847e-05	3.43926560834623	1.0000005837466
10.75	19.25	1.00000133765456	0.799995725137412	-1.29206000386788e-05	3.35926591084525	1.00000053506182
10.85	19.25	1.00000122613316	0.799994174225398	-1.17169797025599e-05	3.27926637994264	1.00000049045326
10.95	19.25	1.00000112372747	0.79999277345709	-1.05956156618081e-05	3.19926699978543	1.00000044949099
11.05	19.25	1.0000010294253	0.799991512624536	-9.55061809001868e-06	3.11926775561441	1.00000041177012
11.15	19.25	1.0000009423226	0.799990382268102	-8.57653415369917e-06	3.03926863368297	1.00000037692904
11.25	19.25	1.00000086163627	0.799989373615439	-7.66831981345051e-06	2.95926962118167	1.00000034465451
11.35	19.25	1.00000078669921	0.79998847852563	-6.82131249652931e-06	2.87927070616848	1.00000031467968
11.45	19.25	1.00000071694727	0.799987689437994	-6.03120480741445e-06	2.79927187750484	1.00000028677891
11.55	19.25	1.00000065190375	0.799986999325202	-5.29401949842109e-06	2.71927312479695	1.0000002607615
11.65	19.25	1.00000059116483	0.799986401650326	-4.60608573191369e-06	2.63927443834218	1.00000023646593
11.75	19.25	1.00000053438748	0.799985890327434	-3.96401669663341e-06	2.55927580907997	1.00000021375499
11.85	19.25	1.0000004812802	0.799985459685414	-3.36468859475901e-06	2.47927722854681	1.00000019251208
11.95	19.25	1.00000043159613	0.799985104434818	-2.80522103071045e-06	2.39927868883501	1.00000017263845
12.05	19.25	1.00000038512697	0.799984819637291	-2.28295868680336e-06	2.31928018255471	1.00000015405079
12.15	19.25	1.00000034169574	0.799984600677464	-1.79545433886481e-06	2.2392817027992	1.00000013667829
12.25	19.25	1.00000030114543	0.799984443237125	-1.34045310588565e-06	2.15928324311303	1.00000012045817
12.35	19.25	1.00000026332076	0.799984343271469	-9.15877911612319e-07	2.07928479746312	1.0000001053283
12.45	19.25	1.00000022804062	0.799984296987396	-5.19816052346452e-07	1.99928636021292	1.00000009121625
12.55	19.25	1.00000019506133	0.799984300823898	-1.50506872300586e-07	1.91928792609953	1.00000007802453
12.65	19.25	1.00000016403466	0.799984351434507	1.93669557005324e-07	1.83928949021415	1.00000006561387
12.75	19.25	1.00000013447187	0.799984445671951	5.14202793098313e-07	1.75929104798546	1.00000005378875
12.85	19.25	1.00000010573396	0.799984580574935	8.1246149237107e-07	1.67929259516535	1.00000004229358
12.95	19.25	1.00000007707885	0.799984753356745	1.08970201413249e-06	1.59929412781562	1.00000003083154
13.05	19.25	1.00000004780446	0.799984961395068	1.34707628016043e-06	1.51929564229296	1.00000001912178
13.15	19.25	1.00000001752701	0.799985202221503	1.58563885719556e-06	1.43929713522855	1.0000000070108
13.25	19.25	0.999999986618748	0.799985473508797	1.80635338519267e-06	1.35929860349726	0.999999994647499
13.35	19.25	0.999999956787342	0.799985773052678	2.01009830667666e-06	1.27930004417187	0.999999982714937
13.45	19.25	0.999999931701576	0.799986098745138	2.19767196745589e-06	1.19930145445878	0.99999997268063
13.55	19.25	0.999999917449474	0.799986448536334	2.36979695505808e-06	1.1193028316175	0.999999966979789
13.65	19.25	0.999999922462425	0.799986820384786	2.5271236645599e-06	1.03930417287477	0.99999996898497
13.75	19.25	0.99999995638196	0.799987212200444	2.67023290074733e-06	0.95930547535873	0.999999982552784
13.85	19.25	1.00000002724531	0.799987621793248	2.79963733323805e-06	0.879306736097016	1.00000001089812
13.95	19.25	1.00000013642373	0.799988046851321	2.91578167219491e-06	0.799307952141365	1.00000005456949
14.05	19.25	1.0000002711046	0.799988484985754	3.01904144637112e-06	0.719309120893965	1.00000010844184
14.15	19.25	1.00000039492574	0.799988933890034	3.10972054008209e-06	0.639310240704269	1.00000015797029
14.25	19.25	1.00000043878494	0.799989391664374	3.18804799812028e-06	0.559311311762851	1.00000017551397
14.35	19.25	1.00000029588316	0.799989857338529	3.25417518897648e-06	0.479312337221539	1.00000011835327
14.45	19.25	0.999999827505172	0.799990331578536	3.30817512541024e-06	0.399313324299948	0.999999931002069
14.55	19.25	0.999998888289498	0.799990817470662	3.35004663730011e-06	0.319314284894316	0.999999555315799
14.65	19.25	0.999997380632903	0.799991321132512	3.37972694284363e-06	0.239315234909993	0.999998952253161
14.75	19.25	0.999995345618857	0.799991851945711	3.39711678519771e-06	0.159316191266216	0.999998138247543
14.85	19.25	0.999993090121169	0.799993319173595	3.40212009314942e-06	0.0793171653627056	0.999997236048468
14.95	19.25	0.999991334062087	0.399990481698185	3.39463555751995e-06	-0.000682027743902388	0.999996533624835
0.05	19.35	-4.68102171588412e-06	0.400007428172732	0.000102130591179979	10.4590219226546	0.599998127591314
0.15	19.35	-5.1752057721561e-06	0.800022613447374	0.000102900472188458	10.4110211810756	0.599997929917691
0.25	19.35	-5.37380459146103e-06	0.800037989642373	0.000104439626794485	10.3630195402823	0.599997850478163
0.35	19.35	-4.50853875608709e-06	0.800053650110678	0.000106768617615279	10.3150169662898	0.599998196584497
0.45	19.35	-1.78709636828392e-06	0.800069727491499	0.000109909311311171	10.2670133908788	0.599999285161453
0.55	19.35	3.55413184042505e-06	0.800086332735516	0.000113884104551829	10.2190087134315	0.600001421652736
0.65	19.35	1.21235050940736e-05	0.800103577167392	0.000118710518593702	10.1710028035307	0.600004849402038
0.75	19.35	2.41890027573262e-05	0.800121575872992	0.000124388980714867	10.1229955082484	0.600009675601103
0.85	19.35	3.94082701583908e-05	0.800140421903952	0.000130880891662699	10.0749866661889	0.600015763308063
0.95	19.35	5.62665747809927e-05	0.800160064199936	0.000138165896790948	10.026976135155	0.600022506629912
1.05	19.35	7.06043640853385e-05	0.800180649347928	0.000146228048004576	9.97896385682336	0.600028241745634
1.15	19.35	7.57008226733078e-05	0.800202696067814	0.000154983043816709	9.93094993766594	0.600030280329069
1.25	19.35	6.46728922088107e-05	0.800226527569363	0.000164298360189956	9.88293468736012	0.600025869156883
1.35	19.35	3.1149575209362e-05	0.800252571522009	0.000174006157200548	9.83491861427832	0.600012459830084
1.45	19.35	-2.92308064660153e-05	0.800281339549345	0.000183911659631229	9.78690238474586	0.599988307677414
1.55	19.35	-0.00011680946165504	0.800313389035111	0.000193800884659148	9.73888672514529	0.599953276215338
1.65	19.35	-0.000225759452326608	0.800349268533727	0.00020344566436754	9.69087225699192	0.599909696219069
1.75	19.35	-0.000342256939336532	0.80038944799949	0.000212599092759229	9.64285926804328	0.599863097224265
1.85	19.35	-0.000443520072600716	0.800434231146574	0.000220972696507702	9.59484743856133	0.59982259197096
1.95	19.35	-0.00049834252562112	0.800483632770385	0.000228194781010961	9.54683556123241	0.599800662989752
2.05	19.35	-0.000469785974780036	0.800537229980721	0.000233788499904426	9.49882131607954	0.599812085610088
2.15	19.35	-0.000320266324229513	0.800594411635317	0.000237227839846561	9.45080118038862	0.599871893470308
2.25	19.35	-1.5924918528558e-05	0.800657355162225	0.000237231510240628	9.40277049923162	0.599993630032589
2.35	19.35	0.000486654439714066	0.800730613708243	0.000232016923888715	9.35472331808856	0.600194661775886
2.45	19.35	0.00126792464618637	0.800810060446756	0.000220149206986606	9.3066516515584	0.600507169858475
2.55	19.35	0.00241406188233034	0.800896053732407	0.000200270782162908	9.25854488180375	0.600965624752932
2.65	19.35	0.00402303903316855	0.800988744021402	0.000170957699534029	9.21038945242704	0.601609215613267
2.75	19.35	0.00620710699933076	0.801088336651161	0.000130703173104443	9.16216844014363	0.602482842799732
2.85	19.35	0.00909524044913352	0.801195057721187	7.79761987526703e-05	9.11386105710211	0.603638096179653
2.95	19.35	0.0128362489466152	0.801309160224499	1.13367828373666e-05	9.06544206865043	0.605134499578646
3.05	19.35	0.017603113559594	0.801430944344839	-7.03912027098525e-05	9.01688109394958	0.607041245423838
3.15	19.35	0.0235990483848643	0.801560775721368	-0.00016787880352667	8.96814174133348	0.609439619353946
3.25	19.35	0.0310657446307487	0.801699080349343	-0.000280968384181622	8.91918051555419	0.6124262978523
3.35	19.35	0.0402941169536099	0.801846279265949	-0.000408256923751772	8.8699454218088	0.616117646781444
3.45	19.35	0.0516374861843816	0.802002601484652	-0.000546588725055865	8.82037418746751	0.620654994473753
3.55	19.35	0.0655262813512043	0.802167682927509	-0.000690489643117921	8.77039203823315	0.626210512540482
3.65	19.35	0.08248173068636	0.802339836067728	-0.00083162916053566	8.71990902077454	0.632992692274544
3.75	19.35	0.103123322650536	0.802514895242304	-0.00095848150571463	8.66881698814298	0.641249329060214
3.85	19.35	0.128160945127853	0.802684674315969	-0.00105646562312423	8.61698659366833	0.651264378051141
3.95	19.35	0.158358157904985	0.802835406528574	-0.00110893718322958	8.56426500164816	0.663343263161994
4.05	19.35	0.194450183524143	0.802947104249217	-0.00109939190522638	8.51047550256604	0.677780073409657
4.15	19.35	0.237003459901646	0.802995364682307	-0.00101497877183011	8.45542069278989	0.694801383960659
4.25	19.35	0.286219368749725	0.802957078390952	-0.000850812119566413	8.39889104505051	0.71448774749989
4.35	19.35	0.34171693462716	0.802819811507953	-0.000613736459455798	8.34068009458989	0.736686773850864
4.45	19.35	0.402370104281942	0.802591237271266	-0.000323647764116736	8.28060569835658	0.760948041712777
4.55	19.35	0.466297565653283	0.802302221007616	-1.09190364835207e-05	8.21853404925863	0.786519026261313
4.65	19.35	0.531070972106376	0.801998978570049	0.000289868123551445	8.15440050679731	0.81242838884255
4.75	19.35	0.594113105369724	0.801726893943734	0.000547695931868318	8.08822070246392	0.837645242147889
4.85	19.35	0.653152682803458	0.801515232119359	0.000741350221719765	8.02008796400272	0.861261073121383
4.95	19.35	0.706568119671719	0.80137116451292	0.000862054945404722	7.95015792956384	0.882627247868688
5.05	19.35	0.753518077434207	0.801284148591717	0.000912376850285388	7.8786255598369	0.901407230973683
5.15	19.35	0.793867163899197	0.801235324578611	0.000902791449369512	7.80570126540358	0.917546865559679
5.25	19.35	0.827991445787761	0.801205919735055	0.000847671483317725	7.7315913687023	0.931196578315104
5.35	19.35	0.856559103442674	0.801181827729945	0.000761950158153667	7.65648522423184	0.94262364137707
5.45	19.35	0.880348807530783	0.801154636300061	0.000658961439444229	7.58054878338401	0.952139523012313
5.55	19.35	0.900128273805469	0.801120645842146	0.000549404432364082	7.50392302665936	0.960051309522188
5.65	19.35	0.916588539533443	0.801079272213009	0.000441125456689218	7.42672539946496	0.966635415813377
5.75	19.35	0.930318529308569	0.80103161195825	0.00033937918413075	7.34905270871069	0.972127411723428
5.85	19.35	0.941803900741273	0.800979433294402	0.000247302738237274	7.27098444309014	0.976721560296509
5.95	19.35	0.951437952085273	0.800924579300885	0.000166432216421682	7.19258593351598	0.980575180834109
6.05	19.35	0.959536810581399	0.800868673232516	9.71709745017614e-05	7.11391109145117	0.98381472423256
6.15	19.35	0.966354650691674	0.800813011635419	3.91730081322916e-05	7.03500465615409	0.98654186027667
6.25	19.35	0.972097018640034	0.800758558953133	-8.36408519118165e-06	6.95590398104405	0.988838807456013
6.35	19.35	0.976931677145562	0.800705988328298	-4.64869414976543e-05	6.87664042971483	0.990772670858225
6.45	19.35	0.980997053830526	0.80065573725045	-7.63399805433816e-05	6.79724046019839	0.992398821532211
6.55	19.35	0.984408650417274	0.800608062345553	-9.90692443582139e-05	6.71772646899471	0.99376346016691
6.65	19.35	0.987263834019127	0.80056308673221	-0.000115763033658373	6.63811745386339	0.994905533607651
6.75	19.35	0.989645399467646	0.800520838182111	-0.000127418491427999	6.55842954133589	0.995858159787058
6.85	19.35	0.991624224467386	0.800481278567118	-0.00013492585842875	6.47867641346599	0.996649689786955
6.95	19.35	0.993261267801746	0.800444325926205	-0.000139064320954346	6.39886965912198	0.997304507120698
7.05	19.35	0.994609097632929	0.800409870644397	-0.00014050511463368	6.31901906807552	0.997843639053172
7.15	19.35	0.99571308596052	0.800377787099023	-0.00013981886904705	6.23913288092872	0.998285234384208
7.25	19.35	0.996612366237846	0.800347941892746	-0.000137485149156582	6.1592180041556	0.998644946495138
7.35	19.35	0.997340622165648	0.800320199554453	-0.000133902846177894	6.07928019686486	0.998936248866259
7.45	19.35	0.997926754652554	0.800294426381631	-0.000129400561664677	5.9993242340265	0.999170701861022
7.55	19.35	0.998395458920584	0.800270492932036	-0.00012424646782244	5.91935404962211	0.999358183568234
7.65	19.35	0.998767733173614	0.800248275544297	-0.000118657357695933	5.83937286230857	0.999507093269446
7.75	19.35	0.999061332933189	0.800227657169971	-0.000112806752558164	5.75938328560378	0.999624533173275
7.85	19.35	0.999291180180385	0.800208527727362	-0.000106832032626862	5.67938742422109	0.999716472072154
7.95	19.35	0.999469733162722	0.800190784132239	-0.000100840619444225	5.59938695793068	0.999787893265089
8.05	19.35	0.999607320644752	0.800174330119457	-9.49152737323962e-05	5.51938321416547	0.999842928257901
8.15	19.35	0.999712443141971	0.800159075938607	-8.9118591795226e-05	5.43937723048274	0.999884977256789
8.25	19.35	0.999792043014459	0.80014493798193	-8.34967903801958e-05	5.35936980791786	0.999916817205784
8.35	19.35	0.999851745013035	0.800131838385522	-7.80828703002881e-05	5.27936155620756	0.999940698005214
8.45	19.35	0.999896068821387	0.800119704630583	-7.28992444024142e-05	5.19935293180772	0.999958427528555
8.55	19.35	0.999928615217123	0.800108469161189	-6.79599086152018e-05	5.11934426957774	0.999971446086849
8.65	19.35	0.999952227608312	0.80009806902788	-6.32722266817282e-05	5.03933580894821	0.999980891043325
8.75	19.35	0.999969130839131	0.800088445560847	-5.8838390431311e-05	4.95932771532897	0.999987652335652
8.85	19.35	0.999981049267081	0.800079544073112	-5.46566096268744e-05	4.87932009745159	0.999992419706833
8.95	19.35	0.999989306177478	0.800071313591903	-5.07220771094677e-05	4.79931302127472	0.999995722470991
9.05	19.35	0.999994906612024	0.800063706615204	-4.70277483605422e-05	4.71930652101392	0.999997962644809
9.15	19.35	0.999998605648211	0.80005667889003	-4.35649682548865e-05	4.63930060779186	0.999999442259285
9.25	19.35	1.00000096408087	0.800050189209048	-4.03239723415418e-05	4.55929527634062	1.00000038563235
9.35	19.35	1.0000023933352	0.800044199222181	-3.72942853012254e-05	4.47929051012748	1.00000095733408
9.45	19.35	1.00000319129199	0.800038673260859	-3.44650355914219e-05	4.39928628521947	1.00000127651679
9.55	19.35	1.00000357054008	0.8000335781725	-3.18252014856702e-05	4.3192825731508	1.00000142821603
9.65	19.35	1.00000368039803	0.800028883163701	-2.93638014883051e-05	4.23927934301184	1.00000147215921
9.75	19.35	1.00000362387352	0.800024559651137	-2.7070039455844e-05	4.1592765629382	1.00000144954941
9.85	19.35	1.00000347056171	0.800020581119127	-2.49334131290436e-05	4.0792742011439	1.00000138822468
9.95	19.35	1.00000326632768	0.800016922983697	-2.29437930300481e-05	3.99927222661331	1.00000130653107
10.05	19.35	1.00000304047497	0.800013562462684	-2.1091477593256e-05	3.91927060954174	1.00000121618999
10.15	19.35	1.00000281097532	0.800010478451948	-1.93672292649383e-05	3.83926932159452	1.00000112439013
10.25	19.35	1.00000258822366	0.8000076514076	-1.77622955282283e-05	3.75926833603756	1.00000103528946
10.35	19.35	1.00000237768759	0.800005063234325	-1.62684179407584e-05	3.67926762777969	1.00000095107504
10.45	19.35	1.0000021817405	0.800002697179757	-1.48778319773181e-05	3.59926717335599	1.0000008726962
10.55	19.35	1.00000200090174	0.800000537734966	-1.35832597449452e-05	3.51926695087385	1.0000008003607
10.65	19.35	1.00000183465372	0.799998570541018	-1.23778973298629e-05	3.43926693993692	1.00000073386149
10.75	19.35	1.00000168196293	0.799996782301465	-1.12553982518523e-05	3.35926712155752	1.00000067278517
10.85	19.35	1.00000154159835	0.799995160700649	-1.02098541869353e-05	3.27926747806474	1.00000061663934
10.95	19.35	1.00000141231478	0.79999369432767	-9.23577386054589e-06	3.1992679930128	1.00000056492591
11.05	19.35	1.00000129294888	0.799992372605782	-8.32806088240561e-06	3.11926865109267	1.00000051717955
11.15	19.35	1.00000118246106	0.799991185726914	-7.48199110683636e-06	3.03926943804838	1.00000047298443
11.25	19.35	1.0000010799456	0.799990124591151	-6.69319004829924e-06	2.95927034059902	1.00000043197824
11.35	19.35	1.00000098462373	0.799989180750821	-5.95761050775183e-06	2.87927134636657	1.00000039384949
11.45	19.35	1.00000089582904	0.799988346358867	-5.27151093844472e-06	2.7992724438095	1.00000035833162
11.55	19.35	1.0000008129908	0.799987614121333	-4.63143452845592e-06	2.71927362216183	1.00000032519632
11.65	19.35	1.00000073561851	0.799986977253529	-4.03418924899759e-06	2.63927487137732	1.0000002942474
11.75	19.35	1.00000066328903	0.799986429439661	-3.4768289173998e-06	2.55927618207832	1.00000026531561
11.85	19.35	1.00000059563681	0.799985964795699	-2.95663531683303e-06	2.47927754550881	1.00000023825473
11.95	19.35	1.0000005323464	0.799985577835064	-2.47110142789748e-06	2.39927895349133	1.00000021293856
12.05	19.35	1.00000047314601	0.799985263437066	-2.0179157286161e-06	2.31928039838733	1.0000001892584
12.15	19.35	1.00000041779984	0.799985016817765	-1.59494758273827e-06	2.23928187306087	1.00000016711994
12.25	19.35	1.00000036609641	0.799984833503079	-1.20023366206261e-06	2.15928337084527	1.00000014643856
12.35	19.35	1.00000031782995	0.799984709304113	-8.3196538268289e-07	2.0792848855129	1.00000012713198
12.45	19.35	1.0000002727726	0.799984640294507	-4.88477293897596e-07	1.99928641124801	1.00000010910904
12.55	19.35	1.00000023063734	0.799984622789932	-1.68236411470467e-07	1.9192879426228	1.00000009225494
12.65	19.35	1.00000019103576	0.799984653329725	1.30167594620864e-07	1.83928947457673	1.0000000764143
12.75	19.35	1.00000015344187	0.799984728660742	4.08031377892502e-07	1.75929100239895	1.00000006137675
12.85	19.35	1.00000011718215	0.799984845723368	6.66546104121913e-07	1.67929252171318	1.00000004687286
12.95	19.35	1.0000000814826	0.799985001639438	9.06804917653589e-07	1.59929402846359	1.00000003259304
13.05	19.35	1.00000004561167	0.799985193701333	1.12980969253336e-06	1.51929551889902	1.00000001824467
13.15	19.35	1.00000000915859	0.799985419360871	1.33647716346135e-06	1.43929698955194	1.00000000366343
13.25	19.35	0.999999972471038	0.799985676215834	1.52764437997696e-06	1.35929843720708	0.999999988988415
13.35	19.35	0.999999937234593	0.799985961991197	1.70407359944421e-06	1.27929985885506	0.999999974893837
13.45	19.35	0.999999907098352	0.799986274511711	1.86645649298896e-06	1.19930125162771	0.999999962839341
13.55	19.35	0.999999888132843	0.799986611663117	2.01541769381157e-06	1.11930261271711	0.999999955253137
13.65	19.35	0.99999988875367	0.799986971341632	2.15151751583158e-06	1.0393039392894	0.999999955501468
13.75	19.35	0.999999918587412	0.799987351396186	2.27525369441277e-06	0.959305228418762	0.999999967434965
13.85	19.35	0.999999985655928	0.79998774957614	2.38706194906331e-06	0.879306477085404	0.999999994262371
13.95	19.35	1.00000009131317	0.799988163508527	2.48731510985332e-06	0.7993076823002	1.00000003652527
14.05	19.35	1.00000022272584	0.799988590741805	2.57632062962189e-06	0.719308841431234	1.00000008909034
14.15	19.35	1.00000034350714	0.799989028904235	2.65431642277967e-06	0.639309952800944	1.00000013740286
14.25	19.35	1.00000038452755	0.799989476027219	2.72146525620146e-06	0.559311016580418	1.00000015381102
14.35	19.35	1.00000023896225	0.799989931067393	2.77784828337986e-06	0.479312035909982	1.0000000955849
14.45	19.35	0.999999768079957	0.799990394613465	2.82345895707727e-06	0.399313018006037	0.999999907231983
14.55	19.35	0.999998826525221	0.799990869671935	2.85819931282496e-06	0.319313974769808	0.999999530610088
14.65	19.35	0.999997316737565	0.799991362283279	2.88188169744703e-06	0.239314922119	0.999998926695026
14.75	19.35	0.999995279892537	0.799991881764349	2.89424052856053e-06	0.15931587699052	0.999998111957015
14.85	19.35	0.999993023007342	0.799993337311311	2.89495872020528e-06	0.0793168508035045	0.999997209202937
14.95	19.35	0.99999126617773	0.399990488121878	2.88365609797196e-06	-0.000682341361817805	0.999996506471092
0.05	19.45	-4.65546722801888e-06	0.400007776836799	8.6764652432874e-05	10.4590162455048	0.599998137813109
0.15	19.45	-5.12683302940087e-06	0.800023653492353	8.74150280393887e-05	10.4110154612685	0.599997949266788
0.25	19.45	-5.28025267755403e-06	0.800039725075631	8.87143484553168e-05	10.3630137352316	0.599997887898929
0.35	19.45	-4.34762000691704e-06	0.80005608888081	9.06803845976478e-05	10.3150110322438	0.599998260951997
0.45	19.45	-1.54080245186278e-06	0.800072879868779	9.33309775573753e-05	10.2670072828771	0.599999383679019
0.55	19.45	3.88971282638307e-06	0.800090212556733	9.66823565657857e-05	10.2190023853365	0.60000155588513
0.65	19.45	1.25189626064241e-05	0.800108201605146	0.000100742359866295	10.1709962084698	0.600005007585043
0.75	19.45	2.45552759200296e-05	0.800126964905537	0.000105499154547662	10.1229885999038	0.600009822110368
0.85	19.45	3.96207793394282e-05	0.800146623808988	0.000110915175163051	10.0749794009886	0.600015848311736
0.95	19.45	5.66005840292072e-05	0.800166918693136	0.000116995237749636	10.0269684689593	0.600022640233612
1.05	19.45	7.06617109989592e-05	0.800188286516521	0.000123694011053653	9.97895574767207	0.6000282646844
1.15	19.45	7.53901995194049e-05	0.800211038254796	0.000130882429610186	9.93094135129593	0.600030156079808
1.25	19.45	6.39024654998834e-05	0.800235475443644	0.000138431946401083	9.88292559698116	0.6000255609862
1.35	19.45	2.98388502148145e-05	0.80026197829756	0.000146171976517914	9.83490900343909	0.600011935540086
1.45	19.45	-3.10836207649136e-05	0.800290987639317	0.000153895881828377	9.78689224944443	0.599987566551694
1.55	19.45	-0.000119059272576866	0.800322963341347	0.000161372416792856	9.73887607518126	0.599952376290969
1.65	19.45	-0.000228053460427767	0.80035832586667	0.000168353696278879	9.69086111690944	0.599908778615829
1.75	19.45	-0.000343985894076753	0.800397381234461	0.000174575771933885	9.64284767824537	0.599862405642369
1.85	19.45	-0.00044377217156876	0.800440227367421	0.000179749950220145	9.59483545741616	0.599822491131372
1.95	19.45	-0.000495805852594644	0.800486630867716	0.000183554745962544	9.5468232682442	0.599801677658962
2.05	19.45	-0.000462549339381429	0.800535855078385	0.000185651326199361	9.49880881283663	0.599814980264248
2.15	19.45	-0.000306359288917732	0.800586497086949	0.000185597109644187	9.45078858888239	0.599877456284433
2.25	19.45	-7.60252564557859e-07	0.800644021743449	0.000181588323605223	9.40275805482922	0.599999695898974
2.35	19.45	0.000509691359289288	0.800707144575517	0.000172105032309945	9.35471135525593	0.600203876543716
2.45	19.45	0.0013006723878526	0.800774336699918	0.000156470200126725	9.30664054869983	0.600520268955141
2.55	19.45	0.00245897404209753	0.800845243362738	0.000133268587344907	9.25853511156054	0.600983589616839
2.65	19.45	0.00408371092820022	0.800919434446952	0.000101045675751973	9.21038157921071	0.60163348437128
2.75	19.45	0.00628843430785265	0.800996429857141	5.83478151927799e-05	9.16216312189247	0.602515373723141
2.85	19.45	0.0092036222244093	0.801075722557114	3.75801538965469e-06	9.11385904690869	0.603681448889764
2.95	19.45	0.0129799051525589	0.80115680369251	-6.40133472808556e-05	9.06544421168911	0.605191962061024
3.05	19.45	0.0177925205204031	0.801239200630677	-0.000145972455701166	9.01688831570346	0.607117008208161
3.15	19.45	0.0238474938538532	0.801322525425804	-0.000242613394469637	8.96815502281853	0.609538997541541
3.25	19.45	0.0313900057322321	0.801406518226257	-0.000353606575209335	8.91920085034622	0.612556002292893
3.35	19.45	0.0407152531516325	0.801491052895781	-0.000477395889027038	8.86997374864491	0.616286101260653
3.45	19.45	0.0521817069996102	0.801576046674739	-0.000610708573447641	8.82041129155532	0.620872682799844
3.55	19.45	0.0662257820537395	0.801661183384089	-0.000748010743093524	8.77043841499465	0.626490312821496
3.65	19.45	0.0833752714312748	0.801745333326536	-0.000880995052802263	8.71996469892554	0.63335010857251
3.75	19.45	0.104256142378213	0.801825567957545	-0.000998270580137009	8.66888131671318	0.641702456951285
3.85	19.45	0.129583357044708	0.801895791881773	-0.00108553119564979	8.61705801204575	0.651833342817883
3.95	19.45	0.160121934768747	0.80194533859727	-0.00112656773980194	8.56434083433391	0.664048773907499
4.05	19.45	0.196601791368848	0.801958430249869	-0.00110546917475592	8.51055184884639	0.678640716547539
4.15	19.45	0.239573670660888	0.801915963540698	-0.00101009157831577	8.45549250617938	0.695829468264355
4.25	19.45	0.289210150897941	0.801800970576219	-0.000836266559766484	8.3989524977699	0.715684060359176
4.35	19.45	0.345088808708182	0.801607382571098	-0.000591406130329431	8.34072527199147	0.738035523483273
4.45	19.45	0.406035407531224	0.801348395391271	-0.000295651916371533	8.2806295536167	0.76241416301249
4.55	19.45	0.470125228845438	0.80105822800774	2.08007435511461e-05	8.2185333994899	0.788050091538175
4.65	19.45	0.534904680620516	0.800783237998215	0.00032392675947175	8.15437475240348	0.813961872248206
4.75	19.45	0.597798142219102	0.800565594129627	0.000583450821929403	8.08817199556563	0.839119256887641
4.85	19.45	0.656561787096983	0.800428891172884	0.000778835165200593	8.02002075196556	0.862624714838793
4.95	19.45	0.709617416512396	0.800373627410283	0.000901724178025373	7.95007804765487	0.883846966604958
5.05	19.45	0.756169849802908	0.800382877847543	0.000954790848366092	7.87853919234434	0.902467939921163
5.15	19.45	0.796122319804397	0.800432437161519	0.00094836302681205	7.80561407123271	0.918448927921759
5.25	19.45	0.82987727862148	0.80049945459141	0.000896528479583219	7.73150793058222	0.931950911448592
5.35	19.45	0.858117197306988	0.800566944702122	0.000813910273112497	7.65640883299433	0.943246878922795
5.45	19.45	0.881625682187527	0.800624632181145	0.000713582479353054	7.58048147724495	0.952650272875011
5.55	19.45	0.90116935652494	0.800667767617072	0.000606068682183707	7.50386577921229	0.960467742609976
5.65	19.45	0.917434941635516	0.80069534089243	0.000499127292537852	7.42667836568318	0.966973976654206
5.75	19.45	0.93100576506748	0.800708479567675	0.000397998739330703	7.34901546876922	0.972402306026992
5.85	19.45	0.942361763949727	0.800709298398954	0.000305859374127235	7.27095621244015	0.976944705579891
5.95	19.45	0.951890982991108	0.8007001874415	0.000224318203591071	7.19256572799005	0.980756393196443
6.05	19.45	0.959904998412214	0.800683427989727	0.00015386887923172	7.11389784806519	0.983961999364886
6.15	19.45	0.966654175143468	0.800661019697858	9.42610983921545e-05	7.03499731587701	0.986661670057387
6.25	19.45	0.972340935214077	0.800634629063342	4.4785553885344e-05	6.95590154153653	0.988936374085631
6.35	19.45	0.977130509688052	0.800605600027191	4.48126112461495e-06	6.87664197573111	0.990852203875221
6.45	19.45	0.981159288078863	0.800574991531396	-2.77205040334504e-05	6.79724517817312	0.992463715231545
6.55	19.45	0.984541136331657	0.800543623007485	-5.29009665841847e-05	6.71773365094871	0.993816454532663
6.65	19.45	0.987372109759919	0.800512118523955	-7.20943935940412e-05	6.6381264944707	0.994948843903968
6.75	19.45	0.989733950574266	0.800480945752417	-8.62539801598291e-05	6.55843993091795	0.995893580229707
6.85	19.45	0.99169669058359	0.800450448702223	-9.62350899681166e-05	6.47868772883675	0.996678676233436
6.95	19.45	0.993320607444194	0.800420874465352	-0.000102789959619399	6.39888155357729	0.997328242977678
7.05	19.45	0.994657719609614	0.800392394715002	-0.000106569648428533	6.31903126136174	0.997863087843845
7.15	19.45	0.995752954355762	0.800365122818204	-0.000108130288464094	6.23914514970121	0.998301181742305
7.25	19.45	0.996645084462292	0.800339127369788	-0.000107941628302964	6.15923017321389	0.998658033784917
7.35	19.45	0.997367500417749	0.800314442845927	-0.000106396540062694	6.07929213130011	0.9989470001671
7.45	19.45	0.997948864218681	0.800291077955266	-0.000103820636859566	5.99933583231849	0.999179545687472
7.55	19.45	0.998413676013692	0.800269022158461	-0.000100481479245543	5.91936523766118	0.999365470405477
7.65	19.45	0.998782774437638	0.800248250735996	-9.65970762840383e-05	5.83938358828146	0.999513109775055
7.75	19.45	0.999073784289978	0.800228728709815	-9.23435371454012e-05	5.75939351566344	0.999629513715991
7.85	19.45	0.999301520342191	0.800210413864432	-8.78618287684298e-05	5.67939713885279	0.999720608136876
7.95	19.45	0.999478352855274	0.80019325906447	-8.32636559176812e-05	5.59939614892645	0.99979134114211
8.05	19.45	0.99961453836776	0.800177214025505	-7.86365177898966e-05	5.51939188212308	0.999845815347104
8.15	19.45	0.999718518122613	0.800162226663248	-7.40480137961837e-05	5.43938538275224	0.999887407249045
8.25	19.45	0.999797185875141	0.80014824411903	-6.95494807192715e-05	5.35937745692636	0.999918874350057
8.35	19.45	0.999856126569504	0.800135213538	-6.51790432833312e-05	5.2793687181015	0.999942450627802
8.45	19.45	0.999899827344805	0.80012308265889	-6.09641578339161e-05	5.19935962535966	0.999959930937922
8.55	19.45	0.999931862429124	0.800111800260056	-5.6923721965243e-05	5.11935051531249	0.99997274497165
8.65	19.45	0.999955053627302	0.800101316495356	-5.3069816196396e-05	5.03934162844967	0.999982021450921
8.75	19.45	0.999971608256138	0.8000915831449	-4.94091357156692e-05	4.95933313069537	0.999988643302455
8.85	19.45	0.999983236497793	0.800082553799019	-4.59441627727728e-05	4.87932513087198	0.999993294599117
8.95	19.45	0.99999125021187	0.800074183989197	-4.26741230412661e-05	4.79931769470411	0.999996500084748
9.05	19.45	0.999996645262676	0.800066431275787	-3.95957629140619e-05	4.71931085592837	0.99999865810507
9.15	19.45	1.0000001693819	0.800059255300423	-3.67039786548547e-05	4.63930462500813	1.00000006775276
9.25	19.45	1.00000237750446	0.800052617808809	-3.39923235938713e-05	4.55929899588764	1.00000095100178
9.35	19.45	1.00000367639563	0.800046482648604	-3.14534149211076e-05	4.47929395115925	1.00000147055825
9.45	19.45	1.0000043602406	0.800040815746541	-2.90792580070866e-05	4.3992894659608	1.00000174409624
9.55	19.45	1.0000046387037	0.800035585068101	-2.68615034234664e-05	4.319285510869	1.00000185548148
9.65	19.45	1.0000046587923	0.800030760562767	-2.47916485220306e-05	4.23928205400858	1.00000186351692
9.75	19.45	1.00000452168811	0.800026314097817	-2.28611940905024e-05	4.15927906255696	1.00000180867525
9.85	19.45	1.00000429554236	0.800022219383048	-2.10617641829401e-05	4.07927650378929	1.00000171821694
9.95	19.45	1.00000402507535	0.800018451888788	-1.93851961855314e-05	3.99927434577909	1.00000161003014
10.05	19.45	1.00000373867912	0.800014988759339	-1.78236066143432e-05	3.91927255784519	1.00000149547165
10.15	19.45	1.00000345359503	0.800011808723588	-1.63694375472607e-05	3.83927111081511	1.00000138143801
10.25	19.45	1.00000317962791	0.800008892004456	-1.50154873374012e-05	3.75926997715845	1.00000127185117
10.35	19.45	1.00000292176359	0.800006220228597	-1.37549289712561e-05	3.67926913103065	1.00000116870544
10.45	19.45	1.00000268197734	0.800003776337371	-1.25813186027368e-05	3.5992685482569	1.00000107279094
10.55	19.45	1.00000246045509	0.800001544500078	-1.14885964083054e-05	3.51926820627797	1.00000098418204
10.65	19.45	1.00000225639605	0.799999510030216	-1.04710816509125e-05	3.43926808407329	1.00000090255842
10.75	19.45	1.00000206852274	0.799997659305175	-9.5234632546166e-06	3.35926816207221	1.0000008274091
10.85	19.45	1.00000189539107	0.799995979689806	-8.64078723272347e-06	3.27926842206047	1.00000075815643
10.95	19.45	1.00000173556748	0.799994459464181	-7.81844175383004e-06	3.19926884708684	1.00000069422699
11.05	19.45	1.00000158772028	0.799993087755465	-7.05214079613383e-06	3.11926942137281	1.00000063508811
11.15	19.45	1.00000145065801	0.799991854474123	-6.33790686532592e-06	3.03927013022694	1.0000005802632
11.25	19.45	1.00000132333695	0.799990750254242	-5.67205329353255e-06	2.95927095996488	1.00000052933478
11.35	19.45	1.00000120485224	0.799989766398082	-5.05116659670147e-06	2.87927189783517	1.00000048194089
11.45	19.45	1.00000109442164	0.799988894824341	-4.47208896270227e-06	2.79927293195089	1.00000043776866
11.55	19.45	1.0000009913678	0.799988128020419	-3.93190135070252e-06	2.71927405122691	1.00000039654712
11.65	19.45	1.00000089510177	0.799987458997977	-3.42790711456589e-06	2.63927524532217	1.00000035804071
11.75	19.45	1.00000080510943	0.799986881252032	-2.95761641390095e-06	2.55927650458687	1.00000032204377
11.85	19.45	1.000000720941	0.799986388722976	-2.51873144396578e-06	2.47927782001385	1.0000002883764
11.95	19.45	1.00000064220309	0.799985975761534	-2.1091324302702e-06	2.39927918319398	1.00000025688123
12.05	19.45	1.00000056855171	0.799985637096403	-1.72686461065483e-06	2.31928058627514	1.00000022742068
12.15	19.45	1.00000049968423	0.799985367804236	-1.37012595497895e-06	2.23928202192445	1.00000019987369
12.25	19.45	1.00000043532727	0.799985163282009	-1.03725582417283e-06	2.15928348329378	1.00000017413091
12.35	19.45	1.00000037521773	0.79998501922153	-7.26724408031085e-07	2.07928496398835	1.00000015008709
12.45	19.45	1.00000031907468	0.799984931586049	-4.37122969825306e-07	1.99928645803849	1.00000012762987
12.55	19.45	1.00000026656194	0.799984896589039	-1.6715486526294e-07	1.9192879598747	1.00000010662478
12.65	19.45	1.00000021724557	0.799984910675128	8.43727114444883e-08	1.83928946430611	1.00000008689823
12.75	19.45	1.00000017055743	0.799984970503292	3.18556280084188e-07	1.75929096650205	1.00000006822297
12.85	19.45	1.00000012578496	0.799985072932256	5.3640297754363e-07	1.67929246197617	1.00000005031398
12.95	19.45	1.00000008211808	0.79998521500779	7.38836823220279e-07	1.59929394657164	1.00000003284723
13.05	19.45	1.00000003879196	0.799985393951224	9.26704389852203e-07	1.51929541644475	1.00000001551679
13.15	19.45	0.999999995365303	0.799985607147767	1.10077989729404e-06	1.43929686804332	0.999999998146121
13.25	19.45	0.999999952157954	0.799985852132444	1.26176978631914e-06	1.35929829807481	0.999999980863182
13.35	19.45	0.999999910830303	0.799986126570739	1.41031668623444e-06	1.27929970345952	0.999999964332121
13.45	19.45	0.999999875008862	0.799986428230557	1.5470028480027e-06	1.19930108126551	0.999999950003545
13.55	19.45	0.999999850743942	0.799986754942756	1.67235287213205e-06	1.11930242862735	0.999999940297577
13.65	19.45	0.999999846432866	0.799987104549879	1.78683569453425e-06	1.03930374265968	0.999999938573147
13.75	19.45	0.999999871685124	0.799987474847527	1.89086557928922e-06	0.959305020391099	0.99999994867405
13.85	19.45	0.999999934505615	0.799987863531078	1.98480189824477e-06	0.879306258762065	0.999999973802246
13.95	19.45	1.00000003623021	0.799988268171691	2.06894740017019e-06	0.799307454749731	1.00000001449208
14.05	19.45	1.00000016400524	0.799988686258632	2.14354465290436e-06	0.719308605694777	1.0000000656021
14.15	19.45	1.00000028142096	0.799989115355855	2.20877038597855e-06	0.639309709899059	1.00000011256838
14.25	19.45	1.00000031932345	0.799989553423282	2.2647275312518e-06	0.559310767520592	1.00000012772938
14.35	19.45	1.00000017086591	0.799989999336553	2.31143496933619e-06	0.479311781694972	1.00000006834636
14.45	19.45	0.999999697304588	0.799990453591657	2.3488151975748e-06	0.399312759643134	0.999999878921835
14.55	19.45	0.999998753291673	0.799990919089431	2.37668056946932e-06	0.319313713280916	0.999999501316669
14.65	19.45	0.999997241306808	0.79999140175356	2.39471960546019e-06	0.239314658551195	0.999998896522723
14.75	19.45	0.999995202608575	0.799991910780685	2.40248688562314e-06	0.159315612426281	0.99999808104343
14.85	19.45	0.999992944341462	0.799993355233774	2.39940269750357e-06	0.0793165863692124	0.999997177736585
14.95	19.45	0.999991186754083	0.399990494530244	2.38472414468086e-06	-0.000682604484465383	0.999996474701633
0.05	19.55	-4.63260458843568e-06	0.400008065609325	7.07684728003267e-05	10.4590115109936	0.599998146958165
0.15	19.55	-5.08361502905249e-06	0.800024514257072	7.12962670292412e-05	10.4110106913732	0.599997966553988
0.25	19.55	-5.19725628438025e-06	0.800041160882282	7.23503084226553e-05	10.363008894663	0.599997921097486
0.35	19.55	-4.20682729907387e-06	0.800058106045105	7.39448734817662e-05	10.3150060847403	0.59999831726908
0.45	19.55	-1.33012089272557e-06	0.800075486240609	7.6093262999403e-05	10.2670021912382	0.599999467951643
0.55	19.55	4.16762128064818e-06	0.800093417805148	7.88057409891863e-05	10.2189971115839	0.600001667048512
0.65	19.55	1.28352816773867e-05	0.800112015706158	8.20838889253851e-05	10.170990714412	0.600005134112671
0.75	19.55	2.48530029700417e-05	0.80013139642722	8.59147593779577e-05	10.122982848208	0.600009941201188
0.85	19.55	3.98569537522332e-05	0.800151681035704	9.02745919408873e-05	10.0749733560818	0.600015942781501
0.95	19.55	5.68509556691054e-05	0.800172533728275	9.51564539616026e-05	10.0269620952623	0.600022740382268
1.05	19.55	7.06812251888663e-05	0.800194497048982	0.000100504533576052	9.97894901290852	0.600028272490076
1.15	19.55	7.50365252145623e-05	0.800217787700404	0.000106197778819133	9.93093423105086	0.600030014610086
1.25	19.55	6.30674174033962e-05	0.800242669262842	0.000112104494184161	9.88291807488486	0.600025226966961
1.35	19.55	2.84405588480365e-05	0.800269471315359	0.000118060766680918	9.83490107335837	0.600011376223539
1.45	19.55	-3.3055316757986e-05	0.800298565109058	0.000123868959133335	9.78688391768905	0.599986777873297
1.55	19.55	-0.000121479561011518	0.800330317509233	0.000129306676361527	9.7388673620588	0.599951408175595
1.65	19.55	-0.000230597023826472	0.800365028250377	0.000134136936791322	9.69085205768654	0.59990776119047
1.75	19.55	-0.000346066068712854	0.800402852287634	0.00013811537821666	9.64283832382166	0.599861573572515
1.85	19.55	-0.00044448597157002	0.800443707717175	0.000140992834354479	9.59482587501583	0.599822205611372
1.95	19.55	-0.000493895387952021	0.800487157996575	0.000142511908393043	9.54681354201081	0.599802441844819
2.05	19.55	-0.000456519883855248	0.800532213583325	0.000142370385549046	9.49879904485776	0.599817392046458
2.15	19.55	-0.000295432742508019	0.800577147971268	0.000139996677204493	9.45077891335199	0.599881826902997
2.25	19.55	1.30345191475247e-05	0.800628501997672	0.000133896427363663	9.40274870871184	0.600005213807659
2.35	19.55	0.000530239501521914	0.800682381808561	0.000122818225772607	9.35470265853531	0.600212095800609
2.45	19.55	0.00133065713393289	0.800737956749486	0.000106108148939337	9.30663285892159	0.600532262853573
2.55	19.55	0.00250104555039305	0.800794494709434	8.26421637071709e-05	9.25852886342573	0.601000418220157
2.65	19.55	0.00414124766288822	0.800851106862676	5.11383135531604e-05	9.2103772940037	0.601656499065155
2.75	19.55	0.00636592598328418	0.800906748913764	1.02942069258706e-05	9.16216140912181	0.602546370393314
2.85	19.55	0.0093069513281036	0.800960273632432	-4.11413663617224e-05	9.11386060344287	0.603722780531241
2.95	19.55	0.0131166648178807	0.801010487076072	-0.00010428066673288	9.06544981679295	0.605246665927152
3.05	19.55	0.0179724203417931	0.801056215014707	-0.000179959473242496	9.01689881849184	0.607188968136717
3.15	19.55	0.0240828744595282	0.801096385175869	-0.000268534365232762	8.96817131786896	0.609633149783811
3.25	19.55	0.0316964711640585	0.801130117625297	-0.000369603588048949	8.9192238363909	0.612678588465623
3.35	19.55	0.0411124153110956	0.801156796407007	-0.000481644161722922	8.87000426437002	0.616444966124438
3.45	19.55	0.0526940044458113	0.801176068392115	-0.000601569583594076	8.82045002199285	0.621077601778325
3.55	19.55	0.0668832717016631	0.801187680819022	-0.000724239095122837	8.77048576260159	0.626753308680665
3.65	19.55	0.0842141789724222	0.8011910392088	-0.000841998693741379	8.72002061650886	0.633685671588969
3.75	19.55	0.105318781079737	0.801184377026475	-0.000944410906198011	8.66894510675194	0.642127512431895
3.85	19.55	0.130916791461096	0.801163545993923	-0.00101842740470188	8.61712811082645	0.652366716584439
3.95	19.55	0.161774540947187	0.801120751134279	-0.00104933843354002	8.56441462090635	0.664709816378875
4.05	19.55	0.198616826020668	0.801044095650546	-0.00102281001410378	8.51062554591801	0.679446730408267
4.15	19.55	0.241979427481363	0.80091933870881	-0.000928068440138419	8.455561263161	0.696791770992545
4.25	19.55	0.292007604998465	0.800735116065514	-0.000761728901834369	8.3990107456545	0.716803041999386
4.35	19.55	0.348239829042521	0.800491122773565	-0.000531023544582809	8.3407673904118	0.739295931617009
4.45	19.55	0.409456713038777	0.800205494165911	-0.000254742303469547	8.2806507802744	0.763782685215511
4.55	19.55	0.473693299608123	0.799915360455911	3.93221750030088e-05	8.21853077093012	0.789477319843249
4.65	19.55	0.538473180769242	0.79966704609681	0.000320110594201092	8.15434777406901	0.815389272307697
4.75	19.55	0.601223197683333	0.799499664511505	0.000560176873417344	8.08812278557889	0.840489279073333
4.85	19.55	0.659725960118504	0.799431598094627	0.000741045146852115	8.01995359559021	0.863890384047401
4.95	19.55	0.712444138644836	0.799457304667136	0.000855327157542354	7.94999853240881	0.884977655457934
5.05	19.55	0.758625546700458	0.799554139780079	0.000905603878429045	7.87845322629263	0.903450218680183
5.15	19.55	0.798209081291036	0.799693138269138	0.000901341131523868	7.80552706088508	0.919283632516414
5.25	19.55	0.831621342402798	0.799847827707224	0.000855368104292176	7.7314242646789	0.932648536961119
5.35	19.55	0.859557714070637	0.799998662214676	0.000780976844877885	7.65633168065096	0.943823085628255
5.45	19.55	0.882806099855642	0.800133699932875	0.000690052540976553	7.58041282456011	0.953122439942257
5.55	19.55	0.902131912242792	0.800247240551563	0.000592176312270013	7.50380660486113	0.960852764897117
5.65	19.55	0.91821774690067	0.800337874722179	0.000494432978972544	7.42662887093071	0.967287098760268
5.75	19.55	0.931641673850999	0.800406738179014	0.000401632557839775	7.3489753058194	0.9726566695404
5.85	19.55	0.942878296086692	0.800456238165924	0.000316717291640539	7.27092468163877	0.977151318434677
5.95	19.55	0.952310780539765	0.800489240441472	0.000241207629634066	7.19254193330219	0.980924312215906
6.05	19.55	0.960246490222694	0.800508605879473	0.000175608680492555	7.11388081131465	0.984098596089077
6.15	19.55	0.966932270824829	0.800516958357438	0.000119744841911712	7.03498605548187	0.986772908329932
6.25	19.55	0.972567662864417	0.800516591356806	7.30171374010467e-05	6.95589512312258	0.989027065145767
6.35	19.55	0.977315565162141	0.800509450759648	3.45909884239433e-05	6.87663954175338	0.990926226064857
6.45	19.55	0.981310491193593	0.800497155436258	3.5270504603488e-06	6.7972459626102	0.992524196477437
6.55	19.55	0.984664801940928	0.800481033712699	-2.1131792964155e-05	6.71773698385874	0.993865920776371
6.65	19.55	0.987473346053835	0.800462164068354	-4.03057287860723e-05	6.63813180000482	0.994989338421534
6.75	19.55	0.989816897412084	0.800441414369972	-5.48462533956282e-05	6.55844672138854	0.995926758964834
6.85	19.55	0.991764709425536	0.800419477209991	-6.55201754728959e-05	6.47869559665495	0.996705883770214
6.95	19.55	0.993376432658768	0.800396900597337	-7.30040791748389e-05	6.3988901622854	0.997350573063507
7.05	19.55	0.994703579136464	0.80037411405548	-7.78854404429401e-05	6.31904033655759	0.997881431654586
7.15	19.55	0.995790666113754	0.800351450526881	-8.06677313405956e-05	6.23915447034698	0.998316266445502
7.25	19.55	0.996676133566589	0.800329164597554	-8.17776903096383e-05	6.15923956361068	0.998670453426636
7.35	19.55	0.997393101198657	0.800307447562637	-8.15735454695534e-05	6.07930145386691	0.998957240479463
7.45	19.55	0.997970010183974	0.800286439816044	-8.03534087794258e-05	5.99934498121991	0.99918800407359
7.55	19.55	0.998431180225587	0.80026624099394	-7.83633597896183e-05	5.91937413326923	0.999372472090235
7.65	19.55	0.998797302249144	0.800246918246293	-7.58049421799451e-05	5.83939217242126	0.999518920899657
7.75	19.55	0.999085879972622	0.800228512958166	-7.28419351645276e-05	5.75940174757358	0.999634351989049
7.85	19.55	0.999311628813555	0.800211046195481	-6.96063510822092e-05	5.67940499178293	0.999724651525422
7.95	19.55	0.999486837461089	0.800194523106589	-6.620366844591e-05	5.59940360729367	0.999794734984436
8.05	19.55	0.999621695474428	0.800178936474307	-6.27173429481493e-05	5.51939893915154	0.999848678189771
8.15	19.55	0.999724589120031	0.80016426957971	-5.92126584239756e-05	5.43939203852633	0.999889835648012
8.25	19.55	0.999802367067545	0.800150498510234	-5.57399874143908e-05	5.35938371679469	0.999920946827018
8.35	19.55	0.99986057733622	0.800137594020728	-5.23375330787147e-05	5.27937459137598	0.999944230934488
8.45	19.55	0.999903676877778	0.800125523034193	-4.90336212297261e-05	5.19936512426153	0.999961470751111
8.55	19.55	0.999935215295152	0.800114249852631	-4.58486067946629e-05	5.11935565412345	0.999974086118061
8.65	19.55	0.999957994356609	0.800103737133361	-4.27964522851655e-05	5.03934642283302	0.999983197742644
8.75	19.55	0.999974205122323	0.800093946674839	-3.98860296215537e-05	4.95933759715705	0.999989682048929
8.85	19.55	0.999985544625183	0.800084840047019	-3.71221897822058e-05	4.87932928633644	0.999994217850073
8.95	19.55	0.999993314123062	0.800076379093455	-3.4506638760336e-05	4.7993215561841	0.999997325649225
9.05	19.55	0.999998500960328	0.800068526327591	-3.20386523120824e-05	4.71931444027123	0.999999400384131
9.15	19.55	1.00000184604353	0.800061245240547	-2.97156572820285e-05	4.63930794870413	1.00000073841741
9.25	19.55	1.00000389885645	0.800054500535186	-2.75337024911579e-05	4.5593020749285	1.00000155954258
9.35	19.55	1.0000050618221	0.800048258298173	-2.5487838579207e-05	4.47929680093704	1.00000202472884
9.45	19.55	1.00000562567405	0.800042486120278	-2.35724229817015e-05	4.39929210119914	1.00000225026962
9.55	19.55	1.00000579733679	0.800037153173348	-2.17813630934889e-05	4.31928794557995	1.00000231893472
9.65	19.55	1.00000572164386	0.80003223025162	-2.01083090724273e-05	4.23928430146981	1.00000228865755
9.75	19.55	1.00000549805098	0.8000276897834	-1.85468049687815e-05	4.15928113530481	1.00000219922039
9.85	19.55	1.00000519333594	0.800023505819158	-1.7090406129116e-05	4.07927841362396	1.00000207733438
9.95	19.55	1.00000485112207	0.800019654000566	-1.57327687513336e-05	3.99927610377919	1.00000194044883
10.05	19.55	1.00000449892014	0.800016111514971	-1.44677171619038e-05	3.91927417438918	1.00000179956805
10.15	19.55	1.0000041532582	0.800012857038684	-1.32892926242148e-05	3.83927259560767	1.00000166130328
10.25	19.55	1.00000382335815	0.8000098706725	-1.2191787608435e-05	3.75927133926026	1.00000152934326
10.35	19.55	1.00000351372401	0.800007133871794	-1.11697682358927e-05	3.67927037889034	1.0000014054896
10.45	19.55	1.00000322592781	0.800004629373531	-1.02180873593856e-05	3.59926968974423	1.00000129037112
10.55	19.55	1.00000295981341	0.800002341121889	-9.33189030010889e-06	3.51926924871735	1.00000118392536
10.65	19.55	1.00000271428585	0.800000254193998	-8.50661483461071e-06	3.43926903427717	1.00000108571434
10.75	19.55	1.0000024878113	0.799998354726776	-7.73798687872879e-06	3.35926902637378	1.00000099512452
10.85	19.55	1.00000227871957	0.799996629845902	-7.02201280601594e-06	3.27926920634547	1.00000091148783
10.95	19.55	1.00000208537542	0.799995067597319	-6.35496950511743e-06	3.19926955682409	1.00000083415017
11.05	19.55	1.00000190626563	0.799993656881952	-5.73339270217625e-06	3.11927006164337	1.00000076250625
11.15	19.55	1.00000174003411	0.799992387393647	-5.15406425880228e-06	3.03927070575186	1.00000069601364
11.25	19.55	1.00000158548686	0.799991249560747	-4.61399887855628e-06	2.9592714751313	1.00000063419474
11.35	19.55	1.00000144158122	0.799990234491173	-4.11043051216437e-06	2.87927235672095	1.00000057663249
11.45	19.55	1.00000130740819	0.799989333921062	-3.64079887326185e-06	2.79927333834773	1.00000052296328
11.55	19.55	1.00000118217348	0.799988540166849	-3.20273611211104e-06	2.71927440866183	1.00000047286939
11.65	19.55	1.0000010651801	0.7999878460807	-2.79405396408331e-06	2.63927555707769	1.00000042607204
11.75	19.55	1.00000095581399	0.799987245009119	-2.41273134802533e-06	2.55927677371967	1.0000003823256
11.85	19.55	1.0000008535329	0.799986730754535	-2.05690259965906e-06	2.47927804937219	1.00000034141316
11.95	19.55	1.00000075785779	0.799986297539668	-1.72484628964159e-06	2.39927937543381	1.00000030314312
12.05	19.55	1.00000066836544	0.799985939974566	-1.41497474616272e-06	2.31928074387506	1.00000026734618
12.15	19.55	1.00000058467982	0.799985653026017	-1.12582421566681e-06	2.23928214719955	1.00000023387193
12.25	19.55	1.0000005064596	0.799985431989299	-8.56045679956052e-07	2.15928357840847	1.00000020258384
12.35	19.55	1.00000043337884	0.79998527246206	-6.04396367703393e-07	2.07928503096824	1.00000017335153
12.45	19.55	1.00000036509841	0.799985170320373	-3.69731868753518e-07	1.99928649878134	1.00000014603936
12.55	19.55	1.00000030122828	0.799985121696948	-1.50998863099782e-07	1.91928797616063	1.00000012049131
12.65	19.55	1.00000024128469	0.799985122961514	5.27715449948002e-08	1.839289457807	1.00000009651388
12.75	19.55	1.00000018465339	0.7999851707035	2.42469961129965e-07	1.75929093879031	1.00000007386135
12.85	19.55	1.00000013057918	0.799985261716923	4.1891424063364e-07	1.67929241453282	1.00000005223167
12.95	19.55	1.00000007821261	0.799985392987202	5.82854570400894e-07	1.59929388079389	1.00000003128504
13.05	19.55	1.00000002675255	0.799985561679184	7.34978046146826e-07	1.51929533365305	1.00000001070102
13.15	19.55	0.999999975724379	0.799985765124984	8.75912743741542e-07	1.43929676948789	0.999999990289752
13.25	19.55	0.999999925417522	0.799986000809441	1.00623136227089e-06	1.35929818494187	0.999999970167009
13.35	19.55	0.999999877464771	0.79998626635023	1.12645438293953e-06	1.27929957687705	0.999999950985908
13.45	19.55	0.999999835467768	0.799986559469258	1.23705267778311e-06	1.19930094230881	0.999999934187107
13.55	19.55	0.999999805454489	0.799986877952583	1.33844958325675e-06	1.11930227832429	0.999999922181796
13.65	19.55	0.999999795802074	0.799987219598391	1.43102219973424e-06	1.03930358199583	0.99999991832083
13.75	19.55	0.999999816101366	0.799987582157478	1.51510181709874e-06	0.959304850314741	0.999999926440546
13.85	19.55	0.999999874339296	0.799987963278874	1.59097314830977e-06	0.879306080189341	0.999999949735718
13.95	19.55	0.999999971833447	0.799988360484423	1.65887204267174e-06	0.799307268569938	0.999999988733379
14.05	19.55	1.00000009571073	0.799988771209259	1.71898126741088e-06	0.719308412776085	1.00000003828429
14.15	19.55	1.0000002095406	0.799989192955952	1.77142387194764e-06	0.639309511094865	1.00000008381624
14.25	19.55	1.00000024414819	0.799989623612501	1.81625352981909e-06	0.559310563676773	1.00000009765928
14.35	19.55	1.00000009266878	0.799990061967802	1.85344109523186e-06	0.479311573658358	1.00000003706751
14.45	19.55	0.999999616349708	0.799990508410836	1.8828563255072e-06	0.399312548271529	0.999999846539883
14.55	19.55	0.999998669851604	0.799990965709021	1.90424326642742e-06	0.319313499455047	0.999999467940641
14.65	19.55	0.999997155689462	0.799991439621095	1.9171875705084e-06	0.239314443188908	0.999998862275785
14.75	19.55	0.999995115191607	0.799991939147186	1.92107503027994e-06	0.159315396499068	0.999998046076643
14.85	19.55	0.999992855606744	0.799993373112621	1.91504467819786e-06	0.0793163709205206	0.999997142242697
14.95	19.55	0.999991097306895	0.399990500987233	1.89791204591036e-06	-0.000682818315501488	0.999996438922758
0.05	19.65	-4.61446043639211e-06	0.400008293674178	5.42615939456824e-05	10.4590077533667	0.599998154215825
0.15	19.65	-5.04899771557727e-06	0.800025193787678	5.46644690921537e-05	10.4110069057979	0.599997980400914
0.25	19.65	-5.13085104342779e-06	0.800042294040282	5.54689672484246e-05	10.3630050532771	0.599997947659582
0.35	19.65	-4.09523100202168e-06	0.800059697411526	5.66855740822164e-05	10.3150021589364	0.599998361907599
0.45	19.65	-1.16544223837104e-06	0.800077540955903	5.83233419407904e-05	10.2669981517462	0.599999533823105
0.55	19.65	4.38222626526674e-06	0.800095941232291	6.03881935626296e-05	10.218992928674	0.600001752890506
0.65	19.65	1.30811742565514e-05	0.800115011881943	6.28793976308322e-05	10.1709863583716	0.600005232469703
0.75	19.65	2.50995909604409e-05	0.800134866825214	6.578743662132e-05	10.1229782900146	0.600010039836384
0.85	19.65	4.00798106012781e-05	0.800155622584573	6.90972108446903e-05	10.0749685678026	0.60001603192424
0.95	19.65	5.70354031147934e-05	0.800176918639778	7.27924448724888e-05	10.0269570498049	0.600022814161246
1.05	19.65	7.06771475144279e-05	0.800199320792738	7.68202236921279e-05	9.97894368661276	0.600028270859006
1.15	19.65	7.46982423362793e-05	0.800223006738127	8.10815546741611e-05	9.93092860697809	0.600029879296935
1.25	19.65	6.227378924115e-05	0.800248203712103	8.54568976692404e-05	9.88291214392948	0.600024909515696
1.35	19.65	2.71048314546228e-05	0.800275193701439	8.98014553172731e-05	9.83489483593183	0.600010841932582
1.45	19.65	-3.49498153475648e-05	0.800304283868705	9.39439302678278e-05	9.78687738555039	0.599986020073861
1.55	19.65	-0.000123824947202708	0.800335757202988	9.76930581427856e-05	9.73886055969038	0.599950470021119
1.65	19.65	-0.00023309904081939	0.800369807141597	0.000100848095713575	9.69084502300534	0.599906760383672
1.75	19.65	-0.000348186846924943	0.800406459701967	0.00010320912995481	9.64283110827769	0.59986072526123
1.85	19.65	-0.000445410790218894	0.800445484810321	0.000104581474269229	9.59481854334369	0.599821835683912
1.95	19.65	-0.000492573786333696	0.800486281936708	0.000104760644853136	9.54680617250035	0.599802970485466
2.05	19.65	-0.000451905254738019	0.800527676086402	0.000103461810252878	9.49879173364442	0.599819237898105
2.15	19.65	-0.000287002601051153	0.800567732896699	0.000100127858913906	9.45077179264455	0.599885198959579
2.25	19.65	2.50115959303262e-05	0.800613158744144	9.36806739735286e-05	9.40274198717317	0.600010004638372
2.35	19.65	0.000547906774330584	0.800659067253315	8.31401519821945e-05	9.35469661191404	0.600219162709732
2.45	19.65	0.00135641981596105	0.800704557377176	6.78515729523667e-05	9.30662780448173	0.600542567926384
2.55	19.65	0.00253748538800482	0.800748567166937	4.69626947781651e-05	9.25852517802102	0.601014994155202
2.65	19.65	0.00419146979550339	0.800789817127742	1.94695368034381e-05	9.21037542572665	0.601676587918201
2.75	19.65	0.00643389368732033	0.800826806323245	-1.56806527090372e-05	9.16216188140097	0.602573557474928
2.85	19.65	0.00939778181807384	0.800857866006685	-5.95066289346398e-05	9.11386401456082	0.603759112727229
2.95	19.65	0.0132369405442235	0.800881232690682	-0.000112906360986646	9.06545683485061	0.605294776217689
3.05	19.65	0.018130559484688	0.80089513939111	-0.000176538910545683	9.01691016964138	0.607252223793875
3.15	19.65	0.0242895873437622	0.800897929947641	-0.000250656566665549	8.96818776436548	0.609715834937505
3.25	19.65	0.0319653166369948	0.800888192471342	-0.000334874443724283	8.91924614004412	0.612786126654798
3.35	19.65	0.0414604551988236	0.800864889737099	-0.000427870057614631	8.8700331301259	0.616584182079529
3.45	19.65	0.0531425241430983	0.800827436476498	-0.000527016187202223	8.8204860158916	0.621257009657239
3.55	19.65	0.0674584773927666	0.800775637254575	-0.000627973090838065	8.77052919890213	0.626983390957107
3.65	19.65	0.0849476811915529	0.800709365610504	-0.000724307778816897	8.72007141148497	0.633979072476621
3.75	19.65	0.106247517438814	0.80062786990414	-0.000807272963001958	8.6690026032165	0.642499006975526
3.85	19.65	0.132081834782745	0.800528702275357	-0.000865960134649912	8.6171908897326	0.652832733913098
3.95	19.65	0.163218042166337	0.800406574120837	-0.000888107839656729	8.56448033550416	0.665287216866535
4.05	19.65	0.200376314237116	0.800252970907486	-0.00086182447370847	8.51069083788952	0.680150525694846
4.15	19.65	0.244079116870284	0.800057876432086	-0.000778268680053774	8.45562184032938	0.697631646748113
4.25	19.65	0.294447547079243	0.799814770376348	-0.000634852340510746	8.39906169974885	0.717779018831697
4.35	19.65	0.350985679103263	0.799528290170429	-0.000437909135543252	8.34080378876145	0.740394271641305
4.45	19.65	0.412434689913616	0.79922074841243	-0.000203414953549655	8.28066846723029	0.764973875965446
4.55	19.65	0.476794851464765	0.798931654372057	4.5227462656027e-05	8.21852719075908	0.790717940585906
4.65	19.65	0.541570547184862	0.798707156184888	0.000282033768467933	8.15432254951765	0.816628218873945
4.75	19.65	0.604191592691977	0.798583617340676	0.000484178745164092	8.08807783109821	0.841676637076791
4.85	19.65	0.662464299016632	0.79857487945224	0.000636410342443188	8.01989271567493	0.864985719606653
4.95	19.65	0.714887234469561	0.798670218928929	0.000732741141496377	7.94992665863579	0.885954893787825
5.05	19.65	0.760745573563016	0.798842136521047	0.000775459457816103	7.87837555880607	0.904298229425206
5.15	19.65	0.800008943189446	0.799057657743729	0.000772535946814386	7.8054483536696	0.920003577275779
5.25	19.65	0.833124567704714	0.799287276033032	0.000734694430751621	7.73134837908743	0.933249827081885
5.35	19.65	0.860798715103545	0.799509307887383	0.000673013511514579	7.65626141226724	0.944319486041418
5.45	19.65	0.88382276461689	0.799710423010186	0.000597387597440938	7.58034993640123	0.953529105846756
5.55	19.65	0.902960905268155	0.799884130177067	0.000515792508334038	7.50375198043207	0.961184362107262
5.65	19.65	0.918892048969665	0.800028689312634	0.000434131787960473	7.42658271402459	0.967556819587866
5.75	19.65	0.932189650478197	0.800145245572505	0.000356422690451378	7.34893733872237	0.972875860191279
5.85	19.65	0.943323664584657	0.800236453481184	0.000285133879337161	7.2708943163673	0.977329465833863
5.95	19.65	0.952673026402833	0.800305579822047	0.000221554441368543	7.19251840677601	0.981069210561133
6.05	19.65	0.960541455049283	0.800355974072629	0.000166129899268431	7.11386328488625	0.984216582019713
6.15	19.65	0.96717275981164	0.800390786754647	0.000118738835409708	7.03497368375673	0.986869103924656
6.25	19.65	0.972763999843498	0.800412840888881	7.890573228774e-05	6.9558870984251	0.989105599937399
6.35	19.65	0.977476068753167	0.800424591365278	4.59564403220562e-05	6.87663512038186	0.990990427501267
6.45	19.65	0.981441869076793	0.800428131151228	1.91266847869656e-05	6.79724447811151	0.992576747630717
6.55	19.65	0.984772470759417	0.800425220039898	-2.36560524481041e-06	6.71773785145817	0.993908988303767
6.65	19.65	0.987561688044479	0.800417322313825	-1.9274638765545e-05	6.6381345153012	0.995024675217792
6.75	19.65	0.989889465095906	0.80040564608594	-3.23000755322448e-05	6.55845085556537	0.995955786038362
6.85	19.65	0.991824388504401	0.800391180729444	-4.20733977661991e-05	6.4787007897835	0.99672975540176
6.95	19.65	0.993425571647925	0.800374730811779	-4.91529690795373e-05	6.39889611578793	0.99737022865917
7.05	19.65	0.994744092664356	0.800356946006339	-5.40246388957085e-05	6.31904680552804	0.997897637065742
7.15	19.65	0.995824117418506	0.800338346991484	-5.71056898121078e-05	6.23916125616297	0.998329646967403
7.25	19.65	0.996703800557126	0.800319347599812	-5.87506197634497e-05	6.15924650708733	0.998681520222851
7.35	19.65	0.997416029514869	0.800300273586744	-5.92577521119052e-05	6.07930842907844	0.998966411805947
7.45	19.65	0.997989055951811	0.800281378418287	-5.88760229512446e-05	5.99935189003322	0.999195622380724
7.55	19.65	0.998447044623249	0.800262856470758	-5.78115421083785e-05	5.91938090058113	0.9993788178493
7.65	19.65	0.998810559546966	0.800244854009804	-5.62336953780698e-05	5.83939874206002	0.999524223818786
7.75	19.65	0.999097000354697	0.800227478282302	-5.42806686321393e-05	5.75940807880805	0.999638800141879
7.85	19.65	0.999320997011922	0.800210805018596	-5.2064350732008e-05	5.67941105637501	0.999728398804769
7.95	19.65	0.999494768016471	0.800194884605077	-4.96746187489134e-05	5.59940938702819	0.999797907206589
8.05	19.65	0.999628445267747	0.80017974715204	-4.71830384319966e-05	5.51940442378019	0.999851378107099
8.15	19.65	0.99973036768611	0.800165406648427	-4.46460284097656e-05	5.43939722406661	0.999892147074444
8.25	19.65	0.999807345098397	0.800151864365198	-4.21075437714124e-05	5.35938860413055	0.999922938039359
8.35	19.65	0.999864893699876	0.800139111641762	-3.96013367045711e-05	5.27937918511301	0.99994595747995
8.45	19.65	0.999907444414826	0.800127132166975	-3.71528497477234e-05	5.19936943179539	0.99996297776593
8.55	19.65	0.999938525605082	0.800115903845465	-3.47807934195878e-05	5.11935968488621	0.999975410242033
8.65	19.65	0.999960921746671	0.80010540032378	-3.24984553235333e-05	5.03935018768693	0.999984368698668
8.75	19.65	0.999976809860488	0.800095592236214	-3.03147819690516e-05	4.95934110791022	0.999990723944195
8.85	19.65	0.999987875614041	0.800086448219125	-2.82352700316201e-05	4.87933255535885	0.999995150245616
8.95	19.65	0.999995411091682	0.800077935733113	-2.62626978750151e-05	4.79932459610583	0.999998164436673
9.05	19.65	1.00000039625506	0.80007002172523	-2.43977242939282e-05	4.71931726374798	1.00000015850202
9.15	19.65	1.00000356608564	0.800062673157518	-2.26393768915429e-05	4.63931056823751	1.00000142643426
9.25	19.65	1.00000546532365	0.800055857423628	-2.09854489998552e-05	4.5593045027308	1.00000218612946
9.35	19.65	1.000006492602	0.800049542671664	-1.9432821176995e-05	4.47929904883186	1.0000025970408
9.45	19.65	1.00000693563	0.800043698048473	-1.79777202629106e-05	4.39929418055107	1.000002774252
9.55	19.65	1.00000699892006	0.800038293878612	-1.66159271288342e-05	4.31928986724724	1.00000279956802
9.65	19.65	1.00000682538067	0.800033301788745	-1.53429421063123e-05	4.23928607577554	1.00000273015227
9.75	19.65	1.00000651292812	0.80002869478732	-1.41541157374874e-05	4.15928277202246	1.00000260517125
9.85	19.65	1.00000612710486	0.800024447307785	-1.30447510001243e-05	4.07927992197433	1.00000245084195
9.95	19.65	1.00000571053761	0.800020535222098	-1.20101823024134e-05	3.99927749243599	1.00000228421504
10.05	19.65	1.00000528992747	0.800016935831028	-1.10458353533838e-05	3.91927545149118	1.00000211597099
10.15	19.65	1.0000048811388	0.800013627836227	-1.01472717040057e-05	3.83927376877567	1.00000195245552
10.25	19.65	1.0000044928437	0.80001059129845	-9.31022070465491e-06	3.75927241561755	1.00000179713748
10.35	19.65	1.00000412908533	0.800007807585725	-8.53060143345432e-06	3.67927136508547	1.00000165163413
10.45	19.65	1.00000379104446	0.800005259314553	-7.80453658600679e-06	3.59927059197519	1.00000151641779
10.55	19.65	1.00000347822847	0.800002930286516	-7.12836000168408e-06	3.51927007275651	1.00000139129139
10.65	19.65	1.00000318924927	0.800000805422492	-6.49861925315869e-06	3.43926978549644	1.00000127569971
10.75	19.65	1.0000029223147	0.79999887069599	-5.9120743505883e-06	3.35926970976946	1.00000116892588
10.85	19.65	1.00000267552437	0.799997113066964	-5.36569357744619e-06	3.27926982656259	1.00000107020975
10.95	19.65	1.00000244703611	0.79999552041689	-4.85664716780358e-06	3.19927011817998	1.00000097881445
11.05	19.65	1.00000223514919	0.799994081486077	-4.38229946534968e-06	3.11927056815023	1.00000089405968
11.15	19.65	1.00000203833653	0.799992785813416	-3.94020005369192e-06	3.03927116113829	1.00000081533461
11.25	19.65	1.00000185524754	0.799991623679142	-3.52807422088791e-06	2.95927188286273	1.00000074209902
11.35	19.65	1.00000168469554	0.799990586050659	-3.14381313154816e-06	2.87927272001887	1.00000067387822
11.45	19.65	1.00000152563883	0.799989664531549	-2.78546388535222e-06	2.79927366020774	1.00000061025553
11.55	19.65	1.00000137716051	0.799988851313805	-2.45121968720456e-06	2.71927469187062	1.0000005508642
11.65	19.65	1.00000123845026	0.799988139133208	-2.13941023015464e-06	2.6392758042288	1.00000049538011
11.75	19.65	1.00000110878918	0.799987521227674	-1.84849244936406e-06	2.55927698722825	1.00000044351567
11.85	19.65	1.00000098753794	0.799986991298623	-1.57704162891942e-06	2.47927823148867	1.00000039501518
11.95	19.65	1.00000087412771	0.799986543474932	-1.32374301796889e-06	2.39927952825666	1.00000034965108
12.05	19.65	1.0000007680521	0.799986172279596	-1.08738385091621e-06	2.31928086936253	1.00000030722084
12.15	19.65	1.00000066885811	0.799985872598725	-8.6684593834866e-07	2.23928224718066	1.00000026754325
12.25	19.65	1.00000057613326	0.799985639652819	-6.61098691943526e-07	2.1592836545931	1.00000023045331
12.35	19.65	1.00000048948573	0.799985468970295	-4.69192647394376e-07	2.07928508495653	1.00000019579429
12.45	19.65	1.00000040851547	0.799985356363057	-2.90253505648678e-07	1.99928653207236	1.00000016340619
12.55	19.65	1.00000033277612	0.799985297904323	-1.23476563846641e-07	1.91928799016045	1.00000013311045
12.65	19.65	1.00000026173184	0.799985289908614	3.18783384711171e-08	1.83928945383613	1.00000010469274
12.75	19.65	1.00000019472022	0.799985328914025	1.76491470790935e-07	1.7592909180906	1.00000007788809
12.85	19.65	1.0000001309416	0.799985411666755	3.10987468378886e-07	1.67929237827394	1.00000005237664
12.95	19.65	1.00000006950545	0.799985535107543	4.35939173036059e-07	1.59929383007925	1.00000002780218
13.05	19.65	1.00000000957285	0.799985696359315	5.51871072519258e-07	1.51929526952543	1.00000000382914
13.15	19.65	0.999999950634467	0.799985892714661	6.59262441529719e-07	1.43929669293465	0.999999980253787
13.25	19.65	0.99999989294802	0.799986121620892	7.58550022936916e-07	1.35929809689984	0.999999957179208
13.35	19.65	0.999999838117486	0.799986380659719	8.5013039589239e-07	1.27929947823717	0.999999935246994
13.45	19.65	0.999999789718494	0.799986667518183	9.34361884744628e-07	1.19930083392054	0.999999915887398
13.55	19.65	0.999999753755615	0.799986979948015	1.0115659858934e-06	1.11930216099983	0.999999901502246
13.65	19.65	0.999999738584891	0.799987315712924	1.08202818923531e-06	1.03930345651425	0.999999895433956
13.75	19.65	0.999999753777887	0.79998767252826	1.14599799651689e-06	0.959304717426113	0.999999901511155
13.85	19.65	0.999999807303427	0.799988048005492	1.20368790260137e-06	0.879305940618942	0.999999922921371
13.95	19.65	0.999999900461432	0.799988439625332	1.2552709819784e-06	0.799307123022698	0.999999960184573
14.05	19.65	1.00000002036103	0.799988844776123	1.30087663586313e-06	0.719308261941496	1.00000000814441
14.15	19.65	1.00000013055376	0.799989260905068	1.34058384265459e-06	0.639309355652572	1.00000005222151
14.25	19.65	1.00000016184777	0.799989685831978	1.374411052057e-06	0.5593104043032	1.00000006473911
14.35	19.65	1.00000000736493	0.799990118258541	1.40230127219046e-06	0.479311411034808	1.00000000294597
14.45	19.65	0.999999528347346	0.799990558458437	1.42410000110434e-06	0.399312383094383	0.999999811338938
14.55	19.65	0.999998579464571	0.799991009042876	1.43952192090064e-06	0.319313332448958	0.999999431785828
14.65	19.65	0.999997063260822	0.799991475556774	1.44809963133073e-06	0.239314275124278	0.999998825304329
14.75	19.65	0.999995021117385	0.799991966711206	1.44910469144968e-06	0.159315228215464	0.999998008446954
14.85	19.65	0.999992760356978	0.799993390942433	1.44143081274463e-06	0.079316203357677	0.999997104142791
14.95	19.65	0.999991001434323	0.399990507504505	1.42341355274986e-06	-0.00068298407467635	0.999996400573729
0.05	19.75	-4.60178951502842e-06	0.400008460251091	3.73648412555924e-05	10.4590049996623	0.599998159284194
0.15	19.75	-5.02419247231914e-06	0.800025689918501	3.76412387718419e-05	10.4110041316989	0.599997990323011
0.25	19.75	-5.08276953881378e-06	0.80004312096046	3.81932222522842e-05	10.3630022384496	0.599997966892184
0.35	19.75	-4.01431857820583e-06	0.800060857892784	3.90276629567866e-05	10.3149992825299	0.599998394272569
0.45	19.75	-1.04598499299667e-06	0.800079037640303	4.01501042003518e-05	10.2669951924826	0.599999581606003
0.55	19.75	4.53915792369547e-06	0.800097776265326	4.15636876206262e-05	10.2189898650195	0.600001815663169
0.65	19.75	1.32658752233188e-05	0.800117186145849	4.32673380934598e-05	10.1709831688585	0.600005306350089
0.75	19.75	2.52952015579746e-05	0.800137379559492	4.52551516711119e-05	10.1229749536236	0.600010118080623
0.85	19.75	4.02645192484017e-05	0.800158470119212	4.75174797158315e-05	10.0749650642351	0.600016105807699
0.95	19.75	5.71674457016488e-05	0.800180089395431	5.00382771349977e-05	10.026953359877	0.600022866978281
1.05	19.75	7.06558519838945e-05	0.800202800573232	5.27765770858081e-05	9.97893979408762	0.600028262340794
1.15	19.75	7.44063219780054e-05	0.800226760057431	5.56600147314776e-05	9.93092450082015	0.600029762528791
1.25	19.75	6.16009029038806e-05	0.800252168736625	5.85960361796419e-05	9.88290781967187	0.600024640361162
1.35	19.75	2.59704130956924e-05	0.800279270296403	6.14735722226876e-05	9.83489029702956	0.600010388165238
1.45	19.75	-3.65638048563268e-05	0.800308319154373	6.41632822400374e-05	9.78687264472074	0.599985374478057
1.55	19.75	-0.000125829647773541	0.800339529968865	6.65223250626446e-05	9.73885563990034	0.599949668140891
1.65	19.75	-0.000235249763972658	0.800373012275191	6.84033216659849e-05	9.69083995783654	0.599905900094411
1.75	19.75	-0.000350044401196626	0.800408694492569	6.96641296852536e-05	9.64282594164195	0.599859982239521
1.85	19.75	-0.000446337585138148	0.800446237615636	7.01708031619439e-05	9.59481332900658	0.599821464965945
1.95	19.75	-0.000491796309090309	0.800484917291989	6.9777088090781e-05	9.54680097490287	0.599803281476364
2.05	19.75	-0.000448661661707252	0.800523399564675	6.82547266121276e-05	9.49878663322231	0.599820535335317
2.15	19.75	-0.000280783542726876	0.800559577735002	6.51726308442334e-05	9.45076690034941	0.599887686582909
2.25	19.75	3.44556526380438e-05	0.800600130889098	5.98164336258658e-05	9.4027374668852	0.600013782261055
2.35	19.75	0.000561906045968654	0.800639725252094	5.14923102343285e-05	9.35469267811466	0.600224762418387
2.45	19.75	0.00137678980275701	0.800677257295984	3.96683184597144e-05	9.306624709412	0.600550715921103
2.55	19.75	0.00256636412170264	0.800711376759532	2.37473741305932e-05	9.25852321841113	0.601026545648681
2.65	19.75	0.00423143730799884	0.800740476577305	3.03407224674852e-06	9.21037495117311	0.601692574923199
2.75	19.75	0.00648817742209005	0.800762693958311	-2.3217172556603e-05	9.16216329891362	0.602595270968836
2.85	19.75	0.00947049060382787	0.800775956897312	-5.57378756481286e-05	9.1138677890194	0.603788196241531
2.95	19.75	0.0133333272845571	0.800778060522722	-9.51739146830324e-05	9.06546348516184	0.605333330913823
3.05	19.75	0.018257330179615	0.80076677270089	-0.000141994874360406	9.016920259264	0.607302932071846
3.15	19.75	0.0244552747827093	0.800739972311595	-0.000196370340734589	8.96820188376764	0.609782109913084
3.25	19.75	0.0321807312457991	0.800695817087621	-0.000258001823883972	8.91926487771684	0.61287229249832
3.35	19.75	0.041739213051746	0.800632921499336	-0.000325903444468837	8.87005702799536	0.616695685220698
3.45	19.75	0.0535016271815689	0.800550497770081	-0.000398133064717758	8.82051550453656	0.621400650872628
3.55	19.75	0.0679188734953214	0.800448375933969	-0.000471492665656928	8.77056450838495	0.627167549398129
3.65	19.75	0.0855346493834969	0.800326783413901	-0.000541247765167486	8.72011245574757	0.634213859753399
3.75	19.75	0.106990595997724	0.800185765168674	-0.000600964036060351	8.6690488412115	0.64279623839909
3.85	19.75	0.13301384306918	0.80002423042721	-0.000642620380767349	8.61724117629525	0.653205537227672
3.95	19.75	0.164372590133777	0.799838911211402	-0.000657207526278537	8.56453279030956	0.665749036053511
4.05	19.75	0.201783178348379	0.799624036363614	-0.000636004797560194	8.5107427800367	0.680713271339351
4.15	19.75	0.245757218697976	0.799373024412002	-0.000572565597764909	8.45566985217845	0.698302887479191
4.25	19.75	0.296396245452198	0.799083286789517	-0.000465084603205438	8.39910188243821	0.718558498180879
4.35	19.75	0.353176647446733	0.79876344727098	-0.000318357184872027	8.3408322355411	0.741270658978693
4.45	19.75	0.414808079191387	0.798439142916719	-0.000144282217261586	8.28068190174625	0.765923231676555
4.55	19.75	0.479263311844712	0.798151709972192	3.9812728937331e-05	8.21852361854427	0.791705324737885
4.65	19.75	0.544031931397937	0.797947038590271	0.000214776541155597	8.15430171077022	0.817612772559175
4.75	19.75	0.606546770952417	0.797859172935321	0.000363869547034711	8.08804128123995	0.842618708380967
4.85	19.75	0.66463357325535	0.797898236098252	0.000475986535151884	8.01984349846788	0.86585342930214
4.95	19.75	0.71681978615511	0.798049323065489	0.000546856366364271	7.94986869733863	0.886727914462044
5.05	19.75	0.762420339134019	0.798281060076937	0.00057827330238774	7.87831297702009	0.904968135653607
5.15	19.75	0.801429133430608	0.798557306418619	0.00057616722272496	7.80538491376905	0.920571653372243
5.25	19.75	0.834309540931073	0.798846186808411	0.000548447597982229	7.73128713404018	0.933723816372429
5.35	19.75	0.861776231337965	0.799124371801115	0.000503251075874582	7.65620457274812	0.944710492535186
5.45	19.75	0.884623140992747	0.799377481469073	0.000447825249566867	7.58029889932003	0.953849256397099
5.55	19.75	0.903613338145164	0.799598444345599	0.000388002037830648	7.50370745057519	0.961445335258066
5.65	19.75	0.919422710496064	0.799785296765831	0.000328093498845386	7.42654486154941	0.967769084198426
5.75	19.75	0.932620988677034	0.799939220318234	0.00027103286646061	7.34890595486663	0.973048395470814
5.85	19.75	0.943674405779393	0.800063085156584	0.000218623796674834	7.27086894774438	0.977469762311757
5.95	19.75	0.952958525014886	0.800160487498641	0.000171810679000421	7.19249846130849	0.981183410005955
6.05	19.75	0.960774172505696	0.80023516933328	0.000130923827812017	7.11384810980927	0.984309669002278
6.15	19.75	0.967362753961166	0.80029069924741	9.58808644242227e-05	7.0349626195997	0.986945101584467
6.25	19.75	0.972919369311597	0.800330317557861	6.63414383317608e-05	6.9558795139582	0.989167747724639
6.35	19.75	0.977603332442992	0.8003568783439	4.18201483338571e-05	6.87663043333137	0.991041332977197
6.45	19.75	0.981546279281334	0.80037284517536	2.17653334975435e-05	6.79724216572669	0.992618511712534
6.55	19.75	0.984858266425715	0.800380314382546	5.61160982371411e-06	6.71773745415554	0.993943306570286
6.65	19.75	0.987632297388765	0.80038105073147	-7.18693056590605e-06	6.63813563581114	0.995052918955506
6.75	19.75	0.989947666815175	0.80037652709791	-1.71372700896551e-05	6.55845315533659	0.99597906672607
6.85	19.75	0.991872439793912	0.800367963683326	-2.46974825264622e-05	6.47870398387563	0.996748975917565
6.95	19.75	0.993465309884979	0.800356364566582	-3.02730505464667e-05	6.39889996708675	0.997386123953992
7.05	19.75	0.994777016306835	0.800342550634174	-3.42172107191994e-05	6.31905111882979	0.997910806522734
7.15	19.75	0.995851450525985	0.80032718861042	-3.68337315956522e-05	6.23916587246847	0.998340580210394
7.25	19.75	0.996726544403518	0.800310816266525	-3.83810329996248e-05	6.15925129830375	0.998690617761407
7.35	19.75	0.997435004010858	0.800293864066783	-3.90769170512996e-05	6.07931329322969	0.998974001604343
7.45	19.75	0.998004933004138	0.80027667359196	-3.91034383222113e-05	5.99935674701532	0.999201973201655
7.55	19.75	0.998460375095823	0.800259513106618	-3.86116201929356e-05	5.91938568845845	0.999384150038329
7.65	19.75	0.998821795128611	0.800242590634388	-3.77258471090151e-05	5.83940341387305	0.999528718051444
7.75	19.75	0.999106511357841	0.800226064884885	-3.65478456419569e-05	5.75941259985027	0.999642604543136
7.85	19.75	0.999329086907893	0.800210054347931	-3.51602212584666e-05	5.67941540188967	0.999731634763157
7.95	19.75	0.999501685342577	0.800194644837467	-3.36295528402301e-05	5.59941354027493	0.999800674137031
8.05	19.75	0.999634393408224	0.800179895733589	-3.20090674206426e-05	5.51940837442255	0.99985375736329
8.15	19.75	0.99973551292512	0.800165845138091	-3.03409295728088e-05	5.43940096683531	0.999894205170048
8.25	19.75	0.999811823262061	0.800152514127111	-2.86581851256664e-05	5.35939213772132	0.999924729304824
8.35	19.75	0.999868815640923	0.800139910255962	-2.69864003333574e-05	5.27938251128267	0.999947526256369
8.45	19.75	0.999910900543756	0.800128030446124	-2.53450361679663e-05	5.19937255462425	0.999964360217502
8.55	19.75	0.999941589632907	0.800116863361249	-2.37485950751849e-05	5.11936261017945	0.999976635853163
8.65	19.75	0.999963653773667	0.800106391361058	-2.22075735811369e-05	5.03935292249133	0.999985461509467
8.75	19.75	0.999979258921281	0.800096592105441	-2.07292510174865e-05	4.95934366012652	0.999991703568513
8.85	19.75	0.999990081770123	0.800087439868075	-1.93183399462977e-05	4.87933493343284	0.999996032708049
8.95	19.75	0.99999740714707	0.800078906608281	-1.7977521215417e-05	4.79932680878426	0.999998962858828
9.05	19.75	1.00000220915836	0.800070962840904	-1.67078825394379e-05	4.71931931988752	1.00000088366334
9.15	19.75	1.00000521807159	0.80006357833738	-1.55092770079391e-05	4.63931247665704	1.00000208722864
9.25	19.75	1.00000697483876	0.800056722685134	-1.43806151721435e-05	4.55930627209894	1.0000027899355
9.35	19.75	1.00000787505188	0.800050365728441	-1.33201020631593e-05	4.47930068758322	1.00000315002075
9.45	19.75	1.00000820398007	0.800044477909986	-1.23254288478507e-05	4.39929569682538	1.00000328159203
9.55	19.75	1.00000816417617	0.800039030529588	-1.13939268794676e-05	4.31929126884724	1.00000326567047
9.65	19.75	1.00000789697201	0.80003399593403	-1.05226908940018e-05	4.2392873701395	1.0000031587888
9.75	19.75	1.00000749901097	0.800029347650084	-9.70867675344198e-06	4.15928396620852	1.00000299960439
9.85	19.75	1.00000703480266	0.800025060470991	-8.94877823469734e-06	4.07928102265402	1.00000281392107
9.95	19.75	1.00000654613013	0.800021110505102	-8.23988676003509e-06	3.99927850589486	1.00000261845205
10.05	19.75	1.00000605899955	0.80001747519442	-7.57893705625643e-06	3.91927638363488	1.00000242359982
10.15	19.75	1.00000558869714	0.800014133309275	-6.96294143073975e-06	3.83927462514012	1.00000223547886
10.25	19.75	1.00000514340868	0.800011064924653	-6.38901481040775e-06	3.75927320138207	1.00000205736347
10.35	19.75	1.00000472676334	0.800008251382653	-5.85439226424693e-06	3.67927208508791	1.00000189070534
10.45	19.75	1.0000043395851	0.800005675244926	-5.35644059521249e-06	3.59927125072849	1.00000173583404
10.55	19.75	1.00000398107015	0.800003320238095	-4.89266518674071e-06	3.51927067446598	1.00000159242806
10.65	19.75	1.00000364955595	0.800001171194785	-4.4607130602649e-06	3.43927033407736	1.00000145982238
10.75	19.75	1.00000334300574	0.799999213992197	-4.05837311151314e-06	3.35927020886472	1.00000133720229
10.85	19.75	1.00000305929923	0.799997435489819	-3.68357408275922e-06	3.27927027955998	1.00000122371969
10.95	19.75	1.00000279639505	0.79999582346753	-3.33438092905477e-06	3.19927052822903	1.00000111855802
11.05	19.75	1.00000255241095	0.79999436656502	-3.00898997961295e-06	3.11927093817848	1.00000102096438
11.15	19.75	1.00000232565361	0.799993054223116	-2.70572325997711e-06	3.03927149386677	1.00000093026144
11.25	19.75	1.00000211461969	0.799991876627574	-2.42302230855367e-06	2.95927218082069	1.00000084584788
11.35	19.75	1.00000191798177	0.799990824655661	-2.15944168270223e-06	2.87927298555776	1.00000076719271
11.45	19.75	1.00000173456817	0.79998988982552	-1.9136423605836e-06	2.79927389551427	1.00000069382727
11.55	19.75	1.00000156334193	0.799989064248656	-1.68438511295527e-06	2.71927489897907	1.00000062533677
11.65	19.75	1.00000140338162	0.799988340585351	-1.4705240926959e-06	2.63927598503253	1.00000056135265
11.75	19.75	1.00000125386555	0.799987712002946	-1.27100050918243e-06	2.55927714349039	1.00000050154622
11.85	19.75	1.00000111405926	0.799987172137072	-1.08483664648262e-06	2.47927836485213	1.00000044562371
11.95	19.75	1.00000098330589	0.799986715055418	-9.11130139767396e-07	2.39927964025335	1.00000039332235
12.05	19.75	1.00000086101758	0.799986335224136	-7.49048558784541e-07	2.31928096142201	1.00000034440703
12.15	19.75	1.00000074666602	0.799986027476596	-5.97824324483288e-07	2.23928232063809	1.00000029866641
12.25	19.75	1.000000639769	0.799985786984407	-4.56749983832449e-07	2.15928371069667	1.0000002559076
12.35	19.75	1.0000005398703	0.799985609230636	-3.2517375352328e-07	2.07928512487424	1.00000021594812
12.45	19.75	1.00000044651033	0.799985489985147	-2.02495425988248e-07	1.99928655689844	1.00000017860413
12.55	19.75	1.00000035918767	0.799985425282136	-8.81626209072874e-08	1.91928800092118	1.00000014367507
12.65	19.75	1.00000027731565	0.799985411399852	1.83327309647735e-08	1.83928945149531	1.00000011092626
12.75	19.75	1.0000002001849	0.799985444842633	1.17457558562631e-07	1.75929090355462	1.00000008007396
12.85	19.75	1.00000012695239	0.799985522325159	2.09640545601705e-07	1.67929235239647	1.00000005078096
12.95	19.75	1.00000005668767	0.799985640758639	2.95274762665619e-07	1.59929379366561	1.00000002267507
13.05	19.75	0.999999988515017	0.799985797238219	3.74720039552971e-07	1.51929522333668	0.999999995406007
13.15	19.75	0.999999921891361	0.799985989030164	4.48305057670136e-07	1.43929663769141	0.999999968756544
13.25	19.75	0.99999985704358	0.799986213556646	5.16329200753196e-07	1.3592980332859	0.999999942817432
13.35	19.75	0.999999795547625	0.799986468375098	5.79064125469743e-07	1.2792994069029	0.99999991821905
13.45	19.75	0.999999740953789	0.799986751148787	6.3675502280426e-07	1.1993007554861	0.999999896381516
13.55	19.75	0.999999699243854	0.799987059605723	6.89621527060323e-07	1.11930207605834	0.999999879697542
13.65	19.75	0.999999678753379	0.799987391485394	7.37858158173152e-07	1.03930336563485	0.999999871501352
13.75	19.75	0.999999689035412	0.799987744477705	7.81634168333777e-07	0.95930462115704	0.999999875614165
13.85	19.75	0.999999738041773	0.79998811616649	8.21092585115611e-07	0.879305839490708	0.999999895216709
13.95	19.75	0.999999827056426	0.799988504001244	8.56348150717911e-07	0.799307017551539	0.99999993082257
14.05	19.75	0.999999943173275	0.799988905333542	8.87483738806797e-07	0.719308152633198	0.99999997726931
14.15	19.75	1.00000004992951	0.799989317565304	9.14544661707155e-07	0.639309243006965	1.0000000199718
14.25	19.75	1.00000007812076	0.799989738457949	9.37529881462743e-07	0.55931028881964	1.0000000312483
14.35	19.75	0.999999920860337	0.799990166634416	9.56378457148066e-07	0.479311293219171	0.999999968344135
14.45	19.75	0.999999439388966	0.799990602257449	9.70948161954672e-07	0.399312263468371	0.999999775755586
14.55	19.75	0.999998488385838	0.799991047775657	9.80980269058304e-07	0.319313211563067	0.999999395354335
14.65	19.75	0.999996970418358	0.799991508487999	9.8603880434703e-07	0.239314153576733	0.999998788167343
14.75	19.75	0.999994926903146	0.799991992727704	9.85401696417489e-07	0.159315106680992	0.999997970761258
14.85	19.75	0.999992665202419	0.799993408348227	9.77862980419626e-07	0.0793160826320391	0.999997066080967
14.95	19.75	0.999990905801371	0.399990513975068	9.61367848593165e-07	-0.000683103004504156	0.999996362320548
0.05	19.85	-4.59424585505679e-06	0.400008564670454	2.02003924824861e-05	10.4590032696268	0.599998162301658
0.15	19.85	-5.00896911445533e-06	0.800026000807311	2.03494414783895e-05	10.4110023888917	0.599997996412354
0.25	19.85	-5.05296051673421e-06	0.800043638946798	2.06471145030377e-05	10.3630004701333	0.599997978815793
0.35	19.85	-3.96427001720161e-06	0.800061584548786	2.10970312088757e-05	10.3149974756567	0.599998414291993
0.45	19.85	-9.72569123232466e-07	0.800079974336763	2.17019365053867e-05	10.2669933337644	0.599999610972351
0.55	19.85	4.63532731802768e-06	0.800098923864209	2.24631972195501e-05	10.2189879410437	0.600001854130927
0.65	19.85	1.33803701648336e-05	0.800118544357753	2.33800583534944e-05	10.1709811662725	0.600005352148066
0.75	19.85	2.5420569737551e-05	0.800138946572998	2.4449554273423e-05	10.1229728593323	0.600010168227895
0.85	19.85	4.03888335568296e-05	0.800160241885283	2.56666961639145e-05	10.0749628655794	0.600016155533423
0.95	19.85	5.7262680016641e-05	0.800182057510298	2.70220585297694e-05	10.0269510450103	0.600022905072007
1.05	19.85	7.06514801099677e-05	0.800204956811484	2.84923931073424e-05	9.97893735315275	0.600028260592044
1.15	19.85	7.42077518051668e-05	0.800229087484648	3.00360356599928e-05	9.93092192747263	0.600029683100722
1.25	19.85	6.11198692547073e-05	0.800254630925956	3.15984592487384e-05	9.88290511214405	0.600024447947702
1.35	19.85	2.51438600966124e-05	0.80028180307748	3.31150539050985e-05	9.83488745900319	0.600010057544039
1.45	19.85	-3.77502854766737e-05	0.800310820293585	3.45112934244099e-05	9.78686968617201	0.599984899885809
1.55	19.85	-0.000127309366326707	0.800341847732242	3.57054067700782e-05	9.73885257770889	0.599949076253469
1.65	19.85	-0.00023683780543083	0.800374934008526	3.6614076817421e-05	9.69083681592205	0.599905264877828
1.75	19.85	-0.000351408295195828	0.800409936824735	3.71591963354837e-05	9.64282275056102	0.599859436681922
1.85	19.85	-0.000447000035313459	0.800446439502211	3.72702861344474e-05	9.59481012538104	0.599821199985874
1.95	19.85	-0.000491207773382378	0.800483636475159	3.68701910280332e-05	9.5467978020233	0.599803516890647
2.05	19.85	-0.000446359917463444	0.800520120594711	3.58264265705126e-05	9.49878354555541	0.599821456033015
2.15	19.85	-0.000276460017634676	0.800553687103094	3.38876947606263e-05	9.45076397342121	0.599889415992946
2.25	19.85	4.10655849112855e-05	0.800590941830677	3.06679937182853e-05	9.40273480906477	0.600016426233964
2.35	19.85	0.00057160779750325	0.800626315695404	2.57817333740473e-05	9.35469043055072	0.600228643119001
2.45	19.85	0.00139081034525455	0.800658518699817	1.89152306310847e-05	9.30662303994304	0.600556324138102
2.55	19.85	0.00258624344986024	0.800685984340594	9.74043644398619e-06	9.2585223234894	0.601034497379944
2.65	19.85	0.00425903677346573	0.800706875728383	-2.11911668123614e-06	9.21037506063984	0.601703614709386
2.75	19.85	0.0065257904753167	0.800719080297166	-1.70735291185562e-05	9.16216467954169	0.602610316190127
2.85	19.85	0.00952100185344801	0.800720249375079	-3.55304592305322e-05	9.11387074536426	0.603808400741379
2.95	19.85	0.0134004017512146	0.800707872690956	-5.78520029366084e-05	9.06546835726844	0.605360160700486
3.05	19.85	0.0183456361208291	0.800679390243196	-8.43018166102208e-05	9.01692741645146	0.607338254448332
3.15	19.85	0.0245707501707336	0.800632344771987	-0.000114974923347133	8.9682117130191	0.609828300068293
3.25	19.85	0.0323309024469593	0.800564571981805	-0.000149703120706865	8.91927776450757	0.612932360978784
3.35	19.85	0.041933566077102	0.800474410636507	-0.000187931411969305	8.87007332680521	0.616773426430841
3.45	19.85	0.0537520140868533	0.800360888152278	-0.000228565850368227	8.82053549595053	0.621500805634741
3.55	19.85	0.068239902671878	0.80022380009875	-0.0002698029723012	8.77058833991199	0.627295961068751
3.65	19.85	0.0859439500273892	0.800063565301571	-0.000308968688367934	8.72014006488187	0.634377580010956
3.75	19.85	0.107508757046747	0.799880735888569	-0.000342422282378348	8.66907986273104	0.643003502818699
3.85	19.85	0.133663709952815	0.79967514159035	-0.000365616609168489	8.61727484240114	0.653465483981126
3.95	19.85	0.165177494526718	0.799444939193375	-0.000373435022154538	8.56456784259009	0.666070997810687
4.05	19.85	0.202763670498528	0.799186345335787	-0.000360917280022951	8.5107774253015	0.681105468199411
4.15	19.85	0.246926131606289	0.798895314091132	-0.000324394231222736	8.45570180520239	0.698770452642515
4.25	19.85	0.297752613607482	0.798572189731737	-0.000262844861580808	8.39912853787891	0.719101045442993
4.35	19.85	0.354700098571278	0.798228576018055	-0.000179021086430509	8.34085098656112	0.741880039428511
4.45	19.85	0.416456297696408	0.797892578074936	-7.97345583145793e-05	8.28069056908273	0.766582519078563
4.55	19.85	0.480975036129723	0.797606852727141	2.51103901571332e-05	8.21852088680163	0.792390014451889
4.65	19.85	0.54573597484858	0.797417034404575	0.000124591976837422	8.15428742874189	0.818294389939432
4.75	19.85	0.608174485235239	0.797355376307197	0.000209199771460833	8.08801651047401	0.843269794094096
4.85	19.85	0.666130184813685	0.797429190918794	0.000272669706062629	8.01981028879395	0.866452073925474
4.95	19.85	0.718150784306724	0.797620452955891	0.000312648828266408	7.94982967610892	0.88726031372269
5.05	19.85	0.763571892513556	0.797894935923144	0.000330232240174782	7.87827089505815	0.905428757005422
5.15	19.85	0.802404146350673	0.798214210579532	0.000328844919061106	7.80534227306193	0.920961658540269
5.25	19.85	0.835121947746722	0.79854473577412	0.000313007269346951	7.73124595940579	0.934048779098689
5.35	19.85	0.862445615077329	0.798862070187658	0.000287341647845995	7.65616632698839	0.944978246030932
5.45	19.85	0.885170704585682	0.799151166938444	0.000255946838956266	7.58026450488078	0.954068281834273
5.55	19.85	0.904059390530982	0.79940462516796	0.000222108722775325	7.50367737191829	0.961623756212393
5.65	19.85	0.91978538271384	0.799620397211479	0.000188248932704312	7.42651921031199	0.967914153085536
5.75	19.85	0.932915778480256	0.799799750935248	0.00015600978476306	7.34888459313988	0.973166311392102
5.85	19.85	0.943914201954111	0.799945753709711	0.000126397962247321	7.27085157677417	0.977565680781645
5.95	19.85	0.953153865923941	0.800062264487268	9.99382919245491e-05	7.19248469125573	0.981261546369577
6.05	19.85	0.960933588811156	0.800153320007813	7.68122147723177e-05	7.11383751100595	0.984373435524462
6.15	19.85	0.967493114621213	0.800222791966011	5.69709610150591e-05	7.03495475796479	0.986997245848485
6.25	19.85	0.973026193462074	0.800274216286029	4.02221921496953e-05	6.95587397390117	0.98921047738483
6.35	19.85	0.977691054340261	0.80031072523347	2.62930640468938e-05	6.8766268313214	0.991076421736104
6.45	19.85	0.981618465917617	0.800335037564816	1.48741353190119e-05	6.79724015721593	0.992647386367047
6.55	19.85	0.984917792840544	0.800349479272046	5.64859379191614e-06	6.71773673597314	0.993967117136218
6.65	19.85	0.987681486396488	0.800356018791763	-1.68930306315623e-06	6.63813594561619	0.995072594558595
6.75	19.85	0.989988399790567	0.800356307533328	-7.42344241891011e-06	6.55845426927794	0.995995359916227
6.85	19.85	0.991906244359168	0.800351720737662	-1.18103327448972e-05	6.47870571326208	0.996762497743667
6.95	19.85	0.99349342934886	0.800343396089559	-1.50770795997021e-05	6.39890215461291	0.997397371739544
7.05	19.85	0.994800464757755	0.800332268875467	-1.74215956425314e-05	6.31905363471417	0.997920185903102
7.15	19.85	0.995871056663605	0.800319103244607	-1.90141599035992e-05	6.2391686107264	0.998348422665442
7.25	19.85	0.996742986525271	0.800304519551148	-1.9999719680903e-05	6.15925417328486	0.998697194610108
7.35	19.85	0.997448838038712	0.800289017977369	-2.0500530526961e-05	6.07931623648568	0.998979535215485
7.45	19.85	0.99801661502079	0.800272998749322	-2.06188724102446e-05	5.99935970452255	0.999206646008316
7.55	19.85	0.998470279535792	0.800256779302356	-2.04396794054264e-05	5.91938861819254	0.999388111814317
7.65	19.85	0.998830229518618	0.800240608763599	-2.00329885456457e-05	5.83940628371708	0.999532091807447
7.75	19.85	0.999113728306117	0.8002246801059	-1.94561596403606e-05	5.75941538580869	0.999645491322447
7.85	19.85	0.999335293890978	0.800209140303134	-1.87558478014639e-05	5.67941808657639	0.999734117556391
7.95	19.85	0.999507052720787	0.800194098786257	-1.79697296124548e-05	5.59941611164276	0.999802821088315
8.05	19.85	0.999639061009736	0.800179634465024	-1.71279957686623e-05	5.51941082470247	0.999855624403894
8.15	19.85	0.999739595467622	0.800165801547269	-1.62546290347533e-05	5.43940329165592	0.999895838187049
8.25	19.85	0.999815414825666	0.800152634354521	-1.5368489979558e-05	5.35939433538189	0.999926165930266
8.35	19.85	0.999871993362998	0.800140151302856	-1.44842327384133e-05	5.27938458215595	0.999948797345199
8.45	19.85	0.999913727672759	0.800128358191281	-1.361307355578e-05	5.19937450066839	0.999965491069103
8.55	19.85	0.999944118052066	0.800117250915432	-1.27634323668293e-05	5.11936443454101	0.999977647220826
8.65	19.85	0.999965926084788	0.800106817705076	-1.19414662208169e-05	5.03935462918416	0.999986370433915
8.75	19.85	0.999981310162723	0.800097040965664	-1.11515112378154e-05	4.95934525377344	0.999992524065089
8.85	19.85	0.999991940830125	0.80008789879054	-1.03964474902065e-05	4.87933641905924	0.99999677633205
8.95	19.85	0.999999097923298	0.80007936619858	-9.67799937659095e-06	4.79932819165437	0.999999639169319
9.05	19.85	1.00000375150619	0.800071416141992	-8.99698220420785e-06	4.71932060537577	1.00000150060248
9.15	19.85	1.00000662857683	0.800064020322008	-8.35350391552249e-06	4.639313670148	1.00000265143073
9.25	19.85	1.00000826744485	0.800057149843316	-7.74712970545209e-06	4.55930737891074	1.00000330697794
9.35	19.85	1.00000906156695	0.800050775733499	-7.17701581673948e-06	4.47930171290981	1.00000362462678
9.45	19.85	1.00000929448502	0.800044869349222	-6.64201779626333e-06	4.39929664569432	1.00000371779401
9.55	19.85	1.00000916735195	0.800039402688291	-6.14077786341049e-06	4.31929214608969	1.00000366694078
9.65	19.85	1.00000882036092	0.800034348623	-5.67179469888281e-06	4.23928818037022	1.00000352814437
9.75	19.85	1.00000834922465	0.800029681068784	-5.23347913438661e-06	4.15928471381369	1.00000333968986
9.85	19.85	1.00000781768715	0.800025375099554	-4.82419795732111e-06	4.07928171178526	1.00000312707486
9.95	19.85	1.0000072668966	0.800021407019892	-4.44230807388085e-06	3.99927914046808	1.00000290675864
10.05	19.85	1.00000672232778	0.800017754402364	-4.08618281557203e-06	3.91927696733284	1.00000268893111
10.15	19.85	1.00000619881744	0.800014396097448	-3.75423177954041e-06	3.83927516141778	1.00000247952698
10.25	19.85	1.00000570416694	0.800011312221897	-3.44491536794333e-06	3.75927369347397	1.00000228166678
10.35	19.85	1.0000052416729	0.80000848413087	-3.1567552296135e-06	3.67927253601707	1.00000209666916
10.45	19.85	1.00000481186838	0.800005894377887	-2.88834118957414e-06	3.59927166331617	1.00000192474735
10.55	19.85	1.00000441369238	0.800003526666233	-2.6383355459206e-06	3.51927105134216	1.00000176547695
10.65	19.85	1.00000404525284	0.800001365794609	-2.40547520829713e-06	3.43927067769143	1.00000161810114
10.75	19.85	1.00000370430638	0.799999397599211	-2.18857220158895e-06	3.35927052149624	1.00000148172255
10.85	19.85	1.00000338854548	0.799997608894232	-1.98651288218122e-06	3.27927056332936	1.00000135541819
10.95	19.85	1.00000309575808	0.79999598741198	-1.79825621634407e-06	3.1992707851079	1.00000123830323
11.05	19.85	1.00000282390561	0.799994521743806	-1.62283135406401e-06	3.11927116999974	1.00000112956224
11.15	19.85	1.00000257115112	0.799993201282552	-1.45933475494121e-06	3.03927170233423	1.00000102846045
11.25	19.85	1.00000233585893	0.799992016167181	-1.30692693274863e-06	2.95927236751823	1.00000093434357
11.35	19.85	1.00000211657946	0.799990957229791	-1.16482908355564e-06	2.87927315195797	1.00000084663178
11.45	19.85	1.00000191202817	0.799990015945458	-1.0323195518488e-06	2.79927404298669	1.00000076481127
11.55	19.85	1.0000017210637	0.799989184384858	-9.0873037491132e-07	2.71927502879779	1.00000068842548
11.65	19.85	1.00000154266806	0.799988455169782	-7.93443795650964e-07	2.63927609838341	1.00000061706722
11.75	19.85	1.00000137593018	0.799987821431511	-6.85888947885605e-07	2.55927724147775	1.00000055037207
11.85	19.85	1.00000122003294	0.79998727677194	-5.85538620951171e-07	2.47927844850498	1.00000048801318
11.95	19.85	1.00000107424298	0.799986815227323	-4.91906195819539e-07	2.39927971053119	1.00000042969719
12.05	19.85	1.00000093790171	0.799986431234555	-4.0454275385616e-07	2.31928101922023	1.00000037516068
12.15	19.85	1.00000081041539	0.799986119599829	-3.2303432506954e-07	2.23928236679294	1.00000032416616
12.25	19.85	1.00000069124139	0.799985875469503	-2.46999353928494e-07	2.1592837459899	1.00000027649655
12.35	19.85	1.00000057986758	0.799985694303213	-1.76086317056355e-07	2.0792851500374	1.00000023194703
12.45	19.85	1.00000047578278	0.799985571849058	-1.09971510589494e-07	1.99928657261684	1.00000019031311
12.55	19.85	1.00000037843792	0.799985504120984	-4.83570171015742e-08	1.91928800783757	1.00000015137517
12.65	19.85	1.0000002872023	0.799985487378397	9.03116868420974e-09	1.83928945021331	1.00000011488092
12.75	19.85	1.00000020132595	0.799985518108036	6.24448394973207e-08	1.75929089464188	1.00000008053038
12.85	19.85	1.00000011992842	0.799985593008102	1.12115160689992e-07	1.67929233638761	1.00000004797137
12.95	19.85	1.00000004204474	0.79998570897429	1.58254060650389e-07	1.599293771065	1.00000001681789
13.05	19.85	0.999999966767484	0.799985863087063	2.01055520034317e-07	1.51929519462095	0.999999986706994
13.15	19.85	0.999999893524502	0.799986052598668	2.40696677488749e-07	1.43929660331191	0.999999957409801
13.25	19.85	0.999999822516104	0.799986274917759	2.77338842643975e-07	1.35929799367092	0.999999929006442
13.35	19.85	0.999999755294092	0.799986527588554	3.11128295642144e-07	1.27929936245982	0.999999902117637
13.45	19.85	0.999999695386937	0.799986808261162	3.42196981653248e-07	1.19930070660345	0.999999878154775
13.55	19.85	0.999999648756802	0.799987114650212	3.70662946304701e-07	1.11930202310779	0.999999859502721
13.65	19.85	0.999999623721682	0.799987444481215	3.96630550767239e-07	1.03930330897311	0.999999849488673
13.75	19.85	0.999999629818892	0.799987795428982	4.20190313937075e-07	0.959304561127879	0.999999851927557
13.85	19.85	0.999999674986095	0.799988165060442	4.41418291785372e-07	0.879305776427002	0.999999869994438
13.95	19.85	0.999999760494428	0.799988550805355	4.60374814091129e-07	0.799306951777488	0.999999904197771
14.05	19.85	0.999999873426201	0.799988949991206	4.77102283760876e-07	0.719308084466868	0.999999949370481
14.15	19.85	0.999999977308477	0.799989359989094	4.91621664971803e-07	0.639309172763311	0.999999990923391
14.25	19.85	1.00000000292906	0.799989778519056	5.03926926612708e-07	0.559310216814298	1.00000000117162
14.35	19.85	0.999999843397338	0.799990204145562	5.13976268490104e-07	0.479311219773443	0.999999937358935
14.45	19.85	0.999999359956224	0.79999063694423	5.21677537242537e-07	0.39931218891618	0.99999974398249
14.55	19.85	0.999998407295317	0.799991079226128	5.26862607633778e-07	0.319313136261293	0.999999362918127
14.65	19.85	0.999996888000679	0.799991536059518	5.29238681415591e-07	0.239314077921716	0.999998755200271
14.75	19.85	0.999994843510372	0.799992015367482	5.28287664840808e-07	0.159315031136971	0.999997937404149
14.85	19.85	0.999992581195968	0.799993424238236	5.23038913641412e-07	0.079316007783374	0.999997032478387
14.95	19.85	0.999990821517564	0.399990520051485	5.11494713486857e-07	-0.00068317635268056	0.999996328607026
0.05	19.95	-4.590869740657e-06	0.40000860638241	5.78329867493853e-06	10.4590025756373	0.599998163652104
0.15	19.95	-5.00195132308121e-06	0.800026124771943	5.82591255644732e-06	10.4110016897887	0.599997999219471
0.25	19.95	-5.03908814080308e-06	0.800043845266849	5.91100796534511e-06	10.3629997608189	0.599997984364744
0.35	19.95	-3.9410316263758e-06	0.800061873683597	6.039627353548e-06	10.3149967509075	0.599998423587349
0.45	19.95	-9.38709378231057e-07	0.800080346712971	6.21252079854592e-06	10.2669925882666	0.599999624516249
0.55	19.95	4.67946180411294e-06	0.800099379766925	6.43002774957997e-06	10.2189871694422	0.600001871784722
0.65	19.95	1.34332038884716e-05	0.800119083575804	6.69190241243656e-06	10.1709803632412	0.600005373281555
0.75	19.95	2.54798630748815e-05	0.800139568139624	6.99733403230339e-06	10.1229720196421	0.60001019194523
0.85	19.95	4.04503218204561e-05	0.800160944059626	7.34497001333241e-06	10.0749619841635	0.600016180128728
0.95	19.95	5.73137796431165e-05	0.80018283757596	7.73215107254838e-06	10.026950117121	0.600022925511857
1.05	19.95	7.06557590479119e-05	0.800205814912312	8.15213889032159e-06	9.97893637485424	0.600028262303619
1.15	19.95	7.41105573610565e-05	0.800230023693699	8.59244591782923e-06	9.93092089633242	0.600029644222944
1.25	19.95	6.08709624531953e-05	0.800255636107633	9.03655961603832e-06	9.88290402771715	0.600024348384981
1.35	19.95	2.47083458736894e-05	0.800282854252942	9.46514444709383e-06	9.83488632317141	0.600009883338349
1.45	19.95	-3.83800140871463e-05	0.800311875030901	9.8560152217793e-06	9.78686850348472	0.599984647994365
1.55	19.95	-0.000128096356930553	0.800342837546823	1.01848946822068e-05	9.73885135563019	0.599948761457228
1.65	19.95	-0.000237680036842813	0.800375757574731	1.04272376377189e-05	9.6908355648561	0.599904927985263
1.75	19.95	-0.000352122397939451	0.800410454620709	1.05605391007671e-05	9.64282148359812	0.599859151040824
1.85	19.95	-0.000447324973354357	0.800446472212481	1.05653606430245e-05	9.59480885792017	0.599821070010658
1.95	19.95	-0.000490853759298817	0.800482970242891	1.04207735903896e-05	9.54679655194401	0.59980365849628
2.05	19.95	-0.0004451107059268	0.800518526368417	1.00881108364596e-05	9.49878233534568	0.599821955717629
2.15	19.95	-0.000274191515698059	0.800550911011605	9.49202471098387e-06	9.45076283459082	0.599890323393721
2.25	19.95	4.44925763247142e-05	0.800586684355385	8.51998560056031e-06	9.40273378664054	0.60001779703053
2.35	19.95	0.000576577137129156	0.800620165867143	7.05905351560088e-06	9.35468958314309	0.600230630854852
2.45	19.95	0.00139794086103323	0.800649958295808	5.01576104060117e-06	9.30662243749519	0.600559176344413
2.55	19.95	0.00259634533826512	0.800674378696029	2.29548385120901e-06	9.25852204755898	0.601038538135306
2.65	19.95	0.0042730899735546	0.8006914758117	-1.20955788043103e-06	9.21037520620471	0.601709235989422
2.75	19.95	0.00654499047470097	0.800699011793067	-5.61815328963978e-06	9.16216535666621	0.60261799618988
2.85	19.95	0.00954684022795678	0.800694495048924	-1.10495437401194e-05	9.11387207975304	0.603818736091183
2.95	19.95	0.0134347656771696	0.800675251360536	-1.76103082147264e-05	9.06547048943715	0.605373906270868
3.05	19.95	0.018390925732915	0.800638536264913	-2.53785719231956e-05	9.01693049922344	0.607356370293166
3.15	19.95	0.0246300180036305	0.800581691744094	-3.43833605406737e-05	8.96821590677592	0.609852007201452
3.25	19.95	0.0324080191592601	0.800502344575716	-4.45768850482502e-05	8.91928322931021	0.612963207663704
3.35	19.95	0.0420334125772143	0.800398629716187	-5.57982539342436e-05	8.87008021023152	0.616813365030886
3.45	19.95	0.0538806908380924	0.800269396630028	-6.77285711830399e-05	8.82054391532462	0.621552276335237
3.55	19.95	0.0684049291829097	0.800114320073985	-7.98402507314301e-05	8.77059835766401	0.627361971673164
3.65	19.95	0.0861543970183447	0.799933800446532	-9.13486026039944e-05	8.7201516563255	0.634461758807338
3.75	19.95	0.107775207115775	0.799728535694863	-0.000101182035663835	8.66909287697314	0.64311008284631
3.85	19.95	0.133997882473065	0.799498743734094	-0.000107997941876115	8.61728895987846	0.653599152989226
3.95	19.95	0.165591316010441	0.799243298941447	-0.000110280494817352	8.56458253717353	0.666236526404177
4.05	19.95	0.203267571813876	0.798959540732914	-0.000106554702876871	8.51079194459981	0.68130702872555
4.15	19.95	0.247526492280955	0.798644976634163	-9.57239331085966e-05	8.45571518761586	0.699010596912382
4.25	19.95	0.298448635981428	0.798301852942075	-7.7476317967915e-05	8.39913968485799	0.719379454392571
4.35	19.95	0.35548095957379	0.797943779437744	-5.26239991316451e-05	8.34085879799225	0.742192383829516
4.45	19.95	0.417299920149735	0.797600562651069	-2.31921171498785e-05	8.2806941263872	0.766919968059894
4.55	19.95	0.481849728150339	0.797315792653169	7.86947501586246e-06	8.21851963911727	0.792739891260136
4.65	19.95	0.54660514834337	0.797134959974051	3.73089928298991e-05	8.15428132020481	0.818642059337348
4.75	19.95	0.609003084319006	0.797089123630221	6.23018936297308e-05	8.08800599888828	0.843601233727602
4.85	19.95	0.666890462914751	0.797183711907169	8.09994769659577e-05	8.01979624743963	0.8667561851659
4.95	19.95	0.718825492040947	0.797398624804824	9.272324859078e-05	7.94981321717757	0.887530196816379
5.05	19.95	0.76415439416915	0.797697781995929	9.78200633433963e-05	7.87825317668537	0.90566175766766
5.15	19.95	0.802896325334898	0.798041333956277	9.73230517301325e-05	7.80532434307545	0.921158530133959
5.25	19.95	0.835531244870892	0.798394786971554	9.25815253554383e-05	7.7312286612476	0.934212497948357
5.35	19.95	0.86278226362164	0.798733147364926	8.49662923530328e-05	7.65615026644597	0.945112905448656
5.45	19.95	0.885445677239708	0.799041115222524	7.56865859420906e-05	7.58025006118714	0.954178270895883
5.55	19.95	0.904283130571835	0.799311240288743	6.57073927375005e-05	7.50366473358977	0.961713252228734
5.65	19.95	0.919967166424173	0.799541553070466	5.57368607715501e-05	7.42650841980775	0.967986866569669
5.75	19.95	0.933063499578973	0.7997334722699	4.62531726243917e-05	7.34887559019303	0.973225399831589
5.85	19.95	0.944034398087221	0.799890251575966	3.75479451549401e-05	7.2708442353023	0.977613759234889
5.95	19.95	0.953251861442586	0.800015947820405	2.97719812034627e-05	7.192478848208	0.981300744577034
6.05	19.95	0.961013677489927	0.800114792568424	2.29761164632738e-05	7.11383298744878	0.984405470995971
6.15	19.95	0.967558741543093	0.800190840930173	1.71444085538905e-05	7.03495137358381	0.987023496617237
6.25	19.95	0.973080117558223	0.800247796551657	1.22194333823055e-05	6.95587155633604	0.989232047023289
6.35	19.95	0.977735485556948	0.800288942012281	8.12063246791251e-06	6.87662522166501	0.991094194222779
6.45	19.95	0.981655177236327	0.800317128826975	4.75704963472729e-06	6.79723921279338	0.992662070894531
6.55	19.95	0.984948210042884	0.80033479895611	2.03578563431898e-06	6.71773633127344	0.993979284017154
6.65	19.95	0.987706759245697	0.800344021272258	-1.32682788685159e-07	6.63813597202837	0.995082703698279
6.75	19.95	0.990009458191941	0.800346533572673	-1.83140329782513e-06	6.55845463410103	0.996003783276776
6.85	19.95	0.99192384260037	0.800343784985765	-3.13537108605967e-06	6.47870633831678	0.996769537040148
6.95	19.95	0.993508180974719	0.800336976095005	-4.11096235875943e-06	6.39890297467666	0.997403272389888
7.05	19.95	0.994812870121244	0.80032709551679	-4.81601194202446e-06	6.31905459592439	0.997925148048498
7.15	19.95	0.995881524757519	0.800314952460658	-5.30027857636091e-06	6.23916966904219	0.998352609903008
7.25	19.95	0.996751852344533	0.800301205237834	-5.60612300668319e-06	6.15925529305916	0.998700740937813
7.35	19.95	0.997456376443068	0.800286385917192	-5.76928196898107e-06	6.0793173891746	0.998982550577227
7.45	19.95	0.998023051849494	0.800270921445409	-5.8196625773666e-06	5.99936086754122	0.999209220739798
7.55	19.95	0.998475800557119	0.800255151598046	-5.78211040321945e-06	5.9193897739162	0.999390320222848
7.65	19.95	0.998834987666859	0.800239344139455	-5.67712410311639e-06	5.83940741861948	0.999533995066744
7.75	19.95	0.99911784955835	0.800223707557645	-5.52150292210013e-06	5.75941648972635	0.99964713982334
7.85	19.95	0.999338882058436	0.800208401715619	-5.32892173448014e-06	5.6794191520857	0.999735552823374
7.95	19.95	0.99951019336981	0.800193546729242	-5.11043429446628e-06	5.59941713353623	0.999804077347924
8.05	19.95	0.99964182468105	0.800179230346638	-4.87490827063558e-06	5.51941179955136	0.99985672987242
8.15	19.95	0.999742040326875	0.800165514069996	-4.62939781007431e-06	5.43940421744692	0.99989681613075
8.25	19.95	0.999817588850449	0.800152438226375	-4.37945990483507e-06	5.35939521121699	0.99992703554018
8.35	19.95	0.999873936150099	0.800140026163793	-4.12942151781819e-06	5.27938540800569	0.999949574460039
8.45	19.95	0.999915471932731	0.800128287720275	-3.88260361528399e-06	5.19937527717	0.999966188773092
8.55	19.95	0.999945690845239	0.800117222089698	-3.64150826410723e-06	5.11936516283403	0.999978276338096
8.65	19.95	0.999967349842729	0.800106820186464	-3.40797436800249e-06	5.03935531077737	0.999986939937092
8.75	19.95	0.999982603531199	0.800097066593845	-3.18330658854169e-06	4.95934589043762	0.999993041412479
8.85	19.95	0.999993119363354	0.800087941165367	-2.96838191631236e-06	4.87933701274132	0.999997247745341
8.95	19.95	1.00000017465424	0.800079420336867	-2.763737466018e-06	4.79932874440929	1.0000000698617
9.05	19.95	1.00000473741362	0.800071478196303	-2.56964249920893e-06	4.71932111931267	1.00000189496545
9.15	19.95	1.0000075329665	0.800064087350973	-2.38615749617538e-06	4.63931414738841	1.0000030131866
9.25	19.95	1.00000909825953	0.800057219624738	-2.21318228555062e-06	4.55930782155632	1.00000363930381
9.35	19.95	1.00000982563753	0.800050846612672	-2.05049527682371e-06	4.47930212301803	1.00000393025501
9.45	19.95	1.00000999773332	0.800044940116635	-1.89778519221611e-06	4.39929702526047	1.00000399909333
9.55	19.95	1.00000981495375	0.800039472481038	-1.75467667453352e-06	4.31929249703403	1.0000039259815
9.65	19.95	1.00000941687676	0.800034416846019	-1.62075086312987e-06	4.23928850452928	1.0000037667507
9.75	19.95	1.00000889870445	0.800029747331991	-1.49556170085476e-06	4.15928501293479	1.00000355948178
9.85	19.95	1.00000832375379	0.800025439168078	-1.37864887297967e-06	4.07928198752368	1.00000332950151
9.95	19.95	1.00000773281257	0.800021468774822	-1.26954790360549e-06	3.9992793943862	1.00000309312503
10.05	19.95	1.00000715104853	0.800017813810042	-1.16779790287066e-06	3.91927720090087	1.00000286041941
10.15	19.95	1.00000659303407	0.800014453185516	-1.07294746799117e-06	3.83927537601564	1.00000263721363
10.25	19.95	1.00000606634055	0.800011367060877	-9.84559037436201e-07	3.75927389039407	1.00000242653622
10.35	19.95	1.00000557406242	0.800008536819996	-9.02211981234776e-07	3.6792727164677	1.00000222962497
10.45	19.95	1.00000511655337	0.800005945034408	-8.2550471769015e-07	3.59927182842529	1.00000204662135
10.55	19.95	1.00000469259181	0.800003575417382	-7.54056036271225e-07	3.5192712021615	1.00000187703672
10.65	19.95	1.00000430014083	0.800001412771662	-6.87505778999449e-07	3.43927081520068	1.00000172005633
10.75	19.95	1.00000393682558	0.7999994429332	-6.25515035718809e-07	3.3592706466073	1.00000157473023
10.85	19.95	1.00000360021854	0.799997652712884	-5.67765996422107e-07	3.27927067689057	1.00000144008742
10.95	19.95	1.0000032879977	0.799996029837621	-5.13961454839085e-07	3.19927088790817	1.00000131519908
11.05	19.95	1.00000299802339	0.799994562891992	-4.63824190198758e-07	3.11927126277252	1.00000119920936
11.15	19.95	1.00000272836553	0.79999324126125	-4.17096123302987e-07	3.03927178576135	1.00000109134621
11.25	19.95	1.00000247730242	0.799992055076291	-3.73537455335868e-07	2.95927244223358	1.00000099092097
11.35	19.95	1.00000224330505	0.79999099516106	-3.32925665948101e-07	2.87927321855092	1.00000089732202
11.45	19.95	1.0000020250154	0.799990052982514	-2.95054551603229e-07	2.79927410200537	1.00000081000616
11.55	19.95	1.00000182122412	0.79998922060343	-2.59733226105616e-07	2.71927508075216	1.00000072848965
11.65	19.95	1.00000163085034	0.799988490637999	-2.26785141159764e-07	2.63927614374811	1.00000065234014
11.75	19.95	1.00000145292482	0.799987856210253	-1.96047138265377e-07	2.55927728069479	1.00000058116993
11.85	19.95	1.00000128657663	0.799987310915246	-1.67368529252875e-07	2.47927848198622	1.00000051463065
11.95	19.95	1.00000113102263	0.799986848782787	-1.40610223478728e-07	2.3992797386607	1.00000045240905
12.05	19.95	1.00000098555823	0.799986464243739	-1.15643900527709e-07	2.3192810423564	1.00000039422329
12.15	19.95	1.00000084954718	0.79998615209864	-9.23512325963978e-08	2.23928238527049	1.00000033981887
12.25	19.95	1.00000072240756	0.799985907488576	-7.06231522081902e-08	2.15928376012174	1.00000028896302
12.35	19.95	1.00000060359098	0.799985725868247	-5.03591731279987e-08	2.07928516011634	1.00000024143639
12.45	19.95	1.00000049255275	0.799985602981149	-3.14667723811088e-08	1.99928657891718	1.0000001970211
12.55	19.95	1.0000003887129	0.799985534836921	-1.38607883556784e-08	1.91928801061659	1.00000015548516
12.65	19.95	1.00000029141221	0.799985517690893	2.53709554832453e-09	1.83928944971263	1.00000011656488
12.75	19.95	1.00000019987441	0.799985548025973	1.7798852338513e-08	1.7592908910887	1.00000007994977
12.85	19.95	1.00000011319483	0.799985622536712	3.19905492294381e-08	1.67929232999594	1.00000004527793
12.95	19.95	1.0000000303862	0.799985738115309	4.5172758335819e-08	1.59929376203672	1.00000001215448
13.05	19.95	0.999999950520613	0.799985891838819	5.74009075071851e-08	1.51929518314686	0.999999980208245
13.15	19.95	0.999999873007143	0.799986080956151	6.8725613335252e-08	1.43929658957269	0.999999949202857
13.25	19.95	0.999999798028969	0.799986302872598	7.9192954355882e-08	1.35929797783802	0.999999919211588
13.35	19.95	0.999999727122322	0.799986555128951	8.88447079609555e-08	1.27929934469635	0.999999890848929
13.45	19.95	0.999999663801607	0.799986835371718	9.77185389791967e-08	1.19930068706498	0.999999865520643
13.55	19.95	0.999999614016361	0.799987141311643	1.05848127973934e-07	1.11930200194314	0.999999845606545
13.65	19.95	0.999999586073311	0.799987470669918	1.13263209890823e-07	1.03930328632518	0.999999834429324
13.75	19.95	0.999999589499765	0.799987821116379	1.19989538634303e-07	0.959304537134396	0.999999835799906
13.85	19.95	0.999999632224537	0.799988190212032	1.26048679673628e-07	0.879305751221382	0.999999852889815
13.95	19.95	0.99999971551099	0.799988575379306	1.3145762542745e-07	0.799306925489748	0.999999886204396
14.05	19.95	0.999999826434758	0.799988973936244	1.36228124688655e-07	0.719308057224677	0.999999930573903
14.15	19.95	0.999999928517556	0.799989383241278	1.40365595865324e-07	0.639309144693252	0.999999971407023
14.25	19.95	0.99999995254374	0.799989800996658	1.43867413939912e-07	0.559310188043477	0.999999981017496
14.35	19.95	0.999999791622132	0.799990225740615	1.46720110186866e-07	0.479311190431662	0.999999916648853
14.45	19.95	0.999999306999322	0.799990657507689	1.48894639340953e-07	0.399312159139051	0.999999722799729
14.55	19.95	0.999998353373981	0.79999109853962	1.50337639727183e-07	0.319313106195099	0.999999341349592
14.65	19.95	0.99999683334624	0.799991553774972	1.50953633874993e-07	0.239314047731835	0.999998733338496
14.75	19.95	0.999994788368088	0.799992030857897	1.50564050370222e-07	0.159315001024494	0.999997915347235
14.85	19.95	0.99999252580899	0.7999934361601	1.48798916013137e-07	0.0793159780233787	0.999997010323596
14.95	19.95	0.999990766076593	0.39999052492214	1.44762411992502e-07	-0.000683205305793745	0.999996306430637
