$\phi$
x	y	$\phi$
0.125	0.5	-0.00141899776285807
0.375	0.5	-0.000290797635186759
0.625	0.5	0.00224101926615458
0.875	0.5	0.00678802732002946
1.125	0.5	0.0144260928428024
1.375	0.5	0.0268979067735275
1.625	0.5	0.0468775195056326
1.875	0.5	0.0782161102687212
2.125	0.5	0.125924471192593
2.375	0.5	0.195374709449168
2.625	0.5	0.290041962921354
2.875	0.5	0.407823148976961
3.125	0.5	0.538308461634616
3.375	0.5	0.665150805656879
3.625	0.5	0.773659733137166
3.875	0.5	0.856978812068715
4.125	0.5	0.916046269624072
4.375	0.5	0.955822796635815
4.625	0.5	0.981910835202904
4.875	0.5	0.998940349585025
5.125	0.5	1.01022484621555
5.375	0.5	1.01795725557314
5.625	0.5	1.02352438473475
5.875	0.5	1.02777945311391
6.125	0.5	1.03123844319345
6.375	0.5	1.03420995792544
6.625	0.5	1.03687723756566
6.875	0.5	1.03934858603121
7.125	0.5	1.04168785963378
7.375	0.5	1.04393269787829
7.625	0.5	1.04610533970941
7.875	0.5	1.04821900330928
8.125	0.5	1.05028163191758
8.375	0.5	1.05229808509599
8.625	0.5	1.05427141691627
8.875	0.5	1.05620362002267
9.125	0.5	1.05809605833194
9.375	0.5	1.05994971876326
9.625	0.5	1.06176535803436
9.875	0.5	1.06354358871313
10.125	0.5	1.06528493012903
10.375	0.5	1.06698983894231
10.625	0.5	1.06865872790644
10.875	0.5	1.0702919777409
11.125	0.5	1.07188994494652
11.375	0.5	1.07345296719689
11.625	0.5	1.07498136725093
11.875	0.5	1.07647545593721
12.125	0.5	1.07793553453376
12.375	0.5	1.07936189673681
12.625	0.5	1.08075483033661
12.875	0.5	1.08211461867423
13.125	0.5	1.08344154192781
13.375	0.5	1.0847358782605
13.625	0.5	1.08599790485328
13.875	0.5	1.08722789883942
14.125	0.5	1.08842613815324
14.375	0.5	1.08959290230331
14.625	0.5	1.09072847307806
14.875	0.5	1.09183313519017
15.125	0.5	1.09290717686537
15.375	0.5	1.09395089037991
15.625	0.5	1.09496457255056
15.875	0.5	1.09594852518035
16.125	0.5	1.09690305546258
16.375	0.5	1.09782847634565
16.625	0.5	1.09872510686044
16.875	0.5	1.09959327241202
17.125	0.5	1.10043330503722
17.375	0.5	1.10124554362916
17.625	0.5	1.10203033412999
17.875	0.5	1.10278802969268
18.125	0.5	1.1035189908128
18.375	0.5	1.10422358543098
18.625	0.5	1.10490218900672
18.875	0.5	1.10555518456428
19.125	0.5	1.10618296271104
19.375	0.5	1.10678592162897
19.625	0.5	1.10736446703964
19.875	0.5	1.10791901214334
20.125	0.5	1.10844997753266
20.375	0.5	1.108957791081
20.625	0.5	1.10944288780663
20.875	0.5	1.10990570971249
21.125	0.5	1.1103467056025
21.375	0.5	1.11076633087464
21.625	0.5	1.11116504729153
21.875	0.5	1.11154332272888
22.125	0.5	1.11190163090258
22.375	0.5	1.1122404510748
22.625	0.5	1.11256026774008
22.875	0.5	1.1128615702918
23.125	0.5	1.1131448526699
23.375	0.5	1.11341061299069
23.625	0.5	1.11365935315939
23.875	0.5	1.1138915784665
24.125	0.5	1.11410779716859
24.375	0.5	1.11430852005482
24.625	0.5	1.11449425999978
24.875	0.5	1.11466553150405
25.125	0.5	1.11482285022321
25.375	0.5	1.11496673248655
25.625	0.5	1.11509769480658
25.875	0.5	1.11521625338041
26.125	0.5	1.11532292358424
26.375	0.5	1.11541821946193
26.625	0.5	1.11550265320914
26.875	0.5	1.11557673465389
27.125	0.5	1.11564097073494
27.375	0.5	1.11569586497904
27.625	0.5	1.11574191697829
27.875	0.5	1.11577962186866
28.125	0.5	1.11580946981086
28.375	0.5	1.11583194547469
28.625	0.5	1.11584752752776
28.875	0.5	1.11585668812984
29.125	0.5	1.11585989243365
29.375	0.5	1.11585759809307
29.625	0.5	1.11585025477974
29.875	0.5	1.11583830370881
30.125	0.5	1.11582217717466
30.375	0.5	1.11580229809741
30.625	0.5	1.1157790795807
30.875	0.5	1.11575292448166
31.125	0.5	1.11572422499337
31.375	0.5	1.11569336224047
31.625	0.5	1.11566070588843
31.875	0.5	1.11562661376667
32.125	0.5	1.11559143150615
32.375	0.5	1.11555549219152
32.625	0.5	1.11551911602823
32.875	0.5	1.11548261002467
33.125	0.5	1.1154462676896
33.375	0.5	1.11541036874501
33.625	0.5	1.11537517885436
33.875	0.5	1.11534094936636
34.125	0.5	1.11530791707436
34.375	0.5	1.11527630399116
34.625	0.5	1.11524631713937
34.875	0.5	1.11521814835723
35.125	0.5	1.11519197411977
35.375	0.5	1.11516795537537
35.625	0.5	1.11514623739747
35.875	0.5	1.11512694965146
36.125	0.5	1.11511020567666
36.375	0.5	1.11509610298321
36.625	0.5	1.11508472296388
36.875	0.5	1.11507613082077
37.125	0.5	1.11507037550664
37.375	0.5	1.11506748968103
0.125	1.5	-0.00089405727538296
0.375	1.5	0.000354618058465805
0.625	1.5	0.00315384176038655
0.875	1.5	0.00817281176619369
1.125	1.5	0.0165849999571529
1.375	1.5	0.030280806671718
1.625	1.5	0.0521343994641403
1.875	1.5	0.08622076817689
2.125	1.5	0.137693631541632
2.375	1.5	0.211756750530083
2.625	1.5	0.311094651027097
2.875	1.5	0.432130100495851
3.125	1.5	0.562994872309644
3.375	1.5	0.687097718053523
3.625	1.5	0.790992960501504
3.875	1.5	0.869477244493734
4.125	1.5	0.924525057900429
4.375	1.5	0.961382023558467
4.625	1.5	0.985515312008491
4.875	1.5	1.00129838586661
5.125	1.5	1.011810379179
5.375	1.5	1.01907132478207
5.625	1.5	1.02435261633546
5.875	1.5	1.02843445403959
6.125	1.5	1.03178800828569
6.375	1.5	1.03469485839109
6.625	1.5	1.03732210387075
6.875	1.5	1.03976844751321
7.125	1.5	1.04209203209591
7.375	1.5	1.04432708043902
7.625	1.5	1.04649376809872
7.875	1.5	1.04860404748789
8.125	1.5	1.05066506788907
8.375	1.5	1.05268117610977
8.625	1.5	1.05465508315815
8.875	1.5	1.05658854290231
9.125	1.5	1.05848274618991
9.375	1.5	1.06033854959405
9.625	1.5	1.06215660830766
9.875	1.5	1.06393745360479
10.125	1.5	1.06568153829218
10.375	1.5	1.06738926368695
10.625	1.5	1.06906099592341
10.875	1.5	1.07069707607867
11.125	1.5	1.0722978266973
11.375	1.5	1.07386355619739
11.625	1.5	1.07539456201101
11.875	1.5	1.07689113295111
12.125	1.5	1.07835355109065
12.375	1.5	1.07978209332131
12.625	1.5	1.08117703269131
12.875	1.5	1.08253863958266
13.125	1.5	1.08386718276552
13.375	1.5	1.08516293035374
13.625	1.5	1.08642615067792
13.875	1.5	1.08765711308725
14.125	1.5	1.08885608868828
14.375	1.5	1.09002335102691
14.625	1.5	1.09115917671838
14.875	1.5	1.09226384602917
15.125	1.5	1.09333764341387
15.375	1.5	1.09438085800984
15.625	1.5	1.09539378409163
15.875	1.5	1.0963767214872
16.125	1.5	1.09732997595752
16.375	1.5	1.09825385954084
16.625	1.5	1.09914869086294
16.875	1.5	1.10001479541435
17.125	1.5	1.10085250579549
17.375	1.5	1.10166216193048
17.625	1.5	1.10244411125044
17.875	1.5	1.10319870884679
18.125	1.5	1.10392631759524
18.375	1.5	1.10462730825092
18.625	1.5	1.10530205951517
18.875	1.5	1.10595095807444
19.125	1.5	1.10657439861162
19.375	1.5	1.10717278379035
19.625	1.5	1.10774652421261
19.875	1.5	1.1082960383499
20.125	1.5	1.10882175244859
20.375	1.5	1.10932410040957
20.625	1.5	1.10980352364283
20.875	1.5	1.11026047089725
21.125	1.5	1.11069539806604
21.375	1.5	1.11110876796838
21.625	1.5	1.11150105010765
21.875	1.5	1.11187272040691
22.125	1.5	1.11222426092209
22.375	1.5	1.1125561595335
22.625	1.5	1.11286890961647
22.875	1.5	1.11316300969166
23.125	1.5	1.11343896305581
23.375	1.5	1.11369727739392
23.625	1.5	1.11393846437349
23.875	1.5	1.11416303922182
24.125	1.5	1.11437152028739
24.375	1.5	1.11456442858621
24.625	1.5	1.11474228733432
24.875	1.5	1.11490562146733
25.125	1.5	1.11505495714841
25.375	1.5	1.11519082126568
25.625	1.5	1.11531374092026
25.875	1.5	1.11542424290626
26.125	1.5	1.1155228531839
26.375	1.5	1.11561009634707
26.625	1.5	1.11568649508654
26.875	1.5	1.11575256965014
27.125	1.5	1.1158088373012
27.375	1.5	1.1158558117765
27.625	1.5	1.11589400274492
27.875	1.5	1.11592391526816
28.125	1.5	1.11594604926453
28.375	1.5	1.11596089897717
28.625	1.5	1.11596895244775
28.875	1.5	1.11597069099666
29.125	1.5	1.11596658871089
29.375	1.5	1.11595711194038
29.625	1.5	1.11594271880399
29.875	1.5	1.11592385870573
30.125	1.5	1.11590097186223
30.375	1.5	1.11587448884212
30.625	1.5	1.11584483011797
30.875	1.5	1.11581240563147
31.125	1.5	1.11577761437231
31.375	1.5	1.11574084397129
31.625	1.5	1.11570247030808
31.875	1.5	1.11566285713397
32.125	1.5	1.11562235570984
32.375	1.5	1.11558130445972
32.625	1.5	1.11554002863995
32.875	1.5	1.1154988400242
33.125	1.5	1.11545803660441
33.375	1.5	1.11541790230756
33.625	1.5	1.11537870672846
33.875	1.5	1.11534070487839
34.125	1.5	1.1153041369495
34.375	1.5	1.115269228095
34.625	1.5	1.11523618822495
34.875	1.5	1.11520521181744
35.125	1.5	1.11517647774518
35.375	1.5	1.11515014911726
35.625	1.5	1.11512637313581
35.875	1.5	1.1151052809677
36.125	1.5	1.11508698763077
36.375	1.5	1.11507159189475
36.625	1.5	1.11505917619655
36.875	1.5	1.11504980656986
37.125	1.5	1.11504353258901
37.375	1.5	1.11504038732687
0.125	2.5	7.69895136633999e-05
0.375	2.5	0.00158105626542149
0.625	2.5	0.00494720697763371
0.875	2.5	0.010966470076275
1.125	2.5	0.0210170079133099
1.375	2.5	0.0372939455184797
1.625	2.5	0.0630704974800718
1.875	2.5	0.102832163855989
2.125	2.5	0.161900117358196
2.375	2.5	0.244902978340356
2.625	2.5	0.352660461719723
2.875	2.5	0.478634791924066
3.125	2.5	0.608624202945434
3.375	2.5	0.726388175399723
3.625	2.5	0.821252300956531
3.875	2.5	0.890925535601372
4.125	2.5	0.938932248047363
4.375	2.5	0.970790855202587
4.625	2.5	0.991621307432824
4.875	2.5	1.0053139803412
5.125	2.5	1.01453595704153
5.375	2.5	1.02101182567812
5.625	2.5	1.02581842005716
5.875	2.5	1.02961364537189
6.125	2.5	1.03279382635048
6.375	2.5	1.03559543666183
6.625	2.5	1.03815861944724
6.875	2.5	1.04056602190957
7.125	2.5	1.04286621605055
7.375	2.5	1.04508769084269
7.625	2.5	1.04724715311036
7.875	2.5	1.04935442459688
8.125	2.5	1.05141531733692
8.375	2.5	1.0534333149153
8.625	2.5	1.05541055177841
8.875	2.5	1.05734838167488
9.125	2.5	1.0592477065539
9.375	2.5	1.06110916633295
9.625	2.5	1.0629332481485
9.875	2.5	1.06472034917535
10.125	2.5	1.06647081276316
10.375	2.5	1.06818494929204
10.625	2.5	1.06986304830644
10.875	2.5	1.07150538568762
11.125	2.5	1.07311222801255
11.375	2.5	1.07468383532135
11.625	2.5	1.07622046298596
11.875	2.5	1.07772236307051
12.125	2.5	1.07918978540231
12.375	2.5	1.08062297847543
12.625	2.5	1.08202219025387
12.875	2.5	1.08338766891077
13.125	2.5	1.08471966352293
13.375	2.5	1.08601842473055
13.625	2.5	1.08728420536699
13.875	2.5	1.08851726106051
14.125	2.5	1.08971785080857
14.375	2.5	1.09088623752479
14.625	2.5	1.09202268855808
14.875	2.5	1.09312747618351
15.125	2.5	1.09420087806473
15.375	2.5	1.09524317768732
15.625	2.5	1.09625466476309
15.875	2.5	1.09723563560494
16.125	2.5	1.09818639347235
16.375	2.5	1.09910724888748
16.625	2.5	1.09999851992171
16.875	2.5	1.100860532453
17.125	2.5	1.10169362039389
17.375	2.5	1.1024981258905
17.625	2.5	1.10327439949243
17.875	2.5	1.10402280029399
18.125	2.5	1.1047436960467
18.375	2.5	1.10543746324335
18.625	2.5	1.10610448717374
18.875	2.5	1.10674516195235
19.125	2.5	1.10735989051807
19.375	2.5	1.10794908460611
19.625	2.5	1.10851316469252
19.875	2.5	1.10905255991131
20.125	2.5	1.10956770794447
20.375	2.5	1.11005905488528
20.625	2.5	1.110527055075
20.875	2.5	1.11097217091335
21.125	2.5	1.11139487264319
21.375	2.5	1.1117956381097
21.625	2.5	1.1121749524945
21.875	2.5	1.11253330802535
22.125	2.5	1.11287120366176
22.375	2.5	1.11318914475733
22.625	2.5	1.11348764269936
22.875	2.5	1.11376721452643
23.125	2.5	1.11402838252495
23.375	2.5	1.11427167380532
23.625	2.5	1.1144976198588
23.875	2.5	1.11470675609606
24.125	2.5	1.1148996213684
24.375	2.5	1.11507675747291
24.625	2.5	1.11523870864269
24.875	2.5	1.1153860210234
25.125	2.5	1.11551924213752
25.375	2.5	1.11563892033751
25.625	2.5	1.11574560424955
25.875	2.5	1.11583984220898
26.125	2.5	1.11592218168912
26.375	2.5	1.11599316872497
26.625	2.5	1.11605334733301
26.875	2.5	1.11610325892902
27.125	2.5	1.11614344174498
27.375	2.5	1.11617443024685
27.625	2.5	1.11619675455448
27.875	2.5	1.11621093986518
28.125	2.5	1.11621750588224
28.375	2.5	1.11621696624982
28.625	2.5	1.11620982799539
28.875	2.5	1.11619659098102
29.125	2.5	1.11617774736454
29.375	2.5	1.11615378107178
29.625	2.5	1.1161251672808
29.875	2.5	1.11609237191894
30.125	2.5	1.11605585117376
30.375	2.5	1.11601605101827
30.625	2.5	1.11597340675144
30.875	2.5	1.11592834255427
31.125	2.5	1.11588127106207
31.375	2.5	1.11583259295331
31.625	2.5	1.11578269655525
31.875	2.5	1.11573195746678
32.125	2.5	1.11568073819839
32.375	2.5	1.11562938782953
32.625	2.5	1.1155782416833
32.875	2.5	1.11552762101844
33.125	2.5	1.11547783273851
33.375	2.5	1.11542916911815
33.625	2.5	1.11538190754618
33.875	2.5	1.11533631028527
34.125	2.5	1.1152926242481
34.375	2.5	1.11525108078947
34.625	2.5	1.11521189551427
34.875	2.5	1.11517526810086
35.125	2.5	1.11514138213963
35.375	2.5	1.11511040498635
35.625	2.5	1.11508248763002
35.875	2.5	1.11505776457496
36.125	2.5	1.1150363537367
36.375	2.5	1.11501835635165
36.625	2.5	1.11500385690007
36.875	2.5	1.11499292304226
37.125	2.5	1.11498560556769
37.375	2.5	1.11498193835708
0.125	3.5	0.00127338314270514
0.375	3.5	0.00318814741676152
0.625	3.5	0.00746620426894868
0.875	3.5	0.0150936856941671
1.125	3.5	0.0277717542589786
1.375	3.5	0.0481619352304957
1.625	3.5	0.080108857095664
1.875	3.5	0.128584306751961
2.125	3.5	0.19883062084524
2.375	3.5	0.294056804311781
2.625	3.5	0.411824671510005
2.875	3.5	0.541574037539716
3.125	3.5	0.667216144512414
3.375	3.5	0.774555445076167
3.625	3.5	0.85706987371098
3.875	3.5	0.915735001767768
4.125	3.5	0.955387187420016
4.375	3.5	0.981491452678563
4.625	3.5	0.99858626952851
4.875	3.5	1.00993966888396
5.125	3.5	1.01772837500386
5.375	3.5	1.02333750072456
5.625	3.5	1.02762409547117
5.875	3.5	1.03110902999658
6.125	3.5	1.03410504336945
6.375	3.5	1.03679827382864
6.625	3.5	1.03929876357747
6.875	3.5	1.04167120952939
7.125	3.5	1.04395347088747
7.375	3.5	1.04616761498736
7.625	3.5	1.04832646644145
7.875	3.5	1.05043746847365
8.125	3.5	1.05250494795736
8.375	3.5	1.05453143755333
8.625	3.5	1.056518443627
8.875	3.5	1.0584668899262
9.125	3.5	1.0603773724489
9.375	3.5	1.06225030489434
9.625	3.5	1.06408600103637
9.875	3.5	1.06588472094664
10.125	3.5	1.06764669664332
10.375	3.5	1.06937214613057
10.625	3.5	1.07106128096036
10.875	3.5	1.07271431023505
11.125	3.5	1.07433144269649
11.375	3.5	1.07591288782049
11.625	3.5	1.07745885642167
11.875	3.5	1.07896956104041
12.125	3.5	1.08044521625315
12.375	3.5	1.08188603897528
12.625	3.5	1.08329224878668
12.875	3.5	1.0846640682895
13.125	3.5	1.08600172349747
13.375	3.5	1.08730544425108
13.625	3.5	1.08857546465154
13.875	3.5	1.08981202350579
14.125	3.5	1.09101536477573
14.375	3.5	1.09218573802531
14.625	3.5	1.09332339886024
14.875	3.5	1.09442860935582
15.125	3.5	1.09550163846923
15.375	3.5	1.09654276243336
15.625	3.5	1.09755226512952
15.875	3.5	1.09853043843745
16.125	3.5	1.09947758256077
16.375	3.5	1.1003940063269
16.625	3.5	1.10128002746044
16.875	3.5	1.10213597282927
17.125	3.5	1.10296217866291
17.375	3.5	1.10375899074256
17.625	3.5	1.10452676456275
17.875	3.5	1.10526586546413
18.125	3.5	1.10597666873739
18.375	3.5	1.10665955969813
18.625	3.5	1.10731493373251
18.875	3.5	1.10794319631384
19.125	3.5	1.10854476298976
19.375	3.5	1.10912005934034
19.625	3.5	1.10966952090676
19.875	3.5	1.11019359309097
20.125	3.5	1.110692731026
20.375	3.5	1.11116739941739
20.625	3.5	1.11161807235561
20.875	3.5	1.11204523309975
21.125	3.5	1.11244937383275
21.375	3.5	1.11283099538834
21.625	3.5	1.11319060695017
21.875	3.5	1.11352872572352
22.125	3.5	1.11384587658002
22.375	3.5	1.11414259167609
22.625	3.5	1.11441941004567
22.875	3.5	1.11467687716809
23.125	3.5	1.11491554451193
23.375	3.5	1.11513596905582
23.625	3.5	1.11533871278724
23.875	3.5	1.11552434218059
24.125	3.5	1.11569342765559
24.375	3.5	1.11584654301764
24.625	3.5	1.11598426488135
24.875	3.5	1.11610717207891
25.125	3.5	1.11621584505493
25.375	3.5	1.11631086524935
25.625	3.5	1.11639281447019
25.875	3.5	1.11646227425805
26.125	3.5	1.11651982524395
26.375	3.5	1.11656604650266
26.625	3.5	1.11660151490317
26.875	3.5	1.11662680445828
27.125	3.5	1.11664248567512
27.375	3.5	1.11664912490853
27.625	3.5	1.11664728371891
27.875	3.5	1.11663751823652
28.125	3.5	1.11662037853367
28.375	3.5	1.11659640800667
28.625	3.5	1.11656614276873
28.875	3.5	1.11653011105563
29.125	3.5	1.11648883264504
29.375	3.5	1.11644281829112
29.625	3.5	1.11639256917518
29.875	3.5	1.11633857637359
30.125	3.5	1.1162813203436
30.375	3.5	1.11622127042797
30.625	3.5	1.11615888437893
30.875	3.5	1.11609460790194
31.125	3.5	1.11602887421962
31.375	3.5	1.11596210365606
31.625	3.5	1.11589470324178
31.875	3.5	1.1158270663391
32.125	3.5	1.11575957228808
32.375	3.5	1.11569258607274
32.625	3.5	1.11562645800728
32.875	3.5	1.11556152344203
33.125	3.5	1.11549810248867
33.375	3.5	1.11543649976428
33.625	3.5	1.11537700415374
33.875	3.5	1.11531988858977
34.125	3.5	1.11526540985029
34.375	3.5	1.11521380837222
34.625	3.5	1.11516530808126
34.875	3.5	1.11512011623704
35.125	3.5	1.11507842329289
35.375	3.5	1.11504040276981
35.625	3.5	1.11500621114391
35.875	3.5	1.11497598774682
36.125	3.5	1.11494985467862
36.375	3.5	1.11492791673267
36.625	3.5	1.11491026133208
36.875	3.5	1.1148969584773
37.125	3.5	1.11488806070468
37.375	3.5	1.1148836030555
0.125	4.5	0.00224341822543261
0.375	4.5	0.00473423327924874
0.625	4.5	0.0102915355878017
0.875	4.5	0.0201727018823122
1.125	4.5	0.0365176051326853
1.375	4.5	0.0625903689805992
1.625	4.5	0.102890685356111
1.875	4.5	0.162732326636346
2.125	4.5	0.246637120106455
2.375	4.5	0.355151680448766
2.625	4.5	0.481378826495895
2.875	4.5	0.610959948009252
3.125	4.5	0.727891985001491
3.375	4.5	0.821913431091863
3.625	4.5	0.89099001159981
3.875	4.5	0.938678160966564
4.125	4.5	0.970416994389507
4.375	4.5	0.991237271504753
4.625	4.5	1.00496816157951
4.875	4.5	1.01424414771665
5.125	4.5	1.02077596856925
5.375	4.5	1.02563642648906
5.625	4.5	1.0294835965681
5.875	4.5	1.0327152528688
6.125	4.5	1.03556931348005
6.375	4.5	1.03818692738769
6.625	4.5	1.04065126038686
6.875	4.5	1.04301100983174
7.125	4.5	1.04529452087052
7.375	4.5	1.04751819649002
7.625	4.5	1.04969147611994
7.875	4.5	1.0518197658101
8.125	4.5	1.05390615303372
8.375	4.5	1.05595240433387
8.625	4.5	1.05795954201644
8.875	4.5	1.05992817506524
9.125	4.5	1.06185868736506
9.375	4.5	1.06375134360048
9.625	4.5	1.06560634800516
9.875	4.5	1.06742387634767
10.125	4.5	1.06920409289936
10.375	4.5	1.07094715910453
10.625	4.5	1.07265323776612
10.875	4.5	1.07432249488721
11.125	4.5	1.07595510035228
11.375	4.5	1.07755122808943
11.625	4.5	1.07911105605007
11.875	4.5	1.08063476617344
12.125	4.5	1.08212254441112
12.375	4.5	1.08357458083797
12.625	4.5	1.08499106985146
12.875	4.5	1.08637221044941
13.125	4.5	1.08771820657201
13.375	4.5	1.08902926749312
13.625	4.5	1.09030560824636
13.875	4.5	1.09154745007373
14.125	4.5	1.09275502088579
14.375	4.5	1.09392855572455
14.625	4.5	1.0950682972217
14.875	4.5	1.09617449604632
15.125	4.5	1.09724741133719
15.375	4.5	1.09828731111612
15.625	4.5	1.09929447267926
15.875	4.5	1.10026918296412
16.125	4.5	1.10121173889057
16.375	4.5	1.10212244767452
16.625	4.5	1.1030016271132
16.875	4.5	1.1038496058413
17.125	4.5	1.10466672355745
17.375	4.5	1.10545333122048
17.625	4.5	1.10620979121528
17.875	4.5	1.10693647748784
18.125	4.5	1.10763377564935
18.375	4.5	1.10830208304903
18.625	4.5	1.10894180881572
18.875	4.5	1.10955337386774
19.125	4.5	1.11013721089111
19.375	4.5	1.11069376428581
19.625	4.5	1.11122349007992
19.875	4.5	1.11172685581159
20.125	4.5	1.11220434037847
20.375	4.5	1.11265643385478
20.625	4.5	1.11308363727567
20.875	4.5	1.11348646238908
21.125	4.5	1.11386543137491
21.375	4.5	1.11422107653191
21.625	4.5	1.11455393993209
21.875	4.5	1.11486457304342
22.125	4.5	1.11515353632075
22.375	4.5	1.11542139876591
22.625	4.5	1.11566873745729
22.875	4.5	1.11589613704999
23.125	4.5	1.11610418924726
23.375	4.5	1.11629349224447
23.625	4.5	1.11646465014677
23.875	4.5	1.11661827236189
24.125	4.5	1.11675497296959
24.375	4.5	1.11687537006944
24.625	4.5	1.11698008510884
24.875	4.5	1.11706974219316
25.125	4.5	1.11714496738016
25.375	4.5	1.11720638796082
25.625	4.5	1.11725463172895
25.875	4.5	1.11729032624187
26.125	4.5	1.1173140980746
26.375	4.5	1.11732657207011
26.625	4.5	1.11732837058802
26.875	4.5	1.11732011275427
27.125	4.5	1.11730241371424
27.375	4.5	1.11727588389167
27.625	4.5	1.11724112825591
27.875	4.5	1.11719874559949
28.125	4.5	1.11714932782853
28.375	4.5	1.11709345926769
28.625	4.5	1.11703171598187
28.875	4.5	1.11696466511623
29.125	4.5	1.11689286425622
29.375	4.5	1.11681686080906
29.625	4.5	1.11673719140788
29.875	4.5	1.11665438133962
30.125	4.5	1.11656894399756
30.375	4.5	1.11648138035927
30.625	4.5	1.11639217849024
30.875	4.5	1.11630181307388
31.125	4.5	1.11621074496767
31.375	4.5	1.11611942078574
31.625	4.5	1.1160282725075
31.875	4.5	1.11593771711211
32.125	4.5	1.11584815623824
32.375	4.5	1.11575997586858
32.625	4.5	1.11567354603835
32.875	4.5	1.11558922056702
33.125	4.5	1.11550733681231
33.375	4.5	1.11542821544563
33.625	4.5	1.11535216024771
33.875	4.5	1.1152794579236
34.125	4.5	1.11521037793581
34.375	4.5	1.11514517235446
34.625	4.5	1.1150840757235
34.875	4.5	1.11502730494174
35.125	4.5	1.1149750591577
35.375	4.5	1.11492751967727
35.625	4.5	1.11488484988312
35.875	4.5	1.1148471951651
36.125	4.5	1.11481468286055
36.375	4.5	1.11478742220391
36.625	4.5	1.11476550428491
36.875	4.5	1.11474900201461
37.125	4.5	1.11473797009894
37.375	4.5	1.1147324450192
0.125	5.5	0.0023591824846529
0.375	5.5	0.00558475043317421
0.625	5.5	0.0127719124998465
0.875	5.5	0.025514785211253
1.125	5.5	0.046478817655661
1.375	5.5	0.0795946888388682
1.625	5.5	0.129940240900881
1.875	5.5	0.2027383102125
2.125	5.5	0.300821595652833
2.375	5.5	0.420898725392589
2.625	5.5	0.551453788884757
2.875	5.5	0.676124190181937
3.125	5.5	0.781374263356124
3.375	5.5	0.861630311233313
3.625	5.5	0.918460757082848
3.875	5.5	0.956853779173079
4.125	5.5	0.982188794317984
4.375	5.5	0.998858940176328
4.625	5.5	1.01000687555727
4.875	5.5	1.01772184550969
5.125	5.5	1.02333383047647
5.375	5.5	1.02766698792766
5.625	5.5	1.03122313904735
5.875	5.5	1.03430414072668
6.125	5.5	1.03708992615058
6.375	5.5	1.03968696953881
6.625	5.5	1.04215787913434
6.875	5.5	1.04453925866986
7.125	5.5	1.0468523953486
7.375	5.5	1.04910961063454
7.625	5.5	1.05131801059901
7.875	5.5	1.05348168766157
8.125	5.5	1.05560300557644
8.375	5.5	1.05768334472861
8.625	5.5	1.05972353146834
8.875	5.5	1.0617240835272
9.125	5.5	1.06368534904353
9.375	5.5	1.06560758447867
9.625	5.5	1.06749099772424
9.875	5.5	1.06933577158448
10.125	5.5	1.07114207633867
10.375	5.5	1.07291007633413
10.625	5.5	1.07463993339578
10.875	5.5	1.07633180859959
11.125	5.5	1.07798586325374
11.375	5.5	1.07960225953513
11.625	5.5	1.08118116100934
11.875	5.5	1.08272273314186
12.125	5.5	1.08422714384475
12.375	5.5	1.08569456407002
12.625	5.5	1.08712516844563
12.875	5.5	1.08851913594315
13.125	5.5	1.08987665056489
13.375	5.5	1.0911979020381
13.625	5.5	1.09248308650597
13.875	5.5	1.09373240720658
14.125	5.5	1.09494607513272
14.375	5.5	1.09612430966725
14.625	5.5	1.09726733918985
14.875	5.5	1.0983754016523
15.125	5.5	1.09944874512009
15.375	5.5	1.10048762827919
15.625	5.5	1.10149232090692
15.875	5.5	1.10246310430682
16.125	5.5	1.10340027170711
16.375	5.5	1.10430412862306
16.625	5.5	1.10517499318335
16.875	5.5	1.10601319642066
17.125	5.5	1.10681908252698
17.375	5.5	1.10759300907364
17.625	5.5	1.10833534719647
17.875	5.5	1.10904648174618
18.125	5.5	1.10972681140406
18.375	5.5	1.11037674876292
18.625	5.5	1.11099672037329
18.875	5.5	1.11158716675459
19.125	5.5	1.11214854237107
19.375	5.5	1.11268131557219
19.625	5.5	1.11318596849705
19.875	5.5	1.11366299694244
20.125	5.5	1.11411291019413
20.375	5.5	1.11453623082089
20.625	5.5	1.11493349443089
20.875	5.5	1.11530524939003
21.125	5.5	1.11565205650199
21.375	5.5	1.11597448864974
21.625	5.5	1.11627313039835
21.875	5.5	1.11654857755921
22.125	5.5	1.11680143671582
22.375	5.5	1.11703232471146
22.625	5.5	1.11724186809937
22.875	5.5	1.11743070255609
23.125	5.5	1.11759947225912
23.375	5.5	1.11774882922986
23.625	5.5	1.11787943264352
23.875	5.5	1.11799194810755
24.125	5.5	1.11808704691054
24.375	5.5	1.11816540524378
24.625	5.5	1.11822770339792
24.875	5.5	1.11827462493716
25.125	5.5	1.11830685585403
25.375	5.5	1.11832508370752
25.625	5.5	1.11832999674781
25.875	5.5	1.11832228303088
26.125	5.5	1.11830262952625
26.375	5.5	1.1182717212214
26.625	5.5	1.11823024022627
26.875	5.5	1.11817886488133
27.125	5.5	1.11811826887257
27.375	5.5	1.11804912035691
27.625	5.5	1.11797208110112
27.875	5.5	1.11788780563745
28.125	5.5	1.11779694043898
28.375	5.5	1.11770012311727
28.625	5.5	1.11759798164504
28.875	5.5	1.11749113360604
29.125	5.5	1.11738018547422
29.375	5.5	1.11726573192396
29.625	5.5	1.1171483551728
29.875	5.5	1.11702862435798
30.125	5.5	1.11690709494755
30.375	5.5	1.1167843081868
30.625	5.5	1.11666079058026
30.875	5.5	1.11653705340938
31.125	5.5	1.11641359228566
31.375	5.5	1.11629088673882
31.625	5.5	1.11616939983928
31.875	5.5	1.11604957785408
32.125	5.5	1.11593184993512
32.375	5.5	1.11581662783847
32.625	5.5	1.11570430567335
32.875	5.5	1.11559525967921
33.125	5.5	1.11548984802927
33.375	5.5	1.11538841065877
33.625	5.5	1.11529126911618
33.875	5.5	1.11519872643548
34.125	5.5	1.11511106702773
34.375	5.5	1.11502855659001
34.625	5.5	1.11495144202998
34.875	5.5	1.11487995140426
35.125	5.5	1.11481429386887
35.375	5.5	1.11475465964013
35.625	5.5	1.11470121996445
35.875	5.5	1.11465412709554
36.125	5.5	1.1146135142777
36.375	5.5	1.11457949573397
36.625	5.5	1.11455216665805
36.875	5.5	1.11453160320905
37.125	5.5	1.11451786250828
37.375	5.5	1.11451098263739
0.125	6.5	0.00155050720665789
0.375	6.5	0.00571054400213326
0.625	6.5	0.0149575263915262
0.875	6.5	0.0312756701189083
1.125	6.5	0.0579034701998482
1.375	6.5	0.099400578329655
1.625	6.5	0.161138150050244
1.875	6.5	0.247516927326925
2.125	6.5	0.358575373901035
2.375	6.5	0.486563328218016
2.625	6.5	0.616472105128634
2.875	6.5	0.732426365309317
3.125	6.5	0.824887888518176
3.375	6.5	0.892499059777249
3.625	6.5	0.939127051282093
3.875	6.5	0.970233039565751
4.125	6.5	0.990750832307769
4.375	6.5	1.00439874604528
4.625	6.5	1.01372440773923
4.875	6.5	1.02038010781762
5.125	6.5	1.02540237467008
5.375	6.5	1.02942790297774
5.625	6.5	1.03284237984118
5.875	6.5	1.03587719909015
6.125	6.5	1.03867022468961
6.375	6.5	1.04130317984754
6.625	6.5	1.0438243386915
6.875	6.5	1.04626216382007
7.125	6.5	1.04863344114355
7.375	6.5	1.05094810253853
7.625	6.5	1.05321206964351
7.875	6.5	1.05542892269687
8.125	6.5	1.05760087555443
8.375	6.5	1.0597293430811
8.625	6.5	1.0618152702243
8.875	6.5	1.06385932241986
9.125	6.5	1.06586199569489
9.375	6.5	1.06782368048537
9.625	6.5	1.06974469889842
9.875	6.5	1.07162532680441
10.125	6.5	1.07346580729399
10.375	6.5	1.07526635922984
10.625	6.5	1.07702718300901
10.875	6.5	1.07874846472808
11.125	6.5	1.08043037941826
11.375	6.5	1.08207309372073
11.625	6.5	1.08367676820644
11.875	6.5	1.0852415594522
12.125	6.5	1.08676762193439
12.375	6.5	1.08825510977418
12.625	6.5	1.08970417835371
12.875	6.5	1.09111498581515
13.125	6.5	1.09248769445076
13.375	6.5	1.09382247199051
13.625	6.5	1.09511949279259
13.875	6.5	1.09637893894218
14.125	6.5	1.09760100126351
14.375	6.5	1.09878588025009
14.625	6.5	1.09993378691798
14.875	6.5	1.10104494358664
15.125	6.5	1.10211958459196
15.375	6.5	1.10315795693557
15.625	6.5	1.10416032087438
15.875	6.5	1.10512695045405
16.125	6.5	1.10605813398961
16.375	6.5	1.10695417449629
16.625	6.5	1.10781539007316
16.875	6.5	1.10864211424189
17.125	6.5	1.10943469624253
17.375	6.5	1.11019350128802
17.625	6.5	1.11091891077847
17.875	6.5	1.11161132247646
18.125	6.5	1.11227115064374
18.375	6.5	1.11289882613974
18.625	6.5	1.11349479648205
18.875	6.5	1.11405952586855
19.125	6.5	1.11459349516089
19.375	6.5	1.11509720182868
19.625	6.5	1.11557115985362
19.875	6.5	1.11601589959273
20.125	6.5	1.1164319675996
20.375	6.5	1.1168199264028
20.625	6.5	1.11718035424012
20.875	6.5	1.11751384474791
21.125	6.5	1.11782100660429
21.375	6.5	1.11810246312553
21.625	6.5	1.11835885181473
21.875	6.5	1.11859082386244
22.125	6.5	1.11879904359869
22.375	6.5	1.11898418789652
22.625	6.5	1.11914694552716
22.875	6.5	1.11928801646743
23.125	6.5	1.1194081111603
23.375	6.5	1.11950794972973
23.625	6.5	1.1195882611516
23.875	6.5	1.11964978238267
24.125	6.5	1.11969325744997
24.375	6.5	1.1197194365035
24.625	6.5	1.11972907483545
24.875	6.5	1.11972293186933
25.125	6.5	1.1197017701231
25.375	6.5	1.11966635415039
25.625	6.5	1.11961744946417
25.875	6.5	1.11955582144772
26.125	6.5	1.11948223425762
26.375	6.5	1.11939744972369
26.625	6.5	1.11930222625097
26.875	6.5	1.11919731772878
27.125	6.5	1.11908347245169
27.375	6.5	1.11896143205736
27.625	6.5	1.11883193048595
27.875	6.5	1.11869569296551
28.125	6.5	1.11855343502742
28.375	6.5	1.11840586155608
28.625	6.5	1.11825366587591
28.875	6.5	1.11809752887922
29.125	6.5	1.11793811819726
29.375	6.5	1.117776087417
29.625	6.5	1.11761207534529
29.875	6.5	1.11744670532181
30.125	6.5	1.11728058458168
30.375	6.5	1.11711430366812
30.625	6.5	1.11694843589534
30.875	6.5	1.11678353686099
31.125	6.5	1.11662014400758
31.375	6.5	1.11645877623159
31.625	6.5	1.11629993353875
31.875	6.5	1.11614409674369
32.125	6.5	1.1159917272119
32.375	6.5	1.11584326664156
32.625	6.5	1.11569913688288
32.875	6.5	1.11555973979213
33.125	6.5	1.1154254571176
33.375	6.5	1.11529665041461
33.625	6.5	1.11517366098662
33.875	6.5	1.11505680984942
34.125	6.5	1.1149463977155
34.375	6.5	1.11484270499565
34.625	6.5	1.11474599181492
34.875	6.5	1.11465649804018
35.125	6.5	1.11457444331668
35.375	6.5	1.11450002711095
35.625	6.5	1.11443342875786
35.875	6.5	1.11437480750943
36.125	6.5	1.11432430258363
36.375	6.5	1.11428203321101
36.625	6.5	1.11424809867785
36.875	6.5	1.11422257836433
37.125	6.5	1.11420553177634
37.375	6.5	1.11419699857038
0.125	7.5	0.00346648521817753
0.375	7.5	0.00909968469750226
0.625	7.5	0.0215330894978135
0.875	7.5	0.0432118392011673
1.125	7.5	0.0779597546551761
1.375	7.5	0.13074434944156
1.625	7.5	0.206504928142528
1.875	7.5	0.307441203770307
2.125	7.5	0.429320581137157
2.375	7.5	0.559887703191986
2.625	7.5	0.68288892836597
2.875	7.5	0.785681030831505
3.125	7.5	0.863627613068943
3.375	7.5	0.918776207973847
3.625	7.5	0.956168125130048
3.875	7.5	0.981038064571265
4.125	7.5	0.997601530528355
4.375	7.5	1.00885741367806
4.625	7.5	1.01679642050519
4.875	7.5	1.02268689585341
5.125	7.5	1.02731682903086
5.375	7.5	1.0311680629151
5.625	7.5	1.03453227503405
5.875	7.5	1.03758493317615
6.125	7.5	1.04043125232523
6.375	7.5	1.04313428749765
6.625	7.5	1.04573191720069
6.875	7.5	1.04824703016979
7.125	7.5	1.05069359999312
7.375	7.5	1.05308029197677
7.625	7.5	1.05541259830133
7.875	7.5	1.05769409988282
8.125	7.5	1.05992721213778
8.375	7.5	1.06211362672852
8.625	7.5	1.06425457462613
8.875	7.5	1.06635098427336
9.125	7.5	1.06840357813457
9.375	7.5	1.07041293296095
9.625	7.5	1.07237951856388
9.875	7.5	1.07430372373056
10.125	7.5	1.07618587432583
10.375	7.5	1.0780262465365
10.625	7.5	1.07982507700218
10.875	7.5	1.08158257087214
11.125	7.5	1.08329890841878
11.375	7.5	1.08497425059866
11.625	7.5	1.0866087438116
11.875	7.5	1.08820252402467
12.125	7.5	1.08975572037678
12.375	7.5	1.09126845834824
12.625	7.5	1.09274086255939
12.875	7.5	1.09417305924879
13.125	7.5	1.09556517847211
13.375	7.5	1.09691735605606
13.625	7.5	1.09822973533638
13.875	7.5	1.09950246870501
14.125	7.5	1.10073571898803
14.375	7.5	1.1019296606735
14.625	7.5	1.10308448100573
14.875	7.5	1.10420038096064
15.125	7.5	1.10527757611512
15.375	7.5	1.10631629742178
15.625	7.5	1.10731679189892
15.875	7.5	1.10827932324455
16.125	7.5	1.10920417238205
16.375	7.5	1.11009163794384
16.625	7.5	1.110942036699
16.875	7.5	1.11175570392908
17.125	7.5	1.11253299375645
17.375	7.5	1.11327427942799
17.625	7.5	1.11397995355657
17.875	7.5	1.11465042832229
18.125	7.5	1.11528613563422
18.375	7.5	1.11588752725352
18.625	7.5	1.11645507487777
18.875	7.5	1.11698927018618
19.125	7.5	1.11749062484464
19.375	7.5	1.11795967046954
19.625	7.5	1.11839695854865
19.875	7.5	1.1188030603172
20.125	7.5	1.11917856658727
20.375	7.5	1.11952408752804
20.625	7.5	1.11984025239483
20.875	7.5	1.12012770920453
21.125	7.5	1.12038712435513
21.375	7.5	1.12061918218735
21.625	7.5	1.12082458448623
21.875	7.5	1.12100404992116
22.125	7.5	1.12115831342287
22.375	7.5	1.12128812549645
22.625	7.5	1.12139425146976
22.875	7.5	1.1214774706774
23.125	7.5	1.12153857558042
23.375	7.5	1.1215783708232
23.625	7.5	1.121597672229
23.875	7.5	1.12159730573662
24.125	7.5	1.1215781062812
24.375	7.5	1.12154091662279
24.625	7.5	1.12148658612705
24.875	7.5	1.12141596950305
25.125	7.5	1.1213299255035
25.375	7.5	1.12122931559373
25.625	7.5	1.1211150025957
25.875	7.5	1.12098784931395
26.125	7.5	1.12084871715086
26.375	7.5	1.12069846471838
26.625	7.5	1.12053794645397
26.875	7.5	1.1203680112482
27.125	7.5	1.12018950109146
27.375	7.5	1.12000324974712
27.625	7.5	1.1198100814581
27.875	7.5	1.11961080969351
28.125	7.5	1.11940623594139
28.375	7.5	1.11919714855342
28.625	7.5	1.11898432164636
28.875	7.5	1.11876851406482
29.125	7.5	1.11855046840886
29.375	7.5	1.11833091012949
29.625	7.5	1.11811054669426
29.875	7.5	1.11789006682437
30.125	7.5	1.11767013980411
30.375	7.5	1.11745141486263
30.625	7.5	1.1172345206274
30.875	7.5	1.11702006464809
31.125	7.5	1.11680863298895
31.375	7.5	1.11660078988728
31.625	7.5	1.11639707747515
31.875	7.5	1.11619801556086
32.125	7.5	1.11600410146661
32.375	7.5	1.11581580991826
32.625	7.5	1.11563359298299
32.875	7.5	1.11545788005028
33.125	7.5	1.11528907785184
33.375	7.5	1.11512757051571
33.625	7.5	1.11497371964983
33.875	7.5	1.11482786445059
34.125	7.5	1.11469032183165
34.375	7.5	1.11456138656866
34.625	7.5	1.1144413314554
34.875	7.5	1.11433040746746
35.125	7.5	1.11422884392923
35.375	7.5	1.11413684868072
35.625	7.5	1.11405460824055
35.875	7.5	1.11398228796214
36.125	7.5	1.11392003217991
36.375	7.5	1.11386796434317
36.625	7.5	1.1138261871351
36.875	7.5	1.11379478257506
37.125	7.5	1.11377381210244
37.375	7.5	1.11376331664071
0.125	8.5	0.0289494376586715
0.375	8.5	0.0378200616458003
0.625	8.5	0.057022074756519
0.875	8.5	0.0894461371579078
1.125	8.5	0.139126639149053
1.375	8.5	0.210233846650857
1.625	8.5	0.304840275805737
1.875	8.5	0.419764869963737
2.125	8.5	0.544764331486181
2.375	8.5	0.665196035283282
2.625	8.5	0.768457638149086
2.875	8.5	0.848743972986775
3.125	8.5	0.906822682881789
3.375	8.5	0.946944508639816
3.625	8.5	0.974039667794291
3.875	8.5	0.992299420071788
4.125	8.5	1.00480935902465
4.375	8.5	1.01366824080656
4.625	8.5	1.02023865670689
4.875	8.5	1.0253805714811
5.125	8.5	1.02962737090878
5.375	8.5	1.03330643775647
5.625	8.5	1.03661758013211
5.875	8.5	1.03968251885736
6.125	8.5	1.04257552662889
6.375	8.5	1.04534216400084
6.625	8.5	1.04801064146207
6.875	8.5	1.05059867144624
7.125	8.5	1.05311758635374
7.375	8.5	1.05557480986283
7.625	8.5	1.05797534101094
7.875	8.5	1.06032264828804
8.125	8.5	1.06261921174525
8.375	8.5	1.06486685512651
8.625	8.5	1.06706695249501
8.875	8.5	1.06922055950512
9.125	8.5	1.07132849907595
9.375	8.5	1.07339141914046
9.625	8.5	1.07540983300155
9.875	8.5	1.07738414860709
10.125	8.5	1.07931469056393
10.375	8.5	1.0812017172338
10.625	8.5	1.08304543437644
10.875	8.5	1.08484600627783
11.125	8.5	1.08660356498254
11.375	8.5	1.088318218052
11.625	8.5	1.08999005514666
11.875	8.5	1.09161915365007
12.125	8.5	1.09320558349954
12.375	8.5	1.09474941135137
12.625	8.5	1.09625070418293
12.875	8.5	1.09770953241418
13.125	8.5	1.09912597261741
13.375	8.5	1.10050010987229
13.625	8.5	1.10183203981476
13.875	8.5	1.10312187042097
14.125	8.5	1.10436972356163
14.375	8.5	1.10557573635751
14.625	8.5	1.10674006236223
14.875	8.5	1.1078628725956
15.125	8.5	1.1089443564473
15.375	8.5	1.10998472246838
15.625	8.5	1.11098419906563
15.875	8.5	1.11194303511183
16.125	8.5	1.11286150048317
16.375	8.5	1.11373988653337
16.625	8.5	1.11457850651265
16.875	8.5	1.1153776959381
17.125	8.5	1.11613781292099
17.375	8.5	1.1168592384552
17.625	8.5	1.11754237666979
17.875	8.5	1.11818765504796
18.125	8.5	1.11879552461337
18.375	8.5	1.11936646008415
18.625	8.5	1.11990095999391
18.875	8.5	1.12039954677855
19.125	8.5	1.12086276682658
19.375	8.5	1.12129119049057
19.625	8.5	1.12168541205635
19.875	8.5	1.1220460496663
20.125	8.5	1.1223737451928
20.375	8.5	1.12266916405745
20.625	8.5	1.12293299499149
20.875	8.5	1.12316594973299
21.125	8.5	1.12336876265596
21.375	8.5	1.12354219032722
21.625	8.5	1.12368701098644
21.875	8.5	1.12380402394586
22.125	8.5	1.12389404890582
22.375	8.5	1.12395792518366
22.625	8.5	1.12399651085352
22.875	8.5	1.12401068179573
23.125	8.5	1.12400133065533
23.375	8.5	1.12396936571005
23.625	8.5	1.12391570964932
23.875	8.5	1.12384129826668
24.125	8.5	1.12374707906947
24.375	8.5	1.12363400981035
24.625	8.5	1.12350305694667
24.875	8.5	1.12335519403462
25.125	8.5	1.1231914000661
25.375	8.5	1.12301265775736
25.625	8.5	1.12281995179907
25.875	8.5	1.12261426707829
26.125	8.5	1.12239658688356
26.375	8.5	1.12216789110431
26.625	8.5	1.12192915443646
26.875	8.5	1.12168134460594
27.125	8.5	1.12142542062165
27.375	8.5	1.12116233106928
27.625	8.5	1.12089301245673
27.875	8.5	1.12061838762135
28.125	8.5	1.12033936420837
28.375	8.5	1.120056833229
28.625	8.5	1.11977166770553
28.875	8.5	1.11948472140986
29.125	8.5	1.1191968277005
29.375	8.5	1.11890879846188
29.625	8.5	1.11862142314885
29.875	8.5	1.1183354679375
30.125	8.5	1.11805167498289
30.375	8.5	1.11777076178261
30.625	8.5	1.11749342064429
30.875	8.5	1.11722031825412
31.125	8.5	1.11695209534269
31.375	8.5	1.1166893664433
31.625	8.5	1.1164327197377
31.875	8.5	1.11618271698322
32.125	8.5	1.11593989351499
32.375	8.5	1.1157047583166
32.625	8.5	1.11547779415207
32.875	8.5	1.11525945775208
33.125	8.5	1.11505018004721
33.375	8.5	1.11485036644087
33.625	8.5	1.11466039711481
33.875	8.5	1.11448062736009
34.125	8.5	1.11431138792672
34.375	8.5	1.11415298538536
34.625	8.5	1.11400570249465
34.875	8.5	1.11386979856833
35.125	8.5	1.11374550983635
35.375	8.5	1.11363304979478
35.625	8.5	1.11353260953968
35.875	8.5	1.11344435808033
36.125	8.5	1.11336844262795
36.375	8.5	1.11330498885625
36.625	8.5	1.11325410113058
36.875	8.5	1.11321586270308
37.125	8.5	1.1131903358715
37.375	8.5	1.1131775620999
0.125	9.5	0.175224898883268
0.375	9.5	0.191109693074462
0.625	9.5	0.224045520489371
0.875	9.5	0.275761993710852
1.125	9.5	0.347224039556261
1.375	9.5	0.436701096855862
1.625	9.5	0.538183442302583
1.875	9.5	0.641841783575286
2.125	9.5	0.737202018767273
2.375	9.5	0.816995837277238
2.625	9.5	0.878816313030369
2.875	9.5	0.924112405776735
3.125	9.5	0.95616753954134
3.375	9.5	0.97850782630247
3.625	9.5	0.994116108808188
3.875	9.5	1.00522709298976
4.125	9.5	1.01340057716847
4.375	9.5	1.01967865761895
4.625	9.5	1.02473840883174
4.875	9.5	1.02901192654819
5.125	9.5	1.03277188239918
5.375	9.5	1.03618925650434
5.625	9.5	1.03937101596871
5.875	9.5	1.0423841769847
6.125	9.5	1.04527094632733
6.375	9.5	1.04805815230241
6.625	9.5	1.05076307771923
6.875	9.5	1.05339705165516
7.125	9.5	1.05596765682908
7.375	9.5	1.05848008707191
7.625	9.5	1.06093798521456
7.875	9.5	1.06334396406148
8.125	9.5	1.06569993410448
8.375	9.5	1.06800731311466
8.625	9.5	1.07026716315345
8.875	9.5	1.07248028258263
9.125	9.5	1.07464726979695
9.375	9.5	1.07676856885925
9.625	9.5	1.07884450327766
9.875	9.5	1.08087530179148
10.125	9.5	1.082861118598
10.375	9.5	1.08480204958178
10.625	9.5	1.08669814557332
10.875	9.5	1.08854942333309
11.125	9.5	1.09035587474656
11.375	9.5	1.09211747458137
11.625	9.5	1.09383418706731
11.875	9.5	1.0955059714995
12.125	9.5	1.09713278702149
12.375	9.5	1.09871459671476
12.625	9.5	1.10025137109727
12.875	9.5	1.10174309111693
13.125	9.5	1.10318975071149
13.375	9.5	1.10459135899613
13.625	9.5	1.10594794213085
13.875	9.5	1.10725954491281
14.125	9.5	1.10852623213283
14.375	9.5	1.10974808973024
14.625	9.5	1.1109252257759
14.875	9.5	1.11205777130975
15.125	9.5	1.11314588105578
15.375	9.5	1.11418973403477
15.625	9.5	1.11518953409205
15.875	9.5	1.116145510356
16.125	9.5	1.11705791763993
16.375	9.5	1.11792703679902
16.625	9.5	1.11875317505116
16.875	9.5	1.11953666626972
17.125	9.5	1.12027787125391
17.375	9.5	1.12097717798146
17.625	9.5	1.12163500184634
17.875	9.5	1.12225178588341
18.125	9.5	1.12282800098007
18.375	9.5	1.12336414607411
18.625	9.5	1.12386074833562
18.875	9.5	1.12431836332972
19.125	9.5	1.12473757515591
19.375	9.5	1.12511899655888
19.625	9.5	1.12546326900478
19.875	9.5	1.1257710627161
20.125	9.5	1.12604307665793
20.375	9.5	1.12628003846751
20.625	9.5	1.12648270431885
20.875	9.5	1.12665185871396
21.125	9.5	1.12678831419176
21.375	9.5	1.12689291094645
21.625	9.5	1.12696651634677
21.875	9.5	1.12701002434828
22.125	9.5	1.12702435479159
22.375	9.5	1.12701045257975
22.625	9.5	1.12696928672966
22.875	9.5	1.12690184929312
23.125	9.5	1.12680915414458
23.375	9.5	1.12669223563442
23.625	9.5	1.12655214710801
23.875	9.5	1.12638995929278
24.125	9.5	1.12620675855734
24.375	9.5	1.12600364504873
24.625	9.5	1.12578173071572
24.875	9.5	1.12554213722816
25.125	9.5	1.12528599380414
25.375	9.5	1.12501443495849
25.625	9.5	1.12472859818762
25.875	9.5	1.12442962160721
26.125	9.5	1.1241186415602
26.375	9.5	1.12379679021333
26.625	9.5	1.12346519316108
26.875	9.5	1.12312496705581
27.125	9.5	1.12277721728288
27.375	9.5	1.12242303569894
27.625	9.5	1.12206349845059
27.875	9.5	1.12169966388975
28.125	9.5	1.12133257060022
28.375	9.5	1.12096323554873
28.625	9.5	1.12059265237154
28.875	9.5	1.1202217898059
29.125	9.5	1.11985159027344
29.375	9.5	1.11948296862071
29.625	9.5	1.11911681101962
29.875	9.5	1.11875397402887
30.125	9.5	1.11839528381514
30.375	9.5	1.11804153553132
30.625	9.5	1.11769349284719
30.875	9.5	1.11735188762639
31.125	9.5	1.1170174197425
31.375	9.5	1.11669075702547
31.625	9.5	1.11637253532931
31.875	9.5	1.1160633587106
32.125	9.5	1.11576379970725
32.375	9.5	1.11547439970643
32.625	9.5	1.11519566939039
32.875	9.5	1.11492808924883
33.125	9.5	1.11467211014649
33.375	9.5	1.11442815393498
33.625	9.5	1.11419661409799
33.875	9.5	1.11397785641948
34.125	9.5	1.11377221966482
34.375	9.5	1.11358001626548
34.625	9.5	1.11340153299823
34.875	9.5	1.11323703165053
35.125	9.5	1.1130867496643
35.375	9.5	1.1129509007509
35.625	9.5	1.11282967547075
35.875	9.5	1.11272324177167
36.125	9.5	1.11263174548065
36.375	9.5	1.11255531074426
36.625	9.5	1.1124940404137
36.875	9.5	1.11244801637098
37.125	9.5	1.11241729979325
37.375	9.5	1.11240193135312
0.125	10.5	0.712725996972116
0.375	10.5	0.723289393317379
0.625	10.5	0.743344873535173
0.875	10.5	0.770901622710953
1.125	10.5	0.803347465091617
1.375	10.5	0.83784818937487
1.625	10.5	0.871760450461252
1.875	10.5	0.902975350707964
2.125	10.5	0.930138568415222
2.375	10.5	0.952702854170579
2.625	10.5	0.970800429786588
2.875	10.5	0.984998994401621
3.125	10.5	0.996048760999193
3.375	10.5	1.00469702489362
3.625	10.5	1.01158834443256
3.875	10.5	1.01723127352469
4.125	10.5	1.02200372122676
4.375	10.5	1.02617493094085
4.625	10.5	1.02993099458379
4.875	10.5	1.03339773119997
5.125	10.5	1.03665887912839
5.375	10.5	1.03976957858047
5.625	10.5	1.04276591257484
5.875	10.5	1.04567144268185
6.125	10.5	1.04850158068488
6.375	10.5	1.05126646102378
6.625	10.5	1.05397280332095
6.875	10.5	1.05662510884568
7.125	10.5	1.0592264248271
7.375	10.5	1.06177883191163
7.625	10.5	1.06428375593552
7.875	10.5	1.06674216893703
8.125	10.5	1.06915472057321
8.375	10.5	1.07152182579514
8.625	10.5	1.07384372490508
8.875	10.5	1.07612052600568
9.125	10.5	1.0783522360457
9.375	10.5	1.08053878431486
9.625	10.5	1.082680040794
9.875	10.5	1.08477583088012
10.125	10.5	1.0868259474615
10.375	10.5	1.0888301609836
10.625	10.5	1.09078822793846
10.875	10.5	1.09269989808014
11.125	10.5	1.09456492058552
11.375	10.5	1.09638304932529
11.625	10.5	1.09815404737376
11.875	10.5	1.09987769086102
12.125	10.5	1.10155377225292
12.375	10.5	1.10318210313152
12.625	10.5	1.10476251653869
12.875	10.5	1.10629486893767
13.125	10.5	1.10777904184149
13.375	10.5	1.10921494315206
13.625	10.5	1.11060250824924
13.875	10.5	1.11194170086597
14.125	10.5	1.1132325137818
14.375	10.5	1.11447496936456
14.625	10.5	1.1156691199872
14.875	10.5	1.11681504834401
15.125	10.5	1.11791286768845
15.375	10.5	1.11896272201228
15.625	10.5	1.11996478618339
15.875	10.5	1.12091926605807
16.125	10.5	1.1218263985807
16.375	10.5	1.12268645188255
16.625	10.5	1.12349972538877
16.875	10.5	1.12426654994135
17.125	10.5	1.12498728794332
17.375	10.5	1.12566233352826
17.625	10.5	1.12629211275694
17.875	10.5	1.12687708384144
18.125	10.5	1.12741773739524
18.375	10.5	1.12791459670632
18.625	10.5	1.12836821802854
18.875	10.5	1.12877919088508
19.125	10.5	1.12914813837644
19.375	10.5	1.12947571748375
19.625	10.5	1.12976261935716
19.875	10.5	1.13000956957776
20.125	10.5	1.13021732838036
20.375	10.5	1.13038669082355
20.625	10.5	1.13051848689268
20.875	10.5	1.13061358152081
21.125	10.5	1.13067287451236
21.375	10.5	1.13069730035376
21.625	10.5	1.13068782789609
21.875	10.5	1.13064545989436
22.125	10.5	1.13057123238954
22.375	10.5	1.13046621391997
22.625	10.5	1.13033150455049
22.875	10.5	1.13016823470928
23.125	10.5	1.12997756382445
23.375	10.5	1.12976067875506
23.625	10.5	1.12951879201377
23.875	10.5	1.12925313978156
24.125	10.5	1.12896497971818
24.375	10.5	1.12865558857524
24.625	10.5	1.12832625962271
24.875	10.5	1.12797829990289
25.125	10.5	1.12761302732942
25.375	10.5	1.12723176765219
25.625	10.5	1.12683585131197
25.875	10.5	1.12642661021131
26.125	10.5	1.12600537443014
26.375	10.5	1.1255734689164
26.625	10.5	1.12513221018285
26.875	10.5	1.12468290304161
27.125	10.5	1.1242268374076
27.375	10.5	1.12376528520133
27.625	10.5	1.12329949737951
27.875	10.5	1.12283070112004
28.125	10.5	1.12236009718533
28.375	10.5	1.12188885748438
28.625	10.5	1.12141812285115
28.875	10.5	1.12094900105264
29.125	10.5	1.12048256503672
29.375	10.5	1.12001985142562
29.625	10.5	1.11956185925766
29.875	10.5	1.11910954897602
30.125	10.5	1.11866384166023
30.375	10.5	1.11822561849303
30.625	10.5	1.11779572045278
30.875	10.5	1.11737494821903
31.125	10.5	1.11696406227741
31.375	10.5	1.11656378320807
31.625	10.5	1.11617479214123
31.875	10.5	1.11579773136216
32.125	10.5	1.11543320504789
32.375	10.5	1.1150817801174
32.625	10.5	1.11474398717736
32.875	10.5	1.11442032154587
33.125	10.5	1.1141112443367
33.375	10.5	1.11381718358788
33.625	10.5	1.11353853541841
33.875	10.5	1.1132756651985
34.125	10.5	1.11302890871907
34.375	10.5	1.11279857334744
34.625	10.5	1.11258493915724
34.875	10.5	1.11238826002108
35.125	10.5	1.11220876465614
35.375	10.5	1.1120466576131
35.625	10.5	1.11190212020038
35.875	10.5	1.11177531133604
36.125	10.5	1.11166636832091
36.375	10.5	1.11157540752722
36.625	10.5	1.11150252499767
36.875	10.5	1.11144779695098
37.125	10.5	1.11141128019028
37.375	10.5	1.11139301241181
0.125	11.5	0.951197291614343
0.375	11.5	0.953130500752641
0.625	11.5	0.956816549446663
0.875	11.5	0.961927197099336
1.125	11.5	0.968043105851702
1.375	11.5	0.974720566529553
1.625	11.5	0.981552587532265
1.875	11.5	0.988213055997913
2.125	11.5	0.994479245530735
2.375	11.5	1.00023305426703
2.625	11.5	1.00544505218798
2.875	11.5	1.0101485989813
3.125	11.5	1.01441240085057
3.375	11.5	1.01831781834197
3.625	11.5	1.02194359954436
3.875	11.5	1.02535769998995
4.125	11.5	1.02861436859115
4.375	11.5	1.03175445359999
4.625	11.5	1.03480728962567
4.875	11.5	1.037793088418
5.125	11.5	1.04072523640814
5.375	11.5	1.04361223363316
5.625	11.5	1.04645920516649
5.875	11.5	1.04926901572635
6.125	11.5	1.05204305763049
6.375	11.5	1.05478178904778
6.625	11.5	1.05748509107108
6.875	11.5	1.06015249850755
7.125	11.5	1.06278334551837
7.375	11.5	1.06537685548498
7.625	11.5	1.06793219531397
7.875	11.5	1.07044850765947
8.125	11.5	1.07292492980562
8.375	11.5	1.07536060473235
8.625	11.5	1.0777546877621
8.875	11.5	1.08010635081645
9.125	11.5	1.0824147854526
9.375	11.5	1.08467920532254
9.625	11.5	1.08689884838377
9.875	11.5	1.0890729790092
10.125	11.5	1.0912008900435
10.375	11.5	1.09328190480191
10.625	11.5	1.09531537898461
10.875	11.5	1.09730070247201
11.125	11.5	1.09923730096854
11.375	11.5	1.1011246374676
11.625	11.5	1.10296221351815
11.875	11.5	1.1047495702813
12.125	11.5	1.10648628937236
12.375	11.5	1.10817199349097
12.625	11.5	1.10980634684725
12.875	11.5	1.11138905539687
13.125	11.5	1.11291986690146
13.375	11.5	1.11439857083393
13.625	11.5	1.11582499814974
13.875	11.5	1.11719902094685
14.125	11.5	1.11852055203726
14.375	11.5	1.11978954445315
14.625	11.5	1.12100599091001
14.875	11.5	1.12216992324841
15.125	11.5	1.12328141187444
15.375	11.5	1.12434056521772
15.625	11.5	1.1253475292238
15.875	11.5	1.12630248689626
16.125	11.5	1.12720565790136
16.375	11.5	1.12805729824662
16.625	11.5	1.12885770004201
16.875	11.5	1.12960719135088
17.125	11.5	1.13030613613502
17.375	11.5	1.13095493429672
17.625	11.5	1.13155402181798
17.875	11.5	1.13210387099535
18.125	11.5	1.13260499076632
18.375	11.5	1.1330579271216
18.625	11.5	1.13346326359481
18.875	11.5	1.13382162181972
19.125	11.5	1.1341336621426
19.375	11.5	1.13440008427537
19.625	11.5	1.13462162797325
19.875	11.5	1.13479907371865
20.125	11.5	1.13493324339114
20.375	11.5	1.13502500090174
20.625	11.5	1.13507525276796
20.875	11.5	1.13508494860503
21.125	11.5	1.13505508150725
21.375	11.5	1.13498668829295
21.625	11.5	1.1348808495859
21.875	11.5	1.1347386897062
22.125	11.5	1.13456137634408
22.375	11.5	1.13435011999114
22.625	11.5	1.13410617310546
22.875	11.5	1.13383082898896
23.125	11.5	1.13352542035892
23.375	11.5	1.13319131759883
23.625	11.5	1.13282992667845
23.875	11.5	1.13244268673799
24.125	11.5	1.13203106733675
24.375	11.5	1.13159656537288
24.625	11.5	1.13114070168722
24.875	11.5	1.13066501737083
25.125	11.5	1.13017106980247
25.375	11.5	1.12966042844865
25.625	11.5	1.12913467046476
25.875	11.5	1.1285953761413
26.125	11.5	1.12804412424337
26.375	11.5	1.12748248729532
26.625	11.5	1.12691202686442
26.875	11.5	1.12633428889828
27.125	11.5	1.12575079917047
27.375	11.5	1.12516305888676
27.625	11.5	1.12457254050131
27.875	11.5	1.12398068378792
28.125	11.5	1.12338889220599
28.375	11.5	1.12279852959482
28.625	11.5	1.12221091722318
28.875	11.5	1.12162733121396
29.125	11.5	1.12104900035674
29.375	11.5	1.12047710431408
29.625	11.5	1.11991277222064
29.875	11.5	1.11935708166833
30.125	11.5	1.11881105806489
30.375	11.5	1.11827567434879
30.625	11.5	1.11775185103919
30.875	11.5	1.11724045659667
31.125	11.5	1.11674230806766
31.375	11.5	1.11625817198441
31.625	11.5	1.11578876549058
31.875	11.5	1.11533475766287
32.125	11.5	1.11489677099866
32.375	11.5	1.11447538304059
32.625	11.5	1.11407112810983
32.875	11.5	1.11368449912085
33.125	11.5	1.11331594945238
33.375	11.5	1.11296589485036
33.625	11.5	1.1126347153407
33.875	11.5	1.11232275713138
34.125	11.5	1.11203033448486
34.375	11.5	1.11175773154398
34.625	11.5	1.11150520409569
34.875	11.5	1.11127298125884
35.125	11.5	1.11106126708374
35.375	11.5	1.11087024205235
35.625	11.5	1.11070006446963
35.875	11.5	1.11055087173756
36.125	11.5	1.11042278150449
36.375	11.5	1.11031589268362
36.625	11.5	1.11023028633529
36.875	11.5	1.11016602640864
37.125	11.5	1.11012316033913
37.375	11.5	1.11010171949907
0.125	12.5	1.00068116837417
0.375	12.5	1.00111856952574
0.625	12.5	1.00197169933796
0.875	12.5	1.00320055932589
1.125	12.5	1.00475269056068
1.375	12.5	1.00657017337493
1.625	12.5	1.00859627678878
1.875	12.5	1.01078061885792
2.125	12.5	1.0130822614774
2.375	12.5	1.01547069090494
2.625	12.5	1.01792503456091
2.875	12.5	1.02043212882103
3.125	12.5	1.02298413944805
3.375	12.5	1.02557632429708
3.625	12.5	1.02820529057448
3.875	12.5	1.03086785481046
4.125	12.5	1.03356044311349
4.375	12.5	1.03627888984524
4.625	12.5	1.03901848264773
4.875	12.5	1.04177412875849
5.125	12.5	1.04454055630703
5.375	12.5	1.04731250011254
5.625	12.5	1.05008484848073
5.875	12.5	1.05285274497607
6.125	12.5	1.05561164885554
6.375	12.5	1.05835736213754
6.625	12.5	1.06108603224627
6.875	12.5	1.06379413837865
7.125	12.5	1.06647846821476
7.375	12.5	1.06913608992853
7.625	12.5	1.07176432295568
7.875	12.5	1.07436070975757
8.125	12.5	1.0769229898987
8.375	12.5	1.07944907709728
8.625	12.5	1.08193703946362
8.875	12.5	1.08438508285608
9.125	12.5	1.08679153711597
9.375	12.5	1.08915484485451
9.625	12.5	1.09147355243041
9.875	12.5	1.0937463027561
10.125	12.5	1.09597182959139
10.375	12.5	1.09814895301526
10.625	12.5	1.10027657580469
10.875	12.5	1.10235368048875
11.125	12.5	1.10437932688492
11.375	12.5	1.10635264996131
11.625	12.5	1.10827285790116
11.875	12.5	1.1101392302758
12.125	12.5	1.1119511162578
12.375	12.5	1.11370793282774
12.625	12.5	1.11540916294642
12.875	12.5	1.11705435367896
13.125	12.5	1.11864311426923
13.375	12.5	1.12017511417189
13.625	12.5	1.12165008105618
13.875	12.5	1.12306779880024
14.125	12.5	1.12442810549754
14.375	12.5	1.12573089149892
14.625	12.5	1.12697609751372
14.875	12.5	1.12816371279349
15.125	12.5	1.12929377342032
15.375	12.5	1.13036636072025
15.625	12.5	1.13138159982042
15.875	12.5	1.13233965836603
16.125	12.5	1.13324074541117
16.375	12.5	1.13408511049467
16.625	12.5	1.13487304291001
16.875	12.5	1.13560487117533
17.125	12.5	1.13628096270749
17.375	12.5	1.13690172370113
17.625	12.5	1.1374675992115
17.875	12.5	1.13797907343693
18.125	12.5	1.13843667019465
18.375	12.5	1.13884095358054
18.625	12.5	1.13919252880106
18.875	12.5	1.1394920431627
19.125	12.5	1.13974018720146
19.375	12.5	1.13993769593194
19.625	12.5	1.14008535019261
19.875	12.5	1.14018397806068
20.125	12.5	1.14023445630702
20.375	12.5	1.14023771185827
20.625	12.5	1.14019472323044
20.875	12.5	1.14010652189506
21.125	12.5	1.13997419353663
21.375	12.5	1.13979887915733
21.625	12.5	1.13958177598347
21.875	12.5	1.13932413812622
22.125	12.5	1.13902727694919
22.375	12.5	1.1386925610952
22.625	12.5	1.13832141612615
22.875	12.5	1.13791532373227
23.125	12.5	1.13747582047089
23.375	12.5	1.13700449600009
23.625	12.5	1.1365029907791
23.875	12.5	1.13597299321574
24.125	12.5	1.13541623625048
24.375	12.5	1.13483449337766
24.625	12.5	1.13422957411634
24.875	12.5	1.13360331895581
25.125	12.5	1.13295759381392
25.375	12.5	1.13229428405938
25.625	12.5	1.13161528816162
25.875	12.5	1.13092251104321
26.125	12.5	1.13021785721935
26.375	12.5	1.12950322381709
26.625	12.5	1.1287804935714
26.875	12.5	1.12805152789824
27.125	12.5	1.12731816014342
27.375	12.5	1.12658218910293
27.625	12.5	1.12584537290352
27.875	12.5	1.12510942332334
28.125	12.5	1.12437600062123
28.375	12.5	1.12364670893044
28.625	12.5	1.12292309225866
28.875	12.5	1.12220663112214
29.125	12.5	1.1214987398274
29.375	12.5	1.12080076440099
29.625	12.5	1.12011398115509
29.875	12.5	1.1194395958663
30.125	12.5	1.11877874353558
30.375	12.5	1.11813248868973
30.625	12.5	1.11750182617966
30.875	12.5	1.11688768242606
31.125	12.5	1.11629091706125
31.375	12.5	1.11571232491475
31.625	12.5	1.11515263829042
31.875	12.5	1.11461252948421
32.125	12.5	1.11409261349365
32.375	12.5	1.11359345087282
32.625	12.5	1.11311555068959
32.875	12.5	1.11265937354529
33.125	12.5	1.11222533462042
33.375	12.5	1.11181380671339
33.625	12.5	1.11142512324292
33.875	12.5	1.11105958118766
34.125	12.5	1.11071744394015
34.375	12.5	1.11039894405458
34.625	12.5	1.11010428587084
34.875	12.5	1.10983364799971
35.125	12.5	1.10958718565583
35.375	12.5	1.10936503282753
35.625	12.5	1.10916730427392
35.875	12.5	1.10899409734116
36.125	12.5	1.1088454935914
36.375	12.5	1.10872156023866
36.625	12.5	1.10862235138725
36.875	12.5	1.10854790906884
37.125	12.5	1.10849826407556
37.375	12.5	1.10847343658653
0.125	13.5	1.01315791652736
0.375	13.5	1.01335881199101
0.625	13.5	1.01375939594332
0.875	13.5	1.01435728506021
1.125	13.5	1.01514896646134
1.375	13.5	1.016129842627
1.625	13.5	1.01729426655762
1.875	13.5	1.01863557464987
2.125	13.5	1.02014613184156
2.375	13.5	1.02181739744515
2.625	13.5	1.02364000965112
2.875	13.5	1.02560388341008
3.125	13.5	1.02769832127368
3.375	13.5	1.02991214199301
3.625	13.5	1.03223383109942
3.875	13.5	1.03465171172818
4.125	13.5	1.03715412681928
4.375	13.5	1.03972961930067
4.625	13.5	1.04236709630699
4.875	13.5	1.04505596624341
5.125	13.5	1.04778624200322
5.375	13.5	1.05054860836691
5.625	13.5	1.05333445552804
5.875	13.5	1.05613588335305
6.125	13.5	1.05894568236496
6.375	13.5	1.06175729777045
6.625	13.5	1.06456478244179
6.875	13.5	1.06736274392764
7.125	13.5	1.07014628954668
7.375	13.5	1.07291097258847
7.625	13.5	1.07565274171147
7.875	13.5	1.07836789483997
8.125	13.5	1.08105303823478
8.375	13.5	1.0837050509393
8.625	13.5	1.08632105446453
8.875	13.5	1.08889838735066
9.125	13.5	1.09143458410543
9.375	13.5	1.09392735795075
9.625	13.5	1.09637458679016
9.875	13.5	1.09877430182667
10.125	13.5	1.10112467830111
10.375	13.5	1.10342402787684
10.625	13.5	1.10567079225953
10.875	13.5	1.10786353770637
11.125	13.5	1.110000950143
11.375	13.5	1.11208183066649
11.625	13.5	1.11410509126678
11.875	13.5	1.11606975064656
12.125	13.5	1.1179749300598
12.375	13.5	1.1198198491227
12.625	13.5	1.12160382157738
12.875	13.5	1.12332625100944
13.125	13.5	1.12498662653589
13.375	13.5	1.12658451849054
13.625	13.5	1.12811957414113
13.875	13.5	1.12959151347594
14.125	13.5	1.13100012509926
14.375	13.5	1.13234526227439
14.625	13.5	1.133626839151
14.875	13.5	1.13484482721071
15.125	13.5	1.13599925196159
15.375	13.5	1.13709018990816
15.625	13.5	1.13811776581976
15.875	13.5	1.13908215031627
16.125	13.5	1.13998355778632
16.375	13.5	1.14082224464976
16.625	13.5	1.14159850797249
16.875	13.5	1.14231268443889
17.125	13.5	1.14296514968386
17.375	13.5	1.14355631798399
17.625	13.5	1.14408664230409
17.875	13.5	1.14455661469319
18.125	13.5	1.14496676702098
18.375	13.5	1.14531767204278
18.625	13.5	1.14560994477847
18.875	13.5	1.14584424418704
19.125	13.5	1.14602127511539
19.375	13.5	1.14614179049561
19.625	13.5	1.1462065937612
19.875	13.5	1.14621654144775
20.125	13.5	1.14617254593867
20.375	13.5	1.1460755783112
20.625	13.5	1.14592667123229
20.875	13.5	1.14572692184784
21.125	13.5	1.14547749460326
21.375	13.5	1.14517962392678
21.625	13.5	1.14483461670207
21.875	13.5	1.14444385445101
22.125	13.5	1.14400879514382
22.375	13.5	1.14353097455044
22.625	13.5	1.14301200704588
22.875	13.5	1.14245358578269
23.125	13.5	1.14185748214692
23.375	13.5	1.14122554441937
23.625	13.5	1.14055969557315
23.875	13.5	1.13986193015019
24.125	13.5	1.13913431017541
24.375	13.5	1.13837896008593
24.625	13.5	1.13759806067455
24.875	13.5	1.13679384207188
25.125	13.5	1.13596857581763
25.375	13.5	1.13512456609932
25.625	13.5	1.13426414026401
25.875	13.5	1.13338963873426
26.125	13.5	1.13250340448268
26.375	13.5	1.13160777223772
26.625	13.5	1.13070505760642
26.875	13.5	1.12979754630656
27.125	13.5	1.12888748369979
27.375	13.5	1.12797706480985
27.625	13.5	1.12706842499512
27.875	13.5	1.12616363142414
28.125	13.5	1.12526467547739
28.375	13.5	1.12437346616933
28.625	13.5	1.12349182465473
28.875	13.5	1.12262147985207
29.125	13.5	1.12176406518798
29.375	13.5	1.12092111643995
29.625	13.5	1.1200940706313
29.875	13.5	1.11928426591372
30.125	13.5	1.11849294235766
30.375	13.5	1.117721243561
30.625	13.5	1.11697021897965
30.875	13.5	1.11624082688123
31.125	13.5	1.11553393782346
31.375	13.5	1.11485033856143
31.625	13.5	1.1141907362929
31.875	13.5	1.11355576315697
32.125	13.5	1.11294598090819
32.375	13.5	1.1123618856962
32.625	13.5	1.11180391288828
32.875	13.5	1.11127244188007
33.125	13.5	1.11076780084664
33.375	13.5	1.11029027139335
33.625	13.5	1.10984009307159
33.875	13.5	1.10941746773061
34.125	13.5	1.10902256368128
34.375	13.5	1.10865551965215
34.625	13.5	1.10831644852168
34.875	13.5	1.10800544081411
35.125	13.5	1.10772256794863
35.375	13.5	1.10746788523404
35.625	13.5	1.10724143460277
35.875	13.5	1.10704324707966
36.125	13.5	1.10687334498199
36.375	13.5	1.1067317438482
36.625	13.5	1.10661845409347
36.875	13.5	1.10653348239084
37.125	13.5	1.10647683277692
37.375	13.5	1.10644850748167
0.125	14.5	1.01619060822386
0.375	14.5	1.01634824360844
0.625	14.5	1.01666769600647
0.875	14.5	1.01715624954028
1.125	14.5	1.01782239900367
1.375	14.5	1.01867363483371
1.625	14.5	1.01971450495617
1.875	14.5	1.0209454715419
2.125	14.5	1.02236278517266
2.375	14.5	1.02395920433505
2.625	14.5	1.02572511151529
2.875	14.5	1.02764956587061
3.125	14.5	1.02972103257534
3.375	14.5	1.03192776268695
3.625	14.5	1.03425793497199
3.875	14.5	1.03669969613298
4.125	14.5	1.03924119612678
4.375	14.5	1.04187066112632
4.625	14.5	1.04457650583564
4.875	14.5	1.04734746625287
5.125	14.5	1.0501727295669
5.375	14.5	1.05304204265291
5.625	14.5	1.05594578866018
5.875	14.5	1.05887502879977
6.125	14.5	1.06182151200555
6.375	14.5	1.06477765835787
6.625	14.5	1.067736523403
6.875	14.5	1.07069175037368
7.125	14.5	1.07363751639441
7.375	14.5	1.076568477484
7.625	14.5	1.0794797158444
7.875	14.5	1.08236669171951
8.125	14.5	1.08522520110116
8.375	14.5	1.08805133977288
8.625	14.5	1.0908414736068
8.875	14.5	1.0935922146373
9.125	14.5	1.09630040219623
9.375	14.5	1.09896308827596
9.625	14.5	1.10157752625894
9.875	14.5	1.10414116218903
10.125	14.5	1.10665162784041
10.375	14.5	1.10910673494403
10.625	14.5	1.11150447004807
10.875	14.5	1.11384298960491
11.125	14.5	1.11612061498672
11.375	14.5	1.11833582722975
11.625	14.5	1.12048726139089
11.875	14.5	1.12257370046857
12.125	14.5	1.12459406889349
12.375	14.5	1.12654742563438
12.625	14.5	1.12843295699119
12.875	14.5	1.13024996916539
13.125	14.5	1.1319978807053
13.375	14.5	1.13367621492676
13.625	14.5	1.13528459240594
13.875	14.5	1.13682272363521
14.125	14.5	1.13829040192394
14.375	14.5	1.13968749661638
14.625	14.5	1.14101394668851
14.875	14.5	1.14226975477526
15.125	14.5	1.14345498167022
15.375	14.5	1.14456974133062
15.625	14.5	1.14561419641295
15.875	14.5	1.14658855435725
16.125	14.5	1.14749306403252
16.375	14.5	1.14832801295073
16.625	14.5	1.14909372505277
16.875	14.5	1.14979055906653
17.125	14.5	1.15041890743444
17.375	14.5	1.1509791958057
17.625	14.5	1.15147188308651
17.875	14.5	1.15189746203957
18.125	14.5	1.15225646042258
18.375	14.5	1.15254944265337
18.625	14.5	1.15277701198695
18.875	14.5	1.15293981318679
19.125	14.5	1.15303853566955
19.375	14.5	1.15307391709786
19.625	14.5	1.15304674739077
19.875	14.5	1.15295787311527
20.125	14.5	1.15280820221508
20.375	14.5	1.15259870902423
20.625	14.5	1.15233043950353
20.875	14.5	1.15200451662708
21.125	14.5	1.15162214583405
21.375	14.5	1.15118462044844
21.625	14.5	1.15069332695599
21.875	14.5	1.15014975001399
22.125	14.5	1.14955547705672
22.375	14.5	1.14891220234685
22.625	14.5	1.14822173031304
22.875	14.5	1.14748597800634
23.125	14.5	1.14670697650429
23.375	14.5	1.14588687109254
23.625	14.5	1.14502792006141
23.875	14.5	1.14413249196894
24.125	14.5	1.14320306124413
24.375	14.5	1.14224220203547
24.625	14.5	1.14125258024899
24.875	14.5	1.14023694376846
25.125	14.5	1.13919811090524
25.375	14.5	1.13813895718599
25.625	14.5	1.13706240064947
25.875	14.5	1.13597138588609
26.125	14.5	1.13486886711178
26.375	14.5	1.13375779061664
26.625	14.5	1.13264107696523
26.875	14.5	1.13152160334565
27.125	14.5	1.13040218646649
27.375	14.5	1.12928556638345
27.625	14.5	1.12817439160204
27.875	14.5	1.1270712057511
28.125	14.5	1.12597843605861
28.375	14.5	1.12489838379006
28.625	14.5	1.12383321673678
28.875	14.5	1.12278496377063
29.125	14.5	1.12175551141761
29.375	14.5	1.12074660234852
29.625	14.5	1.11975983564144
29.875	14.5	1.11879666864007
30.125	14.5	1.11785842021226
30.375	14.5	1.11694627520421
30.625	14.5	1.11606128988555
30.875	14.5	1.11520439818779
31.125	14.5	1.11437641855037
31.375	14.5	1.11357806120487
31.625	14.5	1.11280993574529
31.875	14.5	1.11207255885153
32.125	14.5	1.11136636205151
32.375	14.5	1.11069169942559
32.625	14.5	1.11004885517342
32.875	14.5	1.10943805097861
33.125	14.5	1.1088594531198
33.375	14.5	1.10831317928861
33.625	14.5	1.10779930508441
33.875	14.5	1.10731787016449
34.125	14.5	1.10686888403459
34.375	14.5	1.10645233147034
34.625	14.5	1.10606817756415
34.875	14.5	1.10571637239551
35.125	14.5	1.10539685532476
35.375	14.5	1.105109558912
35.625	14.5	1.10485441246429
35.875	14.5	1.10463134521416
36.125	14.5	1.10444028913349
36.375	14.5	1.10428118138628
36.625	14.5	1.10415396642388
36.875	14.5	1.10405859772587
37.125	14.5	1.10399503918938
37.375	14.5	1.10396326616896
0.125	15.5	0.999676725060054
0.375	15.5	1.00012026885868
0.625	15.5	1.00101060897586
0.875	15.5	1.00234880187008
1.125	15.5	1.00412457056894
1.375	15.5	1.00630696587235
1.625	15.5	1.00883939917622
1.875	15.5	1.01164283005608
2.125	15.5	1.01462744793173
2.375	15.5	1.01770852878368
2.625	15.5	1.02081979625434
2.875	15.5	1.0239196309433
3.125	15.5	1.02698981941391
3.375	15.5	1.03002964945736
3.625	15.5	1.03304869799885
3.875	15.5	1.03606059122973
4.125	15.5	1.03907867840705
4.375	15.5	1.04211362451163
4.625	15.5	1.04517248476417
4.875	15.5	1.04825872884629
5.125	15.5	1.05137276281121
5.375	15.5	1.05451263195758
5.625	15.5	1.0576747152923
5.875	15.5	1.06085431811707
6.125	15.5	1.06404613151606
6.375	15.5	1.06724456262938
6.625	15.5	1.07044395598805
6.875	15.5	1.07363873115746
7.125	15.5	1.07682346077961
7.375	15.5	1.07999290922135
7.625	15.5	1.08314204739178
7.875	15.5	1.08626605489403
8.125	15.5	1.08936031695867
8.375	15.5	1.09242042068515
8.625	15.5	1.09544215295871
8.875	15.5	1.09842150091074
9.125	15.5	1.10135465482697
9.375	15.5	1.10423801285943
9.625	15.5	1.1070681866546
9.875	15.5	1.10984200697655
10.125	15.5	1.11255652850379
10.375	15.5	1.11520903315087
10.625	15.5	1.11779703146712
10.875	15.5	1.120318261863
11.125	15.5	1.12277068759217
11.375	15.5	1.12515249156242
11.625	15.5	1.12746206915884
11.875	15.5	1.1296980193379
12.125	15.5	1.13185913429596
12.375	15.5	1.13394438803436
12.625	15.5	1.13595292414173
12.875	15.5	1.13788404309808
13.125	15.5	1.13973718937853
13.375	15.5	1.14151193860232
13.625	15.5	1.1432079849375
13.875	15.5	1.14482512893651
14.125	15.5	1.1463632659438
14.375	15.5	1.14782237518573
14.625	15.5	1.14920250962525
14.875	15.5	1.15050378664008
15.125	15.5	1.15172637956296
15.375	15.5	1.15287051010644
15.625	15.5	1.1539364416816
15.875	15.5	1.15492447361063
16.125	15.5	1.15583493622577
16.375	15.5	1.15666818684302
16.625	15.5	1.15742460659568
16.875	15.5	1.1581045981119
17.125	15.5	1.15870858402054
17.375	15.5	1.15923700627017
17.625	15.5	1.15969032624786
17.875	15.5	1.16006902568593
18.125	15.5	1.16037360834642
18.375	15.5	1.1606046024749
18.625	15.5	1.16076256401546
18.875	15.5	1.16084808057931
19.125	15.5	1.16086177615796
19.375	15.5	1.16080431656959
19.625	15.5	1.16067641562294
19.875	15.5	1.16047884197686
20.125	15.5	1.160212426665
20.375	15.5	1.15987807124395
20.625	15.5	1.15947675650902
20.875	15.5	1.15900955170435
21.125	15.5	1.15847762413382
21.375	15.5	1.15788224905459
21.625	15.5	1.1572248197086
21.875	15.5	1.15650685731646
22.125	15.5	1.15573002082611
22.375	15.5	1.15489611617445
22.625	15.5	1.15400710478644
22.875	15.5	1.15306511100373
23.125	15.5	1.1520724281069
23.375	15.5	1.15103152257431
23.625	15.5	1.14994503620915
23.875	15.5	1.14881578576889
24.125	15.5	1.14764675975107
24.375	15.5	1.1464411120296
24.625	15.5	1.14520215209956
24.875	15.5	1.14393333177684
25.125	15.5	1.14263822831254
25.375	15.5	1.14132052401707
25.625	15.5	1.1399839826417
25.875	15.5	1.13863242292541
26.125	15.5	1.13726968987385
26.375	15.5	1.13589962447951
26.625	15.5	1.13452603270526
26.875	15.5	1.13315265462407
27.125	15.5	1.13178313462579
27.375	15.5	1.13042099356267
27.625	15.5	1.12906960361051
27.875	15.5	1.12773216647965
28.125	15.5	1.12641169543309
28.375	15.5	1.1251110013756
28.625	15.5	1.12383268308475
28.875	15.5	1.12257912147885
29.125	15.5	1.12135247767005
29.375	15.5	1.1201546944396
29.625	15.5	1.11898750069942
29.875	15.5	1.1178524184669
30.125	15.5	1.1167507718738
30.375	15.5	1.11568369774758
30.625	15.5	1.11465215733893
30.875	15.5	1.113656948815
31.125	15.5	1.11269872018872
31.375	15.5	1.11177798240743
31.625	15.5	1.11089512237383
31.875	15.5	1.11005041571933
32.125	15.5	1.10924403919133
32.375	15.5	1.10847608255208
32.625	15.5	1.10774655991733
32.875	15.5	1.10705542048836
33.125	15.5	1.10640255865088
33.375	15.5	1.10578782343045
33.625	15.5	1.10521102730577
33.875	15.5	1.10467195438979
34.125	15.5	1.10417036799456
34.375	15.5	1.10370601759943
34.625	15.5	1.10327864524382
34.875	15.5	1.10288799136683
35.125	15.5	1.10253380011487
35.375	15.5	1.10221582413814
35.625	15.5	1.10193382889448
35.875	15.5	1.10168759647769
36.125	15.5	1.10147692898541
36.375	15.5	1.10130165143949
36.625	15.5	1.10116161426982
36.875	15.5	1.10105669537104
37.125	15.5	1.10098680173924
37.375	15.5	1.1009518706947
0.125	16.5	0.864764394612249
0.375	16.5	0.86802377995048
0.625	16.5	0.874499555021076
0.875	16.5	0.884063328796443
1.125	16.5	0.896428192294026
1.375	16.5	0.911074263339464
1.625	16.5	0.927221872436187
1.875	16.5	0.943901336269986
2.125	16.5	0.960123709294499
2.375	16.5	0.97508357153673
2.625	16.5	0.988292964581661
2.875	16.5	0.999596147317695
3.125	16.5	1.0090929045669
3.375	16.5	1.01703110944786
3.625	16.5	1.0237135701602
3.875	16.5	1.02943604043971
4.125	16.5	1.03445482625354
4.375	16.5	1.03897551509446
4.625	16.5	1.04315408589961
4.875	16.5	1.04710385790094
5.125	16.5	1.05090420468934
5.375	16.5	1.05460887559498
5.625	16.5	1.05825300675963
5.875	16.5	1.06185860396557
6.125	16.5	1.06543861907088
6.375	16.5	1.0689998703932
6.625	16.5	1.07254507578297
6.875	16.5	1.07607423650656
7.125	16.5	1.0795855635811
7.375	16.5	1.0830760918371
7.625	16.5	1.08654208713328
7.875	16.5	1.08997932043178
8.125	16.5	1.09338325839582
8.375	16.5	1.09674920261749
8.625	16.5	1.10007239722146
8.875	16.5	1.10334811623601
9.125	16.5	1.1065717367595
9.375	16.5	1.10973880074325
9.625	16.5	1.11284506648994
9.875	16.5	1.11588655020968
10.125	16.5	1.11885955779678
10.375	16.5	1.12176070711305
10.625	16.5	1.12458694130573
10.875	16.5	1.12733553393836
11.125	16.5	1.1300040869115
11.375	16.5	1.13259052227337
11.625	16.5	1.13509306906698
11.875	16.5	1.13751024633966
12.125	16.5	1.13984084336984
12.375	16.5	1.14208389806043
12.625	16.5	1.14423867432327
12.875	16.5	1.14630463914751
13.125	16.5	1.14828143991512
13.375	16.5	1.15016888240569
13.625	16.5	1.15196690982441
13.875	16.5	1.1536755830925
14.125	16.5	1.15529506256055
14.375	16.5	1.15682559124026
14.625	16.5	1.15826747959904
14.875	16.5	1.15962109192222
15.125	16.5	1.16088683421912
15.375	16.5	1.162065143629
15.625	16.5	1.16315647926992
15.875	16.5	1.16416131446726
16.125	16.5	1.1650801302959
16.375	16.5	1.16591341037237
16.625	16.5	1.16666163683721
16.875	16.5	1.16732528747475
17.125	16.5	1.16790483392518
17.375	16.5	1.16840074095315
17.625	16.5	1.16881346674655
17.875	16.5	1.16914346422895
18.125	16.5	1.16939118337874
18.375	16.5	1.16955707455746
18.625	16.5	1.16964159285818
18.875	16.5	1.16964520349194
19.125	16.5	1.16956838823677
19.375	16.5	1.1694116529773
19.625	16.5	1.16917553636484
19.875	16.5	1.16886061962668
20.125	16.5	1.16846753754781
20.375	16.5	1.16799699063924
20.625	16.5	1.16744975849196
20.875	16.5	1.16682671429423
21.125	16.5	1.16612884046153
21.375	16.5	1.16535724529129
21.625	16.5	1.16451318050838
21.875	16.5	1.16359805951103
22.125	16.5	1.16261347606009
22.375	16.5	1.16156122307812
22.625	16.5	1.16044331113859
22.875	16.5	1.15926198613311
23.125	16.5	1.15801974550824
23.375	16.5	1.15671935236944
23.625	16.5	1.15536384666465
23.875	16.5	1.15395655259366
24.125	16.5	1.15250108135274
24.375	16.5	1.15100132833049
24.625	16.5	1.14946146393319
24.875	16.5	1.14788591734995
25.125	16.5	1.14627935277819
25.375	16.5	1.1446466379237
25.625	16.5	1.14299280496154
25.875	16.5	1.14132300457864
26.125	16.5	1.13964245418668
26.375	16.5	1.1379563818525
26.625	16.5	1.13626996788937
26.875	16.5	1.13458828633205
27.125	16.5	1.13291624863042
27.375	16.5	1.13125855181274
27.625	16.5	1.12961963308686
27.875	16.5	1.12800363239518
28.125	16.5	1.12641436387613
28.375	16.5	1.12485529658214
28.625	16.5	1.123329544237
28.875	16.5	1.12183986334219
29.125	16.5	1.12038865859965
29.375	16.5	1.11897799441824
29.625	16.5	1.11760961120244
29.875	16.5	1.1162849451603
30.125	16.5	1.11500515048042
30.375	16.5	1.11377112288471
30.625	16.5	1.11258352373737
30.875	16.5	1.11144280406258
31.125	16.5	1.11034922798051
31.375	16.5	1.10930289520864
31.625	16.5	1.10830376238982
31.875	16.5	1.107351663101
32.125	16.5	1.1064463264699
32.375	16.5	1.10558739438207
32.625	16.5	1.10477443730181
32.875	16.5	1.10400696875898
33.125	16.5	1.10328445857244
33.375	16.5	1.10260634489143
33.625	16.5	1.10197204514068
33.875	16.5	1.10138096595509
34.125	16.5	1.10083251218616
34.375	16.5	1.10032609505669
34.625	16.5	1.09986113953327
34.875	16.5	1.09943709097819
35.125	16.5	1.09905342113452
35.375	16.5	1.09870963349056
35.625	16.5	1.0984052680624
35.875	16.5	1.09813990562701
36.125	16.5	1.09791317143216
36.375	16.5	1.0977247384048
36.625	16.5	1.09757432987462
36.875	16.5	1.09746172182625
37.125	16.5	1.09738674469012
37.375	16.5	1.09734928467959
0.125	17.5	0.215749782836944
0.375	17.5	0.229421076246502
0.625	17.5	0.257513753432328
0.875	17.5	0.301133001289615
1.125	17.5	0.360903144556343
1.375	17.5	0.435776699121223
1.625	17.5	0.521980931921786
1.875	17.5	0.613000396912067
2.125	17.5	0.701148618743088
2.375	17.5	0.779973519357793
2.625	17.5	0.845882662178167
2.875	17.5	0.898200014766781
3.125	17.5	0.938214509137635
3.375	17.5	0.968108654448575
3.625	17.5	0.990205652622007
3.875	17.5	1.00657171965558
4.125	17.5	1.01886979815653
4.375	17.5	1.02835514622371
4.625	17.5	1.03593435462137
4.875	17.5	1.04224176048097
5.125	17.5	1.04771088560872
5.375	17.5	1.05263268426757
5.625	17.5	1.0571995565371
5.875	17.5	1.06153705200863
6.125	17.5	1.06572598038793
6.375	17.5	1.06981747965443
6.625	17.5	1.07384310823793
6.875	17.5	1.07782151526109
7.125	17.5	1.08176280805003
7.375	17.5	1.08567140017937
7.625	17.5	1.08954787570277
7.875	17.5	1.09339022749131
8.125	17.5	1.09719470259548
8.375	17.5	1.10095640156901
8.625	17.5	1.10466972124156
8.875	17.5	1.10832869344301
9.125	17.5	1.11192724948572
9.375	17.5	1.11545942712179
9.625	17.5	1.11891952974945
9.875	17.5	1.12230224437871
10.125	17.5	1.12560272359912
10.375	17.5	1.12881663645141
10.625	17.5	1.13194019306368
10.875	17.5	1.13497014785107
11.125	17.5	1.13790378587254
11.375	17.5	1.14073889657293
11.625	17.5	1.14347373865171
11.875	17.5	1.14610699924525
12.125	17.5	1.14863775003932
12.375	17.5	1.15106540238218
12.625	17.5	1.15338966297343
12.875	17.5	1.15561049127367
13.125	17.5	1.15772805942025
13.375	17.5	1.15974271514355
13.625	17.5	1.1616549479502
13.875	17.5	1.16346535866703
14.125	17.5	1.16517463231378
14.375	17.5	1.16678351418459
14.625	17.5	1.16829278896152
14.875	17.5	1.1697032626498
15.125	17.5	1.17101574710943
15.375	17.5	1.17223104695561
15.625	17.5	1.17334994860869
15.875	17.5	1.17437321128812
16.125	17.5	1.1753015597645
16.375	17.5	1.17613567870497
16.625	17.5	1.1768762084708
16.875	17.5	1.1775237422499
17.125	17.5	1.1780788244314
17.375	17.5	1.17854195015345
17.625	17.5	1.17891356597905
17.875	17.5	1.1791940716784
18.125	17.5	1.17938382311838
18.375	17.5	1.17948313628271
18.625	17.5	1.17949229246744
18.875	17.5	1.1794115447176
19.125	17.5	1.17924112559066
19.375	17.5	1.17898125635136
19.625	17.5	1.17863215771921
19.875	17.5	1.17819406230469
20.125	17.5	1.1776672288808
20.375	17.5	1.17705195864302
20.625	17.5	1.17634861360983
20.875	17.5	1.17555763730696
21.125	17.5	1.17467957785711
21.375	17.5	1.17371511356157
21.625	17.5	1.17266508100549
21.875	17.5	1.17153050564177
22.125	17.5	1.17031263470417
22.375	17.5	1.16901297216424
22.625	17.5	1.16763331527605
22.875	17.5	1.16617579204345
23.125	17.5	1.16464289869805
23.375	17.5	1.16303753599584
23.625	17.5	1.16136304283434
23.875	17.5	1.15962322537841
24.125	17.5	1.15782237958613
24.375	17.5	1.15596530478255
24.625	17.5	1.15405730578747
24.875	17.5	1.15210418111993
25.125	17.5	1.15011219504112
25.375	17.5	1.14808803171815
25.625	17.5	1.14603873063711
25.875	17.5	1.14397160357233
26.125	17.5	1.14189413488058
26.375	17.5	1.13981386850963
26.625	17.5	1.1377382866871
26.875	17.5	1.13567468652255
27.125	17.5	1.13363006144005
27.375	17.5	1.13161099425005
27.625	17.5	1.1296235677058
27.875	17.5	1.12767329669592
28.125	17.5	1.12576508409572
28.375	17.5	1.12390320011553
28.625	17.5	1.12209128310027
28.875	17.5	1.12033235839237
29.125	17.5	1.11862887116448
29.375	17.5	1.1169827290145
29.625	17.5	1.11539535045722
29.875	17.5	1.11386771606883
30.125	17.5	1.11240041977472
30.375	17.5	1.11099371848853
30.625	17.5	1.10964757893102
30.875	17.5	1.10836172094909
31.125	17.5	1.10713565701825
31.375	17.5	1.10596872786545
31.625	17.5	1.1048601343172
31.875	17.5	1.10380896558545
32.125	17.5	1.10281422426602
32.375	17.5	1.10187484835724
32.625	17.5	1.10098973061657
32.875	17.5	1.10015773556761
33.125	17.5	1.09937771445399
33.375	17.5	1.09864851841233
33.625	17.5	1.09796901010889
33.875	17.5	1.09733807405391
34.125	17.5	1.09675462577733
34.375	17.5	1.09621762002021
34.625	17.5	1.09572605806907
34.875	17.5	1.09527899433572
35.125	17.5	1.09487554226386
35.375	17.5	1.09451487962553
35.625	17.5	1.09419625325486
35.875	17.5	1.09391898325462
36.125	17.5	1.0936824667007
36.375	17.5	1.09348618086245
36.625	17.5	1.09332968595059
36.875	17.5	1.09321262740045
37.125	17.5	1.09313473769527
37.375	17.5	1.09309583773213
0.125	18.5	0.0154173444946811
0.375	18.5	0.0203659569836528
0.625	18.5	0.0308788378204186
0.875	18.5	0.0482402428734207
1.125	18.5	0.0744793910712566
1.375	18.5	0.112384857036407
1.625	18.5	0.165266734911159
1.875	18.5	0.236148837083635
2.125	18.5	0.3261202697594
2.375	18.5	0.432210087285423
2.625	18.5	0.546384032596345
2.875	18.5	0.657524408552833
3.125	18.5	0.755762851330314
3.375	18.5	0.835813888814985
3.625	18.5	0.897203467643401
3.875	18.5	0.942448540787329
4.125	18.5	0.975109171744001
4.375	18.5	0.998590791211793
4.625	18.5	1.01565998731778
4.875	18.5	1.02837479513416
5.125	18.5	1.03818818396952
5.375	18.5	1.04609306732335
5.625	18.5	1.05275380101518
5.875	18.5	1.05860861787183
6.125	18.5	1.06394367604301
6.375	18.5	1.06894431890411
6.625	18.5	1.07372956199434
6.875	18.5	1.07837483212227
7.125	18.5	1.08292676437377
7.375	18.5	1.08741278637054
7.625	18.5	1.09184736673391
7.875	18.5	1.09623616751835
8.125	18.5	1.1005788871482
8.375	18.5	1.10487127466468
8.625	18.5	1.10910660074335
8.875	18.5	1.11327675240733
9.125	18.5	1.11737304998219
9.375	18.5	1.12138684749122
9.625	18.5	1.12530995848278
9.875	18.5	1.12913493986596
10.125	18.5	1.13285526155683
10.375	18.5	1.13646538669049
10.625	18.5	1.13996078441472
10.875	18.5	1.14333789435329
11.125	18.5	1.14659405869721
11.375	18.5	1.14972743473483
11.625	18.5	1.15273689767131
11.875	18.5	1.15562194096902
12.125	18.5	1.15838257924343
12.375	18.5	1.16101925698935
12.625	18.5	1.16353276506203
12.875	18.5	1.16592416584345
13.125	18.5	1.1681947273233
13.375	18.5	1.17034586585392
13.625	18.5	1.1723790970447
13.875	18.5	1.17429599409553
14.125	18.5	1.17609815279473
14.375	18.5	1.17778716239442
14.625	18.5	1.17936458160467
14.875	18.5	1.18083191900025
15.125	18.5	1.18219061719987
15.375	18.5	1.18344204024976
15.625	18.5	1.18458746371566
15.875	18.5	1.18562806705787
16.125	18.5	1.18656492792966
16.375	18.5	1.18739901810065
16.625	18.5	1.18813120076284
16.875	18.5	1.18876222902792
17.125	18.5	1.18929274547179
17.375	18.5	1.18972328262493
17.625	18.5	1.19005426434834
17.875	18.5	1.19028600807255
18.125	18.5	1.19041872791471
18.375	18.5	1.19045253872553
18.625	18.5	1.19038746115474
18.875	18.5	1.19022342786199
19.125	18.5	1.18996029103969
19.375	18.5	1.18959783145626
19.625	18.5	1.18913576927204
19.875	18.5	1.1885737769268
20.125	18.5	1.18791149444569
20.375	18.5	1.18714854755995
20.625	18.5	1.1862845690866
20.875	18.5	1.18531922405655
21.125	18.5	1.18425223911743
21.375	18.5	1.18308343676179
21.625	18.5	1.1818127749338
21.875	18.5	1.18044039253947
22.125	18.5	1.17896666131116
22.375	18.5	1.17739224434227
22.625	18.5	1.17571816138982
22.875	18.5	1.17394586071963
23.125	18.5	1.17207729681428
23.375	18.5	1.17011501265356
23.625	18.5	1.16806222449047
23.875	18.5	1.16592290607444
24.125	18.5	1.16370186813013
24.375	18.5	1.16140482763495
24.625	18.5	1.15903846015338
24.875	18.5	1.15661042735701
25.125	18.5	1.15412937114816
25.375	18.5	1.15160486586364
25.625	18.5	1.14904732126941
25.875	18.5	1.14646783185297
26.125	18.5	1.14387797249112
26.375	18.5	1.14128954676541
26.625	18.5	1.13871430129924
26.875	18.5	1.13616362615406
27.125	18.5	1.13364826577693
27.375	18.5	1.131178065603
27.625	18.5	1.12876177543326
27.875	18.5	1.12640692280311
28.125	18.5	1.12411975969497
28.375	18.5	1.12190527659121
28.625	18.5	1.11976727099233
28.875	18.5	1.1177084540656
29.125	18.5	1.11573057890906
29.375	18.5	1.1138345761735
29.625	18.5	1.11202068636295
29.875	18.5	1.11028858198293
30.125	18.5	1.10863747606716
30.375	18.5	1.10706621609656
30.625	18.5	1.1055733638746
30.875	18.5	1.1041572627033
31.125	18.5	1.10281609346511
31.375	18.5	1.10154792119393
31.625	18.5	1.10035073357871
31.875	18.5	1.09922247267938
32.125	18.5	1.09816106098165
32.375	18.5	1.09716442278198
32.625	18.5	1.09623050176957
32.875	18.5	1.09535727555548
33.125	18.5	1.09454276778638
33.375	18.5	1.09378505837334
33.625	18.5	1.09308229226658
33.875	18.5	1.09243268711655
34.125	18.5	1.09183454008232
34.375	18.5	1.09128623398023
34.625	18.5	1.090786242909
34.875	18.5	1.0903331374422
35.125	18.5	1.08992558944296
35.375	18.5	1.08956237652932
35.625	18.5	1.08924238619903
35.875	18.5	1.0889646196095
36.125	18.5	1.08872819500037
36.375	18.5	1.08853235074166
36.625	18.5	1.08837644798893
36.875	18.5	1.08825997292724
37.125	18.5	1.08818253858734
37.375	18.5	1.08814388622037
0.125	19.5	-0.024039760513674
0.375	19.5	-0.0223378087345109
0.625	19.5	-0.0186966384629092
0.875	19.5	-0.0126003910925386
1.125	19.5	-0.00317057727932268
1.375	19.5	0.0109590809899723
1.625	19.5	0.0317928299768682
1.875	19.5	0.062093669814979
2.125	19.5	0.105342208930807
2.375	19.5	0.165281957658379
2.625	19.5	0.244720485595709
2.875	19.5	0.343501807540684
3.125	19.5	0.456518402700768
3.375	19.5	0.573789161739021
3.625	19.5	0.683815937292796
3.875	19.5	0.778111732047991
4.125	19.5	0.853377788773407
4.375	19.5	0.910587283062972
4.625	19.5	0.9528565681529
4.875	19.5	0.983752727983752
5.125	19.5	1.00643351419246
5.375	19.5	1.02337568462569
5.625	19.5	1.03639350940356
5.875	19.5	1.04676243728268
6.125	19.5	1.05535794305804
6.375	19.5	1.06277353688655
6.625	19.5	1.06940901606979
6.875	19.5	1.0755319631349
7.125	19.5	1.0813191821135
7.375	19.5	1.08688453375919
7.625	19.5	1.09229801288005
7.875	19.5	1.09759920237487
8.125	19.5	1.10280697072173
8.375	19.5	1.10792652307262
8.625	19.5	1.11295451709378
8.875	19.5	1.1178827381833
9.125	19.5	1.12270069228525
9.375	19.5	1.12739737976496
9.625	19.5	1.13196244852208
9.875	19.5	1.13638688080788
10.125	19.5	1.14066333800631
10.375	19.5	1.14478626438676
10.625	19.5	1.14875183078501
10.875	19.5	1.15255778099726
11.125	19.5	1.15620322741794
11.375	19.5	1.15968842855519
11.625	19.5	1.16301456981943
11.875	19.5	1.1661835604006
12.125	19.5	1.16919785286537
12.375	19.5	1.17206028790703
12.625	19.5	1.17477396401802
12.875	19.5	1.17734213031085
13.125	19.5	1.17976809993996
13.375	19.5	1.18205518130534
13.625	19.5	1.18420662425338
13.875	19.5	1.18622557869564
14.125	19.5	1.18811506335266
14.375	19.5	1.18987794264262
14.625	19.5	1.19151691003998
14.875	19.5	1.19303447651036
15.125	19.5	1.19443296287675
15.375	19.5	1.195714495187
15.625	19.5	1.19688100233453
15.875	19.5	1.1979342153364
16.125	19.5	1.19887566779961
16.375	19.5	1.19970669721089
16.625	19.5	1.20042844677185
16.875	19.5	1.20104186757333
17.125	19.5	1.20154772096313
17.375	19.5	1.20194658101349
17.625	19.5	1.20223883704015
17.875	19.5	1.20242469616695
18.125	19.5	1.20250418597012
18.375	19.5	1.20247715727696
18.625	19.5	1.20234328723608
18.875	19.5	1.2021020828239
19.125	19.5	1.20175288500466
19.375	19.5	1.20129487382366
19.625	19.5	1.20072707478556
19.875	19.5	1.20004836695579
20.125	19.5	1.19925749332479
20.375	19.5	1.1983530740953
20.625	19.5	1.19733362369423
20.875	19.5	1.19619757247451
21.125	19.5	1.1949432942605
21.375	19.5	1.19356914110043
21.625	19.5	1.19207348681854
21.875	19.5	1.19045478119778
22.125	19.5	1.18871161685542
22.375	19.5	1.1868428110712
22.625	19.5	1.18484750494861
22.875	19.5	1.18272528226879
23.125	19.5	1.18047631014182
23.375	19.5	1.1781015029404
23.625	19.5	1.17560270984221
23.875	19.5	1.17298292439197
24.125	19.5	1.17024651157008
24.375	19.5	1.16739944367708
24.625	19.5	1.16444953075931
24.875	19.5	1.16140662439994
25.125	19.5	1.15828276604896
25.375	19.5	1.15509224399861
25.625	19.5	1.15185151897803
25.875	19.5	1.14857898049562
26.125	19.5	1.14529450823768
26.375	19.5	1.14201883760627
26.625	19.5	1.13877276480217
26.875	19.5	1.13557626771645
27.125	19.5	1.13244765114345
27.375	19.5	1.12940283354113
27.625	19.5	1.12645486947129
27.875	19.5	1.12361375255562
28.125	19.5	1.12088648637008
28.375	19.5	1.11827736517452
28.625	19.5	1.11578838390305
28.875	19.5	1.11341969721508
29.125	19.5	1.11117006348035
29.375	19.5	1.10903723263119
29.625	19.5	1.10701825962235
29.875	19.5	1.10510974307552
30.125	19.5	1.10330799951231
30.375	19.5	1.101609187721
30.625	19.5	1.10000939716625
30.875	19.5	1.09850471134548
31.125	19.5	1.09709125359152
31.375	19.5	1.0957652201188
31.625	19.5	1.09452290340479
31.875	19.5	1.09336070810206
32.125	19.5	1.09227516124932
32.375	19.5	1.09126291830974
32.625	19.5	1.0903207663568
32.875	19.5	1.08944562550417
33.125	19.5	1.08863454944079
33.375	19.5	1.087884725707
33.625	19.5	1.08719347614632
33.875	19.5	1.0865582577989
34.125	19.5	1.08597666436753
34.375	19.5	1.0854464282853
34.625	19.5	1.08496542334033
34.875	19.5	1.08453166776511
35.125	19.5	1.08414332766982
35.375	19.5	1.08379872068693
35.625	19.5	1.08349631969418
35.875	19.5	1.08323475649057
36.125	19.5	1.08301282531312
36.375	19.5	1.08282948609749
36.625	19.5	1.08268386740202
36.875	19.5	1.08257526893066
37.125	19.5	1.0825031636046
37.375	19.5	1.08246719914574
0.125	20.5	-0.0347953516188939
0.375	20.5	-0.0341516707316927
0.625	20.5	-0.0327915632909598
0.875	20.5	-0.0305562412529408
1.125	20.5	-0.027172758683362
1.375	20.5	-0.0222082678523814
1.625	20.5	-0.0150033001371127
1.875	20.5	-0.00458212933957227
2.125	20.5	0.010455918034101
2.375	20.5	0.0320456769599585
2.625	20.5	0.062717083816014
2.875	20.5	0.105505941950677
3.125	20.5	0.163538599123649
3.375	20.5	0.239068651768609
3.625	20.5	0.331910326702287
3.875	20.5	0.437876415462692
4.125	20.5	0.548702877653434
4.375	20.5	0.654513214825035
4.625	20.5	0.747505014808735
4.875	20.5	0.824102491921562
5.125	20.5	0.884542661663493
5.375	20.5	0.931151362314576
5.625	20.5	0.966817145904433
5.875	20.5	0.994194961277968
6.125	20.5	1.01546208895927
6.375	20.5	1.03231977587445
6.625	20.5	1.04605963598757
6.875	20.5	1.05763324303605
7.125	20.5	1.06771593349672
7.375	20.5	1.07676711191551
7.625	20.5	1.08508668748023
7.875	20.5	1.09286396919552
8.125	20.5	1.10021566647047
8.375	20.5	1.10721251968846
8.625	20.5	1.113896652074
8.875	20.5	1.12029255422287
9.125	20.5	1.12641411133992
9.375	20.5	1.13226921035655
9.625	20.5	1.13786278102015
9.875	20.5	1.14319874294985
10.125	20.5	1.14828115811161
10.375	20.5	1.15311481463106
10.625	20.5	1.15770542597152
10.875	20.5	1.16205959249715
11.125	20.5	1.16618463551397
11.375	20.5	1.17008837970763
11.625	20.5	1.17377893152153
11.875	20.5	1.17726447972399
12.125	20.5	1.18055312985352
12.375	20.5	1.18365277516878
12.625	20.5	1.18657100168936
12.875	20.5	1.18931502255875
13.125	20.5	1.19189163625106
13.375	20.5	1.19430720334282
13.625	20.5	1.19656763720523
13.875	20.5	1.19867840475392
14.125	20.5	1.20064453416733
14.375	20.5	1.20247062717508
14.625	20.5	1.2041608740977
14.875	20.5	1.20571907028733
15.125	20.5	1.20714863298591
15.375	20.5	1.2084526178992
15.625	20.5	1.20963373499715
15.875	20.5	1.21069436320866
16.125	20.5	1.21163656379397
16.375	20.5	1.21246209226096
16.625	20.5	1.21317240875078
16.875	20.5	1.21376868685963
17.125	20.5	1.21425182089239
17.375	20.5	1.21462243156426
17.625	20.5	1.21488087018112
17.875	20.5	1.21502722134166
18.125	20.5	1.21506130421547
18.375	20.5	1.21498267246495
18.625	20.5	1.21479061289568
18.875	20.5	1.21448414294413
19.125	20.5	1.21406200714444
19.375	20.5	1.21352267276279
19.625	20.5	1.21286432485235
19.875	20.5	1.21208486107014
20.125	20.5	1.21118188671761
20.375	20.5	1.21015271062929
20.625	20.5	1.20899434275164
20.875	20.5	1.20770349454446
21.125	20.5	1.20627658372208
21.375	20.5	1.20470974535823
21.625	20.5	1.20299885204153
21.875	20.5	1.20113954662879
22.125	20.5	1.19912729224723
22.375	20.5	1.19695744559079
22.625	20.5	1.19462536127701
22.875	20.5	1.19212653708242
23.125	20.5	1.18945681218482
23.375	20.5	1.18661263289228
23.625	20.5	1.18359140225065
23.875	20.5	1.18039193048683
24.125	20.5	1.17701500092585
24.375	20.5	1.17346405845407
24.625	20.5	1.16974601158471
24.875	20.5	1.16587211109596
25.125	20.5	1.16185882536173
25.375	20.5	1.15772857584784
25.625	20.5	1.153510134689
25.875	20.5	1.14923844122969
26.125	20.5	1.14495360130768
26.375	20.5	1.14069893302018
26.625	20.5	1.13651813835511
26.875	20.5	1.1324519781378
27.125	20.5	1.12853509384043
27.375	20.5	1.12479369133073
27.625	20.5	1.1212445802605
27.875	20.5	1.11789562955213
28.125	20.5	1.11474728587322
28.375	20.5	1.11179460454906
28.625	20.5	1.10902928295708
28.875	20.5	1.10644135807856
29.125	20.5	1.10402041997087
29.375	20.5	1.10175634254758
29.625	20.5	1.09963962602036
29.875	20.5	1.09766148355088
30.125	20.5	1.09581379784732
30.375	20.5	1.09408903838346
30.625	20.5	1.09248018707644
30.875	20.5	1.09098068609203
31.125	20.5	1.08958440282388
31.375	20.5	1.08828560209669
31.625	20.5	1.08707891832089
31.875	20.5	1.08595932504376
32.125	20.5	1.08492210282433
32.375	20.5	1.08396280774363
32.625	20.5	1.08307724271629
32.875	20.5	1.08226143300379
33.125	20.5	1.08151160655935
33.375	20.5	1.08082417928171
33.625	20.5	1.0801957449101
33.875	20.5	1.07962306908661
34.125	20.5	1.07910308699451
34.375	20.5	1.07863290392685
34.625	20.5	1.0782097981334
34.875	20.5	1.07783122532665
35.125	20.5	1.07749482428568
35.375	20.5	1.07719842307166
35.625	20.5	1.07694004545035
35.875	20.5	1.07671791719912
36.125	20.5	1.07653047205231
36.375	20.5	1.07637635710698
36.625	20.5	1.07625443756753
36.875	20.5	1.07616380075287
37.125	20.5	1.07610375932281
37.375	20.5	1.0760738537033
0.125	21.5	-0.0425668364410594
0.375	21.5	-0.0423084782136061
0.625	21.5	-0.0417739381945763
0.875	21.5	-0.0409245609445677
1.125	21.5	-0.0396945168608993
1.375	21.5	-0.0379804857307721
1.625	21.5	-0.0356264534430372
1.875	21.5	-0.0324025518500365
2.125	21.5	-0.0279769693725764
2.375	21.5	-0.0218805329214823
2.625	21.5	-0.0134648818440545
2.875	21.5	-0.0018574071624194
3.125	21.5	0.0140809156304017
3.375	21.5	0.0357860334291684
3.625	21.5	0.0649990956129789
3.875	21.5	0.103733003452617
4.125	21.5	0.154133332713563
4.375	21.5	0.21807224523565
4.625	21.5	0.296277590188589
4.875	21.5	0.38710034345755
5.125	21.5	0.485701485027935
5.375	21.5	0.584763400123295
5.625	21.5	0.676852459747518
5.875	21.5	0.756936829536218
6.125	21.5	0.823384814363295
6.375	21.5	0.877260652059382
6.625	21.5	0.92091438420268
6.875	21.5	0.956796484122059
7.125	21.5	0.986842951313101
7.375	21.5	1.01236139697413
7.625	21.5	1.03419285693595
7.875	21.5	1.05292872930063
8.125	21.5	1.06905653442209
8.375	21.5	1.08301544178579
8.625	21.5	1.09519874177819
8.875	21.5	1.10594234034877
9.125	21.5	1.11551890120551
9.375	21.5	1.12414117546408
9.625	21.5	1.13197121730054
9.875	21.5	1.13913141232074
10.125	21.5	1.14571466647047
10.375	21.5	1.15179262731923
10.625	21.5	1.15742179178809
10.875	21.5	1.16264781269107
11.125	21.5	1.16750844301286
11.375	21.5	1.17203552248395
11.625	21.5	1.1762563218041
11.875	21.5	1.1801944682168
12.125	21.5	1.18387060178151
12.375	21.5	1.18730285806199
12.625	21.5	1.19050723698696
12.875	21.5	1.19349789469646
13.125	21.5	1.1962873810569
13.375	21.5	1.19888683703377
13.625	21.5	1.20130616107197
13.875	21.5	1.2035541506505
14.125	21.5	1.20563862338809
14.375	21.5	1.2075665209703
14.625	21.5	1.20934399845123
14.875	21.5	1.21097650098977
15.125	21.5	1.21246882971833
15.375	21.5	1.21382519816152
15.625	21.5	1.21504928039461
15.875	21.5	1.21614425194222
16.125	21.5	1.21711282425544
16.375	21.5	1.21795727346672
16.625	21.5	1.218679464
16.875	21.5	1.21928086750729
17.125	21.5	1.2197625775087
17.375	21.5	1.22012532002834
17.625	21.5	1.22036946044316
17.875	21.5	1.22049500669154
18.125	21.5	1.22050160892496
18.375	21.5	1.22038855562524
18.625	21.5	1.22015476615362
18.875	21.5	1.21979877964399
19.125	21.5	1.21931874010305
19.375	21.5	1.21871237753462
19.625	21.5	1.21797698486906
19.875	21.5	1.21710939045409
20.125	21.5	1.21610592586179
20.375	21.5	1.21496238880077
20.625	21.5	1.21367400101612
20.875	21.5	1.21223536125012
21.125	21.5	1.210640393681
21.375	21.5	1.20888229284694
21.625	21.5	1.20695346703659
21.875	21.5	1.20484548370061
22.125	21.5	1.2025490229268
22.375	21.5	1.20005384888681
22.625	21.5	1.19734881504652
22.875	21.5	1.19442192767462
23.125	21.5	1.19126050477426
23.375	21.5	1.18785148493621
23.625	21.5	1.18418196314285
23.875	21.5	1.1802400570094
24.125	21.5	1.17601623263022
24.375	21.5	1.17150523306282
24.625	21.5	1.16670873356258
24.875	21.5	1.16163876232312
25.125	21.5	1.15632172945656
25.375	21.5	1.15080256002465
25.625	21.5	1.14514792995677
25.875	21.5	1.13944706330055
26.125	21.5	1.13380825064286
26.375	21.5	1.12834966213244
26.625	21.5	1.12318461184601
26.875	21.5	1.11840411795685
27.125	21.5	1.114062205963
27.375	21.5	1.11016975808766
27.625	21.5	1.10669945019846
27.875	21.5	1.10359907375632
28.125	21.5	1.10080719717069
28.375	21.5	1.09826577627382
28.625	21.5	1.09592736990962
28.875	21.5	1.09375732803462
29.125	21.5	1.09173255114685
29.375	21.5	1.08983853776444
29.625	21.5	1.08806609679764
29.875	21.5	1.08640863765354
30.125	21.5	1.08486045517259
30.375	21.5	1.08341597902727
30.625	21.5	1.08206967519724
30.875	21.5	1.08081622629246
31.125	21.5	1.07965071896369
31.375	21.5	1.07856871807501
31.625	21.5	1.07756622457884
31.875	21.5	1.07663956843749
32.125	21.5	1.07578529086266
32.375	21.5	1.07500004844254
32.625	21.5	1.07428054877577
32.875	21.5	1.07362351399518
33.125	21.5	1.07302566489343
33.375	21.5	1.07248371953201
33.625	21.5	1.07199440225149
33.875	21.5	1.07155446031223
34.125	21.5	1.07116068597078
34.375	21.5	1.07080994205278
34.625	21.5	1.07049918929618
34.875	21.5	1.07022551399483
35.125	21.5	1.06998615476425
35.375	21.5	1.06977852755135
35.625	21.5	1.06960024829282
35.875	21.5	1.06944915287856
36.125	21.5	1.0693233142848
36.375	21.5	1.06922105690396
36.625	21.5	1.06914096821176
36.875	21.5	1.06908190798102
37.125	21.5	1.0690430152789
37.375	21.5	1.06902371347807
0.125	22.5	-0.0511146956049265
0.375	22.5	-0.0510220803663951
0.625	22.5	-0.0508339453216243
0.875	22.5	-0.0505439522067663
1.125	22.5	-0.0501412261896615
1.375	22.5	-0.0496085925138992
1.625	22.5	-0.0489200303425637
1.875	22.5	-0.0480371994106484
2.125	22.5	-0.0469048970155775
2.375	22.5	-0.0454453420489326
2.625	22.5	-0.0435512724142614
2.875	22.5	-0.0410779916389552
3.125	22.5	-0.0378347168126331
3.375	22.5	-0.0335758926962929
3.625	22.5	-0.0279936698568881
3.875	22.5	-0.0207137601058411
4.125	22.5	-0.0112982805095349
4.375	22.5	0.000741399313531968
4.625	22.5	0.0159277663416144
4.875	22.5	0.034824026294014
5.125	22.5	0.058112794909914
5.375	22.5	0.0867733809855423
5.625	22.5	0.122293409555139
5.875	22.5	0.16673238004047
6.125	22.5	0.222403985724564
6.375	22.5	0.291025198488417
6.625	22.5	0.372443431213353
6.875	22.5	0.46352767499749
7.125	22.5	0.558193647690836
7.375	22.5	0.649087117792549
7.625	22.5	0.730082141937566
7.875	22.5	0.797943736971919
8.125	22.5	0.852363581136519
8.375	22.5	0.894928781210668
8.625	22.5	0.927965954321081
8.875	22.5	0.95376820032166
9.125	22.5	0.974245612735224
9.375	22.5	0.990850942620821
9.625	22.5	1.00463330846799
9.875	22.5	1.01632954232105
10.125	22.5	1.02645132321842
10.375	22.5	1.03535430850396
10.625	22.5	1.04328825949814
10.875	22.5	1.05043160816293
11.125	22.5	1.05691462683353
11.375	22.5	1.06283473689811
11.625	22.5	1.06826658118214
11.875	22.5	1.07326867656747
12.125	22.5	1.07788785377602
12.375	22.5	1.08216226697479
12.625	22.5	1.08612347396182
12.875	22.5	1.0897979056232
13.125	22.5	1.0932079277306
13.375	22.5	1.09637262536466
13.625	22.5	1.09930839453254
13.875	22.5	1.10202939673591
14.125	22.5	1.10454791393781
14.375	22.5	1.10687462959698
14.625	22.5	1.10901885373622
14.875	22.5	1.11098870488084
15.125	22.5	1.11279125821453
15.375	22.5	1.11443266687747
15.625	22.5	1.11591826161298
15.875	22.5	1.11725263272523
16.125	22.5	1.11843969739142
16.375	22.5	1.11948275468132
16.625	22.5	1.12038453010681
16.875	22.5	1.12114721111038
17.125	22.5	1.12177247457186
17.375	22.5	1.12226150714337
17.625	22.5	1.12261501899767
17.875	22.5	1.12283325138066
18.125	22.5	1.12291597818512
18.375	22.5	1.12286250160134
18.625	22.5	1.12267164174394
18.875	22.5	1.12234171999643
19.125	22.5	1.12187053565085
19.375	22.5	1.12125533524337
19.625	22.5	1.12049277379599
19.875	22.5	1.11957886696624
20.125	22.5	1.11850893288713
20.375	22.5	1.11727752226012
20.625	22.5	1.11587833507722
20.875	22.5	1.1143041222583
21.125	22.5	1.11254657062007
21.375	22.5	1.11059617017097
21.625	22.5	1.10844206415489
21.875	22.5	1.10607188524445
22.125	22.5	1.10347158698737
22.375	22.5	1.10062528996048
22.625	22.5	1.09751518012157
22.875	22.5	1.0941215271557
23.125	22.5	1.09042293969869
23.375	22.5	1.08639705055609
23.625	22.5	1.08202193736366
23.875	22.5	1.07727873793169
24.125	22.5	1.0721561069099
24.375	22.5	1.06665734114103
24.625	22.5	1.06081107016069
24.875	22.5	1.05468615179309
25.125	22.5	1.0484104699589
25.375	22.5	1.0421912219294
25.625	22.5	1.03633062156657
25.875	22.5	1.03122604206652
26.125	22.5	1.02733955400138
26.375	22.5	1.02512351819345
26.625	22.5	1.02490334588205
26.875	22.5	1.02674852361434
27.125	22.5	1.0303948395833
27.375	22.5	1.03527997642618
27.625	22.5	1.04069664288057
27.875	22.5	1.04598839076355
28.125	22.5	1.0506907592983
28.375	22.5	1.05457303364729
28.625	22.5	1.0576010581637
28.875	22.5	1.05986643038219
29.125	22.5	1.06151694927723
29.375	22.5	1.06270459081136
29.625	22.5	1.06355505800133
29.875	22.5	1.06415708107655
30.125	22.5	1.06456626300756
30.375	22.5	1.06481621789915
30.625	22.5	1.06493010265432
30.875	22.5	1.06492840314981
31.125	22.5	1.06483216081164
31.375	22.5	1.06466295710321
31.625	22.5	1.06444152415661
31.875	22.5	1.06418637825673
32.125	22.5	1.06391308839645
32.375	22.5	1.06363417834298
32.625	22.5	1.06335939600517
32.875	22.5	1.06309609680615
33.125	22.5	1.06284960762419
33.375	22.5	1.06262353829899
33.625	22.5	1.06242005145437
33.875	22.5	1.06224010618885
34.125	22.5	1.06208368342954
34.375	22.5	1.06194999428949
34.625	22.5	1.06183767017112
34.875	22.5	1.06174493310881
35.125	22.5	1.06166974545204
35.375	22.5	1.06160993877153
35.625	22.5	1.06156332259896
35.875	22.5	1.06152777422237
36.125	22.5	1.06150131122289
36.375	22.5	1.06148214873672
36.625	22.5	1.06146874355637
36.875	22.5	1.06145982715688
37.125	22.5	1.06145442956899
37.375	22.5	1.06145189574985
0.125	23.5	-0.0601454425095256
0.375	23.5	-0.06013827947994
0.625	23.5	-0.0601243586493533
0.875	23.5	-0.0601044182200822
1.125	23.5	-0.0600793801994062
1.375	23.5	-0.0600501155336181
1.625	23.5	-0.0600171118328138
1.875	23.5	-0.0599800311085725
2.125	23.5	-0.0599371472101489
2.375	23.5	-0.0598846591649203
2.625	23.5	-0.0598158883254836
2.875	23.5	-0.0597203844786982
3.125	23.5	-0.0595829884195329
3.375	23.5	-0.059382924134498
3.625	23.5	-0.0590930171249224
3.875	23.5	-0.0586791376541015
4.125	23.5	-0.0580998940482221
4.375	23.5	-0.0573063485037213
4.625	23.5	-0.056241051574464
4.875	23.5	-0.054835352642742
5.125	23.5	-0.0530048201505408
5.375	23.5	-0.0506458831723245
5.625	23.5	-0.0476418675884802
5.875	23.5	-0.0438896657854023
6.125	23.5	-0.039354320455584
6.375	23.5	-0.0341452215916189
6.625	23.5	-0.0285860429997622
6.875	23.5	-0.023230259740925
7.125	23.5	-0.0187775831472129
7.375	23.5	-0.0158958928018813
7.625	23.5	-0.0150263318948995
7.875	23.5	-0.0162740706135859
8.125	23.5	-0.0194289695900775
8.375	23.5	-0.0240782678219097
8.625	23.5	-0.0297398036231058
8.875	23.5	-0.0359639100728072
9.125	23.5	-0.042387667259437
9.375	23.5	-0.0487493168049927
9.625	23.5	-0.0548786567258624
9.875	23.5	-0.0606773795026639
10.125	23.5	-0.0660982517191968
10.375	23.5	-0.0711274249495635
10.625	23.5	-0.0757711507240651
10.875	23.5	-0.0800466205070748
11.125	23.5	-0.0839760694399782
11.375	23.5	-0.0875832164362144
11.625	23.5	-0.0908912623457185
11.875	23.5	-0.0939218694140776
12.125	23.5	-0.0966947270801904
12.375	23.5	-0.0992274488694875
12.625	23.5	-0.101535643084669
12.875	23.5	-0.103633064516246
13.125	23.5	-0.105531794931527
13.375	23.5	-0.107242424573025
13.625	23.5	-0.108774221128676
13.875	23.5	-0.110135280588593
14.125	23.5	-0.111332658632576
14.375	23.5	-0.112372483284514
14.625	23.5	-0.113260050475549
14.875	23.5	-0.113999904432177
15.125	23.5	-0.114595904762856
15.375	23.5	-0.115051281929737
15.625	23.5	-0.115368682552047
15.875	23.5	-0.115550205739841
16.125	23.5	-0.115597431421381
16.375	23.5	-0.115511441411388
16.625	23.5	-0.115292833770814
16.875	23.5	-0.114941730828274
17.125	23.5	-0.114457781063891
17.375	23.5	-0.11384015489224
17.625	23.5	-0.113087534215853
17.875	23.5	-0.112198095447356
18.125	23.5	-0.11116948550849
18.375	23.5	-0.10999879009851
18.625	23.5	-0.108682493270609
18.875	23.5	-0.107216427047803
19.125	23.5	-0.1055957094285
19.375	23.5	-0.103814668648849
19.625	23.5	-0.101866750944576
19.875	23.5	-0.0997444082332712
20.125	23.5	-0.0974389610365099
20.375	23.5	-0.0949404304568829
20.625	23.5	-0.0922373309303433
20.875	23.5	-0.0893164124985743
21.125	23.5	-0.0861623370315238
21.375	23.5	-0.0827572664472955
21.625	23.5	-0.0790803313524828
21.875	23.5	-0.0751069337668449
22.125	23.5	-0.0708078146426026
22.375	23.5	-0.0661477808226311
22.625	23.5	-0.0610839290824183
22.875	23.5	-0.0555631147569777
23.125	23.5	-0.0495182706492156
23.375	23.5	-0.0428629616473725
23.625	23.5	-0.0354832259080359
23.875	23.5	-0.0272252637140881
24.125	23.5	-0.0178768614405411
24.375	23.5	-0.0071396126015998
24.625	23.5	0.00541176860017898
24.875	23.5	0.0203868111585809
25.125	23.5	0.0386549079569916
25.375	23.5	0.0614331138177811
25.625	23.5	0.0903614044630972
25.875	23.5	0.127504505281284
26.125	23.5	0.175166214378386
26.375	23.5	0.235362493313011
26.625	23.5	0.308867036619148
26.875	23.5	0.394051220281187
27.125	23.5	0.486243900191652
27.375	23.5	0.578490006609429
27.625	23.5	0.6637246895139
27.875	23.5	0.737062767899299
28.125	23.5	0.796775192720033
28.375	23.5	0.843765733120232
28.625	23.5	0.880370260629233
28.875	23.5	0.909266542240818
29.125	23.5	0.932790871528162
29.375	23.5	0.952631688361062
29.625	23.5	0.96979327249151
29.875	23.5	0.984738331398244
30.125	23.5	0.997619047685114
30.375	23.5	1.00849703961906
30.625	23.5	1.01747929289017
30.875	23.5	1.02475651574741
31.125	23.5	1.0305774157741
31.375	23.5	1.03520289861442
31.625	23.5	1.03886985009833
31.875	23.5	1.04177475512826
32.125	23.5	1.04407372371855
32.375	23.5	1.04589029100761
32.625	23.5	1.04732383972708
32.875	23.5	1.0484555480195
33.125	23.5	1.04935188064815
33.375	23.5	1.05006672901628
33.625	23.5	1.05064308019521
33.875	23.5	1.05111457450702
34.125	23.5	1.0515069965339
34.375	23.5	1.05183965632309
34.625	23.5	1.05212662693732
34.875	23.5	1.05237782702134
35.125	23.5	1.05259995018027
35.375	23.5	1.05279724879275
35.625	23.5	1.05297218284735
35.875	23.5	1.05312594645261
36.125	23.5	1.05325888616537
36.375	23.5	1.05337082605676
36.625	23.5	1.05346131436335
36.875	23.5	1.05352980567503
37.125	23.5	1.053575791032
37.375	23.5	1.05359888622841
0.125	24.5	-0.0688563649338959
0.375	24.5	-0.0688972763151214
0.625	24.5	-0.068979977586889
0.875	24.5	-0.0691062190781201
1.125	24.5	-0.0692786091055674
1.375	24.5	-0.0695005921839227
1.625	24.5	-0.069776418284707
1.875	24.5	-0.0701111022719036
2.125	24.5	-0.0705103731804189
2.375	24.5	-0.0709806140659385
2.625	24.5	-0.071528794804543
2.875	24.5	-0.072162402431167
3.125	24.5	-0.0728893762043471
3.375	24.5	-0.0737180571704001
3.625	24.5	-0.0746571638300963
3.875	24.5	-0.0757158054228023
4.125	24.5	-0.076903541211959
4.375	24.5	-0.0782304893010609
4.625	24.5	-0.0797074914989909
4.875	24.5	-0.0813463743432963
5.125	24.5	-0.0831604335083335
5.375	24.5	-0.0851653849914429
5.625	24.5	-0.0873810460099114
5.875	24.5	-0.0898337339179231
6.125	24.5	-0.0925586967678296
6.375	24.5	-0.0956009855294533
6.625	24.5	-0.0990125485061328
6.875	24.5	-0.102843732406714
7.125	24.5	-0.107129493346262
7.375	24.5	-0.111874121293308
7.625	24.5	-0.117040914943498
7.875	24.5	-0.122552144650726
8.125	24.5	-0.128299778396746
8.375	24.5	-0.134162441368529
8.625	24.5	-0.140022373071638
8.875	24.5	-0.145777856459933
9.125	24.5	-0.151349573181724
9.375	24.5	-0.156681667888032
9.625	24.5	-0.161739336609935
9.875	24.5	-0.166504761374003
10.125	24.5	-0.170972727497138
10.375	24.5	-0.175146691687253
10.625	24.5	-0.179035620196267
10.875	24.5	-0.182651635137927
11.125	24.5	-0.186008366520384
11.375	24.5	-0.189119859620916
11.625	24.5	-0.191999889806766
11.875	24.5	-0.194661560981211
12.125	24.5	-0.197117093073471
12.375	24.5	-0.199377730594674
12.625	24.5	-0.201453725525236
12.875	24.5	-0.203354363506739
13.125	24.5	-0.205088013344647
13.375	24.5	-0.206662187295997
13.625	24.5	-0.208083604528933
13.875	24.5	-0.209358253298241
14.125	24.5	-0.210491449367954
14.375	24.5	-0.211487889436025
14.625	24.5	-0.212351699051086
14.875	24.5	-0.213086474937585
15.125	24.5	-0.213695321879129
15.375	24.5	-0.214180884424752
15.625	24.5	-0.214545373725513
15.875	24.5	-0.214790589808304
16.125	24.5	-0.214917939567964
16.375	24.5	-0.214928450718383
16.625	24.5	-0.214822781894709
16.875	24.5	-0.214601229045585
17.125	24.5	-0.214263728198229
17.375	24.5	-0.213809854620905
17.625	24.5	-0.213238818346652
17.875	24.5	-0.212549455958612
18.125	24.5	-0.211740218469772
18.375	24.5	-0.210809155057412
18.625	24.5	-0.209753892333391
18.875	24.5	-0.208571608744044
19.125	24.5	-0.207259003596141
19.375	24.5	-0.205812260095816
19.625	24.5	-0.204227001663389
19.875	24.5	-0.202498240645569
20.125	24.5	-0.200620318383716
20.375	24.5	-0.198586835406958
20.625	24.5	-0.196390570292252
20.875	24.5	-0.19402338545323
21.125	24.5	-0.191476117754645
21.375	24.5	-0.188738451342478
21.625	24.5	-0.185798769326508
21.875	24.5	-0.182643979764355
22.125	24.5	-0.179259309444051
22.375	24.5	-0.175628055685045
22.625	24.5	-0.171731280857141
22.875	24.5	-0.167547425120781
23.125	24.5	-0.16305179793288
23.375	24.5	-0.158215885401956
23.625	24.5	-0.153006375686669
23.875	24.5	-0.147383756740839
24.125	24.5	-0.141300283363569
24.375	24.5	-0.134697060093884
24.625	24.5	-0.127499985792211
24.875	24.5	-0.119614443647205
25.125	24.5	-0.110919050299236
25.375	24.5	-0.101259707803469
25.625	24.5	-0.0904467872832739
25.875	24.5	-0.0782602851500147
26.125	24.5	-0.0644689519894405
26.375	24.5	-0.0488665921314222
26.625	24.5	-0.0313174989765844
26.875	24.5	-0.0117821185147643
27.125	24.5	0.00972476160582422
27.375	24.5	0.0332800462645161
27.625	24.5	0.059281665266634
27.875	24.5	0.0886704146968572
28.125	24.5	0.123032266680367
28.375	24.5	0.164496635075435
28.625	24.5	0.215365967899438
28.875	24.5	0.277422514350223
29.125	24.5	0.350960594172872
29.375	24.5	0.43388352080408
29.625	24.5	0.521530340422585
29.875	24.5	0.607751694202909
30.125	24.5	0.686871457342834
30.375	24.5	0.755344324259356
30.625	24.5	0.812195889697135
30.875	24.5	0.858358390839974
31.125	24.5	0.895623715274701
31.375	24.5	0.925811806961097
31.625	24.5	0.950367987465124
31.875	24.5	0.970320913501236
32.125	24.5	0.986417334482108
32.375	24.5	0.999266427930543
32.625	24.5	1.00941610007773
32.875	24.5	1.01736696755202
33.125	24.5	1.02356108580259
33.375	24.5	1.02837264807989
33.625	24.5	1.03210833785079
33.875	24.5	1.03501420500877
34.125	24.5	1.03728460625423
34.375	24.5	1.03907088451736
34.625	24.5	1.04048913535957
34.875	24.5	1.04162700957958
35.125	24.5	1.04254959500885
35.375	24.5	1.04330441259278
35.625	24.5	1.04392556716432
35.875	24.5	1.04443711368886
36.125	24.5	1.04485572088648
36.375	24.5	1.04519272769463
36.625	24.5	1.04545569181124
36.875	24.5	1.04564952471048
37.125	24.5	1.04577729646655
37.375	24.5	1.04584077890077
0.125	25.5	-0.0766495290308978
0.375	25.5	-0.0767160232153954
0.625	25.5	-0.0768497471042661
0.875	25.5	-0.0770521699498294
1.125	25.5	-0.0773254910312726
1.375	25.5	-0.0776726337811238
1.625	25.5	-0.0780972373983139
1.875	25.5	-0.0786036455416082
2.125	25.5	-0.0791968916806036
2.375	25.5	-0.0798826807126709
2.625	25.5	-0.080667366525727
2.875	25.5	-0.0815579252731646
3.125	25.5	-0.0825619241773251
3.375	25.5	-0.0836874856067792
3.625	25.5	-0.0849432458583469
3.875	25.5	-0.0863383073669523
4.125	25.5	-0.0878821818229494
4.375	25.5	-0.0895847198301248
4.625	25.5	-0.0914560203106809
4.875	25.5	-0.0935063096722601
5.125	25.5	-0.0957457755364084
5.375	25.5	-0.0981843293692495
5.625	25.5	-0.10083125274557
5.875	25.5	-0.103694654260293
6.125	25.5	-0.10678064216791
6.375	25.5	-0.110092130494018
6.625	25.5	-0.113627276658801
6.875	25.5	-0.11737771148326
7.125	25.5	-0.121326935757864
7.375	25.5	-0.125449420327806
7.625	25.5	-0.129710914776044
7.875	25.5	-0.134070166685604
8.125	25.5	-0.138481788830933
8.375	25.5	-0.142899638586536
8.625	25.5	-0.14727998429151
8.875	25.5	-0.151583919543081
9.125	25.5	-0.15577879643314
9.375	25.5	-0.159838725556609
9.625	25.5	-0.163744354816409
9.875	25.5	-0.167482188796547
10.125	25.5	-0.171043683490237
10.375	25.5	-0.174424290068955
10.625	25.5	-0.177622556596152
10.875	25.5	-0.180639343600098
11.125	25.5	-0.18347717264068
11.375	25.5	-0.186139704861648
11.625	25.5	-0.188631335254379
11.875	25.5	-0.190956884154729
12.125	25.5	-0.193121367341705
12.375	25.5	-0.195129827954659
12.625	25.5	-0.196987216044784
12.875	25.5	-0.198698304243991
13.125	25.5	-0.200267630445405
13.375	25.5	-0.20169946042661
13.625	25.5	-0.202997764998774
13.875	25.5	-0.204166207570054
14.125	25.5	-0.205208139025174
14.375	25.5	-0.206126597600622
14.625	25.5	-0.206924312026255
14.875	25.5	-0.207603706650938
15.125	25.5	-0.208166907605506
15.375	25.5	-0.208615749307305
15.625	25.5	-0.208951780797155
15.875	25.5	-0.209176271537526
16.125	25.5	-0.209290216402082
16.375	25.5	-0.20929433966065
16.625	25.5	-0.209189097817223
16.875	25.5	-0.208974681197119
17.125	25.5	-0.208651014207289
17.375	25.5	-0.208217754214163
17.625	25.5	-0.207674288999389
17.875	25.5	-0.207019732767562
18.125	25.5	-0.206252920694157
18.375	25.5	-0.205372402018564
18.625	25.5	-0.204376431709144
18.875	25.5	-0.203262960757747
19.125	25.5	-0.202029625203974
19.375	25.5	-0.200673734049631
19.625	25.5	-0.199192256307516
19.875	25.5	-0.197581807543972
20.125	25.5	-0.195838636431679
20.375	25.5	-0.193958612040621
20.625	25.5	-0.1919372128764
20.875	25.5	-0.189769519044134
21.125	25.5	-0.187450209392506
21.375	25.5	-0.184973566095117
21.625	25.5	-0.182333489868476
21.875	25.5	-0.179523529906967
22.125	25.5	-0.176536933605669
22.375	25.5	-0.17336672216137
22.625	25.5	-0.170005799026416
22.875	25.5	-0.166447098650223
23.125	25.5	-0.162683782520609
23.375	25.5	-0.158709487554813
23.625	25.5	-0.154518627556028
23.875	25.5	-0.150106740879793
24.125	25.5	-0.145470866090764
24.375	25.5	-0.140609912613831
24.625	25.5	-0.135524977359152
24.875	25.5	-0.130219545652275
25.125	25.5	-0.124699511968945
25.375	25.5	-0.118972967068921
25.625	25.5	-0.113049714431504
25.875	25.5	-0.106940461476884
26.125	25.5	-0.100655495990216
26.375	25.5	-0.0942022967281109
26.625	25.5	-0.0875809175168981
26.875	25.5	-0.0807754167862163
27.125	25.5	-0.0737398422834973
27.375	25.5	-0.0663791608803356
27.625	25.5	-0.0585287585908762
27.875	25.5	-0.0499385927616037
28.125	25.5	-0.0402675272682901
28.375	25.5	-0.0290901056500577
28.625	25.5	-0.0159137567077683
28.875	25.5	-0.000198706375585698
29.125	25.5	0.0186367894584226
29.375	25.5	0.0412545000362317
29.625	25.5	0.0685034835092967
29.875	25.5	0.101582050816061
30.125	25.5	0.142158420365055
30.375	25.5	0.192274531106493
30.625	25.5	0.253849189130197
30.875	25.5	0.327726451442431
31.125	25.5	0.412541598600991
31.375	25.5	0.5041138635224
31.625	25.5	0.596144197389254
31.875	25.5	0.682176731069958
32.125	25.5	0.757627837686835
32.375	25.5	0.820615096257454
32.625	25.5	0.871452527373488
32.875	25.5	0.911604667678793
33.125	25.5	0.942846933525442
33.375	25.5	0.96685757906705
33.625	25.5	0.985103690164437
33.875	25.5	0.998834562761093
34.125	25.5	1.00909195857364
34.375	25.5	1.01672188995026
34.625	25.5	1.02239216791788
34.875	25.5	1.026616141192
35.125	25.5	1.02977927794461
35.375	25.5	1.03216514988537
35.625	25.5	1.03397865232353
35.875	25.5	1.03536549751809
36.125	25.5	1.03642783008447
36.375	25.5	1.03723627385515
36.625	25.5	1.03783892944372
36.875	25.5	1.03826789098567
37.125	25.5	1.03854380716961
37.375	25.5	1.03867892189756
0.125	26.5	-0.0832107829994174
0.375	26.5	-0.0832879845131485
0.625	26.5	-0.0834428820237612
0.875	26.5	-0.0836764611783336
1.125	26.5	-0.0839901920432869
1.375	26.5	-0.0843860187219826
1.625	26.5	-0.0848663450151041
1.875	26.5	-0.0854340156957333
2.125	26.5	-0.0860922928582793
2.375	26.5	-0.0868448266793609
2.625	26.5	-0.08769561979234
2.875	26.5	-0.0886489843147316
3.125	26.5	-0.0897094903641426
3.375	26.5	-0.0908819046344203
3.625	26.5	-0.0921711172572431
3.875	26.5	-0.0935820547246007
4.125	26.5	-0.0951195760823195
4.375	26.5	-0.0967883489323347
4.625	26.5	-0.0985927010462824
4.875	26.5	-0.100536442696438
5.125	26.5	-0.102622654349644
5.375	26.5	-0.104853434534041
5.625	26.5	-0.107229604232435
5.875	26.5	-0.109750368366004
6.125	26.5	-0.112412943469403
6.375	26.5	-0.115212174716109
6.625	26.5	-0.118140184235965
6.875	26.5	-0.121186111878932
7.125	26.5	-0.124336021057625
7.375	26.5	-0.127573036062074
7.625	26.5	-0.130877746709212
7.875	26.5	-0.134228864945796
8.125	26.5	-0.137604062270858
8.375	26.5	-0.140980878235843
8.625	26.5	-0.144337582882883
8.875	26.5	-0.147653898637494
9.125	26.5	-0.150911526882439
9.375	26.5	-0.154094465625375
9.625	26.5	-0.15718913647313
9.875	26.5	-0.160184357537995
10.125	26.5	-0.163071205151193
10.375	26.5	-0.165842805022011
10.625	26.5	-0.168494086686155
10.875	26.5	-0.171021526783359
11.125	26.5	-0.173422898786447
11.375	26.5	-0.175697040189847
11.625	26.5	-0.177843643117172
11.875	26.5	-0.179863070724228
12.125	26.5	-0.181756199399691
12.375	26.5	-0.183524285311974
12.625	26.5	-0.185168853056401
12.875	26.5	-0.186691603810654
13.125	26.5	-0.1880943403492
13.375	26.5	-0.189378906384788
13.625	26.5	-0.190547137918344
13.875	26.5	-0.191600824535601
14.125	26.5	-0.192541678856369
14.375	26.5	-0.193371312600675
14.625	26.5	-0.194091217974104
14.875	26.5	-0.194702753287423
15.125	26.5	-0.195207131911628
15.375	26.5	-0.195605413829676
15.625	26.5	-0.195898499182513
15.875	26.5	-0.196087123322238
16.125	26.5	-0.196171852982343
16.375	26.5	-0.196153083256747
16.625	26.5	-0.19603103514881
16.875	26.5	-0.195805753511004
17.125	26.5	-0.195477105248151
17.375	26.5	-0.195044777704116
17.625	26.5	-0.194508277195963
17.875	26.5	-0.193866927702729
18.125	26.5	-0.193119869760416
18.375	26.5	-0.192266059662606
18.625	26.5	-0.191304269119665
18.875	26.5	-0.190233085591327
19.125	26.5	-0.189050913580398
19.375	26.5	-0.187755977262481
19.625	26.5	-0.18634632493163
19.875	26.5	-0.184819835868472
20.125	26.5	-0.183174230389688
20.375	26.5	-0.181407084020023
20.625	26.5	-0.17951584694369
20.875	26.5	-0.177497870143704
21.125	26.5	-0.175350439925048
21.375	26.5	-0.173070822835983
21.625	26.5	-0.170656323338844
21.875	26.5	-0.168104356912628
22.125	26.5	-0.165412541551648
22.375	26.5	-0.162578810787461
22.625	26.5	-0.159601551298538
22.875	26.5	-0.15647976772872
23.125	26.5	-0.153213276299235
23.375	26.5	-0.149802926897336
23.625	26.5	-0.146250850237322
23.875	26.5	-0.142560722087869
24.125	26.5	-0.138738030185771
24.375	26.5	-0.134790321254021
24.625	26.5	-0.130727395829036
24.875	26.5	-0.126561408243271
25.125	26.5	-0.122306819604466
25.375	26.5	-0.117980144959949
25.625	26.5	-0.113599434092689
25.875	26.5	-0.109183430081883
26.125	26.5	-0.104750361711053
26.375	26.5	-0.100316346563696
26.625	26.5	-0.0958934167541531
26.875	26.5	-0.0914872402801885
27.125	26.5	-0.0870947072185835
27.375	26.5	-0.0827016612339278
27.625	26.5	-0.0782811036500948
27.875	26.5	-0.0737920619739848
28.125	26.5	-0.0691789392385977
28.375	26.5	-0.0643706206437717
28.625	26.5	-0.0592780480539442
28.875	26.5	-0.0537884628848486
29.125	26.5	-0.0477541466477393
29.375	26.5	-0.0409735678122443
29.625	26.5	-0.0331639585142169
29.875	26.5	-0.0239267647306887
30.125	26.5	-0.012710048871158
30.375	26.5	0.0012277944775675
30.625	26.5	0.0188528082636081
30.875	26.5	0.04139576824296
31.125	26.5	0.0704071518096232
31.375	26.5	0.107813237805754
31.625	26.5	0.155886532450358
31.875	26.5	0.216929930050292
32.125	26.5	0.292436702742932
32.375	26.5	0.381748108111959
32.625	26.5	0.480875468795912
32.875	26.5	0.582679377415446
33.125	26.5	0.678965421485701
33.375	26.5	0.76330441410908
33.625	26.5	0.832613125316106
33.875	26.5	0.886867538685422
34.125	26.5	0.927865661091564
34.375	26.5	0.958077944262652
34.625	26.5	0.979955213710195
34.875	26.5	0.995616515238526
35.125	26.5	1.00675724864533
35.375	26.5	1.0146661493357
35.625	26.5	1.02028753326191
35.875	26.5	1.02429461582864
36.125	26.5	1.02715726373342
36.375	26.5	1.02919775402842
36.625	26.5	1.03063351969281
36.875	26.5	1.03160828781233
37.125	26.5	1.03221377359908
37.375	26.5	1.03250401699429
0.125	27.5	-0.0884428041126203
0.375	27.5	-0.0885212033492099
0.625	27.5	-0.0886782850756804
0.875	27.5	-0.0889146118530744
1.125	27.5	-0.0892310175937077
1.375	27.5	-0.0896285954630789
1.625	27.5	-0.0901086814444552
1.875	27.5	-0.0906728333057734
2.125	27.5	-0.0913228046443725
2.375	27.5	-0.0920605136217705
2.625	27.5	-0.0928880059387364
2.875	27.5	-0.0938074115413985
3.125	27.5	-0.0948208944942694
3.375	27.5	-0.0959305954100999
3.625	27.5	-0.0971385657970282
3.875	27.5	-0.0984466936835949
4.125	27.5	-0.0998566199330112
4.375	27.5	-0.101369644792195
4.625	27.5	-0.102986624486186
4.875	27.5	-0.104707858130417
5.125	27.5	-0.106532965976801
5.375	27.5	-0.108460761133795
5.625	27.5	-0.110489118500932
5.875	27.5	-0.112614846783153
6.125	27.5	-0.114833572020749
6.375	27.5	-0.117139643773943
6.625	27.5	-0.119526077304163
6.875	27.5	-0.121984545866736
7.125	27.5	-0.124505435555921
7.375	27.5	-0.12707797033868
7.625	27.5	-0.129690407133573
7.875	27.5	-0.132330291352468
8.125	27.5	-0.134984754493916
8.375	27.5	-0.137640829543385
8.625	27.5	-0.140285758557224
8.875	27.5	-0.142907269849204
9.125	27.5	-0.145493808348467
9.375	27.5	-0.14803471009951
9.625	27.5	-0.150520318863309
9.875	27.5	-0.152942048291637
10.125	27.5	-0.155292396779455
10.375	27.5	-0.157564923944065
10.625	27.5	-0.159754198096983
10.875	27.5	-0.161855723511101
11.125	27.5	-0.163865855152762
11.375	27.5	-0.165781707168037
11.625	27.5	-0.167601060007659
11.875	27.5	-0.169322269781246
12.125	27.5	-0.170944182317797
12.375	27.5	-0.172466053499538
12.625	27.5	-0.173887476725084
12.875	27.5	-0.175208317825273
13.125	27.5	-0.176428657373521
13.375	27.5	-0.177548740073699
13.625	27.5	-0.178568930745512
13.875	27.5	-0.179489676336579
14.125	27.5	-0.180311473352642
14.375	27.5	-0.181034840096529
14.625	27.5	-0.181660293130783
14.875	27.5	-0.182188327418916
15.125	27.5	-0.182619399649332
15.375	27.5	-0.182953914299462
15.625	27.5	-0.183192212052206
15.875	27.5	-0.183334560230489
16.125	27.5	-0.183381144967272
16.375	27.5	-0.183332064877323
16.625	27.5	-0.183187326043251
16.875	27.5	-0.182946838172008
17.125	27.5	-0.182610411819717
17.375	27.5	-0.182177756622934
17.625	27.5	-0.181648480513947
17.875	27.5	-0.181022089937324
18.125	27.5	-0.180297991125395
18.375	27.5	-0.179475492532643
18.625	27.5	-0.178553808573772
18.875	27.5	-0.177532064858544
19.125	27.5	-0.176409305168826
19.375	27.5	-0.175184500480398
19.625	27.5	-0.173856560394172
19.875	27.5	-0.172424347408519
20.125	27.5	-0.170886694535647
20.375	27.5	-0.169242426838929
20.625	27.5	-0.167490387541823
20.875	27.5	-0.165629469427931
21.125	27.5	-0.163658652308817
21.375	27.5	-0.161577047370945
21.625	27.5	-0.159383949210978
21.875	27.5	-0.157078896309571
22.125	27.5	-0.154661740550997
22.375	27.5	-0.15213272613519
22.625	27.5	-0.149492577807724
22.875	27.5	-0.146742597702313
23.125	27.5	-0.143884769195912
23.375	27.5	-0.140921864967269
23.625	27.5	-0.13785755488934
23.875	27.5	-0.134696507471773
24.125	27.5	-0.131444476360317
24.375	27.5	-0.128108361050297
24.625	27.5	-0.124696228768308
24.875	27.5	-0.12121728286804
25.125	27.5	-0.117681762682021
25.375	27.5	-0.114100761291802
25.625	27.5	-0.110485951833844
25.875	27.5	-0.106849220239812
26.125	27.5	-0.103202212726245
26.375	27.5	-0.0995558191286943
26.625	27.5	-0.0959196264766608
26.875	27.5	-0.0923013878007301
27.125	27.5	-0.0887065541267444
27.375	27.5	-0.0851379064036814
27.625	27.5	-0.0815952921710402
27.875	27.5	-0.0780754165996104
28.125	27.5	-0.0745715654888494
28.375	27.5	-0.0710730641911867
28.625	27.5	-0.0675642180512132
28.875	27.5	-0.0640224457539397
29.125	27.5	-0.0604153047753545
29.375	27.5	-0.0566961044137739
29.625	27.5	-0.0527977720518708
29.875	27.5	-0.0486245030291866
30.125	27.5	-0.0440403499019966
30.375	27.5	-0.0388531608889145
30.625	27.5	-0.0327911647601297
30.875	27.5	-0.0254683091181698
31.125	27.5	-0.0163338620599933
31.375	27.5	-0.00460284071439392
31.625	27.5	0.0108322757720423
31.875	27.5	0.0315003421985784
32.125	27.5	0.0594388045299485
32.375	27.5	0.0972188089404711
32.625	27.5	0.147795995462542
32.875	27.5	0.213976959434402
33.125	27.5	0.297259184683717
33.375	27.5	0.396130002579915
33.625	27.5	0.504789657731269
33.875	27.5	0.613904360855367
34.125	27.5	0.713782609687498
34.375	27.5	0.797855256775746
34.625	27.5	0.863975127718332
34.875	27.5	0.91341463015685
35.125	27.5	0.949104263486283
35.375	27.5	0.97427944184539
35.625	27.5	0.991786962298313
35.875	27.5	1.00386248075557
36.125	27.5	1.01214834964613
36.375	27.5	1.01780038473936
36.625	27.5	1.02160719118852
36.875	27.5	1.02409169816434
37.125	27.5	1.02558727181067
37.375	27.5	1.02628984242096
0.125	28.5	-0.0923830361860706
0.375	28.5	-0.0924570816250218
0.625	28.5	-0.0926053028800736
0.875	28.5	-0.0928279572207442
1.125	28.5	-0.0931254218170084
1.375	28.5	-0.0934981831966143
1.625	28.5	-0.0939468230888648
1.875	28.5	-0.0944720005764083
2.125	28.5	-0.0950744304657586
2.375	28.5	-0.0957548577830977
2.625	28.5	-0.0965140283065901
2.875	28.5	-0.0973526550627172
3.125	28.5	-0.0982713807455711
3.375	28.5	-0.0992707360691176
3.625	28.5	-0.100351094138807
3.875	28.5	-0.101512621037556
4.125	28.5	-0.102755222970365
4.375	28.5	-0.104078490510939
4.625	28.5	-0.105481640752301
4.875	28.5	-0.106963458489383
5.125	28.5	-0.108522237958745
5.375	28.5	-0.110155727123152
5.625	28.5	-0.111861076995509
5.875	28.5	-0.113634799002503
6.125	28.5	-0.115472733816606
6.375	28.5	-0.117370035325654
6.625	28.5	-0.119321173326746
6.875	28.5	-0.121319957992007
7.125	28.5	-0.123359588070104
7.375	28.5	-0.125432723169717
7.625	28.5	-0.127531578467883
7.875	28.5	-0.129648038083542
8.125	28.5	-0.131773781521623
8.375	28.5	-0.133900416370003
8.625	28.5	-0.136019610034453
8.875	28.5	-0.138123213749106
9.125	28.5	-0.140203373247865
9.375	28.5	-0.142252622061838
9.625	28.5	-0.144263955131288
9.875	28.5	-0.14623088204373
10.125	28.5	-0.148147460567601
10.375	28.5	-0.150008312162591
10.625	28.5	-0.151808621801917
10.875	28.5	-0.153544124774267
11.125	28.5	-0.155211083205039
11.375	28.5	-0.156806254916555
11.625	28.5	-0.158326857000816
11.875	28.5	-0.159770526161503
12.125	28.5	-0.161135277537743
12.375	28.5	-0.162419463381871
12.625	28.5	-0.163621732647328
12.875	28.5	-0.164740992262932
13.125	28.5	-0.165776370631183
13.375	28.5	-0.16672718369178
13.625	28.5	-0.167592903734907
13.875	28.5	-0.168373131028044
14.125	28.5	-0.169067568230333
14.375	28.5	-0.169675997504903
14.625	28.5	-0.170198260197267
14.875	28.5	-0.170634238922673
15.125	28.5	-0.170983841893363
15.375	28.5	-0.171246989314984
15.625	28.5	-0.171423601687241
15.875	28.5	-0.171513589855404
16.125	28.5	-0.171516846674683
16.375	28.5	-0.171433240167803
16.625	28.5	-0.171262608076276
16.875	28.5	-0.171004753727429
17.125	28.5	-0.170659443161634
17.375	28.5	-0.170226403487324
17.625	28.5	-0.169705322454953
17.875	28.5	-0.169095849265066
18.125	28.5	-0.168397596650073
18.375	28.5	-0.167610144293977
18.625	28.5	-0.166733043679235
18.875	28.5	-0.165765824474751
19.125	28.5	-0.164708002603545
19.375	28.5	-0.163559090152153
19.625	28.5	-0.162318607305606
19.875	28.5	-0.160986096510645
20.125	28.5	-0.159561139083946
20.375	28.5	-0.158043374489448
20.625	28.5	-0.156432522506313
20.875	28.5	-0.154728408493029
21.125	28.5	-0.152930991918844
21.375	28.5	-0.151040398275602
21.625	28.5	-0.149056954394245
21.875	28.5	-0.146981227063248
22.125	28.5	-0.1448140646728
22.375	28.5	-0.142556641380238
22.625	28.5	-0.140210503001999
22.875	28.5	-0.137777613480175
23.125	28.5	-0.135260400348045
23.375	28.5	-0.132661797136663
23.625	28.5	-0.12998528014408
23.875	28.5	-0.127234896466851
24.125	28.5	-0.124415279728556
24.375	28.5	-0.121531649615234
24.625	28.5	-0.118589791251335
24.875	28.5	-0.115596010749908
25.125	28.5	-0.112557064079174
25.375	28.5	-0.109480057812581
25.625	28.5	-0.106372322412841
25.875	28.5	-0.103241261364071
26.125	28.5	-0.100094182454696
26.375	28.5	-0.0969381203511391
26.625	28.5	-0.0937796615849998
26.875	28.5	-0.0906247833309876
27.125	28.5	-0.0874787149852019
27.375	28.5	-0.0843458259052509
27.625	28.5	-0.0812295336630575
27.875	28.5	-0.0781322155785467
28.125	28.5	-0.0750550937965712
28.375	28.5	-0.071998052637562
28.625	28.5	-0.0689593373463917
28.875	28.5	-0.0659350743599526
29.125	28.5	-0.0629185402484153
29.375	28.5	-0.0598990812437511
29.625	28.5	-0.0568605354304586
29.875	28.5	-0.0537789190946583
30.125	28.5	-0.0506189889097182
30.375	28.5	-0.047329064729989
30.625	28.5	-0.0438331787127637
30.875	28.5	-0.0400191900125889
31.125	28.5	-0.0357209460616316
31.375	28.5	-0.0306918421744797
31.625	28.5	-0.0245662002458301
31.875	28.5	-0.0168038554137622
32.125	28.5	-0.00661279305570508
32.375	28.5	0.00715359843510148
32.625	28.5	0.0261200990782809
32.875	28.5	0.0525080571820113
33.125	28.5	0.0891774720444056
33.375	28.5	0.139443939944868
33.625	28.5	0.206427808203777
33.875	28.5	0.291698843778416
34.125	28.5	0.393382460698888
34.375	28.5	0.50487436216132
34.625	28.5	0.615937065885284
34.875	28.5	0.716393199844954
35.125	28.5	0.799808786106801
35.375	28.5	0.864539350959708
35.625	28.5	0.912360696192945
35.875	28.5	0.946514888957995
36.125	28.5	0.970346561930022
36.375	28.5	0.986675313763027
36.625	28.5	0.997637769171682
36.875	28.5	1.00474230672875
37.125	28.5	1.0089866129469
37.375	28.5	1.01096923431598
0.125	29.5	-0.0951401680426933
0.375	29.5	-0.0952070414757497
0.625	29.5	-0.0953408206711005
0.875	29.5	-0.0955415676931818
1.125	29.5	-0.0958093691574213
1.375	29.5	-0.0961443284645968
1.625	29.5	-0.0965465554693715
1.875	29.5	-0.0970161536085574
2.125	29.5	-0.0975532045288022
2.375	29.5	-0.0981577502729391
2.625	29.5	-0.0988297731104858
2.875	29.5	-0.0995691731321092
3.125	29.5	-0.100375743771741
3.375	29.5	-0.101249145474901
3.625	29.5	-0.102188877799051
3.875	29.5	-0.103194250312588
4.125	29.5	-0.10426435275401
4.375	29.5	-0.105398025021671
4.625	29.5	-0.106593827685628
4.875	29.5	-0.107850013842799
5.125	29.5	-0.10916450326839
5.375	29.5	-0.11053485994006
5.625	29.5	-0.111958274112182
5.875	29.5	-0.113431550176586
6.125	29.5	-0.114951101540736
6.375	29.5	-0.116512953660184
6.625	29.5	-0.118112756158051
6.875	29.5	-0.119745804637822
7.125	29.5	-0.12140707235012
7.375	29.5	-0.123091251333753
7.625	29.5	-0.124792802063348
7.875	29.5	-0.126506010065464
8.125	29.5	-0.128225047484408
8.375	29.5	-0.129944037251946
8.625	29.5	-0.131657117383124
8.875	29.5	-0.133358502993604
9.125	29.5	-0.135042543891513
9.375	29.5	-0.136703775993957
9.625	29.5	-0.138336965298333
9.875	29.5	-0.139937143643744
10.125	29.5	-0.14149963597895
10.375	29.5	-0.143020079274331
10.625	29.5	-0.144494433554638
10.875	29.5	-0.145918985778729
11.125	29.5	-0.147290347454007
11.375	29.5	-0.148605446956265
11.625	29.5	-0.149861517543357
11.875	29.5	-0.151056082018414
12.125	29.5	-0.152186934929671
12.375	29.5	-0.153252123102456
12.625	29.5	-0.154249925195244
12.875	29.5	-0.155178830864602
13.125	29.5	-0.156037520019588
13.375	29.5	-0.156824842549047
13.625	29.5	-0.15753979881795
13.875	29.5	-0.158181521152835
14.125	29.5	-0.158749256471865
14.375	29.5	-0.159242350161772
14.625	29.5	-0.159660231261238
14.875	29.5	-0.160002398977
15.125	29.5	-0.160268410534198
15.375	29.5	-0.160457870344785
15.625	29.5	-0.160570420466382
15.875	29.5	-0.160605732317524
16.125	29.5	-0.160563499612978
16.375	29.5	-0.160443432483985
16.625	29.5	-0.160245252752063
16.875	29.5	-0.159968690330881
17.125	29.5	-0.159613480738214
17.375	29.5	-0.159179363708566
17.625	29.5	-0.158666082906421
17.875	29.5	-0.158073386749822
18.125	29.5	-0.157401030363798
18.375	29.5	-0.156648778692596
18.625	29.5	-0.155816410808468
18.875	29.5	-0.154903725462306
19.125	29.5	-0.153910547927286
19.375	29.5	-0.152836738190172
19.625	29.5	-0.151682200545221
19.875	29.5	-0.150446894641921
20.125	29.5	-0.149130848028802
20.375	29.5	-0.14773417022017
20.625	29.5	-0.146257068289305
20.875	29.5	-0.144699863958811
21.125	29.5	-0.143063012114823
21.375	29.5	-0.141347120614837
21.625	29.5	-0.139552971187628
21.875	29.5	-0.137681541136709
22.125	29.5	-0.13573402545569
22.375	29.5	-0.133711858845021
22.625	29.5	-0.131616736987095
22.875	29.5	-0.12945063629463
23.125	29.5	-0.127215831202444
23.375	29.5	-0.124914907935588
23.625	29.5	-0.122550773571405
23.875	29.5	-0.120126659137959
24.125	29.5	-0.117646115478662
24.375	29.5	-0.115113000687818
24.625	29.5	-0.112531458109517
24.875	29.5	-0.109905884214169
25.125	29.5	-0.107240886134782
25.375	29.5	-0.10454122925324
25.625	29.5	-0.101811775944344
25.875	29.5	-0.0990574173479253
26.125	29.5	-0.0962830007460239
26.375	29.5	-0.0934932556378669
26.625	29.5	-0.0906927217751501
26.875	29.5	-0.0878856820946233
27.125	29.5	-0.0850761025574983
27.375	29.5	-0.0822675793513075
27.625	29.5	-0.0794632918136862
27.875	29.5	-0.0766659569811491
28.125	29.5	-0.0738777790569101
28.375	29.5	-0.0711003844199226
28.625	29.5	-0.068334729841331
28.875	29.5	-0.0655809676088486
29.125	29.5	-0.0628382449114688
29.375	29.5	-0.0601044040103135
29.625	29.5	-0.057375531560862
29.875	29.5	-0.0546452762785519
30.125	29.5	-0.0519038092392692
30.375	29.5	-0.0491362341580475
30.625	29.5	-0.0463201568687131
30.875	29.5	-0.0434219800666392
31.125	29.5	-0.0403912803357285
31.375	29.5	-0.0371523206500575
31.625	29.5	-0.0335913188769113
31.875	29.5	-0.0295375043716216
32.125	29.5	-0.0247352611585819
32.375	29.5	-0.0188038892969414
32.625	29.5	-0.011181056245444
32.875	29.5	-0.0010466842523192
33.125	29.5	0.0127723548974844
33.375	29.5	0.0319061695682701
33.625	29.5	0.0585209396027453
33.875	29.5	0.0952967343944449
34.125	29.5	0.145163832073852
34.375	29.5	0.210603297373599
34.625	29.5	0.292388616389998
34.875	29.5	0.388060683903871
35.125	29.5	0.491194422543192
35.375	29.5	0.592729782541671
35.625	29.5	0.684133438023776
35.875	29.5	0.760189352004573
36.125	29.5	0.819608444119696
36.375	29.5	0.863816979698446
36.625	29.5	0.895343565624242
36.875	29.5	0.916698686232287
37.125	29.5	0.929857612270273
37.375	29.5	0.936119935328157
0.125	30.5	-0.0968526860539713
0.375	30.5	-0.0969113067979391
0.625	30.5	-0.0970285241363502
0.875	30.5	-0.0972042880470251
1.125	30.5	-0.0974385192024967
1.375	30.5	-0.097731103855674
1.625	30.5	-0.0980818870868861
1.875	30.5	-0.0984906644723237
2.125	30.5	-0.0989571722529802
2.375	30.5	-0.0994810761049268
2.625	30.5	-0.100061958636552
2.875	30.5	-0.100699305766597
3.125	30.5	-0.101392492168646
3.375	30.5	-0.10214076600322
3.625	30.5	-0.102943233197536
3.875	30.5	-0.10379884157486
4.125	30.5	-0.104706365179117
4.375	30.5	-0.105664389184602
4.625	30.5	-0.106671295823053
4.875	30.5	-0.107725251797998
5.125	30.5	-0.108824197685547
5.375	30.5	-0.109965839837017
5.625	30.5	-0.111147645296896
5.875	30.5	-0.112366840224222
6.125	30.5	-0.113620412251415
6.375	30.5	-0.114905117128061
6.625	30.5	-0.116217489876446
6.875	30.5	-0.117553860532367
7.125	30.5	-0.118910374364721
7.375	30.5	-0.12028301627095
7.625	30.5	-0.121667638846917
7.875	30.5	-0.123059993446139
8.125	30.5	-0.124455763391636
8.375	30.5	-0.125850598398802
8.625	30.5	-0.127240149219341
8.875	30.5	-0.12862010152804
9.125	30.5	-0.129986208142596
9.375	30.5	-0.131334318782912
9.625	30.5	-0.132660406727283
9.875	30.5	-0.133960591893959
10.125	30.5	-0.135231160053254
10.375	30.5	-0.136468578045045
10.625	30.5	-0.137669505029381
10.875	30.5	-0.138830799927374
11.125	30.5	-0.139949525312189
11.375	30.5	-0.141022948084858
11.625	30.5	-0.142048537318307
11.875	30.5	-0.143023959678038
12.125	30.5	-0.143947072833094
12.375	30.5	-0.144815917260231
12.625	30.5	-0.145628706821568
12.875	30.5	-0.146383818465142
13.125	30.5	-0.147079781361922
13.375	30.5	-0.147715265754614
13.625	30.5	-0.14828907175516
13.875	30.5	-0.148800118290809
14.125	30.5	-0.149247432364058
14.375	30.5	-0.149630138760523
14.625	30.5	-0.149947450311071
14.875	30.5	-0.150198658790715
15.125	30.5	-0.150383126516629
15.375	30.5	-0.150500278691078
15.625	30.5	-0.150549596521828
15.875	30.5	-0.15053061114229
16.125	30.5	-0.150442898346042
16.375	30.5	-0.150286074144995
16.625	30.5	-0.150059791156956
16.875	30.5	-0.149763735826479
17.125	30.5	-0.149397626482151
17.375	30.5	-0.148961212233652
17.625	30.5	-0.148454272712678
17.875	30.5	-0.147876618662831
18.125	30.5	-0.147228093384453
18.375	30.5	-0.146508575040991
18.625	30.5	-0.145717979833219
18.875	30.5	-0.144856266046399
19.125	30.5	-0.143923438972676
19.375	30.5	-0.142919556706379
19.625	30.5	-0.141844736802902
19.875	30.5	-0.140699163782128
20.125	30.5	-0.139483097444343
20.375	30.5	-0.138196881949876
20.625	30.5	-0.136840955592864
20.875	30.5	-0.135415861174153
21.125	30.5	-0.133922256848255
21.375	30.5	-0.132360927284314
21.625	30.5	-0.130732794941555
21.875	30.5	-0.129038931216109
22.125	30.5	-0.127280567169633
22.375	30.5	-0.125459103502325
22.625	30.5	-0.123576119386196
22.875	30.5	-0.121633379731933
23.125	30.5	-0.119632840428468
23.375	30.5	-0.117576651073256
23.625	30.5	-0.11546715470893
23.875	30.5	-0.113306884104318
24.125	30.5	-0.111098554170801
24.375	30.5	-0.108845050193562
24.625	30.5	-0.106549411684695
24.875	30.5	-0.104214811831458
25.125	30.5	-0.10184453271387
25.375	30.5	-0.0994419366912737
25.625	30.5	-0.0970104345908707
25.875	30.5	-0.0945534515493333
26.125	30.5	-0.0920743915326785
26.375	30.5	-0.0895766016583626
26.625	30.5	-0.0870633374373143
26.875	30.5	-0.084537729920124
27.125	30.5	-0.0820027554613775
27.375	30.5	-0.0794612084158074
27.625	30.5	-0.076915676570509
27.875	30.5	-0.0743685185247294
28.125	30.5	-0.071821841564484
28.375	30.5	-0.0692774778143138
28.625	30.5	-0.0667369554814511
28.875	30.5	-0.0642014606350539
29.125	30.5	-0.0616717828548546
29.375	30.5	-0.0591482347619452
29.625	30.5	-0.0566305302582829
29.875	30.5	-0.0541175983783431
30.125	30.5	-0.0516072978119977
30.375	30.5	-0.0490959797452124
30.625	30.5	-0.0465778213634154
30.875	30.5	-0.0440438159497246
31.125	30.5	-0.041480253742581
31.375	30.5	-0.0388664555334221
31.625	30.5	-0.0361714233957987
31.875	30.5	-0.0333489471651211
32.125	30.5	-0.0303305550796038
32.375	30.5	-0.027015540680479
32.625	30.5	-0.0232571830147326
32.875	30.5	-0.018844304171435
33.125	30.5	-0.0134776673859881
33.375	30.5	-0.00674172711782788
33.625	30.5	0.00192566223891049
33.875	30.5	0.0132593831735798
34.125	30.5	0.0281778540440165
34.375	30.5	0.0477624156589539
34.625	30.5	0.0731880221194632
34.875	30.5	0.105593632458709
35.125	30.5	0.145887126858888
35.375	30.5	0.194470074041875
35.625	30.5	0.25085864099165
35.875	30.5	0.31325802449472
36.125	30.5	0.378343816944586
36.375	30.5	0.441579572522899
36.625	30.5	0.49809677625231
36.875	30.5	0.543697065501487
37.125	30.5	0.575440868691259
37.375	30.5	0.591662500981813
0.125	31.5	-0.0976646926376035
0.375	31.5	-0.0977149958552928
0.625	31.5	-0.0978155495947291
0.875	31.5	-0.0979662474156396
1.125	31.5	-0.0981669270507098
1.375	31.5	-0.0984173673168681
1.625	31.5	-0.0987172840635412
1.875	31.5	-0.0990663252160633
2.125	31.5	-0.099464064988327
2.375	31.5	-0.0999099973554501
2.625	31.5	-0.100403528894711
2.875	31.5	-0.100943971121231
3.125	31.5	-0.1015305324637
3.375	31.5	-0.102162310044563
3.625	31.5	-0.10283828144805
3.875	31.5	-0.103557296677746
4.125	31.5	-0.104318070522127
4.375	31.5	-0.10511917556084
4.625	31.5	-0.105959036055153
4.875	31.5	-0.106835922971719
5.125	31.5	-0.10774795038809
5.375	31.5	-0.108693073519737
5.625	31.5	-0.109669088590339
5.875	31.5	-0.110673634738545
6.125	31.5	-0.111704198114533
6.375	31.5	-0.112758118268486
6.625	31.5	-0.11383259687122
6.875	31.5	-0.114924708736578
7.125	31.5	-0.116031415038653
7.375	31.5	-0.117149578538396
7.625	31.5	-0.118275980558386
7.875	31.5	-0.119407339376446
8.125	31.5	-0.120540329653341
8.375	31.5	-0.121671602470876
8.625	31.5	-0.122797805537212
8.875	31.5	-0.123915603117245
9.125	31.5	-0.125021695266828
9.375	31.5	-0.126112835988411
9.625	31.5	-0.12718584997882
9.875	31.5	-0.128237647703333
10.125	31.5	-0.12926523859932
10.375	31.5	-0.130265742283279
10.625	31.5	-0.131236397703207
10.875	31.5	-0.132174570240799
11.125	31.5	-0.133077756822763
11.375	31.5	-0.133943589146102
11.625	31.5	-0.13476983515809
11.875	31.5	-0.135554398957693
12.125	31.5	-0.136295319302249
12.375	31.5	-0.13699076691194
12.625	31.5	-0.13763904076644
12.875	31.5	-0.138238563584165
13.125	31.5	-0.138787876666142
13.375	31.5	-0.139285634274878
13.625	31.5	-0.139730597704752
13.875	31.5	-0.140121629185387
14.125	31.5	-0.140457685743891
14.375	31.5	-0.140737813136477
14.625	31.5	-0.140961139945147
14.875	31.5	-0.141126871921328
15.125	31.5	-0.141234286645652
15.375	31.5	-0.141282728561692
15.625	31.5	-0.141271604431471
15.875	31.5	-0.14120037925176
16.125	31.5	-0.141068572662768
16.375	31.5	-0.140875755874423
16.625	31.5	-0.140621549130117
16.875	31.5	-0.140305619723288
17.125	31.5	-0.139927680578367
17.375	31.5	-0.139487489404324
17.625	31.5	-0.138984848426003
17.875	31.5	-0.138419604695573
18.125	31.5	-0.13779165098346
18.375	31.5	-0.137100927244894
18.625	31.5	-0.136347422654552
18.875	31.5	-0.13553117819739
19.125	31.5	-0.134652289798592
19.375	31.5	-0.133710911969297
19.625	31.5	-0.132707261937304
19.875	31.5	-0.131641624223132
20.125	31.5	-0.13051435561148
20.375	31.5	-0.12932589045622
20.625	31.5	-0.128076746243616
20.875	31.5	-0.126767529323438
21.125	31.5	-0.125398940701339
21.375	31.5	-0.123971781768506
21.625	31.5	-0.122486959826702
21.875	31.5	-0.12094549324901
22.125	31.5	-0.119348516099751
22.375	31.5	-0.11769728202225
22.625	31.5	-0.115993167191696
22.875	31.5	-0.114237672123777
23.125	31.5	-0.112432422129727
23.375	31.5	-0.110579166216672
23.625	31.5	-0.108679774250362
23.875	31.5	-0.106736232227061
24.125	31.5	-0.10475063554351
24.375	31.5	-0.10272518020895
24.625	31.5	-0.100662152010497
24.875	31.5	-0.0985639137210897
25.125	31.5	-0.0964328905244385
25.375	31.5	-0.0942715539194217
25.625	31.5	-0.0920824044510869
25.875	31.5	-0.089867953689881
26.125	31.5	-0.0876307059374858
26.375	31.5	-0.0853731401697346
26.625	31.5	-0.0830976927290606
26.875	31.5	-0.0808067412477162
27.125	31.5	-0.0785025902186201
27.375	31.5	-0.0761874585359892
27.625	31.5	-0.0738634692074169
27.875	31.5	-0.0715326412963075
28.125	31.5	-0.0691968839872869
28.375	31.5	-0.0668579924663634
28.625	31.5	-0.0645176450463042
28.875	31.5	-0.0621774006000906
29.125	31.5	-0.0598386948211547
29.375	31.5	-0.0575028330090341
29.625	31.5	-0.0551709758488076
29.875	31.5	-0.0528441128342764
30.125	31.5	-0.0505230153448487
30.375	31.5	-0.04820815762223
30.625	31.5	-0.0458995886270689
30.875	31.5	-0.043596730547395
31.125	31.5	-0.0412980701385291
31.375	31.5	-0.0390006968010497
31.625	31.5	-0.036699626478748
31.875	31.5	-0.0343868341245376
32.125	31.5	-0.0320499023676726
32.375	31.5	-0.0296701856822637
32.625	31.5	-0.0272203977541501
32.875	31.5	-0.0246615709951998
33.125	31.5	-0.0219394348659041
33.375	31.5	-0.0189804439658428
33.625	31.5	-0.0156879879293799
33.875	31.5	-0.0119397473250444
34.125	31.5	-0.00758769484159436
34.375	31.5	-0.00246278163631447
34.625	31.5	0.00361326620778011
34.875	31.5	0.010806540664402
35.125	31.5	0.0192378031717099
35.375	31.5	0.0289369109639443
35.625	31.5	0.0397887737392863
35.875	31.5	0.051484801941717
36.125	31.5	0.063504933675993
36.375	31.5	0.0751539515123847
36.625	31.5	0.0856527940828256
36.875	31.5	0.0942546342411995
37.125	31.5	0.100344158946233
37.375	31.5	0.103496005554599
0.125	32.5	-0.0977132443855358
0.375	32.5	-0.097755704144032
0.625	32.5	-0.0978405596300166
0.875	32.5	-0.0979676821939298
1.125	32.5	-0.0981368774036147
1.375	32.5	-0.0983478833258621
1.625	32.5	-0.0986003682867193
1.875	32.5	-0.0988939281548495
2.125	32.5	-0.0992280832033305
2.375	32.5	-0.0996022746163321
2.625	32.5	-0.100015860718003
2.875	32.5	-0.100468113011513
3.125	32.5	-0.10095821212634
3.375	32.5	-0.101485243781316
3.625	32.5	-0.102048194879366
3.875	32.5	-0.102645949856943
4.125	32.5	-0.103277287416435
4.375	32.5	-0.103940877772866
4.625	32.5	-0.104635280546579
4.875	32.5	-0.105358943430676
5.125	32.5	-0.106110201755494
5.375	32.5	-0.106887279061746
5.625	32.5	-0.107688288778965
5.875	32.5	-0.10851123708646
6.125	32.5	-0.109354027010073
6.375	32.5	-0.110214463780196
6.625	32.5	-0.111090261445265
6.875	32.5	-0.111979050701376
7.125	32.5	-0.11287838786402
7.375	32.5	-0.113785764873754
7.625	32.5	-0.114698620195566
7.875	32.5	-0.115614350443429
8.125	32.5	-0.116530322538689
8.375	32.5	-0.1174438861947
8.625	32.5	-0.118352386511459
8.875	32.5	-0.119253176463292
9.125	32.5	-0.120143629069786
9.375	32.5	-0.121021149054555
9.625	32.5	-0.121883183817073
9.875	32.5	-0.122727233568419
10.125	32.5	-0.123550860510686
10.375	32.5	-0.124351696970742
10.625	32.5	-0.125127452430154
10.875	32.5	-0.125875919423393
11.125	32.5	-0.126594978304546
11.375	32.5	-0.12728260090804
11.625	32.5	-0.127936853150585
11.875	32.5	-0.128555896639473
12.125	32.5	-0.129137989366379
12.375	32.5	-0.129681485575993
12.625	32.5	-0.130184834905469
12.875	32.5	-0.130646580894149
13.125	32.5	-0.131065358963667
13.375	32.5	-0.131439893966963
13.625	32.5	-0.131768997401184
13.875	32.5	-0.132051564374602
14.125	32.5	-0.132286570411697
14.375	32.5	-0.132473068173978
14.625	32.5	-0.132610184167117
14.875	32.5	-0.132697115497897
15.125	32.5	-0.132733126737463
15.375	32.5	-0.13271754694054
15.625	32.5	-0.132649766863864
15.875	32.5	-0.132529236420957
16.125	32.5	-0.132355462404734
16.375	32.5	-0.132128006504179
16.625	32.5	-0.131846483636476
16.875	32.5	-0.131510560611477
17.125	32.5	-0.131119955141168
17.375	32.5	-0.13067443520279
17.625	32.5	-0.13017381876041
17.875	32.5	-0.1296179738459
18.125	32.5	-0.129006818996441
18.375	32.5	-0.128340324041666
18.625	32.5	-0.127618511229359
18.875	32.5	-0.126841456674101
19.125	32.5	-0.126009292108428
19.375	32.5	-0.125122206910703
19.625	32.5	-0.124180450378208
19.875	32.5	-0.123184334207662
20.125	32.5	-0.122134235138686
20.375	32.5	-0.121030597708603
20.625	32.5	-0.11987393705948
20.875	32.5	-0.118664841730713
21.125	32.5	-0.1174039763628
21.375	32.5	-0.116092084230678
21.625	32.5	-0.114729989518245
21.875	32.5	-0.113318599240082
22.125	32.5	-0.111858904712206
22.375	32.5	-0.110351982471606
22.625	32.5	-0.108798994544855
22.875	32.5	-0.107201187969819
23.125	32.5	-0.105559893482089
23.375	32.5	-0.103876523289696
23.625	32.5	-0.102152567876346
23.875	32.5	-0.100389591795166
24.125	32.5	-0.0985892284417087
24.375	32.5	-0.0967531738265099
24.625	32.5	-0.0948831794031798
24.875	32.5	-0.092981044046863
25.125	32.5	-0.0910486053185334
25.375	32.5	-0.0890877301913556
25.625	32.5	-0.087100305454308
25.875	32.5	-0.0850882280434796
26.125	32.5	-0.0830533955811003
26.375	32.5	-0.0809976974249626
26.625	32.5	-0.0789230065455644
26.875	32.5	-0.0768311725548385
27.125	32.5	-0.0747240162092895
27.375	32.5	-0.0726033257028347
27.625	32.5	-0.0704708550519008
27.875	32.5	-0.0683283248581573
28.125	32.5	-0.0661774257121396
28.375	32.5	-0.064019824471076
28.625	32.5	-0.0618571736002908
28.875	32.5	-0.0596911236989999
29.125	32.5	-0.0575233392221531
29.375	32.5	-0.0553555172377987
29.625	32.5	-0.0531894087944798
29.875	32.5	-0.0510268420773591
30.125	32.5	-0.0488697459584971
30.375	32.5	-0.0467201717421444
30.625	32.5	-0.0445803098140535
30.875	32.5	-0.0424524964781072
31.125	32.5	-0.0403392044894736
31.375	32.5	-0.0382430087265555
31.625	32.5	-0.0361665162685787
31.875	32.5	-0.0341122482569878
32.125	32.5	-0.0320824600269501
32.375	32.5	-0.0300788872378959
32.625	32.5	-0.0281024107625098
32.875	32.5	-0.0261526440742759
33.125	32.5	-0.0242274662537079
33.375	32.5	-0.0223225536388187
33.625	32.5	-0.020431004203825
33.875	32.5	-0.0185431982937883
34.125	32.5	-0.0166470892681743
34.375	32.5	-0.0147291526598587
34.625	32.5	-0.0127762198810887
34.875	32.5	-0.0107783526304959
35.125	32.5	-0.00873273850313006
35.375	32.5	-0.00664825639117623
35.625	32.5	-0.00454983980240994
35.875	32.5	-0.00248117461807424
36.125	32.5	-0.000504037805617912
36.375	32.5	0.00130670320529002
36.625	32.5	0.00287171182913371
36.875	32.5	0.00411700201697353
37.125	32.5	0.00498214656061017
37.375	32.5	0.00542530208956494
0.125	33.5	-0.0971226776745115
0.375	33.5	-0.0971580136028193
0.625	33.5	-0.0972286199166045
0.875	33.5	-0.0973343652324458
1.125	33.5	-0.0974750517384032
1.375	33.5	-0.0976504143310605
1.625	33.5	-0.0978601195001251
1.875	33.5	-0.0981037639904592
2.125	33.5	-0.098380873278496
2.375	33.5	-0.0986908999067582
2.625	33.5	-0.0990332217265633
2.875	33.5	-0.0994071401048665
3.125	33.5	-0.0998118781564087
3.375	33.5	-0.100246579066772
3.625	33.5	-0.100710304575424
3.875	33.5	-0.10120203369018
4.125	33.5	-0.101720661705569
4.375	33.5	-0.102264999597117
4.625	33.5	-0.102833773861454
4.875	33.5	-0.103425626868194
5.125	33.5	-0.10403911778368
5.375	33.5	-0.104672724118786
5.625	33.5	-0.105324843943095
5.875	33.5	-0.105993798795982
6.125	33.5	-0.106677837311601
6.375	33.5	-0.107375139559788
6.625	33.5	-0.108083822088864
6.875	33.5	-0.108801943639692
7.125	33.5	-0.109527511483727
7.375	33.5	-0.110258488321804
7.625	33.5	-0.110992799665662
7.875	33.5	-0.111728341611395
8.125	33.5	-0.11246298890363
8.375	33.5	-0.113194603181827
8.625	33.5	-0.113921041295907
8.875	33.5	-0.11464016357762
9.125	33.5	-0.115349841956729
9.375	33.5	-0.11604796781687
9.625	33.5	-0.116732459494673
9.875	33.5	-0.117401269336837
10.125	33.5	-0.118052390242768
10.375	33.5	-0.118683861634677
10.625	33.5	-0.119293774811857
10.875	33.5	-0.119880277660876
11.125	33.5	-0.120441578707922
11.375	33.5	-0.120975950513265
11.625	33.5	-0.121481732420198
11.875	33.5	-0.121957332681886
12.125	33.5	-0.122401229998837
12.375	33.5	-0.122811974507436
12.625	33.5	-0.123188188265909
12.875	33.5	-0.123528565288394
13.125	33.5	-0.123831871180646
13.375	33.5	-0.124096942432227
13.625	33.5	-0.124322685420316
13.875	33.5	-0.124508075179372
14.125	33.5	-0.124652153989209
14.375	33.5	-0.124754029831623
14.625	33.5	-0.124812874762817
14.875	33.5	-0.124827923245528
15.125	33.5	-0.12479847048119
15.375	33.5	-0.12472387077873
15.625	33.5	-0.124603535992767
15.875	33.5	-0.124436934060137
16.125	33.5	-0.124223587659881
16.375	33.5	-0.12396307301806
16.625	33.5	-0.123655018875141
16.875	33.5	-0.123299105630051
17.125	33.5	-0.122895064671548
17.375	33.5	-0.122442677904039
17.625	33.5	-0.121941777471603
17.875	33.5	-0.121392245680533
18.125	33.5	-0.120794015117304
18.375	33.5	-0.120147068955415
18.625	33.5	-0.119451441440998
18.875	33.5	-0.118707218543499
19.125	33.5	-0.117914538754009
19.375	33.5	-0.117073594010029
19.625	33.5	-0.116184630721566
19.875	33.5	-0.115247950869524
20.125	33.5	-0.114263913143406
20.375	33.5	-0.11323293408145
20.625	33.5	-0.112155489172592
20.875	33.5	-0.111032113876144
21.125	33.5	-0.109863404512019
21.375	33.5	-0.108650018971806
21.625	33.5	-0.107392677199221
21.875	33.5	-0.106092161387666
22.125	33.5	-0.104749315843018
22.375	33.5	-0.103365046461561
22.625	33.5	-0.101940319776458
22.875	33.5	-0.100476161531471
23.125	33.5	-0.0989736547480522
23.375	33.5	-0.0974339372615348
23.625	33.5	-0.0958581987140474
23.875	33.5	-0.0942476770059731
24.125	33.5	-0.0926036542241603
24.375	33.5	-0.0909274520835044
24.625	33.5	-0.0892204269386252
24.875	33.5	-0.0874839644438025
25.125	33.5	-0.0857194739616207
25.375	33.5	-0.0839283828433995
25.625	33.5	-0.082112130726946
25.875	33.5	-0.0802721640189976
26.125	33.5	-0.0784099307506192
26.375	33.5	-0.0765268760136018
26.625	33.5	-0.0746244382046422
26.875	33.5	-0.0727040463220284
27.125	33.5	-0.0707671185771689
27.375	33.5	-0.0688150626011273
27.625	33.5	-0.06684927754482
27.875	33.5	-0.0648711583908311
28.125	33.5	-0.0628821028143763
28.375	33.5	-0.0608835209491993
28.625	33.5	-0.0588768484278988
28.875	33.5	-0.0568635630699724
29.125	33.5	-0.0548452055763533
29.375	33.5	-0.0528234045443112
29.625	33.5	-0.0507999060245881
29.875	33.5	-0.0487766076815296
30.125	33.5	-0.0467555973591931
30.375	33.5	-0.044739195469762
30.625	33.5	-0.0427300000710342
30.875	33.5	-0.0407309327578758
31.125	33.5	-0.0387452825450074
31.375	33.5	-0.0367767437869591
31.625	33.5	-0.0348294429497192
31.875	33.5	-0.0329079479009985
32.125	33.5	-0.0310172526467793
32.375	33.5	-0.0291627306129488
32.625	33.5	-0.0273500513385327
32.875	33.5	-0.0255850596168988
33.125	33.5	-0.0238736234174601
33.375	33.5	-0.0222214675695617
33.625	33.5	-0.020634023227682
33.875	33.5	-0.0191163354729029
34.125	33.5	-0.0176730769463305
34.375	33.5	-0.016308705016148
34.625	33.5	-0.0150277636866101
34.875	33.5	-0.0138352647294184
35.125	33.5	-0.0127369970802348
35.375	33.5	-0.0117395485228804
35.625	33.5	-0.0108498435827348
35.875	33.5	-0.0100741607983947
36.125	33.5	-0.009416865796765
36.375	33.5	-0.0088793382897844
36.625	33.5	-0.00845959914220624
36.875	33.5	-0.00815290467211948
37.125	33.5	-0.00795319664875592
37.375	33.5	-0.00785496963601606
0.125	34.5	-0.0960028651564424
0.375	34.5	-0.0960318730077731
0.625	34.5	-0.0960898267892827
0.875	34.5	-0.0961766025318956
1.125	34.5	-0.0962920139698972
1.375	34.5	-0.0964358121798628
1.625	34.5	-0.0966076851214758
1.875	34.5	-0.0968072570989614
2.125	34.5	-0.097034088166118
2.375	34.5	-0.0972876735018797
2.625	34.5	-0.0975674427869195
2.875	34.5	-0.0978727596149398
3.125	34.5	-0.0982029209749152
3.375	34.5	-0.0985571568425623
3.625	34.5	-0.0989346299206347
3.875	34.5	-0.0993344355682036
4.125	34.5	-0.0997556019588079
4.375	34.5	-0.100197090506172
4.625	34.5	-0.100657796594055
4.875	34.5	-0.101136550643651
5.125	34.5	-0.10163211954785
5.375	34.5	-0.102143208496541
5.625	34.5	-0.102668463211105
5.875	34.5	-0.10320647259937
6.125	34.5	-0.103755771834721
6.375	34.5	-0.104314845854916
6.625	34.5	-0.104882133267744
6.875	34.5	-0.105456030642073
7.125	34.5	-0.106034897154483
7.375	34.5	-0.106617059553731
7.625	34.5	-0.107200817398084
7.875	34.5	-0.10778444851428
8.125	34.5	-0.10836621462186
8.375	34.5	-0.108944367062903
8.625	34.5	-0.109517152575094
8.875	34.5	-0.11008281904543
9.125	34.5	-0.110639621182908
9.375	34.5	-0.111185826051048
9.625	34.5	-0.111719718405028
9.875	34.5	-0.112239605783336
10.125	34.5	-0.112743823309975
10.375	34.5	-0.11323073817015
10.625	34.5	-0.113698753729763
10.875	34.5	-0.11414631327669
11.125	34.5	-0.114571903369452
11.375	34.5	-0.114974056786364
11.625	34.5	-0.11535135507528
11.875	34.5	-0.115702430710545
12.125	34.5	-0.116025968869609
12.375	34.5	-0.116320708846803
12.625	34.5	-0.116585445126087
12.875	34.5	-0.116819028138004
13.125	34.5	-0.117020364728763
13.375	34.5	-0.117188418371221
13.625	34.5	-0.117322209148738
13.875	34.5	-0.117420813543343
14.125	34.5	-0.117483364059599
14.375	34.5	-0.117509048714916
14.625	34.5	-0.117497110426043
14.875	34.5	-0.117446846320058
15.125	34.5	-0.117357606996428
15.375	34.5	-0.117228795764786
15.625	34.5	-0.117059867880902
15.875	34.5	-0.116850329801029
16.125	34.5	-0.116599738472415
16.375	34.5	-0.116307700675304
16.625	34.5	-0.115973872429199
16.875	34.5	-0.115597958473647
17.125	34.5	-0.115179711831194
17.375	34.5	-0.114718933457591
17.625	34.5	-0.114215471981728
17.875	34.5	-0.113669223535189
18.125	34.5	-0.113080131668692
18.375	34.5	-0.112448187350139
18.625	34.5	-0.111773429036337
18.875	34.5	-0.111055942807949
19.125	34.5	-0.110295862554623
19.375	34.5	-0.109493370194777
19.625	34.5	-0.108648695912074
19.875	34.5	-0.10776211838828
20.125	34.5	-0.106833965010003
20.375	34.5	-0.105864612024832
20.625	34.5	-0.104854484620609
20.875	34.5	-0.103804056900174
21.125	34.5	-0.102713851722869
21.375	34.5	-0.10158444038355
21.625	34.5	-0.1004164420999
21.875	34.5	-0.0992105232795225
22.125	34.5	-0.097967396539769
22.375	34.5	-0.0966878194555943
22.625	34.5	-0.095372593013976
22.875	34.5	-0.0940225597577294
23.125	34.5	-0.0926386016068676
23.375	34.5	-0.091221637352076
23.625	34.5	-0.0897726198223639
23.875	34.5	-0.0882925327374923
24.125	34.5	-0.0867823872652985
24.375	34.5	-0.0852432183144324
24.625	34.5	-0.0836760806041815
24.875	34.5	-0.0820820445648427
25.125	34.5	-0.0804621921343522
25.375	34.5	-0.0788176125294878
25.625	34.5	-0.0771493980827908
25.875	34.5	-0.075458640249373
26.125	34.5	-0.0737464259009688
26.375	34.5	-0.0720138340380164
26.625	34.5	-0.0702619330643117
26.875	34.5	-0.0684917787829842
27.125	34.5	-0.0667044132872218
27.375	34.5	-0.0649008649341387
27.625	34.5	-0.0630821496047867
27.875	34.5	-0.0612492734661112
28.125	34.5	-0.0594032374588552
28.375	34.5	-0.0575450437340855
28.625	34.5	-0.0556757042419575
28.875	34.5	-0.0537962516264706
29.125	34.5	-0.0519077524791545
29.375	34.5	-0.0500113228227406
29.625	34.5	-0.0481081453891948
29.875	34.5	-0.0461994877635189
30.125	34.5	-0.0442867197021515
30.375	34.5	-0.0423713267949567
30.625	34.5	-0.0404549159928094
30.875	34.5	-0.0385392062283913
31.125	34.5	-0.0366259942962499
31.375	34.5	-0.0347170822942039
31.625	34.5	-0.0328141484293523
31.875	34.5	-0.0309185384288299
32.125	34.5	-0.029030951454806
32.375	34.5	-0.0271509947536715
32.625	34.5	-0.0252765894348683
32.875	34.5	-0.0234032321727493
33.125	34.5	-0.0215231629730272
33.375	34.5	-0.0196245672728672
33.625	34.5	-0.0176910583977507
33.875	34.5	-0.0157018382976664
34.125	34.5	-0.0136330858231269
34.375	34.5	-0.0114611852875589
34.625	34.5	-0.00916822645938413
34.875	34.5	-0.00674957837047705
35.125	34.5	-0.00422215020001493
35.375	34.5	-0.00163047219500716
35.625	34.5	0.000953071902499062
35.875	34.5	0.00343621767861753
36.125	34.5	0.00572151368802779
36.375	34.5	0.00772216762344287
36.625	34.5	0.00937275203673179
36.875	34.5	0.0106318228179033
37.125	34.5	0.0114778424604196
37.375	34.5	0.0119020887167159
0.125	35.5	-0.0944495166380636
0.375	35.5	-0.0944729768284504
0.625	35.5	-0.0945198412403434
0.875	35.5	-0.0945899979042713
1.125	35.5	-0.0946832787896552
1.375	35.5	-0.094799459721236
1.625	35.5	-0.0949382602809648
1.875	35.5	-0.095099343706507
2.125	35.5	-0.0952823167999592
2.375	35.5	-0.0954867298626041
2.625	35.5	-0.0957120766734779
2.875	35.5	-0.0959577945311607
3.125	35.5	-0.0962232643794798
3.375	35.5	-0.0965078110386805
3.625	35.5	-0.0968107035640529
3.875	35.5	-0.0971311557539553
4.125	35.5	-0.0974683268286248
4.375	35.5	-0.0978213223000884
4.625	35.5	-0.098189195051876
4.875	35.5	-0.098570946645099
5.125	35.5	-0.0989655288647938
5.375	35.5	-0.0993718455172789
5.625	35.5	-0.099788754485692
5.875	35.5	-0.100215070046895
6.125	35.5	-0.100649565448678
6.375	35.5	-0.101090975741712
6.625	35.5	-0.101538000856145
6.875	35.5	-0.10198930890818
7.125	35.5	-0.102443539717591
7.375	35.5	-0.102899308512999
7.625	35.5	-0.103355209798004
7.875	35.5	-0.10380982134808
8.125	35.5	-0.104261708305498
8.375	35.5	-0.104709427337658
8.625	35.5	-0.105151530823035
8.875	35.5	-0.10558657102857
9.125	35.5	-0.106013104242711
9.375	35.5	-0.106429694829491
9.625	35.5	-0.106834919170854
9.875	35.5	-0.107227369466994
10.125	35.5	-0.10760565736746
10.375	35.5	-0.107968417409314
10.625	35.5	-0.108314310242412
10.875	35.5	-0.108642025625921
11.125	35.5	-0.108950285184312
11.375	35.5	-0.109237844915163
11.625	35.5	-0.109503497445112
11.875	35.5	-0.109746074034106
12.125	35.5	-0.109964446331607
12.375	35.5	-0.110157527891609
12.625	35.5	-0.110324275456131
12.875	35.5	-0.110463690019282
13.125	35.5	-0.110574817685974
13.375	35.5	-0.110656750340947
13.625	35.5	-0.110708626144915
13.875	35.5	-0.110729629875447
14.125	35.5	-0.110718993130549
14.375	35.5	-0.110675994413004
14.625	35.5	-0.110599959113248
14.875	35.5	-0.110490259408026
15.125	35.5	-0.110346314091285
15.375	35.5	-0.110167588352772
15.625	35.5	-0.109953593518595
15.875	35.5	-0.109703886766713
16.125	35.5	-0.109418070828804
16.375	35.5	-0.109095793688442
16.625	35.5	-0.108736748283828
16.875	35.5	-0.10834067222162
17.125	35.5	-0.10790734750664
17.375	35.5	-0.107436600290434
17.625	35.5	-0.106928300639873
17.875	35.5	-0.10638236232512
18.125	35.5	-0.105798742624515
18.375	35.5	-0.105177442142099
18.625	35.5	-0.104518504631759
18.875	35.5	-0.103822016820239
19.125	35.5	-0.103088108219622
19.375	35.5	-0.102316950918319
19.625	35.5	-0.10150875933812
19.875	35.5	-0.100663789943556
20.125	35.5	-0.099782340888616
20.375	35.5	-0.0988647515848996
20.625	35.5	-0.0979114021745148
20.875	35.5	-0.0969227128905141
21.125	35.5	-0.0958991432874618
21.375	35.5	-0.0948411913248354
21.625	35.5	-0.0937493922864445
21.875	35.5	-0.0926243175199338
22.125	35.5	-0.0914665729817359
22.375	35.5	-0.0902767975745925
22.625	35.5	-0.0890556612669547
22.875	35.5	-0.087803862986237
23.125	35.5	-0.0865221282810038
23.375	35.5	-0.0852112067506851
23.625	35.5	-0.0838718692452964
23.875	35.5	-0.0825049048418366
24.125	35.5	-0.0811111176084623
24.375	35.5	-0.0796913231720998
24.625	35.5	-0.07824634510974
24.875	35.5	-0.0767770111881505
25.125	35.5	-0.0752841494809745
25.375	35.5	-0.0737685843960219
25.625	35.5	-0.0722311326487744
25.875	35.5	-0.0706725992205025
26.125	35.5	-0.0690937733405537
26.375	35.5	-0.0674954245318061
26.625	35.5	-0.0658782987551615
26.875	35.5	-0.0642431146819445
27.125	35.5	-0.0625905601099797
27.375	35.5	-0.0609212885163474
27.625	35.5	-0.0592359157014829
27.875	35.5	-0.0575350164158823
28.125	35.5	-0.0558191207568921
28.375	35.5	-0.0540887099545839
28.625	35.5	-0.052344210894163
28.875	35.5	-0.0505859882878629
29.125	35.5	-0.0488143327192821
29.375	35.5	-0.0470294416962995
29.625	35.5	-0.0452313891518802
29.875	35.5	-0.0434200762084407
30.125	35.5	-0.0415951520083179
30.375	35.5	-0.0397558873491233
30.625	35.5	-0.0379009748296906
30.875	35.5	-0.0360282159815542
31.125	35.5	-0.0341340368801241
31.375	35.5	-0.0322127472127701
31.625	35.5	-0.0302554220306788
31.875	35.5	-0.028248239613295
32.125	35.5	-0.0261700547782421
32.375	35.5	-0.0239889321430036
32.625	35.5	-0.0216573275195308
32.875	35.5	-0.0191056284147762
33.125	35.5	-0.0162339230062989
33.375	35.5	-0.012902291011466
33.625	35.5	-0.00892079463396732
33.875	35.5	-0.00404192989160857
34.125	35.5	0.00203926772733465
34.375	35.5	0.00966925146935653
34.625	35.5	0.0191936682772074
34.875	35.5	0.0308801221922726
35.125	35.5	0.0448086075731602
35.375	35.5	0.0607565541273946
35.625	35.5	0.0781345150226604
35.875	35.5	0.096032057686671
36.125	35.5	0.113380820206709
36.375	35.5	0.129161054496093
36.625	35.5	0.142551826992606
36.875	35.5	0.152979622657311
37.125	35.5	0.160089209136901
37.375	35.5	0.163685970418599
0.125	36.5	-0.0925454303297864
0.375	36.5	-0.092564063101891
0.625	36.5	-0.0926012793715336
0.875	36.5	-0.0926569806070709
1.125	36.5	-0.0927310190564331
1.375	36.5	-0.0928231978062406
1.625	36.5	-0.0929332708682664
1.875	36.5	-0.0930609432996062
2.125	36.5	-0.0932058713642802
2.375	36.5	-0.0933676627452052
2.625	36.5	-0.0935458768164956
2.875	36.5	-0.0937400249868817
3.125	36.5	-0.09394957112563
3.375	36.5	-0.0941739320826932
3.625	36.5	-0.0944124783148886
3.875	36.5	-0.0946645346296979
4.125	36.5	-0.0949293810577751
4.375	36.5	-0.09520625386445
4.625	36.5	-0.0954943467094179
4.875	36.5	-0.0957928119624218
5.125	36.5	-0.0961007621810781
5.375	36.5	-0.0964172717551009
5.625	36.5	-0.0967413787190583
5.875	36.5	-0.097072086733503
6.125	36.5	-0.0974083672318971
6.375	36.5	-0.0977491617282487
6.625	36.5	-0.0980933842778536
6.875	36.5	-0.0984399240810559
7.125	36.5	-0.0987876482175575
7.375	36.5	-0.0991354044965929
7.625	36.5	-0.099482024406286
7.875	36.5	-0.099826326143791
8.125	36.5	-0.100167117706415
8.375	36.5	-0.100503200022893
8.625	36.5	-0.100833370103321
8.875	36.5	-0.101156424186022
9.125	36.5	-0.10147116085977
9.375	36.5	-0.101776384140338
9.625	36.5	-0.102070906481299
9.875	36.5	-0.102353551700228
10.125	36.5	-0.102623157803085
10.375	36.5	-0.102878579691344
10.625	36.5	-0.103118691738501
10.875	36.5	-0.103342390224754
11.125	36.5	-0.103548595620917
11.375	36.5	-0.103736254714954
11.625	36.5	-0.103904342576775
11.875	36.5	-0.104051864359183
12.125	36.5	-0.104177856934947
12.375	36.5	-0.104281390371942
12.625	36.5	-0.104361569250083
12.875	36.5	-0.104417533825345
13.125	36.5	-0.104448461047536
13.375	36.5	-0.104453565439613
13.625	36.5	-0.104432099847228
13.875	36.5	-0.104383356067873
14.125	36.5	-0.104306665369401
14.375	36.5	-0.104201398907944
14.625	36.5	-0.104066968055263
14.875	36.5	-0.103902824645352
15.125	36.5	-0.103708461149806
15.375	36.5	-0.103483410790905
15.625	36.5	-0.103227247600715
15.875	36.5	-0.102939586433739
16.125	36.5	-0.1026200829397
16.375	36.5	-0.102268433502097
16.625	36.5	-0.101884375147083
16.875	36.5	-0.101467685426059
17.125	36.5	-0.101018182274248
17.375	36.5	-0.10053572384625
17.625	36.5	-0.10002020832838
17.875	36.5	-0.0994715737263633
18.125	36.5	-0.0988897976257022
18.375	36.5	-0.0982748969208825
18.625	36.5	-0.0976269275083883
18.875	36.5	-0.0969459839374137
19.125	36.5	-0.09623219901112
19.375	36.5	-0.0954857433303446
19.625	36.5	-0.0947068247708347
19.875	36.5	-0.0938956878843475
20.125	36.5	-0.0930526132133885
20.375	36.5	-0.0921779165089259
20.625	36.5	-0.0912719478401627
20.875	36.5	-0.0903350905853751
21.125	36.5	-0.0893677602929474
21.375	36.5	-0.088370403402057
21.625	36.5	-0.0873434958129853
21.875	36.5	-0.0862875412977658
22.125	36.5	-0.085203069742795
22.375	36.5	-0.0840906352161239
22.625	36.5	-0.0829508138533799
22.875	36.5	-0.0817842015576015
23.125	36.5	-0.0805914115096413
23.375	36.5	-0.0793730714871351
23.625	36.5	-0.0781298209912563
23.875	36.5	-0.0768623081814675
24.125	36.5	-0.0755711866190951
24.375	36.5	-0.0742571118206314
24.625	36.5	-0.0729207376209778
24.875	36.5	-0.0715627123451279
25.125	36.5	-0.0701836747836755
25.375	36.5	-0.0687842499625319
25.625	36.5	-0.0673650446896707
25.875	36.5	-0.0659266428505825
26.125	36.5	-0.0644696004079375
26.375	36.5	-0.0629944400374559
26.625	36.5	-0.0615016452976963
26.875	36.5	-0.05999165418092
27.125	36.5	-0.0584648518167881
27.375	36.5	-0.0569215619867962
27.625	36.5	-0.0553620369334778
27.875	36.5	-0.0537864446802655
28.125	36.5	-0.0521948526611163
28.375	36.5	-0.0505872058073136
28.625	36.5	-0.0489632962156222
28.875	36.5	-0.0473227199112595
29.125	36.5	-0.0456648136809302
29.375	36.5	-0.0439885609522237
29.625	36.5	-0.0422924494041409
29.875	36.5	-0.0405742531194475
30.125	36.5	-0.0388306966467308
30.375	36.5	-0.0370569342963072
30.625	36.5	-0.0352457407706458
30.875	36.5	-0.0333862520102165
31.125	36.5	-0.0314620079677341
31.375	36.5	-0.029447917776319
31.625	36.5	-0.0273055732159641
31.875	36.5	-0.024976054134012
32.125	36.5	-0.0223689727710038
32.375	36.5	-0.0193459734635653
32.625	36.5	-0.0156962541847859
32.875	36.5	-0.0111010151632553
33.125	36.5	-0.00508339702412295
33.375	36.5	0.00305876101372588
33.625	36.5	0.0143364828080676
33.875	36.5	0.0301594010848968
34.125	36.5	0.0524021315985834
34.375	36.5	0.0833841060054688
34.625	36.5	0.125654775644441
34.875	36.5	0.181445117603827
35.125	36.5	0.251701224644214
35.375	36.5	0.334878839583177
35.625	36.5	0.426176718344614
35.875	36.5	0.51816277289741
36.125	36.5	0.6029679419393
36.375	36.5	0.674740687342193
36.625	36.5	0.730758573706438
36.875	36.5	0.77091489395076
37.125	36.5	0.796448868627594
37.375	36.5	0.808780556230475
0.125	37.5	-0.0903620929197197
0.375	37.5	-0.0903765401997536
0.625	37.5	-0.0904053920730705
0.875	37.5	-0.0904485632063795
1.125	37.5	-0.0905059257011976
1.375	37.5	-0.0905773092181495
1.625	37.5	-0.0906625011469062
1.875	37.5	-0.0907612468252443
2.125	37.5	-0.0908732498114391
2.375	37.5	-0.0909981722148298
2.625	37.5	-0.0911356350899211
2.875	37.5	-0.0912852188997697
3.125	37.5	-0.0914464640546645
3.375	37.5	-0.0916188715322083
3.625	37.5	-0.0918019035848568
3.875	37.5	-0.0919949845407475
4.125	37.5	-0.092197501703266
4.375	37.5	-0.0924088063542384
4.625	37.5	-0.0926282148649213
4.875	37.5	-0.0928550099180911
5.125	37.5	-0.0930884418435166
5.375	37.5	-0.0933277300679577
5.625	37.5	-0.0935720646795828
5.875	37.5	-0.0938206081053656
6.125	37.5	-0.0940724968986257
6.375	37.5	-0.0943268436324608
6.625	37.5	-0.0945827388933955
6.875	37.5	-0.0948392533681859
7.125	37.5	-0.0950954400154005
7.375	37.5	-0.0953503363121675
7.625	37.5	-0.0956029665653815
7.875	37.5	-0.0958523442757193
8.125	37.5	-0.0960974745420379
8.375	37.5	-0.0963373564931575
8.625	37.5	-0.0965709857336567
8.875	37.5	-0.0967973567901579
9.125	37.5	-0.0970154655446399
9.375	37.5	-0.0972243116415972
9.625	37.5	-0.0974229008563495
9.875	37.5	-0.0976102474124752
10.125	37.5	-0.0977853762371873
10.375	37.5	-0.0979473251444643
10.625	37.5	-0.098095146936861
10.875	37.5	-0.0982279114181322
11.125	37.5	-0.0983447073100825
11.375	37.5	-0.0984446440683579
11.625	37.5	-0.0985268535932167
11.875	37.5	-0.0985904918326107
12.125	37.5	-0.098634740276162
12.375	37.5	-0.0986588073397986
12.625	37.5	-0.0986619296419152
12.875	37.5	-0.0986433731729113
13.125	37.5	-0.0986024343608333
13.375	37.5	-0.0985384410365882
13.625	37.5	-0.0984507533028117
13.875	37.5	-0.0983387643109454
14.125	37.5	-0.0982019009514018
14.375	37.5	-0.0980396244618953
14.625	37.5	-0.0978514309590695
14.875	37.5	-0.0976368518984767
15.125	37.5	-0.0973954544677693
15.375	37.5	-0.0971268419176497
15.625	37.5	-0.0968306538347039
15.875	37.5	-0.0965065663597329
16.125	37.5	-0.0961542923545873
16.375	37.5	-0.0957735815198399
16.625	37.5	-0.0953642204648885
16.875	37.5	-0.0949260327312942
17.125	37.5	-0.0944588787693307
17.375	37.5	-0.0939626558668697
17.625	37.5	-0.0934372980288593
17.875	37.5	-0.0928827758047902
18.125	37.5	-0.0922990960606971
18.375	37.5	-0.091686301691427
18.625	37.5	-0.0910444712681324
18.875	37.5	-0.0903737186152344
19.125	37.5	-0.0896741923104647
19.375	37.5	-0.0889460751010488
19.625	37.5	-0.0881895832286488
19.875	37.5	-0.0874049656553617
20.125	37.5	-0.0865925031828755
20.375	37.5	-0.0857525074568344
20.625	37.5	-0.0848853198485556
20.875	37.5	-0.0839913102064865
21.125	37.5	-0.0830708754701896
21.375	37.5	-0.0821244381401808
21.625	37.5	-0.0811524445976137
21.875	37.5	-0.0801553632685733
22.125	37.5	-0.0791336826285898
22.375	37.5	-0.0780879090438496
22.625	37.5	-0.0770185644464102
22.875	37.5	-0.0759261838414414
23.125	37.5	-0.0748113126450182
23.375	37.5	-0.0736745038511556
23.625	37.5	-0.0725163150264366
23.875	37.5	-0.0713373051295568
24.125	37.5	-0.0701380311511294
24.375	37.5	-0.0689190445658421
24.625	37.5	-0.0676808875840604
24.875	37.5	-0.0664240891826779
25.125	37.5	-0.065149160884534
25.375	37.5	-0.063856592240864
25.625	37.5	-0.062546845950234
25.875	37.5	-0.0612203525175946
26.125	37.5	-0.0598775043144357
26.375	37.5	-0.0585186488393831
26.625	37.5	-0.0571440808883603
26.875	37.5	-0.0557540332097039
27.125	37.5	-0.0543486650188477
27.375	37.5	-0.0529280474422905
27.625	37.5	-0.0514921444927991
27.875	37.5	-0.0500407874542023
28.125	37.5	-0.048573639427299
28.375	37.5	-0.0470901450245485
28.625	37.5	-0.045589457429002
28.875	37.5	-0.0440703306620887
29.125	37.5	-0.0425309579971054
29.375	37.5	-0.0409687265220381
29.625	37.5	-0.0393798405431829
29.875	37.5	-0.0377587391256256
30.125	37.5	-0.0360971897859216
30.375	37.5	-0.034382872149441
30.625	37.5	-0.032597158291754
30.875	37.5	-0.0307116291705252
31.125	37.5	-0.0286826071007701
31.375	37.5	-0.0264425864479897
31.625	37.5	-0.0238868456287022
31.875	37.5	-0.0208526467636544
32.125	37.5	-0.0170872076131563
32.375	37.5	-0.012199079416443
32.625	37.5	-0.00558598352813027
32.875	37.5	0.00366838173145905
33.125	37.5	0.0169326695126618
33.375	37.5	0.0361915342149045
33.625	37.5	0.0641876324792843
33.875	37.5	0.10441696361474
34.125	37.5	0.160730054238034
34.375	37.5	0.236201377536542
34.625	37.5	0.331138882846392
34.875	37.5	0.440986678126992
35.125	37.5	0.556069300723676
35.375	37.5	0.664650459314627
35.625	37.5	0.757609205573426
35.875	37.5	0.831064250649356
36.125	37.5	0.885701498697425
36.375	37.5	0.924566767703618
36.625	37.5	0.951191861315179
36.875	37.5	0.968615223807643
37.125	37.5	0.979064467803516
37.375	37.5	0.983951090941695
0.125	38.5	-0.0879613161727173
0.375	38.5	-0.0879721380310574
0.625	38.5	-0.0879937451264597
0.875	38.5	-0.0880260642646591
1.125	38.5	-0.0880689857754691
1.375	38.5	-0.0881223636595803
1.625	38.5	-0.0881860157864948
1.875	38.5	-0.0882597241454143
2.125	38.5	-0.0883432351512634
2.375	38.5	-0.0884362600083372
2.625	38.5	-0.0885384751343061
2.875	38.5	-0.0886495226474817
3.125	38.5	-0.08876901092033
3.375	38.5	-0.0888965152022139
3.625	38.5	-0.0890315783142565
3.875	38.5	-0.0891737114190289
4.125	38.5	-0.0893223948674841
4.375	38.5	-0.0894770791251828
4.625	38.5	-0.0896371857793965
4.875	38.5	-0.0898021086281222
5.125	38.5	-0.0899712148514212
5.375	38.5	-0.0901438462648103
5.625	38.5	-0.0903193206536863
5.875	38.5	-0.0904969331869862
6.125	38.5	-0.0906759579074749
6.375	38.5	-0.0908556492952332
6.625	38.5	-0.0910352439001088
6.875	38.5	-0.0912139620381076
7.125	38.5	-0.0913910095459513
7.375	38.5	-0.091565579587345
7.625	38.5	-0.0917368545038779
7.875	38.5	-0.0919040077029519
8.125	38.5	-0.0920662055747003
8.375	38.5	-0.0922226094295338
8.625	38.5	-0.0923723774477477
8.875	38.5	-0.0925146666325289
9.125	38.5	-0.0926486347577372
9.375	38.5	-0.0927734423019799
9.625	38.5	-0.0928882543607654
9.875	38.5	-0.0929922425288977
10.125	38.5	-0.0930845867457355
10.375	38.5	-0.0931644770964997
10.625	38.5	-0.0932311155634422
10.875	38.5	-0.0932837177213734
11.125	38.5	-0.093321514372775
11.375	38.5	-0.0933437531184783
11.625	38.5	-0.093349699860658
11.875	38.5	-0.0933386402356502
12.125	38.5	-0.0933098809748417
12.375	38.5	-0.0932627511925841
12.625	38.5	-0.0931966036007425
12.875	38.5	-0.0931108156500911
13.125	38.5	-0.0930047905992964
13.375	38.5	-0.0928779585126831
13.625	38.5	-0.0927297771883541
13.875	38.5	-0.0925597330185103
14.125	38.5	-0.0923673417840155
14.375	38.5	-0.0921521493853441
14.625	38.5	-0.091913732512058
14.875	38.5	-0.0916516992528698
15.125	38.5	-0.0913656896481714
15.375	38.5	-0.0910553761866451
15.625	38.5	-0.0907204642472216
15.875	38.5	-0.0903606924872333
16.125	38.5	-0.0899758331771093
16.375	38.5	-0.0895656924814063
16.625	38.5	-0.0891301106853573
16.875	38.5	-0.0886689623654657
17.125	38.5	-0.0881821565019808
17.375	38.5	-0.0876696365303791
17.625	38.5	-0.0871313803282514
17.875	38.5	-0.0865674001332764
18.125	38.5	-0.0859777423872603
18.375	38.5	-0.0853624875005539
18.625	38.5	-0.0847217495305441
18.875	38.5	-0.0840556757673642
19.125	38.5	-0.0833644462195097
19.375	38.5	-0.0826482729916832
19.625	38.5	-0.0819073995469623
19.875	38.5	-0.0811420998452851
20.125	38.5	-0.0803526773503107
20.375	38.5	-0.0795394638969434
20.625	38.5	-0.0787028184122109
20.875	38.5	-0.0778431254827721
21.125	38.5	-0.0769607937630923
21.375	38.5	-0.0760562542192474
21.625	38.5	-0.0751299582043752
21.875	38.5	-0.0741823753629486
22.125	38.5	-0.0732139913622359
22.375	38.5	-0.0722253054504579
22.625	38.5	-0.0712168278421412
22.875	38.5	-0.0701890769318411
23.125	38.5	-0.0691425763375859
23.375	38.5	-0.0680778517748212
23.625	38.5	-0.0669954277599668
23.875	38.5	-0.0658958241394937
24.125	38.5	-0.0647795524350898
24.375	38.5	-0.0636471119871987
24.625	38.5	-0.0624989858668339
24.875	38.5	-0.0613356365074918
25.125	38.5	-0.0601575009828944
25.375	38.5	-0.0589649858188011
25.625	38.5	-0.0577584611732265
25.875	38.5	-0.056538254141593
26.125	38.5	-0.0553046408303124
26.375	38.5	-0.0540578366768673
26.625	38.5	-0.0527979842503667
26.875	38.5	-0.0515251374034138
27.125	38.5	-0.050239240101277
27.375	38.5	-0.04894009742977
27.625	38.5	-0.047627335024752
27.875	38.5	-0.0463003412312796
28.125	38.5	-0.0449581833097364
28.375	38.5	-0.0435994843687706
28.625	38.5	-0.0422222405009578
28.875	38.5	-0.0408235463874526
29.125	38.5	-0.0393991801509752
29.375	38.5	-0.0379429708700846
29.625	38.5	-0.0364458292292749
29.875	38.5	-0.0348942543756784
30.125	38.5	-0.0332680244980209
30.375	38.5	-0.0315366141683656
30.625	38.5	-0.0296536269681266
30.875	38.5	-0.0275481415705477
31.125	38.5	-0.0251112786881321
31.375	38.5	-0.02217542261823
31.625	38.5	-0.0184822933134992
31.875	38.5	-0.0136344519307258
32.125	38.5	-0.00702308283149088
32.375	38.5	0.00227600256540679
32.625	38.5	0.0156435235151091
32.875	38.5	0.0350876825014269
33.125	38.5	0.063401545184057
33.375	38.5	0.104184268500938
33.625	38.5	0.161471629500587
33.875	38.5	0.238605118350561
34.125	38.5	0.336144167814027
34.375	38.5	0.449534956098442
34.625	38.5	0.568629298047411
34.875	38.5	0.680844798496397
35.125	38.5	0.776311061364486
35.375	38.5	0.850895171815348
35.625	38.5	0.905542388854175
35.875	38.5	0.94383302182683
36.125	38.5	0.96987987322863
36.375	38.5	0.987238016375151
36.625	38.5	0.998583545396582
36.875	38.5	1.00576702887735
37.125	38.5	1.00998225300861
37.375	38.5	1.01192924467495
0.125	39.5	-0.0853967604203787
0.375	39.5	-0.0854044390546768
0.625	39.5	-0.0854197650730697
0.875	39.5	-0.0854426760238244
1.125	39.5	-0.0854730783512643
1.375	39.5	-0.0855108475427377
1.625	39.5	-0.0855558283256525
1.875	39.5	-0.0856078349154569
2.125	39.5	-0.0856666513156147
2.375	39.5	-0.0857320316707624
2.625	39.5	-0.085803700674328
2.875	39.5	-0.0858813540319422
3.125	39.5	-0.0859646589819853
3.375	39.5	-0.0860532548745665
3.625	39.5	-0.0861467538101397
3.875	39.5	-0.0862447413388077
4.125	39.5	-0.0863467772211691
4.375	39.5	-0.0864523962513131
4.625	39.5	-0.0865611091422652
4.875	39.5	-0.0866724034738455
5.125	39.5	-0.0867857447025158
5.375	39.5	-0.0869005772323772
5.625	39.5	-0.0870163255460351
5.875	39.5	-0.0871323953935852
6.125	39.5	-0.0872481750375009
6.375	39.5	-0.0873630365507291
6.625	39.5	-0.0874763371648333
6.875	39.5	-0.0875874206645733
7.125	39.5	-0.0876956188248841
7.375	39.5	-0.0878002528858317
7.625	39.5	-0.0879006350607724
7.875	39.5	-0.0879960700726491
8.125	39.5	-0.0880858567131189
8.375	39.5	-0.0881692894190321
8.625	39.5	-0.088245659860664
8.875	39.5	-0.0883142585360651
9.125	39.5	-0.0883743763659145
9.375	39.5	-0.0884253062833582
9.625	39.5	-0.0884663448134727
9.875	39.5	-0.0884967936372087
10.125	39.5	-0.0885159611349543
10.375	39.5	-0.08852316390518
10.625	39.5	-0.0885177282540023
10.875	39.5	-0.0884989916519005
11.125	39.5	-0.0884663041542609
11.375	39.5	-0.088419029782864
11.625	39.5	-0.0883565478658891
11.875	39.5	-0.0882782543344614
12.125	39.5	-0.0881835629742091
12.375	39.5	-0.0880719066307167
12.625	39.5	-0.0879427383681497
12.875	39.5	-0.0877955325806792
13.125	39.5	-0.0876297860566408
13.375	39.5	-0.0874450189956138
13.625	39.5	-0.0872407759788082
13.875	39.5	-0.0870166268932774
14.125	39.5	-0.0867721678105416
14.375	39.5	-0.0865070218201966
14.625	39.5	-0.0862208398190094
14.875	39.5	-0.0859133012558412
15.125	39.5	-0.0855841148325093
15.375	39.5	-0.0852330191603893
15.625	39.5	-0.0848597833721762
15.875	39.5	-0.0844642076877641
16.125	39.5	-0.0840461239326737
16.375	39.5	-0.0836053960068629
16.625	39.5	-0.0831419203010911
16.875	39.5	-0.0826556260572955
17.125	39.5	-0.0821464756686744
17.375	39.5	-0.0816144649143752
17.625	39.5	-0.0810596231228567
17.875	39.5	-0.0804820132571525
18.125	39.5	-0.0798817319144297
18.375	39.5	-0.0792589092314183
18.625	39.5	-0.0786137086865158
18.875	39.5	-0.0779463267886611
19.125	39.5	-0.0772569926424458
19.375	39.5	-0.0765459673784226
19.625	39.5	-0.0758135434372008
19.875	39.5	-0.0750600436957156
20.125	39.5	-0.0742858204240363
20.375	39.5	-0.0734912540612799
20.625	39.5	-0.0726767517996077
20.875	39.5	-0.0718427459659289
21.125	39.5	-0.0709896921917753
21.375	39.5	-0.0701180673628528
21.625	39.5	-0.0692283673409224
21.875	39.5	-0.0683211044518272
22.125	39.5	-0.0673968047345105
22.375	39.5	-0.066456004946542
22.625	39.5	-0.0654992493216816
22.875	39.5	-0.0645270860739341
23.125	39.5	-0.0635400636397885
23.375	39.5	-0.0625387266451101
23.625	39.5	-0.0615236115743784
23.875	39.5	-0.0604952421061434
24.125	39.5	-0.0594541240576679
24.375	39.5	-0.058400739850893
24.625	39.5	-0.0573355423671394
24.875	39.5	-0.0562589479937009
25.125	39.5	-0.0551713285736491
25.375	39.5	-0.0540730018391456
25.625	39.5	-0.0529642197213903
25.875	39.5	-0.0518451536619646
26.125	39.5	-0.0507158756633495
26.375	39.5	-0.0495763332547896
26.625	39.5	-0.0484263157302735
26.875	39.5	-0.0472654078162086
27.125	39.5	-0.0460929251687512
27.375	39.5	-0.0449078235169997
27.625	39.5	-0.0437085694402051
27.875	39.5	-0.0424929550219567
28.125	39.5	-0.0412578298859694
28.375	39.5	-0.0399987107324178
28.625	39.5	-0.0387092080378277
28.875	39.5	-0.0373801785932991
29.125	39.5	-0.0359984659638959
29.375	39.5	-0.0345450208402292
29.625	39.5	-0.032992086690372
29.875	39.5	-0.0312989723373682
30.125	39.5	-0.0294056811882728
30.375	39.5	-0.0272232858488677
30.625	39.5	-0.0246193792835871
30.875	39.5	-0.0213961523966195
31.125	39.5	-0.0172576105107215
31.375	39.5	-0.0117611814631087
31.625	39.5	-0.00424776786868362
31.875	39.5	0.00625581091661115
32.125	39.5	0.0211642054254639
32.375	39.5	0.0424788534299647
32.625	39.5	0.0729035524531279
32.875	39.5	0.115810399889161
33.125	39.5	0.17482534709094
33.375	39.5	0.252721988013555
33.625	39.5	0.349512122998046
33.875	39.5	0.460464936428119
34.125	39.5	0.575923962036068
34.375	39.5	0.684303777443508
34.625	39.5	0.776623930916355
34.875	39.5	0.849093360291359
35.125	39.5	0.902526278606295
35.375	39.5	0.940207356145278
35.625	39.5	0.966004592684637
35.875	39.5	0.983342807712595
36.125	39.5	0.994866924693889
36.375	39.5	1.00246459417973
36.625	39.5	1.00741588608804
36.875	39.5	1.01055517761046
37.125	39.5	1.01240292642675
37.375	39.5	1.01325870052216
0.125	40.5	-0.0827152831849157
0.375	40.5	-0.0827202304001638
0.625	40.5	-0.0827300982170011
0.875	40.5	-0.0827448334534105
1.125	40.5	-0.0827643564497218
1.375	40.5	-0.0827885612049256
1.625	40.5	-0.0828173155588876
1.875	40.5	-0.0828504614208408
2.125	40.5	-0.0828878150445914
2.375	40.5	-0.0829291673509232
2.625	40.5	-0.0829742842977055
2.875	40.5	-0.0830229072982109
3.125	40.5	-0.0830747536881218
3.375	40.5	-0.0831295172416477
3.625	40.5	-0.0831868687370946
3.875	40.5	-0.0832464565721146
4.125	40.5	-0.0833079074287224
4.375	40.5	-0.0833708269879999
4.625	40.5	-0.0834348006942108
4.875	40.5	-0.083499394567838
5.125	40.5	-0.0835641560668155
5.375	40.5	-0.0836286149949736
5.625	40.5	-0.0836922844564541
5.875	40.5	-0.0837546618545725
6.125	40.5	-0.0838152299333322
6.375	40.5	-0.0838734578595193
6.625	40.5	-0.0839288023430406
6.875	40.5	-0.0839807087929064
7.125	40.5	-0.0840286125060309
7.375	40.5	-0.0840719398857979
7.625	40.5	-0.0841101096871578
7.875	40.5	-0.084142534284864
8.125	40.5	-0.0841686209613303
8.375	40.5	-0.084187773210506
8.625	40.5	-0.0841993920541161
8.875	40.5	-0.0842028773666094
9.125	40.5	-0.0841976292051953
9.375	40.5	-0.0841830491414179
9.625	40.5	-0.0841585415908345
9.875	40.5	-0.0841235151375141
10.125	40.5	-0.0840773838502599
10.375	40.5	-0.0840195685876682
10.625	40.5	-0.0839494982893811
10.875	40.5	-0.0838666112511554
11.125	40.5	-0.083770356381648
11.375	40.5	-0.0836601944391036
11.625	40.5	-0.0835355992464184
11.875	40.5	-0.0833960588833513
12.125	40.5	-0.0832410768549338
12.375	40.5	-0.0830701732353911
12.625	40.5	-0.0828828857871323
12.875	40.5	-0.0826787710545781
13.125	40.5	-0.0824574054327827
13.375	40.5	-0.0822183862109394
13.625	40.5	-0.0819613325909482
13.875	40.5	-0.0816858866812639
14.125	40.5	-0.0813917144662268
14.375	40.5	-0.0810785067509883
14.625	40.5	-0.080745980081987
14.875	40.5	-0.0803938776427029
15.125	40.5	-0.0800219701241078
15.375	40.5	-0.0796300565688356
15.625	40.5	-0.0792179651876105
15.875	40.5	-0.0787855541459011
16.125	40.5	-0.0783327123180989
16.375	40.5	-0.0778593600057504
16.625	40.5	-0.077365449615509
16.875	40.5	-0.0768509662915041
17.125	40.5	-0.0763159284957699
17.375	40.5	-0.0757603885292125
17.625	40.5	-0.0751844329843539
17.875	40.5	-0.0745881831197588
18.125	40.5	-0.073971795144648
18.375	40.5	-0.0733354604007324
18.625	40.5	-0.0726794054267908
18.875	40.5	-0.072003891889973
19.125	40.5	-0.0713092163662503
19.375	40.5	-0.0705957099508812
19.625	40.5	-0.0698637376782256
19.875	40.5	-0.0691136977287464
20.125	40.5	-0.0683460203995778
20.375	40.5	-0.0675611668135978
20.625	40.5	-0.0667596273405058
20.875	40.5	-0.0659419197018857
21.125	40.5	-0.0651085867305183
21.375	40.5	-0.0642601937521026
21.625	40.5	-0.063397325554757
21.875	40.5	-0.0625205829077691
22.125	40.5	-0.061630578585416
22.375	40.5	-0.060727932843389
22.625	40.5	-0.0598132682831814
22.875	40.5	-0.0588872040220047
23.125	40.5	-0.0579503490599851
23.375	40.5	-0.0570032946992626
23.625	40.5	-0.0560466058166716
23.875	40.5	-0.0550808107167099
24.125	40.5	-0.0541063891860056
24.375	40.5	-0.0531237582226479
24.625	40.5	-0.052133254707197
24.875	40.5	-0.0511351139939395
25.125	40.5	-0.0501294429988622
25.375	40.5	-0.0491161858001192
25.625	40.5	-0.0480950789854911
25.875	40.5	-0.0470655928922611
26.125	40.5	-0.0460268533581534
26.375	40.5	-0.0449775364311813
26.625	40.5	-0.0439157253418622
26.875	40.5	-0.0428387144367084
27.125	40.5	-0.041742738082725
27.375	40.5	-0.0406225930781649
27.625	40.5	-0.0394711100189219
27.875	40.5	-0.0382784109576768
28.125	40.5	-0.037030864461719
28.375	40.5	-0.0357096086971018
28.625	40.5	-0.0342884488641592
28.875	40.5	-0.0327308361902784
29.125	40.5	-0.030985493628469
29.375	40.5	-0.0289800652035834
29.625	40.5	-0.0266119249303069
29.875	40.5	-0.023734954760424
30.125	40.5	-0.0201406093468877
30.375	40.5	-0.0155308317358956
30.625	40.5	-0.00947940772639181
30.875	40.5	-0.0013776120579869
31.125	40.5	0.00963932603610745
31.375	40.5	0.0247844273349394
31.625	40.5	0.0457194741629727
31.875	40.5	0.0746333812876021
32.125	40.5	0.114227947205669
32.375	40.5	0.167467523481213
32.625	40.5	0.236865090746723
32.875	40.5	0.323136114760083
33.125	40.5	0.423549023261884
33.375	40.5	0.531188552603672
33.625	40.5	0.636487534518195
33.875	40.5	0.73061652333716
34.125	40.5	0.808326733593806
34.375	40.5	0.868494756838618
34.625	40.5	0.912875987977327
34.875	40.5	0.944491038691389
35.125	40.5	0.966481042609503
35.375	40.5	0.981545142279713
35.625	40.5	0.991776407824287
35.875	40.5	0.998698684000117
36.125	40.5	1.0033759443008
36.375	40.5	1.0065292705132
36.625	40.5	1.00863581918688
36.875	40.5	1.01000374256367
37.125	40.5	1.01082502572576
37.375	40.5	1.01121042317607
0.125	41.5	-0.0799580965213666
0.375	41.5	-0.0799606624872668
0.625	41.5	-0.079965771734971
0.875	41.5	-0.0799733789366076
1.125	41.5	-0.0799834162012079
1.375	41.5	-0.0799957931958068
1.625	41.5	-0.0800103973070562
1.875	41.5	-0.0800270938434622
2.125	41.5	-0.0800457262783702
2.375	41.5	-0.0800661165338201
2.625	41.5	-0.0800880653053889
2.875	41.5	-0.0801113524281098
3.125	41.5	-0.0801357372835195
3.375	41.5	-0.0801609592478314
3.625	41.5	-0.0801867381811673
3.875	41.5	-0.080212774957694
4.125	41.5	-0.0802387520364117
4.375	41.5	-0.0802643340722353
4.625	41.5	-0.0802891685668783
4.875	41.5	-0.0803128865589154
5.125	41.5	-0.0803351033522528
5.375	41.5	-0.0803554192820847
5.625	41.5	-0.080373420517255
5.875	41.5	-0.0803886798977857
6.125	41.5	-0.0804007578061747
6.375	41.5	-0.0804092030709076
6.625	41.5	-0.0804135539004819
6.875	41.5	-0.0804133388461046
7.125	41.5	-0.0804080777910937
7.375	41.5	-0.080397282964911
7.625	41.5	-0.0803804599796572
7.875	41.5	-0.0803571088867904
8.125	41.5	-0.0803267252517796
8.375	41.5	-0.0802888012443822
8.625	41.5	-0.0802428267422338
8.875	41.5	-0.080188290445463
9.125	41.5	-0.0801246810001003
9.375	41.5	-0.0800514881281328
9.625	41.5	-0.0799682037621594
9.875	41.5	-0.0798743231827309
10.125	41.5	-0.0797693461566073
10.375	41.5	-0.0796527780743507
10.625	41.5	-0.0795241310858513
10.875	41.5	-0.0793829252325969
11.125	41.5	-0.0792286895757121
11.375	41.5	-0.0790609633190189
11.625	41.5	-0.0788792969266063
11.875	41.5	-0.0786832532346137
12.125	41.5	-0.0784724085571618
12.375	41.5	-0.0782463537865787
12.625	41.5	-0.0780046954882651
12.875	41.5	-0.077747056990711
13.125	41.5	-0.077473079471326
13.375	41.5	-0.0771824230388609
13.625	41.5	-0.076874767813262
13.875	41.5	-0.0765498150038266
14.125	41.5	-0.0762072879864922
14.375	41.5	-0.0758469333809919
14.625	41.5	-0.0754685221284396
14.875	41.5	-0.0750718505696517
15.125	41.5	-0.0746567415241566
15.375	41.5	-0.0742230453693892
15.625	41.5	-0.0737706411189913
15.875	41.5	-0.0732994374984275
16.125	41.5	-0.0728093740152742
16.375	41.5	-0.0723004220205113
16.625	41.5	-0.0717725857559452
16.875	41.5	-0.0712259033814739
17.125	41.5	-0.0706604479742715
17.375	41.5	-0.0700763284900717
17.625	41.5	-0.0694736906745559
17.875	41.5	-0.0688527179103581
18.125	41.5	-0.0682136319823431
18.375	41.5	-0.0675566937405467
18.625	41.5	-0.0668822036364372
18.875	41.5	-0.0661905021038778
19.125	41.5	-0.0654819697512541
19.375	41.5	-0.0647570273255598
19.625	41.5	-0.064016135402644
19.875	41.5	-0.0632597937501122
20.125	41.5	-0.0624885403002824
20.375	41.5	-0.0617029496597516
20.625	41.5	-0.0609036310690574
20.875	41.5	-0.0600912257099743
21.125	41.5	-0.0592664032382651
21.375	41.5	-0.0584298573950234
21.625	41.5	-0.0575823005184311
21.875	41.5	-0.0567244567375385
22.125	41.5	-0.0558570535774273
22.375	41.5	-0.054980811636558
22.625	41.5	-0.0540964319063264
22.875	41.5	-0.0532045801818083
23.125	41.5	-0.0523058678503167
23.375	41.5	-0.0514008281256946
23.625	41.5	-0.050489886500719
23.875	41.5	-0.0495733237897337
24.125	41.5	-0.0486512295908494
24.375	41.5	-0.0477234432603323
24.625	41.5	-0.0467894784901715
24.875	41.5	-0.0458484262121342
25.125	41.5	-0.0448988286694904
25.375	41.5	-0.0439385148886603
25.625	41.5	-0.0429643841793345
25.875	41.5	-0.0419721194257221
26.125	41.5	-0.0409558055823503
26.375	41.5	-0.0399074205914272
26.625	41.5	-0.0388161546941273
26.875	41.5	-0.0376674967622655
27.125	41.5	-0.0364419977907859
27.375	41.5	-0.0351135776080998
27.625	41.5	-0.0336471826970406
27.875	41.5	-0.0319955416161471
28.125	41.5	-0.0300947117207675
28.375	41.5	-0.0278580535570876
28.625	41.5	-0.0251681380210081
28.875	41.5	-0.0218657670614755
29.125	41.5	-0.017734704440829
29.375	41.5	-0.0124800462116018
29.625	41.5	-0.00569796427356206
29.875	41.5	0.00316444298676978
30.125	41.5	0.0148580954238776
30.375	41.5	0.0303860334371202
30.625	41.5	0.0510578235879355
30.875	41.5	0.0785363516653099
31.125	41.5	0.114849553710323
31.375	41.5	0.162281306134467
31.625	41.5	0.222966626830675
31.875	41.5	0.2980079194967
32.125	41.5	0.386214490056409
32.375	41.5	0.483183305559487
32.625	41.5	0.581789016407081
32.875	41.5	0.67433113462042
33.125	41.5	0.755030821620533
33.375	41.5	0.821235808983684
33.625	41.5	0.873031752830454
33.875	41.5	0.912129918251108
34.125	41.5	0.94086174379915
34.375	41.5	0.961557494530914
34.625	41.5	0.976250234525159
34.875	41.5	0.986579925634445
35.125	41.5	0.99380224072988
35.375	41.5	0.998843163312308
35.625	41.5	1.00236638008162
35.875	41.5	1.00483701495022
36.125	41.5	1.00657504911825
36.375	41.5	1.00779702581867
36.625	41.5	1.00864707442213
36.875	41.5	1.00921913644503
37.125	41.5	1.0095723226635
37.375	41.5	1.0097410296597
0.125	42.5	-0.0771617385979713
0.375	42.5	-0.0771622207038954
0.625	42.5	-0.0771631655136686
0.875	42.5	-0.0771645342580037
1.125	42.5	-0.0771662688701263
1.375	42.5	-0.0771682920903565
1.625	42.5	-0.0771705076055415
1.875	42.5	-0.0771728002233251
2.125	42.5	-0.0771750360812228
2.375	42.5	-0.0771770628904519
2.625	42.5	-0.0771787102144482
2.875	42.5	-0.0771797897819685
3.125	42.5	-0.0771800958346367
3.375	42.5	-0.0771794055087427
3.625	42.5	-0.0771774792510589
3.875	42.5	-0.0771740612683678
4.125	42.5	-0.0771688800103338
4.375	42.5	-0.077161648685272
4.625	42.5	-0.0771520658082904
4.875	42.5	-0.0771398157811954
5.125	42.5	-0.0771245695034636
5.375	42.5	-0.0771059850134898
5.625	42.5	-0.0770837081592337
5.875	42.5	-0.0770573732972955
6.125	42.5	-0.0770266040193656
6.375	42.5	-0.0769910139049124
6.625	42.5	-0.0769502072988968
6.875	42.5	-0.076903780113236
7.125	42.5	-0.0768513206506837
7.375	42.5	-0.0767924104497498
7.625	42.5	-0.0767266251492522
7.875	42.5	-0.0766535353710819
8.125	42.5	-0.0765727076197632
8.375	42.5	-0.0764837051974152
8.625	42.5	-0.0763860891327569
8.875	42.5	-0.0762794191228606
9.125	42.5	-0.0761632544864323
9.375	42.5	-0.0760371551275028
9.625	42.5	-0.0759006825085361
9.875	42.5	-0.0757534006320965
10.125	42.5	-0.0755948770303758
10.375	42.5	-0.07542468376206
10.625	42.5	-0.0752423984162094
10.875	42.5	-0.07504760512303
11.125	42.5	-0.0748398955716427
11.375	42.5	-0.0746188700351869
11.625	42.5	-0.0743841384038373
11.875	42.5	-0.0741353212265592
12.125	42.5	-0.0738720507626763
12.375	42.5	-0.0735939720445729
12.625	42.5	-0.0733007439530945
12.875	42.5	-0.0729920403074429
13.125	42.5	-0.0726675509715703
13.375	42.5	-0.0723269829792741
13.625	42.5	-0.0719700616803511
13.875	42.5	-0.0715965319102927
14.125	42.5	-0.0712061591860727
14.375	42.5	-0.0707987309305932
14.625	42.5	-0.0703740577282846
14.875	42.5	-0.0699319746142011
15.125	42.5	-0.0694723423986776
15.375	42.5	-0.0689950490292099
15.625	42.5	-0.0685000109906352
15.875	42.5	-0.0679871747439088
16.125	42.5	-0.067456518202738
16.375	42.5	-0.0669080522459862
16.625	42.5	-0.066341822262039
16.875	42.5	-0.0657579097191264
17.125	42.5	-0.0651564337528087
17.375	42.5	-0.064537552758323
17.625	42.5	-0.0639014659710392
17.875	42.5	-0.0632484150126792
18.125	42.5	-0.0625786853738751
18.375	42.5	-0.0618926077947008
18.625	42.5	-0.0611905594934828
18.875	42.5	-0.0604729651798419
19.125	42.5	-0.0597402977697124
19.375	42.5	-0.0589930786969715
19.625	42.5	-0.0582318776869773
19.875	42.5	-0.0574573118200751
20.125	42.5	-0.0566700436659
20.375	42.5	-0.0558707782094174
20.625	42.5	-0.0550602582137602
20.875	42.5	-0.0542392575687892
21.125	42.5	-0.0534085720524801
21.375	42.5	-0.0525690067777016
21.625	42.5	-0.0517213594005341
21.875	42.5	-0.0508663979159161
22.125	42.5	-0.0500048315460876
22.375	42.5	-0.0491372728155504
22.625	42.5	-0.0482641883742627
22.875	42.5	-0.047385835439597
23.125	42.5	-0.0465021798246311
23.375	42.5	-0.0456127903344005
23.625	42.5	-0.0447167027463175
23.875	42.5	-0.0438122445158344
24.125	42.5	-0.0428968085914979
24.375	42.5	-0.0419665610698669
24.625	42.5	-0.0410160626221269
24.875	42.5	-0.0400377773762133
25.125	42.5	-0.0390214346759253
25.375	42.5	-0.0379531975077447
25.625	42.5	-0.0368145737891581
25.875	42.5	-0.0355809804208916
26.125	42.5	-0.034219836330687
26.375	42.5	-0.0326880297683338
26.625	42.5	-0.0309285912429294
26.875	42.5	-0.0288664010580891
27.125	42.5	-0.0264027081600855
27.375	42.5	-0.0234080189505353
27.625	42.5	-0.0197124640661399
27.875	42.5	-0.0150922531791381
28.125	42.5	-0.00925084740891916
28.375	42.5	-0.00179470244751093
28.625	42.5	0.00779419061936965
28.875	42.5	0.020185043706445
29.125	42.5	0.0362225131730059
29.375	42.5	0.0569535023866925
29.625	42.5	0.0836655090792609
29.875	42.5	0.117926980232658
30.125	42.5	0.16155906987822
30.375	42.5	0.216382606910289
30.625	42.5	0.283571628990244
30.875	42.5	0.362650709515588
31.125	42.5	0.450619232891511
31.375	42.5	0.54201768476384
31.625	42.5	0.630340905599858
31.875	42.5	0.710084692888852
32.125	42.5	0.778105400075074
32.375	42.5	0.833673827837996
32.625	42.5	0.877678652295431
32.875	42.5	0.911742621161531
33.125	42.5	0.937645602363137
33.375	42.5	0.95705203029807
33.625	42.5	0.97140940178853
33.875	42.5	0.981921808919704
34.125	42.5	0.989557296897005
34.375	42.5	0.995072445300624
34.625	42.5	0.999044610950083
34.875	42.5	1.00190542046016
35.125	42.5	1.00397174845504
35.375	42.5	1.00547242689407
35.625	42.5	1.00657019883696
35.875	42.5	1.0073791309966
36.125	42.5	1.00797803477221
36.375	42.5	1.00842056090773
36.625	42.5	1.00874262337376
36.875	42.5	1.00896773377529
37.125	42.5	1.00911072568463
37.375	42.5	1.00918024017621
0.125	43.5	-0.0743588745451175
0.375	43.5	-0.0743575257569092
0.625	43.5	-0.0743548114850201
0.875	43.5	-0.0743506983679741
1.125	43.5	-0.0743451364372148
1.375	43.5	-0.0743380592054476
1.625	43.5	-0.0743293837843471
1.875	43.5	-0.0743190110315564
2.125	43.5	-0.0743068257268831
2.375	43.5	-0.0742926967775661
2.625	43.5	-0.0742764774524645
2.875	43.5	-0.0742580056449862
3.125	43.5	-0.0742371041645414
3.375	43.5	-0.0742135810562641
3.625	43.5	-0.0741872299487047
3.875	43.5	-0.0741578304291538
4.125	43.5	-0.0741251484462057
4.375	43.5	-0.0740889367391227
4.625	43.5	-0.0740489352935111
4.875	43.5	-0.074004871822763
5.125	43.5	-0.0739564622746725
5.375	43.5	-0.0739034113625767
5.625	43.5	-0.0738454131203268
5.875	43.5	-0.0737821514803436
6.125	43.5	-0.0737133008739741
6.375	43.5	-0.0736385268533267
6.625	43.5	-0.0735574867337339
6.875	43.5	-0.0734698302559706
7.125	43.5	-0.0733752002673432
7.375	43.5	-0.0732732334207622
7.625	43.5	-0.0731635608909246
7.875	43.5	-0.073045809106756
8.125	43.5	-0.072919600499299
8.375	43.5	-0.0727845542642962
8.625	43.5	-0.0726402871387797
8.875	43.5	-0.0724864141910739
9.125	43.5	-0.0723225496237214
9.375	43.5	-0.0721483075889691
9.625	43.5	-0.0719633030165976
9.875	43.5	-0.0717671524540459
10.125	43.5	-0.0715594749189672
10.375	43.5	-0.0713398927645586
10.625	43.5	-0.0711080325582384
10.875	43.5	-0.0708635259744879
11.125	43.5	-0.0706060107029494
11.375	43.5	-0.0703351313731546
11.625	43.5	-0.0700505404975721
11.875	43.5	-0.0697518994349846
12.125	43.5	-0.0694388793765528
12.375	43.5	-0.0691111623572779
12.625	43.5	-0.0687684422959498
12.875	43.5	-0.0684104260670463
13.125	43.5	-0.0680368346084378
13.375	43.5	-0.0676474040691388
13.625	43.5	-0.0672418870017273
13.875	43.5	-0.0668200536044169
14.125	43.5	-0.0663816930181018
14.375	43.5	-0.065926614683985
14.625	43.5	-0.0654546497676168
14.875	43.5	-0.0649656526552898
15.125	43.5	-0.0644595025287185
15.375	43.5	-0.0639361050237074
15.625	43.5	-0.0633953939780214
15.875	43.5	-0.0628373332727961
16.125	43.5	-0.0622619187704222
16.375	43.5	-0.0616691803497234
16.625	43.5	-0.0610591840361313
16.875	43.5	-0.0604320342200903
17.125	43.5	-0.0597878759505879
17.375	43.5	-0.0591268972818096
17.625	43.5	-0.0584493316385482
17.875	43.5	-0.0577554601488799
18.125	43.5	-0.0570456138691013
18.375	43.5	-0.0563201757937581
18.625	43.5	-0.0555795824998506
18.875	43.5	-0.054824325215153
19.125	43.5	-0.0540549500210244
19.375	43.5	-0.0532720567937758
19.625	43.5	-0.05247629634744
19.875	43.5	-0.0516683650544349
20.125	43.5	-0.0508489959762611
20.375	43.5	-0.0500189452180437
20.625	43.5	-0.0491789718085414
20.875	43.5	-0.0483298088765526
21.125	43.5	-0.0474721232147274
21.375	43.5	-0.0466064594541903
21.625	43.5	-0.0457331639694164
21.875	43.5	-0.0448522822302667
22.125	43.5	-0.0439634215365156
22.375	43.5	-0.0430655688045558
22.625	43.5	-0.0421568501882741
22.875	43.5	-0.0412342156248325
23.125	43.5	-0.0402930266628086
23.375	43.5	-0.0393265198417967
23.625	43.5	-0.0383251100300603
23.875	43.5	-0.0372754878923972
24.125	43.5	-0.0361594521375475
24.375	43.5	-0.0349523991098483
24.625	43.5	-0.0336213688319096
24.875	43.5	-0.0321225200051993
25.125	43.5	-0.0303978840444566
25.375	43.5	-0.0283712341658612
25.625	43.5	-0.0259428736768691
25.875	43.5	-0.022983017737787
26.125	43.5	-0.0193231366879
26.375	43.5	-0.0147442650348305
26.625	43.5	-0.00896137492120795
26.875	43.5	-0.00160418605503912
27.125	43.5	0.00780279310495569
27.375	43.5	0.0198566576975878
27.625	43.5	0.0352876422040447
27.875	43.5	0.0549736077047128
28.125	43.5	0.0799731860352221
28.375	43.5	0.111580576668512
28.625	43.5	0.151351223094002
28.875	43.5	0.200965357303133
29.125	43.5	0.261762566229943
29.375	43.5	0.333910044062572
29.625	43.5	0.415507078843296
29.875	43.5	0.502286408911595
30.125	43.5	0.588467167979241
30.375	43.5	0.668499509890219
30.625	43.5	0.738633635863334
30.875	43.5	0.797430761594092
31.125	43.5	0.845260423410672
31.375	43.5	0.88343016523899
31.625	43.5	0.913497277915948
31.875	43.5	0.936926339737426
32.125	43.5	0.954992353884513
32.375	43.5	0.968781705018661
32.625	43.5	0.979208564003396
32.875	43.5	0.987028019319187
33.125	43.5	0.992850359699033
33.375	43.5	0.997159387984405
33.625	43.5	1.00033281950435
33.875	43.5	1.0026619075143
34.125	43.5	1.0043687234294
34.375	43.5	1.00562070575807
34.625	43.5	1.0065426361182
34.875	43.5	1.007226359217
35.125	43.5	1.00773858038469
35.375	43.5	1.00812705065397
35.625	43.5	1.00842541613901
35.875	43.5	1.00865697408077
36.125	43.5	1.00883754474607
36.375	43.5	1.00897763698291
36.625	43.5	1.00908405579956
36.875	43.5	1.00916107298995
37.125	43.5	1.00921125672655
37.375	43.5	1.00923603325611
0.125	44.5	-0.0715789448353321
0.375	44.5	-0.0715759812768113
0.625	44.5	-0.0715700396704163
0.875	44.5	-0.0715610910618264
1.125	44.5	-0.0715490920805046
1.375	44.5	-0.0715339850127671
1.625	44.5	-0.0715156978990951
1.875	44.5	-0.0714941446555895
2.125	44.5	-0.071469225219448
2.375	44.5	-0.0714408257183115
2.625	44.5	-0.0714088186633027
2.875	44.5	-0.0713730631655398
3.125	44.5	-0.0713334051758883
3.375	44.5	-0.071289677747677
3.625	44.5	-0.0712417013220712
3.875	44.5	-0.07118928403576
4.125	44.5	-0.0711322220505832
4.375	44.5	-0.0710702999046885
4.625	44.5	-0.0710032908847731
4.875	44.5	-0.0709309574189329
5.125	44.5	-0.0708530514896083
5.375	44.5	-0.0707693150660891
5.625	44.5	-0.0706794805560127
5.875	44.5	-0.0705832712752706
6.125	44.5	-0.0704804019357197
6.375	44.5	-0.0703705791500834
6.625	44.5	-0.0702535019534217
6.875	44.5	-0.0701288623405556
7.125	44.5	-0.0699963458188426
7.375	44.5	-0.0698556319757237
7.625	44.5	-0.0697063950604974
7.875	44.5	-0.0695483045798221
8.125	44.5	-0.0693810259065087
8.375	44.5	-0.0692042209012418
8.625	44.5	-0.0690175485469568
8.875	44.5	-0.0688206655957124
9.125	44.5	-0.0686132272280289
9.375	44.5	-0.068394887724808
9.625	44.5	-0.0681653011521133
9.875	44.5	-0.0679241220592925
10.125	44.5	-0.0676710061911343
10.375	44.5	-0.0674056112149999
10.625	44.5	-0.0671275974641383
10.875	44.5	-0.066836628698693
11.125	44.5	-0.0665323728862424
11.375	44.5	-0.0662145030040761
11.625	44.5	-0.0658826978658122
11.875	44.5	-0.0655366429753965
12.125	44.5	-0.0651760314119987
12.375	44.5	-0.0648005647498346
12.625	44.5	-0.0644099540174989
12.875	44.5	-0.0640039207019839
13.125	44.5	-0.0635821978032025
13.375	44.5	-0.0631445309454975
13.625	44.5	-0.0626906795533177
13.875	44.5	-0.062220418098955
14.125	44.5	-0.06173353743094
14.375	44.5	-0.0612298461923665
14.625	44.5	-0.0607091723389953
14.875	44.5	-0.0601713647674061
15.125	44.5	-0.0596162950636039
15.375	44.5	-0.0590438593821685
15.625	44.5	-0.0584539804650323
15.875	44.5	-0.0578466098068766
16.125	44.5	-0.0572217299704443
16.375	44.5	-0.0565793570489653
16.625	44.5	-0.0559195432632652
16.875	44.5	-0.0552423796663574
17.125	44.5	-0.0545479989061103
17.375	44.5	-0.0538365779636866
17.625	44.5	-0.0531083407373526
17.875	44.5	-0.0523635602716761
18.125	44.5	-0.0516025603324412
18.375	44.5	-0.0508257158861154
18.625	44.5	-0.0500334518436352
18.875	44.5	-0.0492262391506673
19.125	44.5	-0.0484045869227897
19.375	44.5	-0.0475690287983864
19.625	44.5	-0.0467201009684891
19.875	44.5	-0.045858308383008
20.125	44.5	-0.0449840743537113
20.375	44.5	-0.0440976670853669
20.625	44.5	-0.0431990944564641
20.875	44.5	-0.0422879555043873
21.125	44.5	-0.0413632333824162
21.375	44.5	-0.0404230098482568
21.625	44.5	-0.0394640753740091
21.875	44.5	-0.0384814014403991
22.125	44.5	-0.0374674321319788
22.375	44.5	-0.0364111403405905
22.625	44.5	-0.035296779169769
22.875	44.5	-0.0341022408691504
23.125	44.5	-0.0327969131144077
23.375	44.5	-0.0313388951329647
23.625	44.5	-0.0296714042133344
23.875	44.5	-0.0277181679176679
24.125	44.5	-0.0253775588408833
24.375	44.5	-0.0225151741529134
24.625	44.5	-0.0189544553300235
24.875	44.5	-0.0144647759316231
25.125	44.5	-0.00874639483659985
25.375	44.5	-0.00141232757299416
25.625	44.5	0.00803102345418111
25.875	44.5	0.0202007545491584
26.125	44.5	0.0358495853339334
26.375	44.5	0.0558786383847919
26.625	44.5	0.081364712970741
26.875	44.5	0.113605093626939
27.125	44.5	0.154129914294263
27.375	44.5	0.204549294117364
27.625	44.5	0.266072517833348
27.875	44.5	0.338678911766709
28.125	44.5	0.420268714042939
28.375	44.5	0.506455579007215
28.625	44.5	0.591499254060315
28.875	44.5	0.67004553524708
29.125	44.5	0.738607726939691
29.375	44.5	0.79598361014897
29.625	44.5	0.842706584366218
29.875	44.5	0.880167526194617
30.125	44.5	0.909930804747064
30.375	44.5	0.933404110072173
30.625	44.5	0.951767492608094
30.875	44.5	0.966006752520926
31.125	44.5	0.976953258874654
31.375	44.5	0.985304058247411
31.625	44.5	0.991631679024829
31.875	44.5	0.996395566916912
32.125	44.5	0.999958217473186
32.375	44.5	1.00260310265762
32.625	44.5	1.00455101938055
32.875	44.5	1.00597343045151
33.125	44.5	1.007002928622
33.375	44.5	1.00774145593809
33.625	44.5	1.00826683020992
33.875	44.5	1.0086379531742
34.125	44.5	1.00889896379871
34.375	44.5	1.00908254253514
34.625	44.5	1.00921253439155
34.875	44.5	1.00930602701818
35.125	44.5	1.00937499282858
35.375	44.5	1.00942758189876
35.625	44.5	1.0094691347863
35.875	44.5	1.00950297071964
36.125	44.5	1.00953099591188
36.375	44.5	1.0095541682427
36.625	44.5	1.00957284759781
36.875	44.5	1.00958705531878
37.125	44.5	1.00959666119918
37.375	44.5	1.00960151206638
0.125	45.5	-0.0688486797621117
0.375	45.5	-0.0688442874120559
0.625	45.5	-0.0688354900012118
0.875	45.5	-0.0688222621278204
1.125	45.5	-0.0688045657384874
1.375	45.5	-0.0687823501871997
1.625	45.5	-0.0687555523138882
1.875	45.5	-0.0687240965424236
2.125	45.5	-0.0686878949979155
2.375	45.5	-0.0686468476431464
2.625	45.5	-0.0686008424339501
2.875	45.5	-0.0685497554933092
3.125	45.5	-0.0684934513039228
3.375	45.5	-0.068431782918963
3.625	45.5	-0.068364592190709
3.875	45.5	-0.068291710016726
4.125	45.5	-0.0682129566032194
4.375	45.5	-0.0681281417451736
4.625	45.5	-0.068037065122853
4.875	45.5	-0.0679395166142228
5.125	45.5	-0.0678352766228235
5.375	45.5	-0.0677241164206164
5.625	45.5	-0.067605798505296
5.875	45.5	-0.0674800769715585
6.125	45.5	-0.0673466978958049
6.375	45.5	-0.067205399733761
6.625	45.5	-0.0670559137304944
6.875	45.5	-0.0668979643423265
7.125	45.5	-0.066731269670155
7.375	45.5	-0.0665555419037323
7.625	45.5	-0.0663704877764892
7.875	45.5	-0.0661758090305418
8.125	45.5	-0.0659712028915854
8.375	45.5	-0.0657563625534572
8.625	45.5	-0.0655309776722418
8.875	45.5	-0.0652947348699103
9.125	45.5	-0.0650473182476128
9.375	45.5	-0.0647884099088962
9.625	45.5	-0.0645176904932944
9.875	45.5	-0.0642348397209359
10.125	45.5	-0.0639395369490444
10.375	45.5	-0.0636314617414617
10.625	45.5	-0.0633102944526213
10.875	45.5	-0.0629757168277315
11.125	45.5	-0.0626274126212953
11.375	45.5	-0.0622650682365116
11.625	45.5	-0.0618883733885666
11.875	45.5	-0.061497021795352
12.125	45.5	-0.0610907118997229
12.375	45.5	-0.0606691476280532
12.625	45.5	-0.0602320391905551
12.875	45.5	-0.0597791039296078
13.125	45.5	-0.0593100672231802
13.375	45.5	-0.0588246634513272
13.625	45.5	-0.0583226370346705
13.875	45.5	-0.0578037435547016
14.125	45.5	-0.0572677509666052
14.375	45.5	-0.0567144409159851
14.625	45.5	-0.056143610171214
14.875	45.5	-0.0555550721828462
15.125	45.5	-0.0549486587802087
15.375	45.5	-0.0543242220122589
15.625	45.5	-0.0536816361340694
15.875	45.5	-0.0530207997303632
16.125	45.5	-0.0523416379511006
16.375	45.5	-0.0516441048078465
16.625	45.5	-0.0509281854385284
16.875	45.5	-0.0501938981849535
17.125	45.5	-0.0494412962314743
17.375	45.5	-0.04867046840923
17.625	45.5	-0.0478815385566675
17.875	45.5	-0.0470746625127832
18.125	45.5	-0.0462500213616724
18.375	45.5	-0.0454078088859078
18.625	45.5	-0.0445482102404426
18.875	45.5	-0.0436713675178703
19.125	45.5	-0.0427773259929034
19.375	45.5	-0.0418659522153502
19.625	45.5	-0.0409368115159763
19.875	45.5	-0.0399889875787916
20.125	45.5	-0.0390208201160695
20.375	45.5	-0.0380295278665532
20.625	45.5	-0.0370106725303807
20.875	45.5	-0.0359574041602072
21.125	45.5	-0.0348594091527051
21.375	45.5	-0.0337014574573729
21.625	45.5	-0.0324614150427993
21.875	45.5	-0.0311075502114754
22.125	45.5	-0.029594917481484
22.375	45.5	-0.0278605505391098
22.625	45.5	-0.0258171375425089
22.875	45.5	-0.0233447912829913
23.125	45.5	-0.0202804699221185
23.375	45.5	-0.0164045629814683
23.625	45.5	-0.0114241643015519
23.875	45.5	-0.00495272573621193
24.125	45.5	0.00351357434724048
24.375	45.5	0.0146209891261293
24.625	45.5	0.029181583825649
24.875	45.5	0.0481924495567832
25.125	45.5	0.0728529959832325
25.375	45.5	0.104580999211977
25.625	45.5	0.144995130010359
25.875	45.5	0.195755696589083
26.125	45.5	0.258098550182812
26.375	45.5	0.332005191046692
26.625	45.5	0.415312334435087
26.875	45.5	0.50345825373903
27.125	45.5	0.590435814079581
27.375	45.5	0.67063192058475
27.625	45.5	0.740408461976864
27.875	45.5	0.798543740556275
28.125	45.5	0.845641444283576
28.375	45.5	0.883196803502767
28.625	45.5	0.912876301989044
28.875	45.5	0.936172017258969
29.125	45.5	0.954326465944898
29.375	45.5	0.968366809234079
29.625	45.5	0.979147986827627
29.875	45.5	0.987376941602298
30.125	45.5	0.993626092208091
30.375	45.5	0.998347846851689
30.625	45.5	1.00189368857749
30.875	45.5	1.00453498240395
31.125	45.5	1.00648162328465
31.375	45.5	1.00789664485085
31.625	45.5	1.00890696502624
31.875	45.5	1.0096113108675
32.125	45.5	1.01008628072147
32.375	45.5	1.01039111911066
32.625	45.5	1.01057149920278
32.875	45.5	1.01066249493082
33.125	45.5	1.01069089762443
33.375	45.5	1.01067701834067
33.625	45.5	1.01063609494442
33.875	45.5	1.01057939696239
34.125	45.5	1.01051509826042
34.375	45.5	1.01044896991256
34.625	45.5	1.01038493260978
34.875	45.5	1.01032549839501
35.125	45.5	1.0102721244535
35.375	45.5	1.01022549646194
35.625	45.5	1.01018575512415
35.875	45.5	1.01015267662942
36.125	45.5	1.01012581558498
36.375	45.5	1.01010461728749
36.625	45.5	1.01008850485862
36.875	45.5	1.01007694566955
37.125	45.5	1.01006950054592
37.375	45.5	1.01006585842818
0.125	46.5	-0.0661924977293117
0.375	46.5	-0.0661868382099258
0.625	46.5	-0.0661755078803885
0.875	46.5	-0.0661584841746289
1.125	46.5	-0.0661357332821644
1.375	46.5	-0.0661072101943682
1.625	46.5	-0.0660728587660248
1.875	46.5	-0.0660326117920552
2.125	46.5	-0.0659863910992653
2.375	46.5	-0.0659341076529412
2.625	46.5	-0.0658756616780873
2.875	46.5	-0.0658109427950731
3.125	46.5	-0.0657398301694271
3.375	46.5	-0.0656621926754819
3.625	46.5	-0.0655778890735502
3.875	46.5	-0.0654867682002818
4.125	46.5	-0.0653886691718259
4.375	46.5	-0.0652834215993927
4.625	46.5	-0.0651708458167877
4.875	46.5	-0.0650507531194643
5.125	46.5	-0.0649229460146215
5.375	46.5	-0.0647872184818545
5.625	46.5	-0.0646433562438464
5.875	46.5	-0.0644911370465776
6.125	46.5	-0.064330330948518
6.375	46.5	-0.0641607006182629
6.625	46.5	-0.0639820016400736
6.875	46.5	-0.0637939828267913
7.125	46.5	-0.0635963865396013
7.375	46.5	-0.063388949014147
7.625	46.5	-0.0631714006925175
7.875	46.5	-0.0629434665606723
8.125	46.5	-0.062704866490912
8.375	46.5	-0.0624553155890674
8.625	46.5	-0.0621945245461486
8.875	46.5	-0.061922199994286
9.125	46.5	-0.061638044866897
9.375	46.5	-0.0613417587631353
9.625	46.5	-0.0610330383168291
9.875	46.5	-0.0607115775702789
10.125	46.5	-0.060377068353479
10.375	46.5	-0.060029200669555
10.625	46.5	-0.0596676630874702
10.875	46.5	-0.0592921431433504
11.125	46.5	-0.0589023277521197
11.375	46.5	-0.0584979036315265
11.625	46.5	-0.0580785577410852
11.875	46.5	-0.0576439777389545
12.125	46.5	-0.0571938524603357
12.375	46.5	-0.0567278724215964
12.625	46.5	-0.0562457303550043
12.875	46.5	-0.0557471217796796
13.125	46.5	-0.0552317456151061
13.375	46.5	-0.0546993048442447
13.625	46.5	-0.0541495072338581
13.875	46.5	-0.0535820661199346
14.125	46.5	-0.0529967012658159
14.375	46.5	-0.0523931397993798
14.625	46.5	-0.0517711172327024
14.875	46.5	-0.051130378561963
15.125	46.5	-0.0504706794352502
15.375	46.5	-0.0497917873587605
15.625	46.5	-0.049093482883594
15.875	46.5	-0.0483755606697146
16.125	46.5	-0.0476378302512113
16.375	46.5	-0.0468801162134926
16.625	46.5	-0.0461022573170541
16.875	46.5	-0.0453041038321184
17.125	46.5	-0.0444855119367075
17.375	46.5	-0.0436463334086581
17.625	46.5	-0.0427863979096698
17.875	46.5	-0.0419054837727459
18.125	46.5	-0.0410032711583811
18.375	46.5	-0.0400792684507864
18.625	46.5	-0.0391326984213275
18.875	46.5	-0.0381623244398451
19.125	46.5	-0.0371661881177564
19.375	46.5	-0.0361412172241133
19.625	46.5	-0.0350826452270438
19.875	46.5	-0.0339831597208825
20.125	46.5	-0.0328316642539248
20.375	46.5	-0.0316114942410043
20.625	46.5	-0.0302978700186543
20.875	46.5	-0.028854295974438
21.125	46.5	-0.0272275219735966
21.375	46.5	-0.0253405717641255
21.625	46.5	-0.0230832165057824
21.875	46.5	-0.0202991420736784
22.125	46.5	-0.0167689538952668
22.375	46.5	-0.0121881389975364
22.625	46.5	-0.00613927023648432
22.875	46.5	0.00194170670297285
23.125	46.5	0.0128039888676611
23.375	46.5	0.0274217899917818
23.625	46.5	0.0470288548966788
23.875	46.5	0.0731368908082307
24.125	46.5	0.10751772887
24.375	46.5	0.152097016952754
24.625	46.5	0.208641815468073
24.875	46.5	0.278092794392921
25.125	46.5	0.359572655006294
25.375	46.5	0.449573468292813
25.625	46.5	0.542177303109389
25.875	46.5	0.63066718195618
26.125	46.5	0.709666615137474
26.375	46.5	0.776413957896072
26.625	46.5	0.830638122415643
26.875	46.5	0.873605617197695
27.125	46.5	0.907150551609773
27.375	46.5	0.933087668768948
27.625	46.5	0.952990514080554
27.875	46.5	0.968162674118232
28.125	46.5	0.979666557914634
28.375	46.5	0.988354786840042
28.625	46.5	0.994897427285347
28.875	46.5	0.999810066330231
29.125	46.5	1.00348383253727
29.375	46.5	1.00621419011859
29.625	46.5	1.00822511746439
29.875	46.5	1.00968742360331
30.125	46.5	1.01073191980618
30.375	46.5	1.01145891587339
30.625	46.5	1.01194531927672
30.875	46.5	1.01225011716094
31.125	46.5	1.0124186382906
31.375	46.5	1.01248582206246
31.625	46.5	1.01247868268295
31.875	46.5	1.0124181496498
32.125	46.5	1.01232044506113
32.375	46.5	1.01219812350352
32.625	46.5	1.01206086512438
32.875	46.5	1.01191608560739
33.125	46.5	1.01176940878896
33.375	46.5	1.01162503573339
33.625	46.5	1.01148603562505
33.875	46.5	1.01135457746042
34.125	46.5	1.0112321166429
34.375	46.5	1.01111954689002
34.625	46.5	1.01101732511325
34.875	46.5	1.01092557491156
35.125	46.5	1.01084417285325
35.375	46.5	1.01077282066291
35.625	46.5	1.01071110567182
35.875	46.5	1.01065855134586
36.125	46.5	1.0106146593104
36.375	46.5	1.01057894400132
36.625	46.5	1.01055096084854
36.875	46.5	1.01053032872182
37.125	46.5	1.01051674721997
37.375	46.5	1.01051000925379
0.125	47.5	-0.0636328039092262
0.375	47.5	-0.0636260193848002
0.625	47.5	-0.0636124401701561
0.875	47.5	-0.0635920459453703
1.125	47.5	-0.0635648062596803
1.375	47.5	-0.0635306805663467
1.625	47.5	-0.0634896182689895
1.875	47.5	-0.0634415587792735
2.125	47.5	-0.0633864315857812
2.375	47.5	-0.0633241563338822
2.625	47.5	-0.0632546429163805
2.875	47.5	-0.0631777915746867
3.125	47.5	-0.0630934930102308
3.375	47.5	-0.0630016285057962
3.625	47.5	-0.0629020700564257
3.875	47.5	-0.0627946805095184
4.125	47.5	-0.0626793137137046
4.375	47.5	-0.0625558146760583
4.625	47.5	-0.0624240197271739
4.875	47.5	-0.0622837566936054
5.125	47.5	-0.0621348450771346
5.375	47.5	-0.06197709624031
5.625	47.5	-0.0618103135976698
5.875	47.5	-0.0616342928120415
6.125	47.5	-0.0614488219952848
6.375	47.5	-0.0612536819128226
6.625	47.5	-0.0610486461912903
6.875	47.5	-0.0608334815286205
7.125	47.5	-0.0606079479058624
7.375	47.5	-0.0603717988000334
7.625	47.5	-0.0601247813972937
7.875	47.5	-0.0598666368057383
8.125	47.5	-0.059597100267111
8.375	47.5	-0.059315901366761
8.625	47.5	-0.0590227642411829
8.875	47.5	-0.0587174077825145
9.125	47.5	-0.0583995458394077
9.375	47.5	-0.0580688874137436
9.625	47.5	-0.0577251368527293
9.875	47.5	-0.0573679940360019
10.125	47.5	-0.0569971545574599
10.375	47.5	-0.0566123099016697
10.625	47.5	-0.0562131476148305
10.875	47.5	-0.0557993514704544
11.125	47.5	-0.0553706016301137
11.375	47.5	-0.0549265747998347
11.625	47.5	-0.0544669443829633
11.875	47.5	-0.053991380630606
12.125	47.5	-0.0534995507910263
12.375	47.5	-0.0529911192596498
12.625	47.5	-0.0524657477315345
12.875	47.5	-0.0519230953582348
13.125	47.5	-0.0513628189107814
13.375	47.5	-0.05078457294979
13.625	47.5	-0.0501880100021292
13.875	47.5	-0.0495727807404942
14.125	47.5	-0.0489385341566847
14.375	47.5	-0.0482849177097581
14.625	47.5	-0.0476115774140163
14.875	47.5	-0.0469181578049556
15.125	47.5	-0.0462043016775642
15.375	47.5	-0.0454696494208116
15.625	47.5	-0.0447138376594187
15.875	47.5	-0.043936496735216
16.125	47.5	-0.0431372462788577
16.375	47.5	-0.0423156876821833
16.625	47.5	-0.0414713915966565
16.875	47.5	-0.0406038775249219
17.125	47.5	-0.0397125809468862
17.375	47.5	-0.0387968009403355
17.625	47.5	-0.0378556174928236
17.875	47.5	-0.0368877620325451
18.125	47.5	-0.0358914162267904
18.375	47.5	-0.0348639015107752
18.625	47.5	-0.0338012032817969
18.875	47.5	-0.032697246664594
19.125	47.5	-0.0315428017206279
19.375	47.5	-0.0303238402558242
19.625	47.5	-0.0290190879261934
19.875	47.5	-0.0275964067021148
20.125	47.5	-0.0260074955027781
20.375	47.5	-0.024180202930564
20.625	47.5	-0.0220075012886864
20.875	47.5	-0.0193318822942386
21.125	47.5	-0.0159236345858568
21.375	47.5	-0.0114512369813698
21.625	47.5	-0.00544213787292889
21.875	47.5	0.00276713596461737
22.125	47.5	0.0140906053700902
22.375	47.5	0.0297568091136534
22.625	47.5	0.051363069112139
22.875	47.5	0.0808904722371764
23.125	47.5	0.120622670445401
23.375	47.5	0.172866066005759
23.625	47.5	0.239323945244001
23.875	47.5	0.320051703211151
24.125	47.5	0.41231521691637
24.375	47.5	0.510262903584992
24.625	47.5	0.606252915624889
24.875	47.5	0.693371788598595
25.125	47.5	0.767447689941417
25.375	47.5	0.827402430452043
25.625	47.5	0.87431498361855
25.875	47.5	0.910229469725949
26.125	47.5	0.937339017415081
26.375	47.5	0.957609875640614
26.625	47.5	0.972671875337444
26.875	47.5	0.983820495202791
27.125	47.5	0.992055712242498
27.375	47.5	0.998131911203323
27.625	47.5	1.00260932299931
27.875	47.5	1.00590090886965
28.125	47.5	1.00831087027787
28.375	47.5	1.01006387985683
28.625	47.5	1.01132632390573
28.875	47.5	1.01222162343486
29.125	47.5	1.01284144863439
29.375	47.5	1.01325405459421
29.625	47.5	1.01351049002881
29.875	47.5	1.01364917460075
30.125	47.5	1.01369922956606
30.375	47.5	1.01368288438186
30.625	47.5	1.01361721998154
30.875	47.5	1.01351544296661
31.125	47.5	1.0133878257839
31.375	47.5	1.01324240441441
31.625	47.5	1.01308549708623
31.875	47.5	1.01292209020544
32.125	47.5	1.01275612620666
32.375	47.5	1.01259071949149
32.625	47.5	1.01242831993054
32.875	47.5	1.01227083821521
33.125	47.5	1.01211974345079
33.375	47.5	1.01197614052492
33.625	47.5	1.01184083270026
33.875	47.5	1.0117143733512
34.125	47.5	1.01159710963992
34.375	47.5	1.01148922010109
34.625	47.5	1.01139074750183
34.875	47.5	1.01130162790959
35.125	47.5	1.01122171659357
35.375	47.5	1.0111508111712
35.625	47.5	1.01108867226744
35.875	47.5	1.01103504185879
36.125	47.5	1.01098965941368
36.375	47.5	1.01095227590296
36.625	47.5	1.0109226657318
36.875	47.5	1.01090063663053
37.125	47.5	1.01088603753322
37.375	47.5	1.01087876446667
0.125	48.5	-0.0611902047381187
0.375	48.5	-0.0611824219657783
0.625	48.5	-0.0611668471431056
0.875	48.5	-0.0611434617224454
1.125	48.5	-0.0611122379031046
1.375	48.5	-0.0610731386562054
1.625	48.5	-0.0610261177576614
1.875	48.5	-0.06097111982914
2.125	48.5	-0.0609080803868402
2.375	48.5	-0.0608369258978759
2.625	48.5	-0.060757573844025
2.875	48.5	-0.060669932792562
3.125	48.5	-0.0605739024738598
3.375	48.5	-0.0604693738654124
3.625	48.5	-0.0603562292818873
3.875	48.5	-0.0602343424707839
4.125	48.5	-0.0601035787132337
4.375	48.5	-0.0599637949294382
4.625	48.5	-0.0598148397882036
4.875	48.5	-0.0596565538199898
5.125	48.5	-0.059488769532855
5.375	48.5	-0.0593113115306322
5.625	48.5	-0.0591239966326334
5.875	48.5	-0.0589266339941321
6.125	48.5	-0.0587190252268356
6.375	48.5	-0.0585009645185157
6.625	48.5	-0.0582722387509198
6.875	48.5	-0.0580326276150403
7.125	48.5	-0.0577819037227735
7.375	48.5	-0.0575198327139533
7.625	48.5	-0.0572461733576954
7.875	48.5	-0.0569606776469434
8.125	48.5	-0.0566630908850585
8.375	48.5	-0.056353151763245
8.625	48.5	-0.0560305924275508
8.875	48.5	-0.0556951385341331
9.125	48.5	-0.0553465092914251
9.375	48.5	-0.0549844174877941
9.625	48.5	-0.0546085695032219
9.875	48.5	-0.0542186653034872
10.125	48.5	-0.0538143984152737
10.375	48.5	-0.0533954558805683
10.625	48.5	-0.0529615181886523
10.875	48.5	-0.0525122591839161
11.125	48.5	-0.0520473459476434
11.375	48.5	-0.0515664386517934
11.625	48.5	-0.0510691903826425
11.875	48.5	-0.0505552469318923
12.125	48.5	-0.0500242465524521
12.375	48.5	-0.0494758196754408
12.625	48.5	-0.0489095885838718
12.875	48.5	-0.0483251670366848
13.125	48.5	-0.0477221598338088
13.375	48.5	-0.0471001623080082
13.625	48.5	-0.0464587597211386
13.875	48.5	-0.0457975265290931
14.125	48.5	-0.0451160254579012
14.375	48.5	-0.0444138062979164
14.625	48.5	-0.0436904042654002
14.875	48.5	-0.0429453376877255
15.125	48.5	-0.0421781046186637
15.375	48.5	-0.0413881777502178
15.625	48.5	-0.0405749966044262
15.875	48.5	-0.0397379553797285
16.125	48.5	-0.0388763838628256
16.375	48.5	-0.0379895172983154
16.625	48.5	-0.0370764487259505
16.875	48.5	-0.0361360535755162
17.125	48.5	-0.035166870530317
17.375	48.5	-0.0341669137398647
17.625	48.5	-0.0331333777406118
17.875	48.5	-0.0320621754900165
18.125	48.5	-0.0309472181400487
18.375	48.5	-0.0297792973467152
18.625	48.5	-0.0285443595600574
18.875	48.5	-0.0272208564131985
19.125	48.5	-0.0257757018773775
19.375	48.5	-0.0241581470703988
19.625	48.5	-0.0222905761613761
19.875	48.5	-0.0200548114266791
20.125	48.5	-0.0172719847290452
20.375	48.5	-0.0136734199400583
20.625	48.5	-0.00885941141430593
20.875	48.5	-0.00224263818433796
21.125	48.5	0.00702596046519547
21.375	48.5	0.0201470390336506
21.625	48.5	0.0387666715412417
21.875	48.5	0.0650415281523664
22.125	48.5	0.10160481448625
22.375	48.5	0.151305346110996
22.625	48.5	0.216540391400947
22.875	48.5	0.298064046914859
23.125	48.5	0.393543729362331
23.375	48.5	0.496861609530414
23.625	48.5	0.599347979340473
23.875	48.5	0.692730009189822
24.125	48.5	0.771777560174169
24.375	48.5	0.834969175855503
24.625	48.5	0.883466976124128
24.875	48.5	0.919681665793248
25.125	48.5	0.946247905510385
25.375	48.5	0.965521492431991
25.625	48.5	0.979415609334837
25.875	48.5	0.989400994369769
26.125	48.5	0.996570159243528
26.375	48.5	1.00171763142273
26.625	48.5	1.00541447772182
26.875	48.5	1.00806894726126
27.125	48.5	1.00997235196856
27.375	48.5	1.01133252344026
27.625	48.5	1.01229787153067
27.875	48.5	1.01297461498092
28.125	48.5	1.01343907624354
28.375	48.5	1.01374639892615
28.625	48.5	1.01393668830667
28.875	48.5	1.01403932372637
29.125	48.5	1.01407599407431
29.375	48.5	1.01406284743341
29.625	48.5	1.01401202315077
29.875	48.5	1.01393274810989
30.125	48.5	1.01383212206245
30.375	48.5	1.01371568011136
30.625	48.5	1.01358779576605
30.875	48.5	1.01345197038333
31.125	48.5	1.01331104178701
31.375	48.5	1.01316733529324
31.625	48.5	1.01302277354116
31.875	48.5	1.01287895677775
32.125	48.5	1.0127372219609
32.375	48.5	1.01259868674117
32.625	48.5	1.01246428272981
32.875	48.5	1.01233478125337
33.125	48.5	1.01221081390347
33.375	48.5	1.01209288953075
33.625	48.5	1.01198140884238
33.875	48.5	1.01187667740009
34.125	48.5	1.01177891754758
34.375	48.5	1.01168827959936
34.625	48.5	1.01160485248032
34.875	48.5	1.01152867390398
35.125	48.5	1.011459740107
35.375	48.5	1.01139801511187
35.625	48.5	1.01134343946107
35.875	48.5	1.01129593835152
36.125	48.5	1.01125542909229
36.375	48.5	1.01122182781006
36.625	48.5	1.0111950553319
36.875	48.5	1.01117504218362
37.125	48.5	1.01116173265116
37.375	48.5	1.01115508786312
0.125	49.5	-0.0588836527714525
0.375	49.5	-0.0588749863624372
0.625	49.5	-0.0588576449683951
0.875	49.5	-0.0588316114427897
1.125	49.5	-0.0587968600795012
1.375	49.5	-0.0587533566291443
1.625	49.5	-0.0587010583206533
1.875	49.5	-0.0586399138879839
2.125	49.5	-0.0585698636017475
2.375	49.5	-0.0584908393055527
2.625	49.5	-0.0584027644567894
2.875	49.5	-0.0583055541715505
3.125	49.5	-0.0581991152733478
3.375	49.5	-0.0580833463452331
3.625	49.5	-0.0579581377848983
3.875	49.5	-0.0578233718622782
4.125	49.5	-0.0576789227791383
4.375	49.5	-0.0575246567300799
4.625	49.5	-0.0573604319643452
4.875	49.5	-0.0571860988477555
5.125	49.5	-0.057001499924062
5.375	49.5	-0.05680646997493
5.625	49.5	-0.0566008360777232
5.875	49.5	-0.0563844176601875
6.125	49.5	-0.0561570265510708
6.375	49.5	-0.0559184670256483
6.625	49.5	-0.0556685358450424
6.875	49.5	-0.0554070222881524
7.125	49.5	-0.0551337081749221
7.375	49.5	-0.054848367879585
7.625	49.5	-0.0545507683324318
7.875	49.5	-0.0542406690085326
8.125	49.5	-0.05391782190174
8.375	49.5	-0.0535819714821694
8.625	49.5	-0.0532328546352215
8.875	49.5	-0.0528702005800651
9.125	49.5	-0.0524937307653357
9.375	49.5	-0.0521031587396254
9.625	49.5	-0.0516981899941431
9.875	49.5	-0.0512785217746953
10.125	49.5	-0.0508438428598948
10.375	49.5	-0.0503938333022114
10.625	49.5	-0.0499281641281455
10.875	49.5	-0.0494464969933995
11.125	49.5	-0.0489484837884264
11.375	49.5	-0.0484337661890961
11.625	49.5	-0.0479019751463817
11.875	49.5	-0.0473527303078003
12.125	49.5	-0.0467856393616642
12.375	49.5	-0.0462002972927004
12.625	49.5	-0.0455962855337749
12.875	49.5	-0.0449731709924944
13.125	49.5	-0.0443305049220043
13.375	49.5	-0.0436678215901545
13.625	49.5	-0.0429846366767871
13.875	49.5	-0.0422804452893713
14.125	49.5	-0.0415547194231168
14.375	49.5	-0.0408069045877293
14.625	49.5	-0.0400364151544265
14.875	49.5	-0.0392426277039931
15.125	49.5	-0.038424871215842
15.375	49.5	-0.0375824122275417
15.625	49.5	-0.0367144319522398
15.875	49.5	-0.0358199905112938
16.125	49.5	-0.0348979705163527
16.375	49.5	-0.0339469875830188
16.625	49.5	-0.0329652479827418
16.875	49.5	-0.0319503219948634
17.125	49.5	-0.0308987832181929
17.375	49.5	-0.0298056354766135
17.625	49.5	-0.0286634044315445
17.875	49.5	-0.0274607022055008
18.125	49.5	-0.0261799677738017
18.375	49.5	-0.0247939254775597
18.625	49.5	-0.023260063161233
18.875	49.5	-0.0215120757288625
19.125	49.5	-0.0194467070877519
19.375	49.5	-0.0169037114858137
19.625	49.5	-0.0136357287146932
19.875	49.5	-0.00926380691242233
20.125	49.5	-0.0032134504209828
20.375	49.5	0.00537363598865254
20.625	49.5	0.0177532647283725
20.875	49.5	0.0357074528661962
21.125	49.5	0.0616498384967898
21.375	49.5	0.0986151939217783
21.625	49.5	0.149957305271935
21.875	49.5	0.218511421375438
22.125	49.5	0.305085715053699
22.375	49.5	0.40670209750822
22.625	49.5	0.51592593525596
22.875	49.5	0.622680846026606
23.125	49.5	0.717934092016149
23.375	49.5	0.796566472479145
23.625	49.5	0.857697782272501
23.875	49.5	0.903230022255803
24.125	49.5	0.93617849687021
24.375	49.5	0.959584814487692
24.625	49.5	0.97603050310097
24.875	49.5	0.987519010183387
25.125	49.5	0.995526907470038
25.375	49.5	1.00110953073308
25.625	49.5	1.00500765352543
25.875	49.5	1.00773595243075
26.125	49.5	1.00965009785077
26.375	49.5	1.01099534593211
26.625	49.5	1.0119408498216
26.875	49.5	1.01260351606244
27.125	49.5	1.01306442661209
27.375	49.5	1.01338007731968
27.625	49.5	1.01359005317705
27.875	49.5	1.01372227461019
28.125	49.5	1.01379659182797
28.375	49.5	1.01382725337987
28.625	49.5	1.01382460492081
28.875	49.5	1.01379626043575
29.125	49.5	1.01374791169781
29.375	49.5	1.01368388952592
29.625	49.5	1.01360755441806
29.875	49.5	1.0135215693908
30.125	49.5	1.01342809103299
30.375	49.5	1.01332890346207
30.625	49.5	1.01322551226673
30.875	49.5	1.01311921036158
31.125	49.5	1.01301112412937
31.375	49.5	1.01290224575189
31.625	49.5	1.01279345589676
31.875	49.5	1.01268553971087
32.125	49.5	1.01257919821732
32.375	49.5	1.0124750566114
32.625	49.5	1.01237367052247
32.875	49.5	1.01227553100079
33.125	49.5	1.0121810687632
33.375	49.5	1.0120906580653
33.625	49.5	1.0120046204444
33.875	49.5	1.01192322848434
34.125	49.5	1.01184670968415
34.375	49.5	1.01177525046062
34.625	49.5	1.01170900027695
34.875	49.5	1.01164807586271
35.125	49.5	1.01159256547185
35.375	49.5	1.01154253311399
35.625	49.5	1.01149802268817
35.875	49.5	1.01145906194665
36.125	49.5	1.01142566621753
36.375	49.5	1.01139784181941
36.625	49.5	1.01137558910702
36.875	49.5	1.01135890509382
37.125	49.5	1.01134778560602
37.375	49.5	1.01134222693081
0.125	50.5	-0.0567305355526669
0.375	50.5	-0.0567210905182355
0.625	50.5	-0.0567021924337163
0.875	50.5	-0.0566738252709598
1.125	50.5	-0.0566359649956166
1.375	50.5	-0.0565885795764781
1.625	50.5	-0.05653162899775
1.875	50.5	-0.0564650652741006
2.125	50.5	-0.0563888324682899
2.375	50.5	-0.0563028667111403
2.625	50.5	-0.0562070962235721
2.875	50.5	-0.0561014413403793
3.125	50.5	-0.0559858145353775
3.375	50.5	-0.0558601204475106
3.625	50.5	-0.0557242559074577
3.875	50.5	-0.0555781099642293
4.125	50.5	-0.0554215639111901
4.375	50.5	-0.05525449131089
4.625	50.5	-0.0550767580180285
4.875	50.5	-0.0548882221998142
5.125	50.5	-0.0546887343529174
5.375	50.5	-0.0544781373161457
5.625	50.5	-0.0542562662778993
5.875	50.5	-0.0540229487773839
6.125	50.5	-0.0537780046984702
6.375	50.5	-0.0535212462549967
6.625	50.5	-0.0532524779662144
6.875	50.5	-0.0529714966209666
7.125	50.5	-0.0526780912290747
7.375	50.5	-0.0523720429582756
7.625	50.5	-0.052053125054911
7.875	50.5	-0.0517211027464175
8.125	50.5	-0.0513757331234875
8.375	50.5	-0.0510167649995884
8.625	50.5	-0.0506439387453125
8.875	50.5	-0.0502569860948004
9.125	50.5	-0.0498556299212108
9.375	50.5	-0.0494395839779169
9.625	50.5	-0.0490085526017713
9.875	50.5	-0.0485622303743944
10.125	50.5	-0.0481003017370015
10.375	50.5	-0.0476224405537514
10.625	50.5	-0.0471283096179726
10.875	50.5	-0.0466175600948312
11.125	50.5	-0.0460898308930133
11.375	50.5	-0.0455447479566677
11.625	50.5	-0.044981923467039
11.875	50.5	-0.0444009549406258
12.125	50.5	-0.0438014242068615
12.375	50.5	-0.0431828962424847
12.625	50.5	-0.0425449178306862
12.875	50.5	-0.0418870159987392
13.125	50.5	-0.0412086961647582
13.375	50.5	-0.0405094398869283
13.625	50.5	-0.0397887020478883
13.875	50.5	-0.0390459072079912
14.125	50.5	-0.038280444699479
14.375	50.5	-0.0374916617693737
14.625	50.5	-0.0366788536472902
14.875	50.5	-0.0358412487103363
15.125	50.5	-0.0349779857707527
15.375	50.5	-0.0340880786488676
15.625	50.5	-0.0331703601738303
15.875	50.5	-0.0322233928721886
16.125	50.5	-0.0312453257349764
16.375	50.5	-0.0302336638115169
16.625	50.5	-0.0291848971402835
16.875	50.5	-0.028093903258935
17.125	50.5	-0.0269529863154278
17.375	50.5	-0.0257503349200976
17.625	50.5	-0.0244675539542719
17.875	50.5	-0.0230757279419139
18.125	50.5	-0.0215291691533659
18.375	50.5	-0.0197555415119653
18.625	50.5	-0.0176403654493637
18.875	50.5	-0.015002926582589
19.125	50.5	-0.0115592902735421
19.375	50.5	-0.00686656015188357
19.625	50.5	-0.000241216006713018
19.875	50.5	0.00935514304285037
20.125	50.5	0.0234632373411751
20.375	50.5	0.0442875422815169
20.625	50.5	0.0748050684509778
20.875	50.5	0.118664621638845
21.125	50.5	0.179600063470622
21.375	50.5	0.260053960256723
21.625	50.5	0.359087111189378
21.875	50.5	0.47068248656428
22.125	50.5	0.584418910767217
22.375	50.5	0.689156276899753
22.625	50.5	0.777231763212508
22.875	50.5	0.846077954036933
23.125	50.5	0.897067994818231
23.375	50.5	0.933451882767674
23.625	50.5	0.958789776390661
23.875	50.5	0.976174821418644
24.125	50.5	0.988006332819612
24.375	50.5	0.996030828606374
24.625	50.5	1.00147296216109
24.875	50.5	1.0051725392382
25.125	50.5	1.00769798715376
25.375	50.5	1.00943128673337
25.625	50.5	1.01062826742799
25.875	50.5	1.01146014250304
26.125	50.5	1.01204162215591
26.375	50.5	1.01244975236504
26.625	50.5	1.01273647301522
26.875	50.5	1.01293697001341
27.125	50.5	1.01307522714493
27.375	50.5	1.01316771883474
27.625	50.5	1.01322587010545
27.875	50.5	1.01325769905267
28.125	50.5	1.01326891661698
28.375	50.5	1.01326366523472
28.625	50.5	1.01324501642749
28.875	50.5	1.01321530690385
29.125	50.5	1.01317636610696
29.375	50.5	1.01312967055666
29.625	50.5	1.01307644866787
29.875	50.5	1.01301775195418
30.125	50.5	1.01295450333381
30.375	50.5	1.01288752978663
30.625	50.5	1.01281758429054
30.875	50.5	1.01274536041085
31.125	50.5	1.0126715018676
31.375	50.5	1.01259660869439
31.625	50.5	1.01252124111561
31.875	50.5	1.01244592193251
32.125	50.5	1.01237113797525
32.375	50.5	1.01229734101363
32.625	50.5	1.0122249484023
32.875	50.5	1.01215434365198
33.125	50.5	1.0120858770563
33.375	50.5	1.01201986645755
33.625	50.5	1.01195659819987
33.875	50.5	1.01189632829126
34.125	50.5	1.01183928377562
34.375	50.5	1.01178566429985
34.625	50.5	1.0117356438495
34.875	50.5	1.01168937261764
35.125	50.5	1.01164697896573
35.375	50.5	1.0116085714317
35.625	50.5	1.01157424073887
35.875	50.5	1.01154406175904
36.125	50.5	1.01151809538504
36.375	50.5	1.01149639027024
36.625	50.5	1.01147898439615
36.875	50.5	1.01146590643381
37.125	50.5	1.01145717686933
37.375	50.5	1.01145280886958
0.125	51.5	-0.0547467212333037
0.375	51.5	-0.0547365949057307
0.625	51.5	-0.0547163346900509
0.875	51.5	-0.0546859254665712
1.125	51.5	-0.0546453445591517
1.375	51.5	-0.0545945617391785
1.625	51.5	-0.0545335392306762
1.875	51.5	-0.0544622317164054
2.125	51.5	-0.0543805863447439
2.375	51.5	-0.054288542737116
2.625	51.5	-0.0541860329956846
2.875	51.5	-0.054072981710979
3.125	51.5	-0.0539493059690857
3.375	51.5	-0.0538149153579806
3.625	51.5	-0.0536697119725322
3.875	51.5	-0.0535135904176519
4.125	51.5	-0.0533464378090149
4.375	51.5	-0.0531681337707118
4.625	51.5	-0.052978550429135
4.875	51.5	-0.052777552402328
5.125	51.5	-0.0525649967839611
5.375	51.5	-0.0523407331210208
5.625	51.5	-0.0521046033842158
5.875	51.5	-0.0518564419300158
6.125	51.5	-0.051596075453137
6.375	51.5	-0.0513233229281877
6.625	51.5	-0.0510379955390693
6.875	51.5	-0.0507398965946021
7.125	51.5	-0.0504288214287078
7.375	51.5	-0.0501045572833292
7.625	51.5	-0.049766883172097
7.875	51.5	-0.0494155697225665
8.125	51.5	-0.0490503789946398
8.375	51.5	-0.0486710642725566
8.625	51.5	-0.0482773698275819
8.875	51.5	-0.0478690306482229
9.125	51.5	-0.0474457721344805
9.375	51.5	-0.0470073097522625
9.625	51.5	-0.0465533486436547
9.875	51.5	-0.0460835831882434
10.125	51.5	-0.0455976965100793
10.375	51.5	-0.045095359924149
10.625	51.5	-0.0445762323153082
10.875	51.5	-0.0440399594414534
11.125	51.5	-0.0434861731511303
11.375	51.5	-0.0429144905035705
11.625	51.5	-0.0423245127759482
11.875	51.5	-0.0417158243378524
12.125	51.5	-0.041087991365566
12.375	51.5	-0.0404405603570817
12.625	51.5	-0.0397730563900854
12.875	51.5	-0.0390849810348495
13.125	51.5	-0.038375809784479
13.375	51.5	-0.0376449887837271
13.625	51.5	-0.0368919305038628
13.875	51.5	-0.0361160077906375
14.125	51.5	-0.0353165453489426
14.375	51.5	-0.0344928071288055
14.625	51.5	-0.0336439770914286
14.875	51.5	-0.0327691292135129
15.125	51.5	-0.0318671799297137
15.375	51.5	-0.0309368118613257
15.625	51.5	-0.0299763505726393
15.875	51.5	-0.028983564521459
16.125	51.5	-0.0279553395723012
16.375	51.5	-0.0268871490105924
16.625	51.5	-0.0257721909141696
16.875	51.5	-0.0245999859046445
17.125	51.5	-0.0233541023221907
17.375	51.5	-0.022008475837559
17.625	51.5	-0.0205214756264542
17.875	51.5	-0.0188263795469912
18.125	51.5	-0.0168161731514285
18.375	51.5	-0.0143194792786006
18.625	51.5	-0.0110628648340857
18.875	51.5	-0.00661278362834144
19.125	51.5	-0.000288432273484571
19.375	51.5	0.00896361674464882
19.625	51.5	0.0227367272844962
19.875	51.5	0.0433561999905488
20.125	51.5	0.0740240283284398
20.375	51.5	0.118734313042243
20.625	51.5	0.181623556333565
20.875	51.5	0.265377146240372
21.125	51.5	0.368790748980239
21.375	51.5	0.484882811499882
21.625	51.5	0.601932862206222
21.875	51.5	0.7079453513468
22.125	51.5	0.795274772867519
22.375	51.5	0.861989560869856
22.625	51.5	0.91022247328034
22.875	51.5	0.943801146967505
23.125	51.5	0.966613852515526
23.375	51.5	0.981885755925883
23.625	51.5	0.992029822979696
23.875	51.5	0.998748719349089
24.125	51.5	1.00320305256062
24.375	51.5	1.00616778924073
24.625	51.5	1.00815416726324
24.875	51.5	1.00949717785486
25.125	51.5	1.01041560658263
25.375	51.5	1.01105220668725
25.625	51.5	1.01150018533365
25.875	51.5	1.01182051904293
26.125	51.5	1.01205322208256
26.375	51.5	1.01222466430777
26.625	51.5	1.01235232129332
26.875	51.5	1.01244785966319
27.125	51.5	1.01251914378632
27.375	51.5	1.01257154329532
27.625	51.5	1.01260878683996
27.875	51.5	1.01263352083433
28.125	51.5	1.01264767599732
28.375	51.5	1.01265270834328
28.625	51.5	1.01264975792344
28.875	51.5	1.01263975351131
29.125	51.5	1.01262348164148
29.375	51.5	1.01260163206304
29.625	51.5	1.01257482753786
29.875	51.5	1.01254364321838
30.125	51.5	1.0125086190745
30.375	51.5	1.01247026767951
30.625	51.5	1.01242907890225
30.875	51.5	1.01238552254749
31.125	51.5	1.01234004965234
31.375	51.5	1.01229309292246
31.625	51.5	1.01224506664208
31.875	51.5	1.01219636628944
32.125	51.5	1.0121473680191
32.375	51.5	1.01209842812369
32.625	51.5	1.01204988255242
32.875	51.5	1.01200204653866
33.125	51.5	1.0119552143694
33.375	51.5	1.01190965931544
33.625	51.5	1.01186563372921
33.875	51.5	1.01182336930881
34.125	51.5	1.01178307751906
34.375	51.5	1.01174495015504
34.625	51.5	1.01170916002906
34.875	51.5	1.01167586175861
35.125	51.5	1.01164519263045
35.375	51.5	1.01161727351481
35.625	51.5	1.01159220980258
35.875	51.5	1.0115700923391
36.125	51.5	1.01155099832833
36.375	51.5	1.01153499218329
36.625	51.5	1.01152212629986
36.875	51.5	1.01151244173425
37.125	51.5	1.01150596876634
37.375	51.5	1.01150272733514
0.125	52.5	-0.0529465725968124
0.375	52.5	-0.0529358560315409
0.625	52.5	-0.052914415718508
0.875	52.5	-0.0528822372928473
1.125	52.5	-0.0528392992075056
1.375	52.5	-0.0527855727334375
1.625	52.5	-0.0527210219596889
1.875	52.5	-0.0526456037932217
2.125	52.5	-0.0525592679582897
2.375	52.5	-0.0524619569951373
2.625	52.5	-0.0523536062577481
2.875	52.5	-0.0522341439103336
3.125	52.5	-0.0521034909222022
3.375	52.5	-0.0519615610606062
3.625	52.5	-0.0518082608811153
3.875	52.5	-0.0516434897150124
4.125	52.5	-0.0514671396531554
4.375	52.5	-0.0512790955256888
4.625	52.5	-0.0510792348769287
4.875	52.5	-0.0508674279346802
5.125	52.5	-0.0506435375731759
5.375	52.5	-0.0504074192687463
5.625	52.5	-0.0501589210472496
5.875	52.5	-0.0498978834222028
6.125	52.5	-0.0496241393224571
6.375	52.5	-0.0493375140081536
6.625	52.5	-0.0490378249735814
6.875	52.5	-0.0487248818354304
7.125	52.5	-0.0483984862047926
7.375	52.5	-0.0480584315411096
7.625	52.5	-0.0477045029860909
7.875	52.5	-0.0473364771754424
8.125	52.5	-0.046954122026029
8.375	52.5	-0.0465571964958573
8.625	52.5	-0.0461454503139972
8.875	52.5	-0.0457186236772613
9.125	52.5	-0.0452764469101135
9.375	52.5	-0.0448186400838819
9.625	52.5	-0.0443449125908822
9.875	52.5	-0.0438549626684972
10.125	52.5	-0.043348476867572
10.375	52.5	-0.0428251294586001
10.625	52.5	-0.0422845817680259
10.875	52.5	-0.0417264814353864
11.125	52.5	-0.0411504615797343
11.375	52.5	-0.0405561398603781
11.625	52.5	-0.0399431174117564
11.875	52.5	-0.0393109776240328
12.125	52.5	-0.0386592847277977
12.375	52.5	-0.0379875821197819
12.625	52.5	-0.0372953903312125
12.875	52.5	-0.0365822044821906
13.125	52.5	-0.0358474909688864
13.375	52.5	-0.0350906829699375
13.625	52.5	-0.0343111740917991
13.875	52.5	-0.0335083090296687
14.125	52.5	-0.0326813693847015
14.375	52.5	-0.0318295515575503
14.625	52.5	-0.0309519316165589
14.875	52.5	-0.0300474086965139
15.125	52.5	-0.0291146129689894
15.375	52.5	-0.0281517551461212
15.625	52.5	-0.0271563795685403
15.875	52.5	-0.0261249585042184
16.125	52.5	-0.0250522253977761
16.375	52.5	-0.0239300798901252
16.625	52.5	-0.0227457921911444
16.875	52.5	-0.0214790646480563
17.125	52.5	-0.020097236374717
17.375	52.5	-0.018547485014918
17.625	52.5	-0.0167442035242578
17.875	52.5	-0.0145486935569817
18.125	52.5	-0.0117367854817538
18.375	52.5	-0.00794787711798335
18.625	52.5	-0.00260633945716925
18.875	52.5	0.00519575285087332
19.125	52.5	0.0168638817087083
19.375	52.5	0.0345100381465815
19.625	52.5	0.0611580871060959
19.875	52.5	0.100798071377147
20.125	52.5	0.157969948943767
20.375	52.5	0.236410114033714
20.625	52.5	0.336558207703442
20.875	52.5	0.452946964667665
21.125	52.5	0.574093837261763
21.375	52.5	0.686584025616817
21.625	52.5	0.780694071278632
21.875	52.5	0.853013969159236
22.125	52.5	0.905184981300695
22.375	52.5	0.941206168275141
22.625	52.5	0.965373114090435
22.875	52.5	0.981303606365796
23.125	52.5	0.991703135361878
23.375	52.5	0.998465067665123
23.625	52.5	1.00286384010369
23.875	52.5	1.00573758876831
24.125	52.5	1.00762995441134
24.375	52.5	1.00889074772097
24.625	52.5	1.0097440834983
24.875	52.5	1.0103332659355
25.125	52.5	1.01074989628174
25.375	52.5	1.01105257711943
25.625	52.5	1.0112788699199
25.875	52.5	1.0114529192475
26.125	52.5	1.01159030884703
26.375	52.5	1.0117011545492
26.625	52.5	1.01179207547672
26.875	52.5	1.0118674517539
27.125	52.5	1.01193022810263
27.375	52.5	1.01198242808851
27.625	52.5	1.01202548372178
27.875	52.5	1.0120604470154
28.125	52.5	1.01208812592242
28.375	52.5	1.01210917171805
28.625	52.5	1.01212413512658
28.875	52.5	1.012133502276
29.125	52.5	1.01213771759731
29.375	52.5	1.01213719825279
29.625	52.5	1.01213234305502
29.875	52.5	1.01212353779837
30.125	52.5	1.01211115825474
30.375	52.5	1.01209557165374
30.625	52.5	1.01207713718773
30.875	52.5	1.01205620590064
31.125	52.5	1.01203312020087
31.375	52.5	1.01200821316079
31.625	52.5	1.01198180771372
31.875	52.5	1.01195421582449
32.125	52.5	1.01192573768655
32.375	52.5	1.01189666098146
32.625	52.5	1.01186726022549
32.875	52.5	1.01183779621892
33.125	52.5	1.01180851560696
33.375	52.5	1.01177965055625
33.625	52.5	1.01175141854636
33.875	52.5	1.01172402227216
34.125	52.5	1.01169764965027
34.375	52.5	1.01167247392015
34.625	52.5	1.01164865382849
34.875	52.5	1.01162633388429
35.125	52.5	1.01160564467038
35.375	52.5	1.01158670319719
35.625	52.5	1.01156961328367
35.875	52.5	1.01155446595048
36.125	52.5	1.01154133981137
36.375	52.5	1.01153030144872
36.625	52.5	1.01152140576094
36.875	52.5	1.01151469627031
37.125	52.5	1.01151020538146
37.375	52.5	1.01150795458247
0.125	53.5	-0.0513429398022872
0.375	53.5	-0.0513317187792864
0.625	53.5	-0.051309269871632
0.875	53.5	-0.0512755793553605
1.125	53.5	-0.0512306266428493
1.375	53.5	-0.051174384280714
1.625	53.5	-0.0511068179468495
1.875	53.5	-0.0510278864464819
2.125	53.5	-0.0509375417070619
2.375	53.5	-0.0508357287717953
2.625	53.5	-0.0507223857915667
2.875	53.5	-0.0505974440149813
3.125	53.5	-0.0504608277762044
3.375	53.5	-0.0503124544802421
3.625	53.5	-0.0501522345852591
3.875	53.5	-0.0499800715814843
4.125	53.5	-0.0497958619662103
4.375	53.5	-0.0495994952143373
4.625	53.5	-0.0493908537438608
4.875	53.5	-0.0491698128756443
5.125	53.5	-0.0489362407867571
5.375	53.5	-0.0486899984565878
5.625	53.5	-0.0484309396048716
5.875	53.5	-0.0481589106206899
6.125	53.5	-0.04787375048142
6.375	53.5	-0.0475752906605164
6.625	53.5	-0.0472633550229057
6.875	53.5	-0.0469377597066609
7.125	53.5	-0.0465983129895062
7.375	53.5	-0.0462448151385591
7.625	53.5	-0.0458770582415755
7.875	53.5	-0.0454948260177934
8.125	53.5	-0.0450978936062924
8.375	53.5	-0.044686027329572
8.625	53.5	-0.0442589844298222
8.875	53.5	-0.0438165127750885
9.125	53.5	-0.0433583505322295
9.375	53.5	-0.042884225803194
9.625	53.5	-0.0423938562207042
9.875	53.5	-0.0418869484988699
10.125	53.5	-0.0413631979335281
10.375	53.5	-0.0408222878461094
10.625	53.5	-0.0402638889634135
10.875	53.5	-0.0396876587235733
11.125	53.5	-0.0390932404952583
11.375	53.5	-0.0384802626920627
11.625	53.5	-0.0378483377558064
11.875	53.5	-0.0371970609690242
12.125	53.5	-0.0365260090347114
12.375	53.5	-0.0358347383244602
12.625	53.5	-0.0351227826344943
12.875	53.5	-0.0343896501860369
13.125	53.5	-0.0336348194339237
13.375	53.5	-0.0328577329585975
13.625	53.5	-0.0320577882335455
13.875	53.5	-0.0312343232529623
14.125	53.5	-0.030386593657144
14.375	53.5	-0.0295137357481591
14.625	53.5	-0.0286147060541073
14.875	53.5	-0.0276881819007314
15.125	53.5	-0.0267323971780881
15.375	53.5	-0.0257448705118547
15.625	53.5	-0.0247219550531797
15.875	53.5	-0.0236580930656231
16.125	53.5	-0.0225445830291979
16.375	53.5	-0.0213675437675865
16.625	53.5	-0.0201045598895294
16.875	53.5	-0.0187191696270376
17.125	53.5	-0.0171518392865157
17.375	53.5	-0.0153052537392844
17.625	53.5	-0.0130204973526475
17.875	53.5	-0.0100388422992833
18.125	53.5	-0.00594131157469218
18.375	53.5	-5.52252257604571e-05
18.625	53.5	0.00868495367654795
18.875	53.5	0.0219313471370673
19.125	53.5	0.0421585832695024
19.375	53.5	0.0728666217536892
19.625	53.5	0.118536449042539
19.875	53.5	0.183912272799907
20.125	53.5	0.272093722049591
20.375	53.5	0.381534036818718
20.625	53.5	0.503803313979957
20.875	53.5	0.625207880569196
21.125	53.5	0.732531707478615
21.375	53.5	0.81830353529148
21.625	53.5	0.881663256616553
21.875	53.5	0.925895321386768
22.125	53.5	0.955620365819311
22.375	53.5	0.975117993411446
22.625	53.5	0.987725376319909
22.875	53.5	0.99581900272404
23.125	53.5	1.00100548060639
23.375	53.5	1.00433802273635
23.625	53.5	1.0064944635644
23.875	53.5	1.00790628809904
24.125	53.5	1.00884641349061
24.375	53.5	1.00948685450643
24.625	53.5	1.00993584760804
24.875	53.5	1.0102614695045
25.125	53.5	1.01050655999379
25.375	53.5	1.0106981138268
25.625	53.5	1.01085317947401
25.875	53.5	1.01098256072183
26.125	53.5	1.01109313920245
26.375	53.5	1.01118933216014
26.625	53.5	1.01127400804233
26.875	53.5	1.01134906204148
27.125	53.5	1.01141577820146
27.375	53.5	1.01147505742138
27.625	53.5	1.01152756109597
27.875	53.5	1.01157380160585
28.125	53.5	1.01161419926796
28.375	53.5	1.01164911808284
28.625	53.5	1.01167888805218
28.875	53.5	1.01170381897345
29.125	53.5	1.01172420881537
29.375	53.5	1.01174034864243
29.625	53.5	1.01175252534033
29.875	53.5	1.01176102294144
30.125	53.5	1.01176612306275
30.375	53.5	1.01176810478695
30.625	53.5	1.0117672442011
30.875	53.5	1.01176381373378
31.125	53.5	1.01175808138379
31.375	53.5	1.01175030990278
31.625	53.5	1.01174075597423
31.875	53.5	1.01172966941751
32.125	53.5	1.01171729243724
32.375	53.5	1.01170385893128
32.625	53.5	1.01168959386646
32.875	53.5	1.01167471272764
33.125	53.5	1.01165942104296
33.375	53.5	1.01164391398577
33.625	53.5	1.01162837605229
33.875	53.5	1.01161298081186
34.125	53.5	1.01159789072592
34.375	53.5	1.01158325703023
34.625	53.5	1.01156921967419
34.875	53.5	1.01155590731011
35.125	53.5	1.01154343732509
35.375	53.5	1.01153191590733
35.625	53.5	1.01152143813896
35.875	53.5	1.01151208810733
36.125	53.5	1.01150393902674
36.375	53.5	1.0114970533634
36.625	53.5	1.01149148295641
36.875	53.5	1.01148726912887
37.125	53.5	1.01148444278341
37.375	53.5	1.0114830244779
0.125	54.5	-0.0499471405672974
0.375	54.5	-0.0499354963147172
0.625	54.5	-0.0499122012236061
0.875	54.5	-0.0498772421210551
1.125	54.5	-0.0498305992451561
1.375	54.5	-0.0497722462418738
1.625	54.5	-0.0497021501607495
1.875	54.5	-0.0496202714493258
2.125	54.5	-0.0495265639461527
2.375	54.5	-0.0494209748722064
2.625	54.5	-0.0493034448205251
2.875	54.5	-0.0491739077438351
3.125	54.5	-0.0490322909399091
3.375	54.5	-0.0488785150343634
3.625	54.5	-0.0487124939605658
3.875	54.5	-0.0485341349362922
4.125	54.5	-0.0483433384367312
4.375	54.5	-0.0481399981633984
4.625	54.5	-0.0479240010084783
4.875	54.5	-0.0476952270140673
5.125	54.5	-0.0474535493257418
5.375	54.5	-0.0471988341398275
5.625	54.5	-0.0469309406436853
5.875	54.5	-0.0466497209482788
6.125	54.5	-0.0463550200122203
6.375	54.5	-0.0460466755564244
6.625	54.5	-0.0457245179684234
6.875	54.5	-0.0453883701953166
7.125	54.5	-0.0450380476242391
7.375	54.5	-0.0446733579491348
7.625	54.5	-0.0442941010225158
7.875	54.5	-0.0439000686907699
8.125	54.5	-0.0434910446114488
8.375	54.5	-0.0430668040508184
8.625	54.5	-0.0426271136597804
8.875	54.5	-0.0421717312260765
9.125	54.5	-0.0417004054004482
9.375	54.5	-0.0412128753941272
9.625	54.5	-0.0407088706446432
9.875	54.5	-0.0401881104464084
10.125	54.5	-0.039650303541777
10.375	54.5	-0.0390951476671508
10.625	54.5	-0.038522329046949
10.875	54.5	-0.0379315218254721
11.125	54.5	-0.0373223874221531
11.375	54.5	-0.0366945737882023
11.625	54.5	-0.0360477145301815
11.875	54.5	-0.0353814278451684
12.125	54.5	-0.0346953151770663
12.375	54.5	-0.0339889594445367
12.625	54.5	-0.0332619225914829
12.875	54.5	-0.0325137420433565
13.125	54.5	-0.0317439253703411
13.375	54.5	-0.0309519419839225
13.625	54.5	-0.0301372098964315
13.875	54.5	-0.029299074236788
14.125	54.5	-0.0284367719783643
14.375	54.5	-0.0275493735957164
14.625	54.5	-0.0266356861293062
14.875	54.5	-0.0256940917523851
15.125	54.5	-0.0247222786810535
15.375	54.5	-0.0237167926708534
15.625	54.5	-0.0226722900632866
15.875	54.5	-0.0215802954096557
16.125	54.5	-0.0204271386886681
16.375	54.5	-0.0191905378323418
16.625	54.5	-0.0178339521784942
16.875	54.5	-0.0162972847930605
17.125	54.5	-0.0144816417733878
17.375	54.5	-0.0122245059328252
17.625	54.5	-0.00925966523011904
17.875	54.5	-0.0051534392153495
18.125	54.5	0.000794541771961519
18.375	54.5	0.009699915577687
18.625	54.5	0.0233012888277416
18.875	54.5	0.0442130091636348
19.125	54.5	0.0761377078060781
19.375	54.5	0.123795698789136
19.625	54.5	0.192091082663045
19.875	54.5	0.283959212863604
20.125	54.5	0.397110740542392
20.375	54.5	0.521916517989059
20.625	54.5	0.643748601396599
20.875	54.5	0.749408964929111
21.125	54.5	0.83224957743188
21.375	54.5	0.892360450193402
21.625	54.5	0.933652325525804
21.875	54.5	0.961001267882544
22.125	54.5	0.978704966210364
22.375	54.5	0.990013880230198
22.625	54.5	0.99719235750534
22.875	54.5	1.00174482866571
23.125	54.5	1.00464316234005
23.375	54.5	1.00650471170167
23.625	54.5	1.00771769721301
23.875	54.5	1.00852479507785
24.125	54.5	1.00907718212204
24.375	54.5	1.00946886347744
24.625	54.5	1.00975824925045
24.875	54.5	1.00998163301525
25.125	54.5	1.01016158142972
25.375	54.5	1.01031214591714
25.625	54.5	1.01044209695155
25.875	54.5	1.01055693043471
26.125	54.5	1.01066011234877
26.375	54.5	1.01075385105446
26.625	54.5	1.01083957666081
26.875	54.5	1.01091823867353
27.125	54.5	1.01099049084693
27.375	54.5	1.0110568059698
27.625	54.5	1.01111754708949
27.875	54.5	1.01117301162464
28.125	54.5	1.01122345858508
28.375	54.5	1.01126912525281
28.625	54.5	1.01131023727922
28.875	54.5	1.01134701466419
29.125	54.5	1.01137967515659
29.375	54.5	1.01140843603966
29.625	54.5	1.01143351490558
29.875	54.5	1.01145512980005
30.125	54.5	1.01147349897755
30.375	54.5	1.01148884042049
30.625	54.5	1.01150137122088
30.875	54.5	1.011511306888
31.125	54.5	1.01151886062426
31.375	54.5	1.01152424259695
31.625	54.5	1.01152765922505
31.875	54.5	1.01152931249382
32.125	54.5	1.01152939930636
32.375	54.5	1.01152811087814
32.625	54.5	1.01152563217876
32.875	54.5	1.01152214142328
33.125	54.5	1.01151780961457
33.375	54.5	1.0115128001368
33.625	54.5	1.01150726839929
33.875	54.5	1.01150136152942
34.125	54.5	1.0114952181122
34.375	54.5	1.01148896797384
34.625	54.5	1.01148273200601
34.875	54.5	1.011476622027
35.125	54.5	1.01147074067599
35.375	54.5	1.01146518133596
35.625	54.5	1.01146002808121
35.875	54.5	1.01145535564493
36.125	54.5	1.01145122940283
36.375	54.5	1.01144770536862
36.625	54.5	1.0114448301978
36.875	54.5	1.01144264119629
37.125	54.5	1.01144116633099
37.375	54.5	1.01144042423989
0.125	55.5	-0.0487689347125047
0.375	55.5	-0.0487569444714359
0.625	55.5	-0.0487329576392386
0.875	55.5	-0.0486969615147608
1.125	55.5	-0.0486489370436725
1.375	55.5	-0.0485888588152888
1.625	55.5	-0.0485166950582408
1.875	55.5	-0.0484324076349148
2.125	55.5	-0.0483359520345538
2.375	55.5	-0.0482272773649021
2.625	55.5	-0.0481063263422457
2.875	55.5	-0.0479730352796883
3.125	55.5	-0.0478273340734731
3.375	55.5	-0.0476691461871407
3.625	55.5	-0.0474983886332881
3.875	55.5	-0.0473149719526729
4.125	55.5	-0.0471188001903788
4.375	55.5	-0.0469097708687358
4.625	55.5	-0.0466877749566599
4.875	55.5	-0.046452696835052
5.125	55.5	-0.0462044142578608
5.375	55.5	-0.04594279830839
5.625	55.5	-0.0456677133503931
5.875	55.5	-0.0453790169734695
6.125	55.5	-0.0450765599322381
6.375	55.5	-0.0447601860787255
6.625	55.5	-0.0444297322873694
6.875	55.5	-0.0440850283719919
7.125	55.5	-0.0437258969940502
7.375	55.5	-0.0433521535614245
7.625	55.5	-0.0429636061169476
7.875	55.5	-0.0425600552158251
8.125	55.5	-0.0421412937910241
8.375	55.5	-0.0417071070056313
8.625	55.5	-0.041257272091087
8.875	55.5	-0.0407915581700819
9.125	55.5	-0.0403097260627522
9.375	55.5	-0.0398115280745847
9.625	55.5	-0.03929670776412
9.875	55.5	-0.038764999688032
10.125	55.5	-0.038216129120351
10.375	55.5	-0.0376498117412715
10.625	55.5	-0.0370657532887796
10.875	55.5	-0.0364636491626369
11.125	55.5	-0.0358431839640059
11.375	55.5	-0.0352040309434119
11.625	55.5	-0.0345458513117862
11.875	55.5	-0.0338682933388724
12.125	55.5	-0.0331709911116213
12.375	55.5	-0.0324535627376626
12.625	55.5	-0.0317156076307478
12.875	55.5	-0.0309567022645217
13.125	55.5	-0.0301763933579741
13.375	55.5	-0.0293741867428413
13.625	55.5	-0.0285495289630039
13.875	55.5	-0.0277017766391194
14.125	55.5	-0.0268301452486117
14.375	55.5	-0.0259336233062562
14.625	55.5	-0.0250108284629094
14.875	55.5	-0.0240597662482091
15.125	55.5	-0.0230774258997613
15.375	55.5	-0.0220591040798034
15.625	55.5	-0.0209972750129726
15.875	55.5	-0.019879706296931
16.125	55.5	-0.0186863235644623
16.375	55.5	-0.0173840066647512
16.625	55.5	-0.0159179803000368
16.875	55.5	-0.0141976295773254
17.125	55.5	-0.012073263847946
17.375	55.5	-0.00929836913437604
17.625	55.5	-0.00546906691506824
17.875	55.5	7.10075762637298e-05
18.125	55.5	0.0083750758884866
18.375	55.5	0.021099211165358
18.625	55.5	0.0407625519955114
18.875	55.5	0.0709899860295327
19.125	55.5	0.116514234908432
19.375	55.5	0.1824648387808
19.625	55.5	0.272326381539654
19.875	55.5	0.384588949449483
20.125	55.5	0.510167307103588
20.375	55.5	0.634219210647425
20.625	55.5	0.742675765645396
20.875	55.5	0.828027527801648
21.125	55.5	0.889957778101351
21.375	55.5	0.932377175391346
21.625	55.5	0.960338024293966
21.875	55.5	0.978328102930828
22.125	55.5	0.989740862361565
22.375	55.5	0.996931572467674
22.625	55.5	1.00145665143798
22.875	55.5	1.00431521732152
23.125	55.5	1.00613758650174
23.375	55.5	1.00731726619833
23.625	55.5	1.00809838103415
23.875	55.5	1.00863181472076
24.125	55.5	1.00901062032564
24.375	55.5	1.0092921187833
24.625	55.5	1.00951160302851
24.875	55.5	1.0096908046121
25.125	55.5	1.00984311302418
25.375	55.5	1.0099767891981
25.625	55.5	1.01009694274696
25.875	55.5	1.01020674817342
26.125	55.5	1.01030819289802
26.375	55.5	1.01040253733262
26.625	55.5	1.01049059784475
26.875	55.5	1.01057292076747
27.125	55.5	1.0106498893596
27.375	55.5	1.01072178948521
27.625	55.5	1.01078884986303
27.875	55.5	1.01085126663971
28.125	55.5	1.01090921829216
28.375	55.5	1.0109628745586
28.625	55.5	1.0110124016793
28.875	55.5	1.0110579653551
29.125	55.5	1.01109973229372
29.375	55.5	1.01113787088267
29.625	55.5	1.01117255132323
29.875	55.5	1.01120394543389
30.125	55.5	1.01123222625346
30.375	55.5	1.01125756752621
30.625	55.5	1.01128014312134
30.875	55.5	1.01130012642026
31.125	55.5	1.01131768969398
31.375	55.5	1.01133300348507
31.625	55.5	1.01134623600438
31.875	55.5	1.01135755254934
32.125	55.5	1.01136711494871
32.375	55.5	1.01137508103734
32.625	55.5	1.01138160416317
32.875	55.5	1.0113868327281
33.125	55.5	1.01139090976365
33.375	55.5	1.0113939725417
33.625	55.5	1.01139615222012
33.875	55.5	1.01139757352277
34.125	55.5	1.01139835445285
34.375	55.5	1.01139860603822
34.625	55.5	1.0113984321073
34.875	55.5	1.0113979290934
35.125	55.5	1.01139718586583
35.375	55.5	1.01139628358534
35.625	55.5	1.01139529558192
35.875	55.5	1.01139428725253
36.125	55.5	1.01139331597678
36.375	55.5	1.01139243104832
36.625	55.5	1.01139167361999
36.875	55.5	1.01139107666111
37.125	55.5	1.01139066492514
37.375	55.5	1.0113904549267
0.125	56.5	-0.0478164981216797
0.375	56.5	-0.047804235656271
0.625	56.5	-0.0477797045715963
0.875	56.5	-0.0477428925590892
1.125	56.5	-0.0476937811537591
1.375	56.5	-0.047632345731589
1.625	56.5	-0.0475585555060063
1.875	56.5	-0.0474723735233769
2.125	56.5	-0.0473737566574585
2.375	56.5	-0.047262655602736
2.625	56.5	-0.0471390148665519
2.875	56.5	-0.0470027727599331
3.125	56.5	-0.0468538613870006
3.375	56.5	-0.0466922066328382
3.625	56.5	-0.0465177281496847
3.875	56.5	-0.0463303393413006
4.125	56.5	-0.0461299473453497
4.375	56.5	-0.0459164530136276
4.625	56.5	-0.0456897508899576
4.875	56.5	-0.0454497291855629
5.125	56.5	-0.0451962697517163
5.375	56.5	-0.0449292480494578
5.625	56.5	-0.0446485331161633
5.875	56.5	-0.0443539875287375
6.125	56.5	-0.0440454673632009
6.375	56.5	-0.0437228221504347
6.625	56.5	-0.0433858948278409
6.875	56.5	-0.0430345216866717
7.125	56.5	-0.0426685323147787
7.375	56.5	-0.0422877495345316
7.625	56.5	-0.041891989335657
7.875	56.5	-0.0414810608027445
8.125	56.5	-0.0410547660371674
8.375	56.5	-0.0406129000731514
8.625	56.5	-0.0401552507877102
8.875	56.5	-0.0396815988041192
9.125	56.5	-0.0391917173885229
9.375	56.5	-0.0386853723391147
9.625	56.5	-0.0381623218670413
9.875	56.5	-0.0376223164676724
10.125	56.5	-0.0370650987799624
10.375	56.5	-0.0364904034300424
10.625	56.5	-0.0358979568524082
10.875	56.5	-0.0352874770772711
11.125	56.5	-0.0346586734643869
11.375	56.5	-0.0340112463495028
11.625	56.5	-0.0333448865453258
11.875	56.5	-0.0326592745975408
12.125	56.5	-0.0319540796259514
12.375	56.5	-0.0312289574610487
12.625	56.5	-0.0304835475831009
12.875	56.5	-0.0297174680266589
13.125	56.5	-0.0289303068313457
13.375	56.5	-0.0281216076372858
13.625	56.5	-0.0272908453677172
13.875	56.5	-0.0264373851555979
14.125	56.5	-0.0255604129925108
14.375	56.5	-0.0246588187349898
14.625	56.5	-0.0237309989797313
14.875	56.5	-0.0227745254039702
15.125	56.5	-0.0217855876510631
15.375	56.5	-0.0207580591454023
15.625	56.5	-0.0196819336254336
15.875	56.5	-0.0185407140583804
16.125	56.5	-0.0173070625624119
16.375	56.5	-0.0159355742253338
16.625	56.5	-0.0143508174066572
16.875	56.5	-0.0124276378577156
17.125	56.5	-0.00995895229093822
17.375	56.5	-0.00660364845415302
17.625	56.5	-0.00180373125015906
17.875	56.5	0.00534375305737425
18.125	56.5	0.0162751110111861
18.375	56.5	0.0332122583111898
18.625	56.5	0.059436521542494
18.875	56.5	0.099420668102707
19.125	56.5	0.158423028485923
19.375	56.5	0.240903201074891
19.625	56.5	0.347397602385796
19.875	56.5	0.471180066369917
20.125	56.5	0.598345881802525
20.375	56.5	0.713443356855718
20.625	56.5	0.806454132637275
20.875	56.5	0.875146883641196
21.125	56.5	0.922679883393688
21.375	56.5	0.954154324146782
21.625	56.5	0.974417254262833
21.875	56.5	0.987244590432021
22.125	56.5	0.995293701029746
22.375	56.5	1.00033076659632
22.625	56.5	1.00349095256599
22.875	56.5	1.00548939696333
23.125	56.5	1.0067712221715
23.375	56.5	1.00761146670429
23.625	56.5	1.00817932278811
23.875	56.5	1.00857859121589
24.125	56.5	1.00887285247492
24.375	56.5	1.00910101555721
24.625	56.5	1.00928688117242
24.875	56.5	1.00944500816562
25.125	56.5	1.00958430653388
25.375	56.5	1.00971023598938
25.625	56.5	1.00982615051516
25.875	56.5	1.00993412037219
26.125	56.5	1.01003543453054
26.375	56.5	1.01013090770432
26.625	56.5	1.01022106792529
26.875	56.5	1.01030627107573
27.125	56.5	1.01038677075592
27.375	56.5	1.01046276083109
27.625	56.5	1.0105344012616
27.875	56.5	1.01060183370001
28.125	56.5	1.01066519082051
28.375	56.5	1.01072460180733
28.625	56.5	1.01078019548752
28.875	56.5	1.01083210201837
29.125	56.5	1.01088045368769
29.375	56.5	1.01092538516999
29.625	56.5	1.01096703344977
29.875	56.5	1.01100553754255
30.125	56.5	1.01104103809465
30.375	56.5	1.01107367691251
30.625	56.5	1.01110359645376
30.875	56.5	1.01113093930052
31.125	56.5	1.01115584762845
31.375	56.5	1.0111784626807
31.625	56.5	1.01119892425275
31.875	56.5	1.01121737019275
32.125	56.5	1.01123393592036
32.375	56.5	1.01124875396649
32.625	56.5	1.01126195353564
32.875	56.5	1.01127366009206
33.125	56.5	1.01128399497055
33.375	56.5	1.01129307501243
33.625	56.5	1.01130101222686
33.875	56.5	1.01130791347756
34.125	56.5	1.01131388019452
34.375	56.5	1.01131900811038
34.625	56.5	1.0113233870207
34.875	56.5	1.0113271005675
35.125	56.5	1.01133022604494
35.375	56.5	1.0113328342264
35.625	56.5	1.01133498921171
35.875	56.5	1.01133674829351
36.125	56.5	1.01133816184185
36.375	56.5	1.01133927320561
36.625	56.5	1.01134011863023
36.875	56.5	1.01134072719047
37.125	56.5	1.01134112073771
37.375	56.5	1.01134131386089
0.125	57.5	-0.0470963993910221
0.375	57.5	-0.0470839355244065
0.625	57.5	-0.0470590017906209
0.875	57.5	-0.0470215861879732
1.125	57.5	-0.0469716707124633
1.375	57.5	-0.0469092313560129
1.625	57.5	-0.046834238104078
1.875	57.5	-0.0467466549326206
2.125	57.5	-0.0466464398044099
2.375	57.5	-0.0465335446646208
2.625	57.5	-0.0464079154356891
2.875	57.5	-0.0462694920113866
3.125	57.5	-0.0461182082500684
3.375	57.5	-0.0459539919670477
3.625	57.5	-0.0457767649260491
3.875	57.5	-0.0455864428296918
4.125	57.5	-0.0453829353089545
4.375	57.5	-0.0451661459115801
4.625	57.5	-0.0449359720893774
4.875	57.5	-0.044692305184389
5.125	57.5	-0.0444350304138953
5.375	57.5	-0.0441640268542394
5.625	57.5	-0.0438791674234689
5.875	57.5	-0.0435803188628053
6.125	57.5	-0.0432673417169729
6.375	57.5	-0.0429400903134406
6.625	57.5	-0.042598412740656
6.875	57.5	-0.0422421508253812
7.125	57.5	-0.0418711401092749
7.375	57.5	-0.041485209824906
7.625	57.5	-0.0410841828714293
7.875	57.5	-0.0406678757901997
8.125	57.5	-0.0402360987406545
8.375	57.5	-0.0397886554768372
8.625	57.5	-0.0393253433249795
8.875	57.5	-0.0388459531625736
9.125	57.5	-0.0383502693993435
9.375	57.5	-0.0378380699604083
9.625	57.5	-0.0373091262716618
9.875	57.5	-0.0367632032468415
10.125	57.5	-0.0362000592747243
10.375	57.5	-0.0356194462029856
10.625	57.5	-0.0350211093118902
10.875	57.5	-0.0344047872650631
11.125	57.5	-0.0337702120143101
11.375	57.5	-0.0331171086177233
11.625	57.5	-0.0324451948998523
11.875	57.5	-0.0317541808306237
12.125	57.5	-0.0310437674108061
12.375	57.5	-0.0303136447005425
12.625	57.5	-0.0295634883705321
12.875	57.5	-0.0287929537198826
13.125	57.5	-0.0280016653675709
13.375	57.5	-0.0271891995792917
13.625	57.5	-0.0263550540915783
13.875	57.5	-0.0254985967597743
14.125	57.5	-0.0246189784148905
14.375	57.5	-0.0237149853467858
14.625	57.5	-0.0227847901408699
14.875	57.5	-0.0218255317049396
15.125	57.5	-0.0208326088190819
15.375	57.5	-0.0197984942004655
15.625	57.5	-0.0187107478423729
15.875	57.5	-0.0175486966136452
16.125	57.5	-0.0162778992559643
16.375	57.5	-0.0148409490733297
16.625	57.5	-0.0131422542233171
16.875	57.5	-0.0110229963974773
17.125	57.5	-0.00822027734121322
17.375	57.5	-0.00430134037107526
17.625	57.5	0.0014400961046327
17.875	57.5	0.0101413629833585
18.125	57.5	0.0235949052618729
18.375	57.5	0.0445272728866749
18.625	57.5	0.0768440903289937
18.875	57.5	0.125573751224441
19.125	57.5	0.195963025365072
19.375	57.5	0.291074224995508
19.625	57.5	0.408135241575653
19.875	57.5	0.536310833350705
20.125	57.5	0.659705006873516
20.375	57.5	0.764731584509566
20.625	57.5	0.845351474828318
20.875	57.5	0.902602572642447
21.125	57.5	0.941116093539537
21.375	57.5	0.966122052801498
21.625	57.5	0.982005520876395
21.875	57.5	0.991969902993735
22.125	57.5	0.998186665930728
22.375	57.5	1.00206565213341
22.625	57.5	1.00449914773208
22.875	57.5	1.00604329069627
23.125	57.5	1.00704150390573
23.375	57.5	1.00770465802605
23.625	57.5	1.00816178331906
23.875	57.5	1.00849166243406
24.125	57.5	1.00874233349592
24.375	57.5	1.00894306381762
24.625	57.5	1.00911167645368
24.875	57.5	1.00925902401413
25.125	57.5	1.00939171703034
25.375	57.5	1.00951378651834
25.625	57.5	1.00962769654947
25.875	57.5	1.00973496071721
26.125	57.5	1.00983651733145
26.375	57.5	1.0099329576901
26.625	57.5	1.01002466489488
26.875	57.5	1.01011189820299
27.125	57.5	1.01019484421777
27.375	57.5	1.01027364788617
27.625	57.5	1.01034843119746
27.875	57.5	1.01041930438881
28.125	57.5	1.01048637258373
28.375	57.5	1.01054973964532
28.625	57.5	1.01060951033006
28.875	57.5	1.01066579140372
29.125	57.5	1.01071869212349
29.375	57.5	1.01076832433301
29.625	57.5	1.01081480232143
29.875	57.5	1.01085824253963
30.125	57.5	1.01089876323088
30.375	57.5	1.01093648401181
30.625	57.5	1.01097152542632
30.875	57.5	1.01100400848679
31.125	57.5	1.01103405421216
31.375	57.5	1.01106178316927
31.625	57.5	1.01108731502189
31.875	57.5	1.01111076809062
32.125	57.5	1.01113225892616
32.375	57.5	1.01115190189759
32.625	57.5	1.01116980879726
32.875	57.5	1.01118608846327
33.125	57.5	1.01120084642045
33.375	57.5	1.01121418454045
33.625	57.5	1.01122620072138
33.875	57.5	1.01123698858729
34.125	57.5	1.01124663720771
34.375	57.5	1.01125523083706
34.625	57.5	1.01126284867406
34.875	57.5	1.01126956464066
35.125	57.5	1.01127544718047
35.375	57.5	1.0112805590761
35.625	57.5	1.0112849572851
35.875	57.5	1.01128869279407
36.125	57.5	1.01129181049044
36.375	57.5	1.01129434905144
36.625	57.5	1.01129634084994
36.875	57.5	1.01129781187658
37.125	57.5	1.01129878167799
37.375	57.5	1.01129926331074
0.125	58.5	-0.0466135809154255
0.375	58.5	-0.0466009841417338
0.625	58.5	-0.0465757846996117
0.875	58.5	-0.0465379707992464
1.125	58.5	-0.0464875247550818
1.375	58.5	-0.0464244229848131
1.625	58.5	-0.0463486360080406
1.875	58.5	-0.0462601284445824
2.125	58.5	-0.0461588590124415
2.375	58.5	-0.0460447805254261
2.625	58.5	-0.0459178398904247
2.875	58.5	-0.0457779781043384
3.125	58.5	-0.0456251302506765
3.375	58.5	-0.0454592254958276
3.625	58.5	-0.0452801870850254
3.875	58.5	-0.0450879323380343
4.125	58.5	-0.0448823726445922
4.375	58.5	-0.0446634134596607
4.625	58.5	-0.0444309542985491
4.875	58.5	-0.0441848887319928
5.125	58.5	-0.0439251043812898
5.375	58.5	-0.0436514829136232
5.625	58.5	-0.0433639000377255
5.875	58.5	-0.0430622255000744
6.125	58.5	-0.0427463230818469
6.375	58.5	-0.0424160505969011
6.625	58.5	-0.0420712598911062
6.875	58.5	-0.0417117968433929
7.125	58.5	-0.0413375013689619
7.375	58.5	-0.0409482074251545
7.625	58.5	-0.0405437430205717
7.875	58.5	-0.0401239302281052
8.125	58.5	-0.0396885852026334
8.375	58.5	-0.0392375182042225
8.625	58.5	-0.0387705336277524
8.875	58.5	-0.0382874300399423
9.125	58.5	-0.037788000224758
9.375	58.5	-0.0372720312380913
9.625	58.5	-0.0367393044723298
9.875	58.5	-0.0361895957308392
10.125	58.5	-0.0356226753112145
10.375	58.5	-0.035038308093994
10.625	58.5	-0.0344362536296475
10.875	58.5	-0.0338162662098011
11.125	58.5	-0.0331780948967183
11.375	58.5	-0.0325214834644306
11.625	58.5	-0.0318461701694217
11.875	58.5	-0.0311518872080224
12.125	58.5	-0.0304383596139649
12.375	58.5	-0.0297053031729642
12.625	58.5	-0.028952420631155
12.875	58.5	-0.0281793949653964
13.125	58.5	-0.0273858776221208
13.375	58.5	-0.0265714681758129
13.625	58.5	-0.0257356794025542
13.875	58.5	-0.0248778776282788
14.125	58.5	-0.0239971812579638
14.375	58.5	-0.0230922887222343
14.625	58.5	-0.0221611875296399
14.875	58.5	-0.0212006634335975
15.125	58.5	-0.0202054742153623
15.375	58.5	-0.0191669619062792
15.625	58.5	-0.0180707269081258
15.875	58.5	-0.0168927391876009
16.125	58.5	-0.0155928541882514
16.375	58.5	-0.014104038108631
16.625	58.5	-0.0123145437187629
16.875	58.5	-0.010038611815864
17.125	58.5	-0.00696877065497929
17.375	58.5	-0.0025993415703298
17.625	58.5	0.00389320091900513
17.875	58.5	0.0138294082079486
18.125	58.5	0.0292744111060925
18.375	58.5	0.0533259459764495
18.625	58.5	0.0903097142937712
18.875	58.5	0.145528243897055
19.125	58.5	0.22392523834965
19.375	58.5	0.327126863210589
19.625	58.5	0.449765373917837
19.875	58.5	0.578593066070811
20.125	58.5	0.697451226389727
20.375	58.5	0.794843052724088
20.625	58.5	0.867365767934618
20.875	58.5	0.917724456310833
21.125	58.5	0.951070639767241
21.375	58.5	0.972488193607337
21.625	58.5	0.985993150223196
21.875	58.5	0.994424900156226
22.125	58.5	0.999670697500558
22.375	58.5	1.00294063732577
22.625	58.5	1.00499420221713
22.875	58.5	1.0063019560456
23.125	58.5	1.00715317661255
23.375	58.5	1.00772484280725
23.625	58.5	1.00812490607332
23.875	58.5	1.00841908882456
24.125	58.5	1.00864735491841
24.375	58.5	1.0088339857726
24.625	58.5	1.00899372710581
24.875	58.5	1.00913553199152
25.125	58.5	1.00926483761423
25.375	58.5	1.00938494910231
25.625	58.5	1.00949788019562
25.875	58.5	1.00960486373721
26.125	58.5	1.00970666155079
26.375	58.5	1.00980375246148
26.625	58.5	1.00989644631238
26.875	58.5	1.00998495304261
27.125	58.5	1.01006942447741
27.375	58.5	1.01014997954745
27.625	58.5	1.01022671944395
27.875	58.5	1.01029973665972
28.125	58.5	1.0103691203147
28.375	58.5	1.01043495922206
28.625	58.5	1.01049734357956
28.875	58.5	1.01055636582383
29.125	58.5	1.0106121209744
29.375	58.5	1.01066470666678
29.625	58.5	1.01071422299622
29.875	58.5	1.01076077224658
30.125	58.5	1.01080445855033
30.375	58.5	1.01084538750824
30.625	58.5	1.01088366578669
30.875	58.5	1.01091940070404
31.125	58.5	1.01095269981392
31.375	58.5	1.01098367049021
31.625	58.5	1.01101241951757
31.875	58.5	1.01103905269015
32.125	58.5	1.0110636744203
32.375	58.5	1.01108638735921
32.625	58.5	1.01110729203039
32.875	58.5	1.01112648647732
33.125	58.5	1.01114406592604
33.375	58.5	1.01116012246334
33.625	58.5	1.01117474473124
33.875	58.5	1.01118801763807
34.125	58.5	1.01120002208671
34.375	58.5	1.01121083472002
34.625	58.5	1.01122052768376
34.875	58.5	1.01122916840705
35.125	58.5	1.01123681940037
35.375	58.5	1.01124353807114
35.625	58.5	1.01124937655664
35.875	58.5	1.01125438157438
36.125	58.5	1.01125859428951
36.375	58.5	1.01126205019942
36.625	58.5	1.01126477903505
36.875	58.5	1.01126680467902
37.125	58.5	1.01126814510028
37.375	58.5	1.01126881230525
0.125	59.5	-0.046371345015812
0.375	59.5	-0.0463586822061326
0.625	59.5	-0.0463333507461715
0.875	59.5	-0.0462953389545347
1.125	59.5	-0.046244629308662
1.375	59.5	-0.0461811984442684
1.625	59.5	-0.0461050171546089
1.875	59.5	-0.0460160503895742
2.125	59.5	-0.0459142572546285
2.375	59.5	-0.0457995910096056
2.625	59.5	-0.0456719990673836
2.875	59.5	-0.0455314229924648
3.125	59.5	-0.0453777984994958
3.375	59.5	-0.0452110554517704
3.625	59.5	-0.0450311178597693
3.875	59.5	-0.0448379038798047
4.125	59.5	-0.0446313258128499
4.375	59.5	-0.0444112901036551
4.625	59.5	-0.0441776973402714
4.875	59.5	-0.0439304422541269
5.125	59.5	-0.0436694137208295
5.375	59.5	-0.0433944947618991
5.625	59.5	-0.0431055625476727
5.875	59.5	-0.0428024884016657
6.125	59.5	-0.0424851378067197
6.375	59.5	-0.0421533704133233
6.625	59.5	-0.0418070400505519
6.875	59.5	-0.0414459947401392
7.125	59.5	-0.0410700767142734
7.375	59.5	-0.0406791224377921
7.625	59.5	-0.0402729626355468
7.875	59.5	-0.039851422325805
8.125	59.5	-0.039414320860666
8.375	59.5	-0.0389614719745712
8.625	59.5	-0.038492683842091
8.875	59.5	-0.0380077591462439
9.125	59.5	-0.0375064951586238
9.375	59.5	-0.0369886838325266
9.625	59.5	-0.0364541119099929
9.875	59.5	-0.0359025610430485
10.125	59.5	-0.0353338079281871
10.375	59.5	-0.0347476244508212
10.625	59.5	-0.0341437778322461
10.875	59.5	-0.0335220307642838
11.125	59.5	-0.0328821415038988
11.375	59.5	-0.0322238638778048
11.625	59.5	-0.031546947108789
11.875	59.5	-0.0308511353098814
12.125	59.5	-0.0301361663805105
12.375	59.5	-0.0294017698480734
12.625	59.5	-0.0286476628742613
12.875	59.5	-0.0278735430958119
13.125	59.5	-0.0270790760387329
13.375	59.5	-0.0262638732721437
13.625	59.5	-0.0254274548139086
13.875	59.5	-0.0245691848297101
14.125	59.5	-0.0236881621497258
14.375	59.5	-0.0227830345084308
14.625	59.5	-0.0218516842715431
14.875	59.5	-0.0208906980652159
15.125	59.5	-0.0198944737530365
15.375	59.5	-0.0188537200948006
15.625	59.5	-0.0177529417268042
15.875	59.5	-0.0165662335002223
16.125	59.5	-0.0152502675236397
16.375	59.5	-0.0137326400306296
16.625	59.5	-0.0118925986300875
16.875	59.5	-0.0095293812986271
17.125	59.5	-0.00631073183316942
17.375	59.5	-0.00169052886067013
17.625	59.5	0.00521948344137296
17.875	59.5	0.0158401977162502
18.125	59.5	0.0323838656558982
18.375	59.5	0.0581426188648961
18.625	59.5	0.0976469862804591
18.875	59.5	0.156292874311932
19.125	59.5	0.238762888809934
19.375	59.5	0.345809653783952
19.625	59.5	0.470702122483738
19.875	59.5	0.599171883834382
20.125	59.5	0.715262103964821
20.375	59.5	0.808689593757498
20.625	59.5	0.877291429832804
20.875	59.5	0.924445062668525
21.125	59.5	0.955448461306532
21.375	59.5	0.975265461186883
21.625	59.5	0.987720942691894
21.875	59.5	0.995481443314405
22.125	59.5	1.00030423379259
22.375	59.5	1.0033098918216
22.625	59.5	1.00519910785825
22.875	59.5	1.0064048630901
23.125	59.5	1.00719278811862
23.375	59.5	1.00772512215056
23.625	59.5	1.00810068059419
23.875	59.5	1.00837954201823
24.125	59.5	1.00859819055939
24.375	59.5	1.00877876448827
24.625	59.5	1.00893469014116
24.875	59.5	1.00907410825457
25.125	59.5	1.00920195549835
25.375	59.5	1.00932122811672
25.625	59.5	1.00943374865045
25.875	59.5	1.0095406309545
26.125	59.5	1.0096425621187
26.375	59.5	1.00973997330545
26.625	59.5	1.00983314320877
26.875	59.5	1.00992226064905
27.125	59.5	1.0100074623858
27.375	59.5	1.01008885590082
27.625	59.5	1.0101665330655
27.875	59.5	1.01024057827775
28.125	59.5	1.01031107324246
28.375	59.5	1.01037809971382
28.625	59.5	1.01044174099897
28.875	59.5	1.01050208270838
29.125	59.5	1.01055921304736
29.375	59.5	1.01061322282825
29.625	59.5	1.01066420531227
29.875	59.5	1.01071225594812
30.125	59.5	1.01075747204831
30.375	59.5	1.01079995242886
30.625	59.5	1.01083979702841
30.875	59.5	1.01087710651708
31.125	59.5	1.01091198190182
31.375	59.5	1.01094452413289
31.625	59.5	1.01097483371478
31.875	59.5	1.01100301032385
32.125	59.5	1.01102915243482
32.375	59.5	1.01105335695723
32.625	59.5	1.01107571888354
32.875	59.5	1.01109633094947
33.125	59.5	1.01111528330783
33.375	59.5	1.01113266321627
33.625	59.5	1.01114855473991
33.875	59.5	1.01116303846902
34.125	59.5	1.0111761912525
34.375	59.5	1.01118808594743
34.625	59.5	1.01119879118479
34.875	59.5	1.01120837115189
35.125	59.5	1.01121688539135
35.375	59.5	1.011224388617
35.625	59.5	1.01123093054654
35.875	59.5	1.01123655575109
36.125	59.5	1.01124130352169
36.375	59.5	1.01124520775255
36.625	59.5	1.01124829684116
36.875	59.5	1.01125059360512
37.125	59.5	1.0112521152157
37.375	59.5	1.01125287314806
