$\phi$
x	y	$\phi$
0.125	0.5	-0.00214087777060111
0.375	0.5	-0.00214087762302699
0.625	0.5	-0.00214087732773729
0.875	0.5	-0.00214087688444895
1.125	0.5	-0.00214087629273702
1.375	0.5	-0.00214087555203428
1.625	0.5	-0.00214087466163063
1.875	0.5	-0.00214087362067245
2.125	0.5	-0.0021408724281617
2.375	0.5	-0.00214087108295494
2.625	0.5	-0.00214086958376211
2.875	0.5	-0.00214086792914517
3.125	0.5	-0.0021408661175164
3.375	0.5	-0.0021408641471365
3.625	0.5	-0.00214086201611216
3.875	0.5	-0.00214085972239307
4.125	0.5	-0.00214085726376799
4.375	0.5	-0.00214085463785934
4.625	0.5	-0.00214085184211564
4.875	0.5	-0.00214084887380023
5.125	0.5	-0.00214084572997416
5.375	0.5	-0.0021408424074695
5.625	0.5	-0.0021408389028471
5.875	0.5	-0.00214083521232864
6.125	0.5	-0.00214083133168673
6.375	0.5	-0.00214082725606583
6.625	0.5	-0.00214082297968977
6.875	0.5	-0.00214081849538232
7.125	0.5	-0.00214081379378078
7.375	0.5	-0.00214080886204399
7.625	0.5	-0.00214080368172905
7.875	0.5	-0.00214079822529979
8.125	0.5	-0.00214079245038428
8.375	0.5	-0.0021407862903282
8.625	0.5	-0.00214077963865343
8.875	0.5	-0.00214077232348755
9.125	0.5	-0.00214076406549077
9.375	0.5	-0.00214075440862788
9.625	0.5	-0.0021407426062568
9.875	0.5	-0.00214072743369063
10.125	0.5	-0.00214070687977202
10.375	0.5	-0.00214067763936213
10.625	0.5	-0.00214063427823484
10.875	0.5	-0.00214056785891362
11.125	0.5	-0.00214046367949061
11.375	0.5	-0.00214029755286014
11.625	0.5	-0.00214002968421234
11.875	0.5	-0.00213959459648703
12.125	0.5	-0.00213888455281312
12.375	0.5	-0.00213772227842388
12.625	0.5	-0.00213581607537336
12.875	0.5	-0.00213268596601237
13.125	0.5	-0.00212754216811709
13.375	0.5	-0.00211908514215727
13.625	0.5	-0.00210517661375395
13.875	0.5	-0.00208229836235058
14.125	0.5	-0.00204466198655222
14.375	0.5	-0.00198274491313648
14.625	0.5	-0.00188088381023407
14.875	0.5	-0.00171332107270409
15.125	0.5	-0.00143771696280761
15.375	0.5	-0.000984521547142159
15.625	0.5	-0.000239615040255216
15.875	0.5	0.000983910323025906
16.125	0.5	0.00299125035514506
16.375	0.5	0.0062782652722012
16.625	0.5	0.0116439621186058
16.875	0.5	0.0203582887204877
17.125	0.5	0.0343940194514752
17.375	0.5	0.0566995086631796
17.625	0.5	0.0913966402335883
17.875	0.5	0.143591211427221
18.125	0.5	0.218213887094222
18.375	0.5	0.317334350284697
18.625	0.5	0.436580760276242
18.875	0.5	0.563755324594717
19.125	0.5	0.68296122805681
19.375	0.5	0.782018691897954
19.625	0.5	0.856576815174668
19.875	0.5	0.908717711559294
20.125	0.5	0.943375355796237
20.375	0.5	0.965653874173764
20.625	0.5	0.979671998053025
20.875	0.5	0.988375141368427
21.125	0.5	0.993733849883611
21.375	0.5	0.99701653819797
21.625	0.5	0.999021211839388
21.875	0.5	1.00024309582209
22.125	0.5	1.00098698997799
22.375	0.5	1.00143955774014
22.625	0.5	1.00171476905824
22.875	0.5	1.00188208231852
23.125	0.5	1.00198378144832
23.375	0.5	1.00204559007246
23.625	0.5	1.00208315084798
23.875	0.5	1.00210597377207
24.125	0.5	1.00211983959566
24.375	0.5	1.002128261883
24.625	0.5	1.00213337607181
24.875	0.5	1.00213647997066
25.125	0.5	1.0021383623027
25.375	0.5	1.00213950239483
25.625	0.5	1.0021401915425
25.875	0.5	1.00214060676897
26.125	0.5	1.00214085565153
26.375	0.5	1.00214100356374
26.625	0.5	1.00214109023115
26.875	0.5	1.00214113979267
27.125	0.5	1.00214116691497
27.375	0.5	1.0021411805084
27.625	0.5	1.00214118598518
27.875	0.5	1.00214118663173
28.125	0.5	1.00214118444273
28.375	0.5	1.0021411806279
28.625	0.5	1.00214117592003
28.875	0.5	1.00214117076216
29.125	0.5	1.00214116542134
29.375	0.5	1.00214116005774
29.625	0.5	1.00214115476668
29.875	0.5	1.00214114960414
30.125	0.5	1.00214114460227
30.375	0.5	1.00214113977882
30.625	0.5	1.00214113514288
30.875	0.5	1.00214113069834
31.125	0.5	1.00214112644599
31.375	0.5	1.00214112238484
31.625	0.5	1.00214111851287
31.875	0.5	1.0021411148275
32.125	0.5	1.00214111132589
32.375	0.5	1.00214110800511
32.625	0.5	1.00214110486222
32.875	0.5	1.00214110189438
33.125	0.5	1.00214109909883
33.375	0.5	1.00214109647295
33.625	0.5	1.00214109401426
33.875	0.5	1.00214109172043
34.125	0.5	1.00214108958927
34.375	0.5	1.00214108761874
34.625	0.5	1.00214108580696
34.875	0.5	1.0021410841522
35.125	0.5	1.00214108265287
35.375	0.5	1.00214108130754
35.625	0.5	1.00214108011491
35.875	0.5	1.00214107907385
36.125	0.5	1.00214107818336
36.375	0.5	1.00214107744259
36.625	0.5	1.00214107685082
36.875	0.5	1.00214107640749
37.125	0.5	1.00214107611217
37.375	0.5	1.00214107596458
0.125	1.5	-0.00214088019248972
0.375	1.5	-0.00214088004723638
0.625	1.5	-0.00214087975659045
0.875	1.5	-0.00214087932027332
1.125	1.5	-0.00214087873786671
1.375	1.5	-0.00214087800881226
1.625	1.5	-0.00214087713241104
1.875	1.5	-0.00214087610782277
2.125	1.5	-0.00214087493406508
2.375	1.5	-0.00214087361001243
2.625	1.5	-0.00214087213439496
2.875	1.5	-0.00214087050579713
3.125	1.5	-0.00214086872265607
3.375	1.5	-0.00214086678325965
3.625	1.5	-0.00214086468574414
3.875	1.5	-0.00214086242809117
4.125	1.5	-0.00214086000812389
4.375	1.5	-0.00214085742350157
4.625	1.5	-0.00214085467171207
4.875	1.5	-0.00214085175006057
5.125	1.5	-0.00214084865565255
5.375	1.5	-0.0021408453853671
5.625	1.5	-0.00214084193581475
5.875	1.5	-0.0021408383032695
6.125	1.5	-0.00214083448355905
6.375	1.5	-0.00214083047188574
6.625	1.5	-0.00214082626253408
6.875	1.5	-0.00214082184839144
7.125	1.5	-0.00214081722016168
7.375	1.5	-0.00214081236507324
7.625	1.5	-0.00214080726475596
7.875	1.5	-0.00214080189174965
8.125	1.5	-0.00214079620376179
8.375	1.5	-0.0021407901342211
8.625	1.5	-0.0021407835767365
8.875	1.5	-0.00214077635952708
9.125	1.5	-0.00214076820334985
9.375	1.5	-0.00214075865227295
9.625	1.5	-0.00214074695976621
9.875	1.5	-0.00214073190126657
10.125	1.5	-0.0021407114657578
10.375	1.5	-0.00214068234826837
10.625	1.5	-0.00214063911478007
10.875	1.5	-0.00214057282808885
11.125	1.5	-0.002140468786663
11.375	1.5	-0.0021403028039412
11.625	1.5	-0.00214003508593225
11.875	1.5	-0.00213960015684357
12.125	1.5	-0.00213889028180802
12.375	1.5	-0.00213772818927228
12.625	1.5	-0.00213582218649199
12.875	1.5	-0.00213269230428959
13.125	1.5	-0.00212754877429273
13.375	1.5	-0.00211909207967486
13.625	1.5	-0.00210518398332739
13.875	1.5	-0.0020823063259327
14.125	1.5	-0.00204467080676802
14.375	1.5	-0.00198275501814012
14.625	1.5	-0.00188089590032898
14.875	1.5	-0.00171333629547588
15.125	1.5	-0.00143773720040892
15.375	1.5	-0.000984549886508302
15.625	1.5	-0.000239656539925231
15.875	1.5	0.000983847389950951
16.125	1.5	0.00299115250659925
16.375	1.5	0.00627811067152951
16.625	1.5	0.0116437157585661
16.875	1.5	0.0203578954342855
17.125	1.5	0.0343933947754924
17.375	1.5	0.0566985294909705
17.625	1.5	0.0913951420518496
17.875	1.5	0.143589007831977
18.125	1.5	0.218210835307349
18.375	1.5	0.317330471024967
18.625	1.5	0.436576349434939
18.875	1.5	0.563750914507291
19.125	1.5	0.682957350689305
19.375	1.5	0.782015642380686
19.625	1.5	0.856574613626931
19.875	1.5	0.908716214955117
20.125	1.5	0.94337437773033
20.375	1.5	0.965653250230523
20.625	1.5	0.979671605235571
20.875	1.5	0.988374895302012
21.125	1.5	0.99373369546457
21.375	1.5	0.997016440460965
21.625	1.5	0.999021148974552
21.875	1.5	1.00024305436411
22.125	1.5	1.0009869616641
22.375	1.5	1.00143953751816
22.625	1.5	1.00171475384508
22.875	1.5	1.00188207023438
23.125	1.5	1.00198377134704
23.375	1.5	1.00204558125461
23.625	1.5	1.00208314288593
23.875	1.5	1.00210596640352
24.125	1.5	1.00211983265884
24.375	1.5	1.00212825527732
24.625	1.5	1.0021333697339
24.875	1.5	1.00213647385983
25.125	1.5	1.00213835639208
25.375	1.5	1.00213949666603
25.625	1.5	1.0021401859823
25.875	1.5	1.00214060136738
26.125	1.5	1.00214085040056
26.375	1.5	1.00214099845666
26.625	1.5	1.00214108526206
26.875	1.5	1.00214113495619
27.125	1.5	1.00214116220612
27.375	1.5	1.00214117592246
27.625	1.5	1.00214118151763
27.875	1.5	1.00214118227825
28.125	1.5	1.00214118019911
28.375	1.5	1.00214117649006
28.625	1.5	1.002141171884
28.875	1.5	1.00214116682408
29.125	1.5	1.00214116157744
29.375	1.5	1.00214115630435
29.625	1.5	1.00214115110021
29.875	1.5	1.00214114602109
30.125	1.5	1.00214114109921
30.375	1.5	1.00214113635241
30.625	1.5	1.00214113178984
30.875	1.5	1.00214112741546
31.125	1.5	1.00214112323013
31.375	1.5	1.00214111923293
31.625	1.5	1.00214111542188
31.875	1.5	1.00214111179448
32.125	1.5	1.00214110834794
32.375	1.5	1.00214110507938
32.625	1.5	1.00214110198591
32.875	1.5	1.00214109906473
33.125	1.5	1.00214109631313
33.375	1.5	1.00214109372854
33.625	1.5	1.0021410913085
33.875	1.5	1.00214108905073
34.125	1.5	1.00214108695308
34.375	1.5	1.00214108501353
34.625	1.5	1.00214108323024
34.875	1.5	1.0021410816015
35.125	1.5	1.00214108012574
35.375	1.5	1.00214107880156
35.625	1.5	1.00214107762769
35.875	1.5	1.002141076603
36.125	1.5	1.00214107572651
36.375	1.5	1.00214107499739
36.625	1.5	1.00214107441492
36.875	1.5	1.00214107397856
37.125	1.5	1.00214107368789
37.375	1.5	1.00214107354262
0.125	2.5	-0.00214088499819157
0.375	2.5	-0.00214088485754341
0.625	2.5	-0.00214088457611224
0.875	2.5	-0.00214088415362826
1.125	2.5	-0.00214088358968642
1.375	2.5	-0.00214088288374602
1.625	2.5	-0.00214088203513021
1.875	2.5	-0.00214088104302531
2.125	2.5	-0.00214087990647996
2.375	2.5	-0.0021408786244042
2.625	2.5	-0.00214087719556827
2.875	2.5	-0.00214087561860133
3.125	2.5	-0.00214087389198981
3.375	2.5	-0.00214087201407559
3.625	2.5	-0.00214086998305359
3.875	2.5	-0.00214086779696893
4.125	2.5	-0.00214086545371302
4.375	2.5	-0.0021408629510183
4.625	2.5	-0.00214086028645074
4.875	2.5	-0.00214085745739865
5.125	2.5	-0.00214085446105571
5.375	2.5	-0.00214085129439441
5.625	2.5	-0.00214084795412387
5.875	2.5	-0.00214084443662209
6.125	2.5	-0.00214084073782615
6.375	2.5	-0.0021408368530533
6.625	2.5	-0.00214083277670862
6.875	2.5	-0.0021408285018058
7.125	2.5	-0.0021408240191809
7.375	2.5	-0.00214081931620061
7.625	2.5	-0.00214081437463926
7.875	2.5	-0.00214080916718761
8.125	2.5	-0.00214080365171089
8.375	2.5	-0.00214079776180282
8.625	2.5	-0.00214079139124521
8.875	2.5	-0.00214078436843898
9.125	2.5	-0.00214077641433343
9.375	2.5	-0.00214076707320203
9.625	2.5	-0.002140755598737
9.875	2.5	-0.00214074076662127
10.125	2.5	-0.00214072056611896
10.375	2.5	-0.00214069169259076
10.625	2.5	-0.00214064871243136
10.875	2.5	-0.00214058268897757
11.125	2.5	-0.00214047892144424
11.375	2.5	-0.00214031322435021
11.625	2.5	-0.00214004580532844
11.875	2.5	-0.00213961119110088
12.125	2.5	-0.00213890165077521
12.375	2.5	-0.00213773991917149
12.625	2.5	-0.00213583431386166
12.875	2.5	-0.00213270488246937
13.125	2.5	-0.00212756188409243
13.375	2.5	-0.00211910584692976
13.625	2.5	-0.00210519860778578
13.875	2.5	-0.0020823221287889
14.125	2.5	-0.00204468830886373
14.375	2.5	-0.00198277506858473
14.625	2.5	-0.00188091988794179
14.875	2.5	-0.00171336649609846
15.125	2.5	-0.00143777734663055
15.375	2.5	-0.000984606100168451
15.625	2.5	-0.000239738852826554
15.875	2.5	0.00098372257108167
16.125	2.5	0.00299095844492643
16.375	2.5	0.0062778040618796
16.625	2.5	0.0116432271765836
16.875	2.5	0.020357115476216
17.125	2.5	0.0343921559373899
17.375	2.5	0.0566965876335614
17.625	2.5	0.0913921709176061
17.875	2.5	0.143584637745972
18.125	2.5	0.218204783103252
18.375	2.5	0.317322777768254
18.625	2.5	0.436567601904726
18.875	2.5	0.563742168412499
19.125	2.5	0.682949661035446
19.375	2.5	0.782009594497904
19.625	2.5	0.856570247439262
19.875	2.5	0.908713246824358
20.125	2.5	0.943372437979099
20.375	2.5	0.965652012787351
20.625	2.5	0.979670826169815
20.875	2.5	0.988374407278941
21.125	2.5	0.993733389200624
21.375	2.5	0.99701624661157
21.625	2.5	0.999021024285531
21.875	2.5	1.00024297213052
22.125	2.5	1.00098690549891
22.375	2.5	1.00143949740162
22.625	2.5	1.00171472366272
22.875	2.5	1.00188204625808
23.125	2.5	1.00198375130368
23.375	2.5	1.00204556375701
23.625	2.5	1.00208312708599
23.875	2.5	1.00210595178099
24.125	2.5	1.00211981889291
24.375	2.5	1.00212824216846
24.625	2.5	1.00213335715641
24.875	2.5	1.00213646173298
25.125	2.5	1.00213834466259
25.375	2.5	1.00213948529738
25.625	2.5	1.00214017494831
25.875	2.5	1.0021405906482
26.125	2.5	1.00214083998033
26.375	2.5	1.00214098832202
26.625	2.5	1.00214107540129
26.875	2.5	1.00214112535864
27.125	2.5	1.00214115286187
27.375	2.5	1.00214116682215
27.625	2.5	1.00214117265231
27.875	2.5	1.00214117363929
28.125	2.5	1.00214117177818
28.375	2.5	1.00214116827906
28.625	2.5	1.00214116387506
28.875	2.5	1.00214115900953
29.125	2.5	1.0021411539498
29.375	2.5	1.00214114885634
29.625	2.5	1.0021411438247
29.875	2.5	1.00214113891113
30.125	2.5	1.002141134148
30.375	2.5	1.0021411295533
30.625	2.5	1.00214112513633
30.875	2.5	1.00214112090118
31.125	2.5	1.00214111684886
31.375	2.5	1.00214111297855
31.625	2.5	1.00214110928842
31.875	2.5	1.00214110577605
32.125	2.5	1.00214110243879
32.375	2.5	1.00214109927384
32.625	2.5	1.00214109627844
32.875	2.5	1.00214109344985
33.125	2.5	1.00214109078547
33.375	2.5	1.0021410882828
33.625	2.5	1.00214108593948
33.875	2.5	1.00214108375327
34.125	2.5	1.00214108172211
34.375	2.5	1.00214107984404
34.625	2.5	1.00214107811728
34.875	2.5	1.00214107654016
35.125	2.5	1.00214107511119
35.375	2.5	1.00214107382899
35.625	2.5	1.00214107269233
35.875	2.5	1.00214107170012
36.125	2.5	1.00214107085142
36.375	2.5	1.00214107014541
36.625	2.5	1.00214106958141
36.875	2.5	1.00214106915888
37.125	2.5	1.00214106887742
37.375	2.5	1.00214106873676
0.125	3.5	-0.0021408921121527
0.375	3.5	-0.00214089197832187
0.625	3.5	-0.00214089171053191
0.875	3.5	-0.00214089130852606
1.125	3.5	-0.00214089077191887
1.375	3.5	-0.0021408901001958
1.625	3.5	-0.00214088929271275
1.875	3.5	-0.00214088834869538
2.125	3.5	-0.00214088726723835
2.375	3.5	-0.00214088604730438
2.625	3.5	-0.00214088468772316
2.875	3.5	-0.00214088318719006
3.125	3.5	-0.0021408815442646
3.375	3.5	-0.00214087975736863
3.625	3.5	-0.00214087782478408
3.875	3.5	-0.00214087574465007
4.125	3.5	-0.00214087351495923
4.375	3.5	-0.00214087113355243
4.625	3.5	-0.00214086859811139
4.875	3.5	-0.00214086590614763
5.125	3.5	-0.00214086305498558
5.375	3.5	-0.00214086004173613
5.625	3.5	-0.00214085686325462
5.875	3.5	-0.00214085351607315
6.125	3.5	-0.00214084999629096
6.375	3.5	-0.00214084629939571
6.625	3.5	-0.00214084241997119
6.875	3.5	-0.00214083835121841
7.125	3.5	-0.00214083408416943
7.375	3.5	-0.00214082960639598
7.625	3.5	-0.00214082489988663
7.875	3.5	-0.00214081993755603
8.125	3.5	-0.00214081467750337
8.375	3.5	-0.00214080905356709
8.625	3.5	-0.00214080295978545
8.875	3.5	-0.00214079622482908
9.125	3.5	-0.00214078856993256
9.375	3.5	-0.00214077953967393
9.625	3.5	-0.00214076838807527
9.875	3.5	-0.00214075389118436
10.125	3.5	-0.00214073403868102
10.375	3.5	-0.00214070552641845
10.625	3.5	-0.00214066292140324
10.875	3.5	-0.00214059728777339
11.125	3.5	-0.00214049392584926
11.375	3.5	-0.0021403286517486
11.625	3.5	-0.00214006167550794
11.875	3.5	-0.00213962752756951
12.125	3.5	-0.00213891848292106
12.375	3.5	-0.00213775728580993
12.625	3.5	-0.00213585226906644
12.875	3.5	-0.00213272350516306
13.125	3.5	-0.0021275812938245
13.375	3.5	-0.00211912622983852
13.625	3.5	-0.00210522025931939
13.875	3.5	-0.00208234552400043
14.125	3.5	-0.00204471421806068
14.375	3.5	-0.00198280474754154
14.625	3.5	-0.0018809553905953
14.875	3.5	-0.00171341118817779
15.125	3.5	-0.0014378367482075
15.375	3.5	-0.000984689264709303
15.625	3.5	-0.000239860616133654
15.875	3.5	0.00098353794550127
16.125	3.5	0.00299067141662917
16.375	3.5	0.00627735058789057
16.625	3.5	0.0116425045867883
16.875	3.5	0.0203559619755469
17.125	3.5	0.0343903238067174
17.375	3.5	0.0566937158168409
17.625	3.5	0.0913877769097471
17.875	3.5	0.143578174820503
18.125	3.5	0.218195832450575
18.375	3.5	0.317311400063594
18.625	3.5	0.436554664884697
18.875	3.5	0.563729233369957
19.125	3.5	0.682938288294108
19.375	3.5	0.782000649798096
19.625	3.5	0.856563789883714
19.875	3.5	0.908708856953514
20.125	3.5	0.943369569063231
20.375	3.5	0.96565018257777
20.625	3.5	0.979669673897929
20.875	3.5	0.988373685458736
21.125	3.5	0.9937329362026
21.375	3.5	0.997015959875501
21.625	3.5	0.999020839838679
21.875	3.5	1.00024285047637
22.125	3.5	1.00098682240106
22.375	3.5	1.00143943804089
22.625	3.5	1.00171467899576
22.875	3.5	1.00188201077098
23.125	3.5	1.00198372163445
23.375	3.5	1.00204553785398
23.625	3.5	1.00208310369476
23.875	3.5	1.0021059301321
24.125	3.5	1.0021197985118
24.375	3.5	1.00212822275999
24.625	3.5	1.00213333853464
24.875	3.5	1.00213644377847
25.125	3.5	1.00213832729648
25.375	3.5	1.00213946846566
25.625	3.5	1.00214015861218
25.875	3.5	1.00214057477829
26.125	3.5	1.00214082455315
26.375	3.5	1.00214097331779
26.625	3.5	1.00214106080262
26.875	3.5	1.00214111114976
27.125	3.5	1.00214113902811
27.375	3.5	1.00214115334963
27.625	3.5	1.00214115952776
27.875	3.5	1.00214116084995
28.125	3.5	1.00214115931168
28.375	3.5	1.00214115612341
28.625	3.5	1.0021411520186
28.875	3.5	1.0021411474409
29.125	3.5	1.00214114265794
29.375	3.5	1.00214113783043
29.625	3.5	1.00214113305421
29.875	3.5	1.00214112838574
30.125	3.5	1.00214112385765
30.375	3.5	1.00214111948815
30.625	3.5	1.00214111528675
30.875	3.5	1.00214111125774
31.125	3.5	1.00214110740233
31.375	3.5	1.00214110371989
31.625	3.5	1.00214110020877
31.875	3.5	1.00214109686672
32.125	3.5	1.00214109369124
32.375	3.5	1.0021410906797
32.625	3.5	1.00214108782947
32.875	3.5	1.00214108513797
33.125	3.5	1.00214108260272
33.375	3.5	1.00214108022133
33.625	3.5	1.00214107799157
33.875	3.5	1.00214107591131
34.125	3.5	1.00214107397858
34.375	3.5	1.00214107219153
34.625	3.5	1.00214107054845
34.875	3.5	1.00214106904776
35.125	3.5	1.00214106768804
35.375	3.5	1.00214106646798
35.625	3.5	1.00214106538641
35.875	3.5	1.00214106444229
36.125	3.5	1.00214106363472
36.375	3.5	1.00214106296292
36.625	3.5	1.00214106242626
36.875	3.5	1.00214106202421
37.125	3.5	1.0021410617564
37.375	3.5	1.00214106162255
0.125	4.5	-0.00214090142252532
0.375	4.5	-0.00214090129761697
0.625	4.5	-0.00214090104768051
0.875	4.5	-0.00214090067247628
1.125	4.5	-0.00214090017164452
1.375	4.5	-0.00214089954470497
1.625	4.5	-0.00214089879105643
1.875	4.5	-0.00214089790997613
2.125	4.5	-0.00214089690061903
2.375	4.5	-0.00214089576201689
2.625	4.5	-0.00214089449307729
2.875	4.5	-0.00214089309258239
3.125	4.5	-0.00214089155918747
3.375	4.5	-0.00214088989141922
3.625	4.5	-0.00214088808767355
3.875	4.5	-0.00214088614621288
4.125	4.5	-0.00214088406516243
4.375	4.5	-0.00214088184250523
4.625	4.5	-0.00214087947607473
4.875	4.5	-0.00214087696354396
5.125	4.5	-0.00214087430240877
5.375	4.5	-0.00214087148996151
5.625	4.5	-0.00214086852324921
5.875	4.5	-0.00214086539900605
6.125	4.5	-0.00214086211354392
6.375	4.5	-0.00214085866257391
6.625	4.5	-0.00214085504091424
6.875	4.5	-0.00214085124201154
7.125	4.5	-0.00214084725715504
7.375	4.5	-0.00214084307418538
7.625	4.5	-0.00214083867537222
7.875	4.5	-0.00214083403392395
8.125	4.5	-0.00214082910824673
8.375	4.5	-0.00214082383250015
8.625	4.5	-0.00214081810105902
8.875	4.5	-0.00214081174294792
9.125	4.5	-0.00214080447977585
9.375	4.5	-0.00214079585652056
9.625	4.5	-0.00214078512763701
9.875	4.5	-0.00214077106965171
10.125	4.5	-0.00214075167278982
10.375	4.5	-0.00214072363355033
10.625	4.5	-0.00214068151974182
10.875	4.5	-0.00214061639655182
11.125	4.5	-0.00214051356574805
11.375	4.5	-0.00214034884554065
11.625	4.5	-0.00214008244911023
11.875	4.5	-0.00213964891176422
12.125	4.5	-0.00213894051617824
12.375	4.5	-0.00213778001892355
12.625	4.5	-0.00213587577277528
12.875	4.5	-0.00213274788268457
13.125	4.5	-0.00212760670147538
13.375	4.5	-0.00211915291096453
13.625	4.5	-0.00210524860012757
13.875	4.5	-0.00208237614542795
14.125	4.5	-0.0020447481269176
14.375	4.5	-0.00198284358510008
14.625	4.5	-0.00188100184125283
14.875	4.5	-0.00171346965072226
15.125	4.5	-0.00143791443695143
15.375	4.5	-0.000984798011782571
15.625	4.5	-0.000240019810644817
15.875	4.5	0.000983296593293808
16.125	4.5	0.00299029623087783
16.375	4.5	0.00627675787006726
16.625	4.5	0.0116415601558928
16.875	4.5	0.0203544543787785
17.125	4.5	0.0343879292941241
17.375	4.5	0.0566899625121003
17.625	4.5	0.0913820342019121
17.875	4.5	0.14356972814456
18.125	4.5	0.218184134384139
18.375	4.5	0.317296529803974
18.625	4.5	0.436537756420985
18.875	4.5	0.563712327229214
19.125	4.5	0.682923423864769
19.375	4.5	0.781988958723927
19.625	4.5	0.856555349514786
19.875	4.5	0.908703119104143
20.125	4.5	0.94336581916482
20.375	4.5	0.965647790320731
20.625	4.5	0.979668167743676
20.875	4.5	0.988372741931163
21.125	4.5	0.993732344043368
21.375	4.5	0.997015585032657
21.625	4.5	0.999020598696162
21.875	4.5	1.00024269140989
22.125	4.5	1.0009867137322
22.375	4.5	1.00143936040002
22.625	4.5	1.00171462056264
22.875	4.5	1.00188196433852
23.125	4.5	1.00198368280826
23.375	4.5	1.00204550395232
23.625	4.5	1.00208307307796
23.875	4.5	1.00210590179434
24.125	4.5	1.00211977183273
24.375	4.5	1.00212819735378
24.625	4.5	1.00213331415815
24.875	4.5	1.00213642027553
25.125	4.5	1.00213830456396
25.375	4.5	1.00213944643286
25.625	4.5	1.00214013722834
25.875	4.5	1.00214055400497
26.125	4.5	1.00214080435957
26.375	4.5	1.00214095367805
26.625	4.5	1.00214104169396
26.875	4.5	1.00214109255149
27.125	4.5	1.00214112092101
27.375	4.5	1.00214113571552
27.625	4.5	1.00214114234927
27.875	4.5	1.00214114411033
28.125	4.5	1.00214114299475
28.375	4.5	1.00214114021346
28.625	4.5	1.00214113650035
28.875	4.5	1.00214113229948
29.125	4.5	1.00214112787884
29.375	4.5	1.00214112339951
29.625	4.5	1.00214111895765
29.875	4.5	1.00214111461005
30.125	4.5	1.00214111038964
30.375	4.5	1.00214110631493
30.625	4.5	1.00214110239571
30.875	4.5	1.00214109863654
31.125	4.5	1.00214109503889
31.375	4.5	1.00214109160236
31.625	4.5	1.00214108832555
31.875	4.5	1.00214108520643
32.125	4.5	1.00214108224272
32.375	4.5	1.00214107943197
32.625	4.5	1.00214107677176
32.875	4.5	1.00214107425969
33.125	4.5	1.00214107189344
33.375	4.5	1.0021410696708
33.625	4.5	1.00214106758968
33.875	4.5	1.00214106564809
34.125	4.5	1.00214106384419
34.375	4.5	1.00214106217627
34.625	4.5	1.00214106064272
34.875	4.5	1.00214105924207
35.125	4.5	1.00214105797299
35.375	4.5	1.00214105683426
35.625	4.5	1.00214105582478
35.875	4.5	1.0021410549436
36.125	4.5	1.00214105418987
36.375	4.5	1.00214105356285
36.625	4.5	1.00214105306197
36.875	4.5	1.00214105268672
37.125	4.5	1.00214105243676
37.375	4.5	1.00214105231184
0.125	5.5	-0.00214091278292359
0.375	5.5	-0.00214091266890258
0.625	5.5	-0.00214091244075125
0.875	5.5	-0.00214091209825085
1.125	5.5	-0.002140911641073
1.375	5.5	-0.00214091106877932
1.625	5.5	-0.00214091038082103
1.875	5.5	-0.00214090957653841
2.125	5.5	-0.00214090865516006
2.375	5.5	-0.00214090761580214
2.625	5.5	-0.00214090645746743
2.875	5.5	-0.00214090517904415
3.125	5.5	-0.00214090377930462
3.375	5.5	-0.00214090225690366
3.625	5.5	-0.00214090061037653
3.875	5.5	-0.00214089883813629
4.125	5.5	-0.00214089693847033
4.375	5.5	-0.00214089490953539
4.625	5.5	-0.00214089274935046
4.875	5.5	-0.00214089045578606
5.125	5.5	-0.00214088802654758
5.375	5.5	-0.0021408854591493
5.625	5.5	-0.00214088275087264
5.875	5.5	-0.00214087989869893
6.125	5.5	-0.00214087689920016
6.375	5.5	-0.00214087374836071
6.625	5.5	-0.00214087044128557
6.875	5.5	-0.0021408669717219
7.125	5.5	-0.00214086333127353
7.375	5.5	-0.00214085950811019
7.625	5.5	-0.00214085548484553
7.875	5.5	-0.00214085123504744
8.125	5.5	-0.00214084671749787
8.375	5.5	-0.00214084186674949
8.625	5.5	-0.00214083657758916
8.875	5.5	-0.00214083067947483
9.125	5.5	-0.00214082389447392
9.375	5.5	-0.00214081576805361
9.625	5.5	-0.00214080555519881
9.875	5.5	-0.00214079203302205
10.125	5.5	-0.00214077319241574
10.375	5.5	-0.00214074573066875
10.625	5.5	-0.00214070421656993
10.875	5.5	-0.00214063971658878
11.125	5.5	-0.00214053753425975
11.375	5.5	-0.00214037349034554
11.625	5.5	-0.00214010780186041
11.875	5.5	-0.00213967501004179
12.125	5.5	-0.00213896740693332
12.375	5.5	-0.00213780776412075
12.625	5.5	-0.00213590445867531
12.875	5.5	-0.00213277763510942
13.125	5.5	-0.00212763771092205
13.375	5.5	-0.00211918547392813
13.625	5.5	-0.00210528318709901
13.875	5.5	-0.00208241351278035
14.125	5.5	-0.00204478950098185
14.375	5.5	-0.00198289096492015
14.625	5.5	-0.0018810584962938
14.875	5.5	-0.00171354093840109
15.125	5.5	-0.00143800914370392
15.375	5.5	-0.000984930548071514
15.625	5.5	-0.000240213790563091
15.875	5.5	0.000983002549730567
16.125	5.5	0.00298983918753014
16.375	5.5	0.00627603589022152
16.625	5.5	0.0116404098197548
16.875	5.5	0.0203526181559085
17.125	5.5	0.0343850128839916
17.375	5.5	0.0566853912029116
17.625	5.5	0.0913750399409629
17.875	5.5	0.143559440596951
18.125	5.5	0.218169886727331
18.375	5.5	0.317278418339788
18.625	5.5	0.436517162137168
18.875	5.5	0.563691735374423
19.125	5.5	0.682905318496744
19.375	5.5	0.781974718377564
19.625	5.5	0.856545068560312
19.875	5.5	0.908696129921228
20.125	5.5	0.943361251415228
20.375	5.5	0.965644876267143
20.625	5.5	0.979666333027566
20.875	5.5	0.988371592538349
21.125	5.5	0.9937316226467
21.375	5.5	0.99701512834721
21.625	5.5	0.999020304871392
21.875	5.5	1.00024249756352
22.125	5.5	1.00098658127745
22.375	5.5	1.00143926574316
22.625	5.5	1.0017145493056
22.875	5.5	1.00188190770242
23.125	5.5	1.00198363544024
23.375	5.5	1.0020454625857
23.625	5.5	1.00208303571539
23.875	5.5	1.00210586721049
24.125	5.5	1.00211973927186
24.375	5.5	1.00212816634577
24.625	5.5	1.00213328440674
24.875	5.5	1.00213639159036
25.125	5.5	1.00213827681929
25.375	5.5	1.0021394195425
25.625	5.5	1.00214011113035
25.875	5.5	1.00214052865243
26.125	5.5	1.00214077971491
26.375	5.5	1.00214092970962
26.625	5.5	1.00214101837395
26.875	5.5	1.00214106985465
27.125	5.5	1.00214109882384
27.375	5.5	1.0021411141958
27.625	5.5	1.00214112138577
27.875	5.5	1.00214112368261
28.125	5.5	1.00214112308303
28.375	5.5	1.00214112079855
28.625	5.5	1.00214111756359
28.875	5.5	1.0021411138227
29.125	5.5	1.00214110984433
29.375	5.5	1.00214110578998
29.625	5.5	1.00214110175623
29.875	5.5	1.00214109780026
30.125	5.5	1.00214109395539
30.375	5.5	1.00214109024048
30.625	5.5	1.00214108666565
30.875	5.5	1.00214108323582
31.125	5.5	1.00214107995273
31.375	5.5	1.00214107681633
31.625	5.5	1.00214107382547
31.875	5.5	1.00214107097842
32.125	5.5	1.00214106827313
32.375	5.5	1.00214106570743
32.625	5.5	1.00214106327911
32.875	5.5	1.002141060986
33.125	5.5	1.00214105882599
33.375	5.5	1.00214105679707
33.625	5.5	1.00214105489733
33.875	5.5	1.00214105312496
34.125	5.5	1.00214105147828
34.375	5.5	1.00214104995572
34.625	5.5	1.00214104855582
34.875	5.5	1.00214104727724
35.125	5.5	1.00214104611877
35.375	5.5	1.00214104507928
35.625	5.5	1.00214104415778
35.875	5.5	1.0021410433534
36.125	5.5	1.00214104266535
36.375	5.5	1.00214104209299
36.625	5.5	1.00214104163575
36.875	5.5	1.00214104129321
37.125	5.5	1.00214104106503
37.375	5.5	1.002141040951
0.125	6.5	-0.00214092601472437
0.375	6.5	-0.00214092591338418
0.625	6.5	-0.00214092571060667
0.875	6.5	-0.00214092540619747
1.125	6.5	-0.00214092499986482
1.375	6.5	-0.00214092449121919
1.625	6.5	-0.00214092387977299
1.875	6.5	-0.00214092316494
2.125	6.5	-0.00214092234603478
2.375	6.5	-0.00214092142227197
2.625	6.5	-0.00214092039276536
2.875	6.5	-0.00214091925652695
3.125	6.5	-0.00214091801246565
3.375	6.5	-0.00214091665938579
3.625	6.5	-0.00214091519598521
3.875	6.5	-0.00214091362085284
4.125	6.5	-0.00214091193246526
4.375	6.5	-0.00214091012918203
4.625	6.5	-0.00214090820923869
4.875	6.5	-0.00214090617073626
5.125	6.5	-0.00214090401162482
5.375	6.5	-0.00214090172967771
5.625	6.5	-0.00214089932245006
5.875	6.5	-0.00214089678721179
6.125	6.5	-0.00214089412083866
6.375	6.5	-0.00214089131963424
6.625	6.5	-0.00214088837903851
6.875	6.5	-0.00214088529314971
7.125	6.5	-0.00214088205393926
7.375	6.5	-0.00214087864996141
7.625	6.5	-0.00214087506423185
7.875	6.5	-0.00214087127073864
8.125	6.5	-0.00214086722870296
8.375	6.5	-0.00214086287313709
8.625	6.5	-0.00214085809930966
8.875	6.5	-0.00214085273718532
9.125	6.5	-0.00214084650936759
9.375	6.5	-0.00214083896189595
9.625	6.5	-0.00214082935037496
9.875	6.5	-0.00214081645260214
10.125	6.5	-0.0021407982602496
10.375	6.5	-0.00214077147152867
10.625	6.5	-0.00214073065637211
10.875	6.5	-0.00214066688274428
11.125	6.5	-0.00214056545623802
11.375	6.5	-0.0021404022005878
11.625	6.5	-0.00214013733726863
11.875	6.5	-0.00213970541441473
12.125	6.5	-0.00213899873496168
12.375	6.5	-0.00213784008794826
12.625	6.5	-0.00213593787868363
12.875	6.5	-0.00213281229765535
13.125	6.5	-0.00212767383751812
13.375	6.5	-0.002119223409257
13.625	6.5	-0.00210532347802177
13.875	6.5	-0.00208245703834005
14.125	6.5	-0.00204483768628538
14.375	6.5	-0.00198294613291708
14.625	6.5	-0.00188112444607615
14.875	6.5	-0.00171362389511431
15.125	6.5	-0.00143811931677063
15.375	6.5	-0.000985084681637619
15.625	6.5	-0.000240439322753792
15.875	6.5	0.000982660744924708
16.125	6.5	0.00298930798237188
16.375	6.5	0.00627519684071772
16.625	6.5	0.0116390730420432
16.875	6.5	0.0203504844140539
17.125	6.5	0.0343816240197163
17.375	6.5	0.0566800794209004
17.625	6.5	0.0913669127718809
17.875	6.5	0.143547486678758
18.125	6.5	0.218153331095804
18.375	6.5	0.317257372680667
18.625	6.5	0.436493230930949
18.875	6.5	0.563667806438517
19.125	6.5	0.682884278534979
19.375	6.5	0.781958169577132
19.625	6.5	0.856533120801532
19.875	6.5	0.908688007494785
20.125	6.5	0.943355942956619
20.375	6.5	0.965641489602249
20.625	6.5	0.979664200691433
20.875	6.5	0.988370256640342
21.125	6.5	0.993730784140808
21.375	6.5	0.99701459747552
21.625	6.5	0.999019963270343
21.875	6.5	1.00024227215564
22.125	6.5	1.00098642721973
22.375	6.5	1.00143915561646
22.625	6.5	1.00171446637733
22.875	6.5	1.00188184177018
23.125	6.5	1.00198358028315
23.375	6.5	1.00204541440724
23.625	6.5	1.00208299219418
23.875	6.5	1.00210582692239
24.125	6.5	1.00211970133839
24.375	6.5	1.00212813022041
24.625	6.5	1.00213324974503
24.875	6.5	1.00213635817092
25.125	6.5	1.00213824449586
25.375	6.5	1.00213938821472
25.625	6.5	1.00214008072613
25.875	6.5	1.00214049911709
26.125	6.5	1.00214075100467
26.375	6.5	1.0021409017876
26.625	6.5	1.0021409912077
26.875	6.5	1.00214104341471
27.125	6.5	1.0021410730828
27.375	6.5	1.00214108912775
27.625	6.5	1.00214109696594
27.875	6.5	1.00214109988716
28.125	6.5	1.00214109988888
28.375	6.5	1.00214109818333
28.625	6.5	1.00214109550553
28.875	6.5	1.00214109230061
29.125	6.5	1.00214108883755
29.375	6.5	1.00214108527837
29.625	6.5	1.00214108172011
29.875	6.5	1.00214107822044
30.125	6.5	1.0021410748131
30.375	6.5	1.00214107151735
30.625	6.5	1.00214106834376
30.875	6.5	1.00214106529758
31.125	6.5	1.00214106238097
31.375	6.5	1.0021410595942
31.625	6.5	1.00214105693646
31.875	6.5	1.00214105440633
32.125	6.5	1.00214105200208
32.375	6.5	1.00214104972183
32.625	6.5	1.00214104756363
32.875	6.5	1.00214104552558
33.125	6.5	1.00214104360581
33.375	6.5	1.00214104180254
33.625	6.5	1.00214104011407
33.875	6.5	1.00214103853881
34.125	6.5	1.00214103707526
34.375	6.5	1.00214103572201
34.625	6.5	1.00214103447779
34.875	6.5	1.0021410333414
35.125	6.5	1.00214103231175
35.375	6.5	1.00214103138786
35.625	6.5	1.00214103056883
35.875	6.5	1.0021410298539
36.125	6.5	1.00214102924236
36.375	6.5	1.00214102873365
36.625	6.5	1.00214102832726
36.875	6.5	1.00214102802281
37.125	6.5	1.00214102782
37.375	6.5	1.00214102771865
0.125	7.5	-0.00214094090987926
0.375	7.5	-0.00214094082281339
0.625	7.5	-0.00214094064859825
0.875	7.5	-0.00214094038706698
1.125	7.5	-0.00214094003796908
1.375	7.5	-0.00214093960097014
1.625	7.5	-0.00214093907565151
1.875	7.5	-0.00214093846150989
2.125	7.5	-0.00214093775795676
2.375	7.5	-0.00214093696431778
2.625	7.5	-0.002140936079832
2.875	7.5	-0.00214093510365098
3.125	7.5	-0.00214093403483765
3.375	7.5	-0.002140932872365
3.625	7.5	-0.00214093161511427
3.875	7.5	-0.00214093026187272
4.125	7.5	-0.00214092881133042
4.375	7.5	-0.0021409272620757
4.625	7.5	-0.00214092561258845
4.875	7.5	-0.00214092386122978
5.125	7.5	-0.00214092200622588
5.375	7.5	-0.00214092004564248
5.625	7.5	-0.00214091797734365
5.875	7.5	-0.00214091579892507
6.125	7.5	-0.00214091350760542
6.375	7.5	-0.00214091110004869
6.625	7.5	-0.00214090857207311
6.875	7.5	-0.00214090591817344
7.125	7.5	-0.00214090313073627
7.375	7.5	-0.00214090019875026
7.625	7.5	-0.00214089710568529
7.875	7.5	-0.00214089382600425
8.125	7.5	-0.00214089031942471
8.375	7.5	-0.00214088652147844
8.625	7.5	-0.00214088232797864
8.875	7.5	-0.00214087756946288
9.125	7.5	-0.00214087196914075
9.375	7.5	-0.00214086507369875
9.625	7.5	-0.00214085613944195
9.875	7.5	-0.00214084394494202
10.125	7.5	-0.00214082648275182
10.375	7.5	-0.00214080045212403
10.625	7.5	-0.00214076042428175
10.875	7.5	-0.00214069746887386
11.125	7.5	-0.00214059689381066
11.375	7.5	-0.00214043452616961
11.625	7.5	-0.00214017059244021
11.875	7.5	-0.00213973964850578
12.125	7.5	-0.00213903400953515
12.375	7.5	-0.0021378764841645
12.625	7.5	-0.00213597550940483
12.875	7.5	-0.00213285132735278
13.125	7.5	-0.00212771451502225
13.375	7.5	-0.00211926612164508
13.625	7.5	-0.00210536883929028
13.875	7.5	-0.00208250603530984
14.125	7.5	-0.00204489191864488
14.375	7.5	-0.00198300820802969
14.625	7.5	-0.00188119862801668
14.875	7.5	-0.00171371717077286
15.125	7.5	-0.00143824314468049
15.375	7.5	-0.000985257854400503
15.625	7.5	-0.00024069263507987
15.875	7.5	0.000982276929604714
16.125	7.5	0.00298871159064385
16.375	7.5	0.00627425493926675
16.625	7.5	0.0116375725178502
16.875	7.5	0.0203480894230292
17.125	7.5	0.0343778203490015
17.375	7.5	0.056674117561982
17.625	7.5	0.0913577910267603
17.875	7.5	0.143534069851937
18.125	7.5	0.218134749217865
18.375	7.5	0.317233750829934
18.625	7.5	0.436466369686375
18.875	7.5	0.563640947035073
19.125	7.5	0.682860661303798
19.375	7.5	0.781939593236253
19.625	7.5	0.8565197089651
19.875	7.5	0.908678889590047
20.125	7.5	0.943349983787122
20.375	7.5	0.965637687710087
20.625	7.5	0.979661806836285
20.875	7.5	0.988368756826401
21.125	7.5	0.993729842677876
21.375	7.5	0.997014001352545
21.625	7.5	0.999019579619075
21.875	7.5	1.00024201894328
22.125	7.5	1.00098625410789
22.375	7.5	1.00143903182572
22.625	7.5	1.00171437312442
22.875	7.5	1.00188176760221
23.125	7.5	1.00198351821666
23.375	7.5	1.00204536018025
23.625	7.5	1.00208294320057
23.875	7.5	1.00210578156323
24.125	7.5	1.00211965862733
24.375	7.5	1.00212808954374
24.625	7.5	1.00213321071584
24.875	7.5	1.00213632054049
25.125	7.5	1.00213820809977
25.375	7.5	1.00213935294017
25.625	7.5	1.00214004649198
25.875	7.5	1.00214046586178
26.125	7.5	1.0021407186789
26.375	7.5	1.00214087034978
26.625	7.5	1.00214096062128
26.875	7.5	1.00214101364647
27.125	7.5	1.00214104410185
27.375	7.5	1.00214106090486
27.625	7.5	1.00214106947319
27.875	7.5	1.00214107309765
28.125	7.5	1.00214107377662
28.375	7.5	1.00214107272308
28.625	7.5	1.00214107067276
28.875	7.5	1.00214106807143
29.125	7.5	1.00214106518868
29.375	7.5	1.0021410621871
29.625	7.5	1.00214105916429
29.875	7.5	1.00214105617842
30.125	7.5	1.00214105326373
30.375	7.5	1.00214105043997
30.625	7.5	1.00214104771813
30.875	7.5	1.00214104510394
31.125	7.5	1.00214104259994
31.375	7.5	1.00214104020681
31.625	7.5	1.00214103792411
31.875	7.5	1.0021410357508
32.125	7.5	1.00214103368548
32.375	7.5	1.00214103172659
32.625	7.5	1.0021410298725
32.875	7.5	1.00214102812159
33.125	7.5	1.00214102647227
33.375	7.5	1.00214102492303
33.625	7.5	1.0021410234724
33.875	7.5	1.00214102211903
34.125	7.5	1.00214102086163
34.375	7.5	1.00214101969899
34.625	7.5	1.00214101863002
34.875	7.5	1.00214101765368
35.125	7.5	1.00214101676905
35.375	7.5	1.00214101597528
35.625	7.5	1.00214101527161
35.875	7.5	1.00214101465737
36.125	7.5	1.00214101413196
36.375	7.5	1.00214101369489
36.625	7.5	1.00214101334573
36.875	7.5	1.00214101308415
37.125	7.5	1.00214101290991
37.375	7.5	1.00214101282283
0.125	8.5	-0.00214095723419556
0.375	8.5	-0.00214095716277201
0.625	8.5	-0.0021409570198566
0.875	8.5	-0.00214095680531264
1.125	8.5	-0.00214095651893494
1.375	8.5	-0.00214095616044957
1.625	8.5	-0.00214095572951358
1.875	8.5	-0.00214095522571466
2.125	8.5	-0.0021409546485707
2.375	8.5	-0.00214095399752924
2.625	8.5	-0.00214095327196681
2.875	8.5	-0.0021409524711882
3.125	8.5	-0.00214095159442547
3.375	8.5	-0.00214095064083675
3.625	8.5	-0.00214094960950469
3.875	8.5	-0.00214094849943435
4.125	8.5	-0.00214094730955024
4.375	8.5	-0.00214094603869197
4.625	8.5	-0.00214094468560781
4.875	8.5	-0.00214094324894458
5.125	8.5	-0.00214094172723185
5.375	8.5	-0.00214094011885657
5.625	8.5	-0.0021409384220223
5.875	8.5	-0.00214093663468273
6.125	8.5	-0.00214093475443347
6.375	8.5	-0.0021409327783347
6.625	8.5	-0.00214093070262051
6.875	8.5	-0.00214092852222164
7.125	8.5	-0.00214092622998131
7.375	8.5	-0.00214092381536596
7.625	8.5	-0.00214092126234514
7.875	8.5	-0.00214091854590413
8.125	8.5	-0.00214091562630681
8.375	8.5	-0.00214091243965663
8.625	8.5	-0.00214090888236629
8.875	8.5	-0.00214090478560401
9.125	8.5	-0.00214089987324662
9.375	8.5	-0.00214089369269298
9.625	8.5	-0.00214088550101919
9.875	8.5	-0.00214087407764882
10.125	8.5	-0.00214085741610349
10.375	8.5	-0.00214083221678037
10.625	8.5	-0.00214079305231938
10.875	8.5	-0.00214073099421719
11.125	8.5	-0.00214063135292344
11.375	8.5	-0.00214046995917524
11.625	8.5	-0.00214020704494739
11.875	8.5	-0.00213977717459486
12.125	8.5	-0.00213907267665493
12.375	8.5	-0.00213791638117346
12.625	8.5	-0.00213601675978822
12.875	8.5	-0.00213289411095929
13.125	8.5	-0.00212775910382345
13.375	8.5	-0.00211931293857426
13.625	8.5	-0.00210541855506181
13.875	8.5	-0.0020825597277294
14.125	8.5	-0.00204495133470675
14.375	8.5	-0.00198307619499754
14.625	8.5	-0.00188127984209183
14.875	8.5	-0.00171381924115068
15.125	8.5	-0.0014383785830623
15.375	8.5	-0.00098544718042725
15.625	8.5	-0.00024096947329813
15.875	8.5	0.000981857587842557
16.125	8.5	0.00298806013021469
16.375	8.5	0.00627322621148131
16.625	8.5	0.0116359338258474
16.875	8.5	0.0203454740586925
17.125	8.5	0.0343736668384531
17.375	8.5	0.0566676074976591
17.625	8.5	0.0913478306001991
17.875	8.5	0.14351941941671
18.125	8.5	0.218114458616294
18.375	8.5	0.317207956307722
18.625	8.5	0.436437037064117
18.875	8.5	0.563611615569022
19.125	8.5	0.682834869681332
19.375	8.5	0.781919306107434
19.625	8.5	0.856505061656049
19.875	8.5	0.908668931565704
20.125	8.5	0.943343475402193
20.375	8.5	0.965633535308028
20.625	8.5	0.979659192178423
20.875	8.5	0.988367118575175
21.125	8.5	0.993728814221595
21.375	8.5	0.997013350058096
21.625	8.5	0.999019160378355
21.875	8.5	1.00024174216644
22.125	8.5	1.00098606481912
22.375	8.5	1.00143889640996
22.625	8.5	1.00171427106778
22.875	8.5	1.00188168639648
23.125	8.5	1.00198345023476
23.375	8.5	1.00204530076724
23.625	8.5	1.00208288950996
23.875	8.5	1.0021057318485
24.125	8.5	1.00211961181095
24.375	8.5	1.00212804495517
24.625	8.5	1.00213316793226
24.875	8.5	1.00213627928998
25.125	8.5	1.00213816820253
25.375	8.5	1.00213931427274
25.625	8.5	1.00214000896551
25.875	8.5	1.00214042940885
26.125	8.5	1.00214068324543
26.375	8.5	1.00214083589017
26.625	8.5	1.00214092709541
26.875	8.5	1.00214098101788
27.125	8.5	1.00214101233661
27.375	8.5	1.00214102997091
27.625	8.5	1.00214103933986
27.875	8.5	1.00214104373544
28.125	8.5	1.00214104515698
28.375	8.5	1.00214104481831
28.625	8.5	1.00214104345594
28.875	8.5	1.00214104151635
29.125	8.5	1.0021410392698
29.375	8.5	1.00214103687951
29.625	8.5	1.00214103444367
29.875	8.5	1.00214103202103
30.125	8.5	1.00214102964638
30.375	8.5	1.00214102733998
30.625	8.5	1.00214102511334
30.875	8.5	1.00214102297264
31.125	8.5	1.0021410209209
31.375	8.5	1.00214101895922
31.625	8.5	1.0021410170876
31.875	8.5	1.00214101530536
32.125	8.5	1.0021410136115
32.375	8.5	1.00214101200482
32.625	8.5	1.00214101048402
32.875	8.5	1.0021410090478
33.125	8.5	1.00214100769489
33.375	8.5	1.00214100642404
33.625	8.5	1.00214100523408
33.875	8.5	1.00214100412388
34.125	8.5	1.00214100309239
34.375	8.5	1.00214100213864
34.625	8.5	1.00214100126172
34.875	8.5	1.00214100046079
35.125	8.5	1.00214099973508
35.375	8.5	1.00214099908391
35.625	8.5	1.00214099850665
35.875	8.5	1.00214099800274
36.125	8.5	1.00214099757172
36.375	8.5	1.00214099721316
36.625	8.5	1.00214099692672
36.875	8.5	1.00214099671213
37.125	8.5	1.00214099656919
37.375	8.5	1.00214099649775
0.125	9.5	-0.00214097473103636
0.375	9.5	-0.00214097467637562
0.625	9.5	-0.002140974567002
0.875	9.5	-0.00214097440281123
1.125	9.5	-0.0021409741836467
1.375	9.5	-0.0021409739092994
1.625	9.5	-0.00214097357950762
1.875	9.5	-0.00214097319395673
2.125	9.5	-0.00214097275227879
2.375	9.5	-0.00214097225405216
2.625	9.5	-0.00214097169880097
2.875	9.5	-0.00214097108599447
3.125	9.5	-0.00214097041504627
3.375	9.5	-0.00214096968531329
3.625	9.5	-0.00214096889609439
3.875	9.5	-0.00214096804662851
4.125	9.5	-0.00214096713609188
4.375	9.5	-0.002140966163594
4.625	9.5	-0.00214096512817135
4.875	9.5	-0.00214096402877767
5.125	9.5	-0.00214096286426837
5.375	9.5	-0.00214096163337558
5.625	9.5	-0.00214096033466759
5.875	9.5	-0.00214095896648287
6.125	9.5	-0.00214095752682209
6.375	9.5	-0.00214095601317134
6.625	9.5	-0.00214095442221179
6.875	9.5	-0.002140952749343
7.125	9.5	-0.0021409509878992
7.375	9.5	-0.00214094912786077
7.625	9.5	-0.00214094715373481
7.875	9.5	-0.00214094504106868
8.125	9.5	-0.00214094275071413
8.375	9.5	-0.00214094021938998
8.625	9.5	-0.00214093734415425
8.875	9.5	-0.00214093395685414
9.125	9.5	-0.00214092978208488
9.375	9.5	-0.00214092436801228
9.625	9.5	-0.00214091697254247
9.875	9.5	-0.00214090637601578
10.125	9.5	-0.00214089057299576
10.375	9.5	-0.00214086626510957
10.625	9.5	-0.00214082802651825
10.875	9.5	-0.00214076693069994
11.125	9.5	-0.00214066829082427
11.375	9.5	-0.00214050794154427
11.625	9.5	-0.00214024612069921
11.875	9.5	-0.0021398174016955
12.125	9.5	-0.00213911412734715
12.375	9.5	-0.00213795915055705
12.625	9.5	-0.00213606097992267
12.875	9.5	-0.00213293997405628
13.125	9.5	-0.002127806900401
13.375	9.5	-0.00211936312023524
13.625	9.5	-0.0021054718377959
13.875	9.5	-0.00208261726188963
14.125	9.5	-0.00204501498465508
14.375	9.5	-0.00198314899904829
14.625	9.5	-0.00188136676862924
14.875	9.5	-0.00171392843062761
15.125	9.5	-0.001438523385372
15.375	9.5	-0.000985649489622143
15.625	9.5	-0.000241265165872852
15.875	9.5	0.000981409837765823
16.125	9.5	0.00298736470606166
16.375	9.5	0.00627212824388948
16.625	9.5	0.0116341850333573
16.875	9.5	0.0203426831711206
17.125	9.5	0.034369234768765
17.375	9.5	0.0566606609991238
17.625	9.5	0.0913372025382124
17.875	9.5	0.143503786967446
18.125	9.5	0.218092807706147
18.375	9.5	0.317180431931254
18.625	9.5	0.436405736446447
18.875	9.5	0.563580315201503
19.125	9.5	0.682807345929691
19.375	9.5	0.78189765593974
19.625	9.5	0.856489429867716
19.875	9.5	0.908658304004487
20.125	9.5	0.943336529247971
20.375	9.5	0.965629103461352
20.625	9.5	0.979656401430038
20.875	9.5	0.98836536986756
21.125	9.5	0.993727716304996
21.375	9.5	0.997012654664275
21.625	9.5	0.999018712646181
21.875	9.5	1.00024144648435
22.125	9.5	1.000985862516
22.375	9.5	1.0014387516111
22.625	9.5	1.00171416188019
22.875	9.5	1.00188159947089
23.125	9.5	1.00198337743108
23.375	9.5	1.00204523711731
23.625	9.5	1.0020828319756
23.875	9.5	1.00210567856541
24.125	9.5	1.00211956162883
24.375	9.5	1.00212799715806
24.625	9.5	1.00213312206856
24.875	9.5	1.0021362350692
25.125	9.5	1.00213812543247
25.375	9.5	1.00213927282134
25.625	9.5	1.00213996873767
25.875	9.5	1.00214039033234
26.125	9.5	1.00214064526227
26.375	9.5	1.00214079895146
26.625	9.5	1.00214089115811
26.875	9.5	1.00214094604285
27.125	9.5	1.00214097828743
27.375	9.5	1.00214099681316
27.625	9.5	1.00214100704063
27.875	9.5	1.00214101226304
28.125	9.5	1.00214101448078
28.375	9.5	1.00214101490859
28.625	9.5	1.0021410142838
28.875	9.5	1.00214101305367
29.125	9.5	1.00214101148917
29.375	9.5	1.0021410097542
29.625	9.5	1.00214100794761
29.875	9.5	1.00214100612874
30.125	9.5	1.00214100433298
30.375	9.5	1.00214100258116
30.625	9.5	1.00214100088532
30.875	9.5	1.00214099925215
31.125	9.5	1.00214099768517
31.375	9.5	1.00214099618594
31.625	9.5	1.00214099475491
31.875	9.5	1.00214099339183
32.125	9.5	1.0021409920961
32.375	9.5	1.0021409908669
32.625	9.5	1.0021409897033
32.875	9.5	1.00214098860435
33.125	9.5	1.0021409875691
33.375	9.5	1.00214098659662
33.625	9.5	1.00214098568601
33.875	9.5	1.00214098483641
34.125	9.5	1.00214098404704
34.375	9.5	1.00214098331715
34.625	9.5	1.00214098264605
34.875	9.5	1.00214098203309
35.125	9.5	1.00214098147769
35.375	9.5	1.00214098097933
35.625	9.5	1.00214098053754
35.875	9.5	1.00214098015189
36.125	9.5	1.00214097982201
36.375	9.5	1.00214097954758
36.625	9.5	1.00214097932836
36.875	9.5	1.00214097916413
37.125	9.5	1.00214097905472
37.375	9.5	1.00214097900005
0.125	10.5	-0.00214099312538282
0.375	10.5	-0.00214099308833971
0.625	10.5	-0.00214099301421838
0.875	10.5	-0.00214099290294862
1.125	10.5	-0.002140992754425
1.375	10.5	-0.00214099256850676
1.625	10.5	-0.0021409923450177
1.875	10.5	-0.00214099208374594
2.125	10.5	-0.00214099178444371
2.375	10.5	-0.00214099144682702
2.625	10.5	-0.00214099107057529
2.875	10.5	-0.00214099065533089
3.125	10.5	-0.00214099020069848
3.375	10.5	-0.00214098970624423
3.625	10.5	-0.00214098917149459
3.875	10.5	-0.00214098859593468
4.125	10.5	-0.00214098797900578
4.375	10.5	-0.00214098732010152
4.625	10.5	-0.0021409866185619
4.875	10.5	-0.00214098587366387
5.125	10.5	-0.00214098508460606
5.375	10.5	-0.00214098425048415
5.625	10.5	-0.00214098337025073
5.875	10.5	-0.00214098244264964
6.125	10.5	-0.00214098146610847
6.375	10.5	-0.00214098043856215
6.625	10.5	-0.00214097935716316
6.875	10.5	-0.00214097821780531
7.125	10.5	-0.00214097701434065
7.375	10.5	-0.00214097573729156
7.625	10.5	-0.00214097437173217
7.875	10.5	-0.00214097289380288
8.125	10.5	-0.0021409712649758
8.375	10.5	-0.00214096942261921
8.625	10.5	-0.00214096726447231
8.875	10.5	-0.00214096462309912
9.125	10.5	-0.00214096122385336
9.375	10.5	-0.00214095661571052
9.625	10.5	-0.00214095005745292
9.875	10.5	-0.00214094033038826
10.125	10.5	-0.00214092543017893
10.375	10.5	-0.00214090205974808
10.625	10.5	-0.00214086479485778
10.875	10.5	-0.00214080471106914
11.125	10.5	-0.00214070712440755
11.375	10.5	-0.00214054787363285
11.625	10.5	-0.00214028720272896
11.875	10.5	-0.0021398596945796
12.125	10.5	-0.00213915770693973
12.375	10.5	-0.0021380041166243
12.625	10.5	-0.00213610747088738
12.875	10.5	-0.00213298819124542
13.125	10.5	-0.00212785714793504
13.375	10.5	-0.00211941587066134
13.625	10.5	-0.00210552784008655
13.875	10.5	-0.00208267771914741
14.125	10.5	-0.00204508184647244
14.375	10.5	-0.00198322544236324
14.625	10.5	-0.00188145798822234
14.875	10.5	-0.00171404293759492
15.125	10.5	-0.00143867513714184
15.375	10.5	-0.000985861376321514
15.625	10.5	-0.000241574695935108
15.875	10.5	0.000980941321481273
16.125	10.5	0.00298663723803473
16.375	10.5	0.00627097991060086
16.625	10.5	0.0116323562595095
16.875	10.5	0.0203397648859363
17.125	10.5	0.0343646006237805
17.375	10.5	0.0566533979950181
17.625	10.5	0.0913260903725399
17.875	10.5	0.143487442473742
18.125	10.5	0.218070170372748
18.375	10.5	0.317151652933023
18.625	10.5	0.436373008127492
18.875	10.5	0.56354758605806
19.125	10.5	0.682778564858188
19.375	10.5	0.781875016110839
19.625	10.5	0.856473083111616
19.875	10.5	0.90864719008509
20.125	10.5	0.943329265005433
20.375	10.5	0.965624468489802
20.625	10.5	0.97965348261173
20.875	10.5	0.988363540756864
21.125	10.5	0.993726567761448
21.375	10.5	0.997011927065892
21.625	10.5	0.999018244049327
21.875	10.5	1.0002411369045
22.125	10.5	1.00098565059844
22.375	10.5	1.00143859984008
22.625	10.5	1.00171404736108
22.875	10.5	1.00188150824349
23.125	10.5	1.0019833009826
23.375	10.5	1.00204517025193
23.625	10.5	1.00208277151575
23.875	10.5	1.00210562256112
24.125	10.5	1.00211950887676
24.375	10.5	1.0021279469091
24.625	10.5	1.00213307385007
24.875	10.5	1.00213618857701
25.125	10.5	1.00213808046521
25.375	10.5	1.00213922924058
25.625	10.5	1.00213992644364
25.875	10.5	1.00214034924917
26.125	10.5	1.00214060532905
26.375	10.5	1.00214076011675
26.625	10.5	1.00214085337661
26.875	10.5	1.00214090927338
27.125	10.5	1.00214094249167
27.375	10.5	1.00214096195486
27.625	10.5	1.00214097308514
27.875	10.5	1.00214097917701
28.125	10.5	1.00214098223196
28.375	10.5	1.0021409834657
28.625	10.5	1.00214098361645
28.875	10.5	1.00214098313225
29.125	10.5	1.00214098228484
29.375	10.5	1.00214098123884
29.625	10.5	1.00214098009378
29.875	10.5	1.00214097890966
30.125	10.5	1.00214097772247
30.375	10.5	1.00214097655365
30.625	10.5	1.00214097541579
30.875	10.5	1.00214097431614
31.125	10.5	1.00214097325872
31.375	10.5	1.0021409722456
31.625	10.5	1.00214097127769
31.875	10.5	1.00214097035521
32.125	10.5	1.00214096947796
32.375	10.5	1.00214096864554
32.625	10.5	1.0021409678574
32.875	10.5	1.00214096711296
33.125	10.5	1.0021409664116
33.375	10.5	1.00214096575271
33.625	10.5	1.00214096513571
33.875	10.5	1.00214096456002
34.125	10.5	1.00214096402513
34.375	10.5	1.00214096353052
34.625	10.5	1.00214096307573
34.875	10.5	1.00214096266033
35.125	10.5	1.00214096228394
35.375	10.5	1.0021409619462
35.625	10.5	1.00214096164678
35.875	10.5	1.00214096138541
36.125	10.5	1.00214096116183
36.375	10.5	1.00214096097584
36.625	10.5	1.00214096082726
36.875	10.5	1.00214096071595
37.125	10.5	1.0021409606418
37.375	10.5	1.00214096060475
0.125	11.5	-0.00214101212819454
0.375	11.5	-0.00214101210934434
0.625	11.5	-0.00214101207162643
0.875	11.5	-0.00214101201500581
1.125	11.5	-0.00214101193942987
1.375	11.5	-0.00214101184482844
1.625	11.5	-0.00214101173111362
1.875	11.5	-0.00214101159817973
2.125	11.5	-0.00214101144590313
2.375	11.5	-0.00214101127414209
2.625	11.5	-0.00214101108273653
2.875	11.5	-0.0021410108715077
3.125	11.5	-0.00214101064025775
3.375	11.5	-0.0021410103887691
3.625	11.5	-0.00214101011680348
3.875	11.5	-0.00214100982410052
4.125	11.5	-0.00214100951037551
4.375	11.5	-0.00214100917531587
4.625	11.5	-0.00214100881857547
4.875	11.5	-0.00214100843976551
5.125	11.5	-0.00214100803843964
5.375	11.5	-0.00214100761406964
5.625	11.5	-0.00214100716600567
5.875	11.5	-0.00214100669341105
6.125	11.5	-0.00214100619515518
6.375	11.5	-0.0021410056696376
6.625	11.5	-0.0021410051144987
6.875	11.5	-0.00214100452614404
7.125	11.5	-0.00214100389896193
7.375	11.5	-0.00214100322403616
7.625	11.5	-0.00214100248702829
7.875	11.5	-0.00214100166469324
8.125	11.5	-0.00214100071914601
8.375	11.5	-0.00214099958842813
8.625	11.5	-0.002140998170985
8.875	11.5	-0.00214099630012388
9.125	11.5	-0.002140993701985
9.375	11.5	-0.00214098992638341
9.625	11.5	-0.00214098423300979
9.875	11.5	-0.00214097540417437
10.125	11.5	-0.00214096143667755
10.375	11.5	-0.00214093903478353
10.625	11.5	-0.00214090277590908
10.875	11.5	-0.00214084373776524
11.125	11.5	-0.0021407472393211
11.375	11.5	-0.00214058912356464
11.625	11.5	-0.00214032964079979
11.875	11.5	-0.00213990338365071
12.125	11.5	-0.00213920272521982
12.375	11.5	-0.00213805056687551
12.625	11.5	-0.00213615549555529
12.875	11.5	-0.00213303799733998
13.125	11.5	-0.00212790904796113
13.375	11.5	-0.00211947034996472
13.625	11.5	-0.00210558566767064
13.875	11.5	-0.00208274013001449
14.125	11.5	-0.00204515084161174
14.375	11.5	-0.00198330428215353
14.625	11.5	-0.00188155200355699
14.875	11.5	-0.0017141608622413
15.125	11.5	-0.00143883129335101
15.375	11.5	-0.000986079252197848
15.625	11.5	-0.000241892779471857
15.875	11.5	0.000980460085650273
16.125	11.5	0.00298589027420244
16.375	11.5	0.00626980107732302
16.625	11.5	0.0116304792024462
16.875	11.5	0.0203367698483887
17.125	11.5	0.0343598448887469
17.375	11.5	0.0566459446869128
17.625	11.5	0.0913146872371419
17.875	11.5	0.143470670040652
18.125	11.5	0.218046940104174
18.375	11.5	0.317122119510546
18.625	11.5	0.436339420854127
18.875	11.5	0.563513996784274
19.125	11.5	0.682749026410107
19.375	11.5	0.781851779803889
19.625	11.5	0.856456305217747
19.875	11.5	0.908635782729573
20.125	11.5	0.943321808727565
20.375	11.5	0.965619710780221
20.625	11.5	0.979650486305801
20.875	11.5	0.988361662901805
21.125	11.5	0.993725388432273
21.375	11.5	0.997011179796042
21.625	11.5	0.999017762625295
21.875	11.5	1.0002408187053
22.125	11.5	1.00098543265136
22.375	11.5	1.00143844363983
22.625	11.5	1.00171392940896
22.875	11.5	1.00188141421079
23.125	11.5	1.0019832221316
23.375	11.5	1.00204510124933
23.625	11.5	1.00208270909971
23.875	11.5	1.00210556472976
24.125	11.5	1.00211945439454
24.375	11.5	1.00212789500667
24.625	11.5	1.00213302404191
24.875	11.5	1.00213614055048
25.125	11.5	1.00213803401323
25.375	11.5	1.00213918422065
25.625	11.5	1.00213988275298
25.875	11.5	1.00214030680955
26.125	11.5	1.0021405640776
26.375	11.5	1.00214072000034
26.625	11.5	1.00214081434845
26.875	11.5	1.00214087129088
27.125	11.5	1.00214090551521
27.375	11.5	1.00214092594694
27.625	11.5	1.00214093800996
27.875	11.5	1.00214094500008
28.125	11.5	1.00214094891993
28.375	11.5	1.00214095098622
28.625	11.5	1.00214095193809
28.875	11.5	1.00214095222441
29.125	11.5	1.00214095211773
29.375	11.5	1.00214095178338
29.625	11.5	1.00214095132161
29.875	11.5	1.0021409507931
30.125	11.5	1.00214095023447
30.375	11.5	1.00214094966779
30.625	11.5	1.00214094910622
30.875	11.5	1.00214094855759
31.125	11.5	1.00214094802645
31.375	11.5	1.00214094751537
31.625	11.5	1.00214094702576
31.875	11.5	1.00214094655829
32.125	11.5	1.00214094611322
32.375	11.5	1.00214094569056
32.625	11.5	1.00214094529016
32.875	11.5	1.00214094491182
33.125	11.5	1.00214094455527
33.375	11.5	1.00214094422023
33.625	11.5	1.00214094390644
33.875	11.5	1.00214094361363
34.125	11.5	1.00214094334152
34.375	11.5	1.00214094308988
34.625	11.5	1.00214094285848
34.875	11.5	1.0021409426471
35.125	11.5	1.00214094245556
35.375	11.5	1.00214094228368
35.625	11.5	1.00214094213129
35.875	11.5	1.00214094199826
36.125	11.5	1.00214094188446
36.375	11.5	1.00214094178979
36.625	11.5	1.00214094171416
36.875	11.5	1.0021409416575
37.125	11.5	1.00214094161975
37.375	11.5	1.00214094160089
0.125	12.5	-0.00214103144099843
0.375	12.5	-0.00214103144062759
0.625	12.5	-0.00214103143988626
0.875	12.5	-0.00214103143877517
1.125	12.5	-0.00214103143729541
1.375	12.5	-0.00214103143544842
1.625	12.5	-0.002141031433236
1.875	12.5	-0.00214103143066031
2.125	12.5	-0.0021410314277238
2.375	12.5	-0.0021410314244292
2.625	12.5	-0.00214103142077944
2.875	12.5	-0.00214103141677749
3.125	12.5	-0.00214103141242607
3.375	12.5	-0.00214103140772732
3.625	12.5	-0.00214103140268198
3.875	12.5	-0.00214103139728828
4.125	12.5	-0.00214103139153995
4.375	12.5	-0.00214103138542295
4.625	12.5	-0.00214103137891019
4.875	12.5	-0.00214103137195264
5.125	12.5	-0.00214103136446483
5.375	12.5	-0.00214103135630095
5.625	12.5	-0.00214103134721544
5.875	12.5	-0.00214103133679826
6.125	12.5	-0.0021410313243682
6.375	12.5	-0.00214103130879746
6.625	12.5	-0.00214103128822291
6.875	12.5	-0.00214103125957093
7.125	12.5	-0.00214103121777565
7.375	12.5	-0.00214103115449245
7.625	12.5	-0.00214103105598108
7.875	12.5	-0.00214103089962229
8.125	12.5	-0.00214103064818603
8.375	12.5	-0.00214103024039975
8.625	12.5	-0.00214102957542848
8.875	12.5	-0.00214102848733699
9.125	12.5	-0.00214102670306711
9.375	12.5	-0.00214102377328957
9.625	12.5	-0.00214101895862066
9.875	12.5	-0.00214101104239179
10.125	12.5	-0.00214099802256175
10.375	12.5	-0.00214097660475852
10.625	12.5	-0.00214094136807945
10.875	12.5	-0.00214088339241619
11.125	12.5	-0.00214078799971922
11.375	12.5	-0.00214063103725341
11.625	12.5	-0.00214037276170883
11.875	12.5	-0.00213994777554413
12.125	12.5	-0.00213924846734841
12.375	12.5	-0.00213809776325637
12.625	12.5	-0.00213620429022211
12.875	12.5	-0.00213308859942126
13.125	12.5	-0.00212796177293473
13.375	12.5	-0.00211952568753632
13.625	12.5	-0.00210564439346623
13.875	12.5	-0.00208280348936252
14.125	12.5	-0.00204522085190181
14.375	12.5	-0.00198338423013886
14.625	12.5	-0.00188164726289237
14.875	12.5	-0.00171428023637969
15.125	12.5	-0.00143898921844478
15.375	12.5	-0.000986299402781921
15.625	12.5	-0.000242213948694057
15.875	12.5	0.000979974454357344
16.125	12.5	0.00298513679238708
16.375	12.5	0.00626861228691002
16.625	12.5	0.0116285866373044
16.875	12.5	0.0203337504209891
17.125	12.5	0.0343550507749836
17.375	12.5	0.0566384315495334
17.625	12.5	0.0913031928082216
17.875	12.5	0.143453763408743
18.125	12.5	0.218023523761938
18.375	12.5	0.317092348913441
18.625	12.5	0.436305562836777
18.875	12.5	0.563480135567041
19.125	12.5	0.682719247776063
19.375	12.5	0.781828353809768
19.625	12.5	0.856439389863123
19.875	12.5	0.908624281565325
20.125	12.5	0.943314290854983
20.375	12.5	0.96561491352142
20.625	12.5	0.979647464860416
20.875	12.5	0.988359769068559
21.125	12.5	0.993724198854796
21.375	12.5	0.997010425829158
21.625	12.5	0.999017276696097
21.875	12.5	1.00024049735328
22.125	12.5	1.00098521238843
22.375	12.5	1.00143828564541
22.625	12.5	1.00171380999172
22.875	12.5	1.00188131892433
23.125	12.5	1.00198314216623
23.375	12.5	1.00204503122759
23.625	12.5	1.00208264573254
23.875	12.5	1.00210550599837
24.125	12.5	1.00211939905273
24.375	12.5	1.00212784227832
24.625	12.5	1.00213297343698
24.875	12.5	1.0021360917533
25.125	12.5	1.00213798681456
25.375	12.5	1.00213913847639
25.625	12.5	1.00213983835905
25.875	12.5	1.00214026368669
26.125	12.5	1.00214052216202
26.375	12.5	1.0021406792381
26.625	12.5	1.00214077469199
26.875	12.5	1.00214083269695
27.125	12.5	1.0021408679435
27.375	12.5	1.00214088935936
27.625	12.5	1.00214090237007
27.875	12.5	1.00214091027283
28.125	12.5	1.00214091507141
28.375	12.5	1.00214091798356
28.625	12.5	1.00214091974932
28.875	12.5	1.00214092081844
29.125	12.5	1.00214092146425
29.375	12.5	1.00214092185286
29.625	12.5	1.00214092208523
29.875	12.5	1.00214092222271
30.125	12.5	1.0021409223026
30.375	12.5	1.00214092234757
30.625	12.5	1.00214092237141
30.875	12.5	1.0021409223825
31.125	12.5	1.00214092238594
31.375	12.5	1.00214092238483
31.625	12.5	1.00214092238106
31.875	12.5	1.00214092237578
32.125	12.5	1.00214092236971
32.375	12.5	1.00214092236326
32.625	12.5	1.00214092235672
32.875	12.5	1.00214092235023
33.125	12.5	1.00214092234392
33.375	12.5	1.00214092233784
33.625	12.5	1.00214092233204
33.875	12.5	1.00214092232654
34.125	12.5	1.00214092232136
34.375	12.5	1.00214092231652
34.625	12.5	1.00214092231203
34.875	12.5	1.00214092230789
35.125	12.5	1.00214092230411
35.375	12.5	1.00214092230069
35.625	12.5	1.00214092229765
35.875	12.5	1.00214092229498
36.125	12.5	1.00214092229269
36.375	12.5	1.00214092229078
36.625	12.5	1.00214092228925
36.875	12.5	1.0021409222881
37.125	12.5	1.00214092228733
37.375	12.5	1.00214092228695
0.125	13.5	-0.00214105076063093
0.375	13.5	-0.00214105077873255
0.625	13.5	-0.00214105081495397
0.875	13.5	-0.00214105086933161
1.125	13.5	-0.00214105094192012
1.375	13.5	-0.00214105103279246
1.625	13.5	-0.00214105114203996
1.875	13.5	-0.00214105126977242
2.125	13.5	-0.00214105141611818
2.375	13.5	-0.00214105158122421
2.625	13.5	-0.00214105176525618
2.875	13.5	-0.00214105196839848
3.125	13.5	-0.00214105219085417
3.375	13.5	-0.00214105243284476
3.625	13.5	-0.00214105269460973
3.875	13.5	-0.00214105297640558
4.125	13.5	-0.00214105327850417
4.375	13.5	-0.00214105360118975
4.625	13.5	-0.00214105394475393
4.875	13.5	-0.0021410543094872
5.125	13.5	-0.00214105469566476
5.375	13.5	-0.00214105510352301
5.625	13.5	-0.00214105553322055
5.875	13.5	-0.00214105598477384
6.125	13.5	-0.00214105645795107
6.375	13.5	-0.00214105695209715
6.625	13.5	-0.00214105746584554
6.875	13.5	-0.0021410579966437
7.125	13.5	-0.00214105853997195
7.375	13.5	-0.00214105908805771
7.625	13.5	-0.00214105962775952
7.875	13.5	-0.00214106013708477
8.125	13.5	-0.00214106057945928
8.375	13.5	-0.00214106089429749
8.625	13.5	-0.00214106098148538
8.875	13.5	-0.00214106067584664
9.125	13.5	-0.00214105970512628
9.375	13.5	-0.00214105762085236
9.625	13.5	-0.00214105368456834
9.875	13.5	-0.00214104668062813
10.125	13.5	-0.0021410346081496
10.375	13.5	-0.00214101417412384
10.625	13.5	-0.00214097995932591
10.875	13.5	-0.00214092304582102
11.125	13.5	-0.00214082875852699
11.375	13.5	-0.00214067294895968
11.625	13.5	-0.00214041588014957
11.875	13.5	-0.00213999216431103
12.125	13.5	-0.00213929420538644
12.375	13.5	-0.00213814495405289
12.625	13.5	-0.00213625307690801
12.875	13.5	-0.00213313918960311
13.125	13.5	-0.00212801447954396
13.375	13.5	-0.00211958099604023
13.625	13.5	-0.00210570307246175
13.875	13.5	-0.00208286677255037
14.125	13.5	-0.00204529073747086
14.375	13.5	-0.0019834639731776
14.625	13.5	-0.0018817421848883
14.875	13.5	-0.0017143990549157
15.125	13.5	-0.00143914622845324
15.375	13.5	-0.000986518046808624
15.625	13.5	-0.00024253263938836
15.875	13.5	0.000979492896123101
16.125	13.5	0.00298438999281227
16.375	13.5	0.00626743443111139
16.625	13.5	0.0116267118924697
16.875	13.5	0.0203307598467236
17.125	13.5	0.0343503028901031
17.375	13.5	0.056630991245766
17.625	13.5	0.0912918101137204
17.875	13.5	0.143437021261456
18.125	13.5	0.218000335083022
18.375	13.5	0.317062867185732
18.625	13.5	0.436272032363503
18.875	13.5	0.563446600754052
19.125	13.5	0.682689755149862
19.375	13.5	0.78180515204536
19.625	13.5	0.856422635893796
19.875	13.5	0.90861288974588
20.125	13.5	0.943306844138891
20.375	13.5	0.965610161379688
20.625	13.5	0.97964447155622
20.875	13.5	0.988357892609185
21.125	13.5	0.993723019935464
21.375	13.5	0.99700967837452
21.625	13.5	0.99901679473581
21.875	13.5	1.00024017841604
22.125	13.5	1.00098499359302
22.375	13.5	1.00143812854208
22.625	13.5	1.00171369111525
22.875	13.5	1.00188122396595
23.125	13.5	1.00198306239994
23.375	13.5	1.00204496132679
23.625	13.5	1.00208258243902
23.875	13.5	1.00210544731204
24.125	13.5	1.00211934373875
24.375	13.5	1.00212778956738
24.625	13.5	1.0021329228432
24.875	13.5	1.00213604296348
25.125	13.5	1.00213793962094
25.375	13.5	1.00213909273574
25.625	13.5	1.00213979396783
25.875	13.5	1.0021402205659
26.125	13.5	1.00214048024805
26.375	13.5	1.00214063847711
26.625	13.5	1.00214073503646
26.875	13.5	1.00214079410363
27.125	13.5	1.00214083037212
27.375	13.5	1.00214085277181
27.625	13.5	1.00214086672991
27.875	13.5	1.002140875545
28.125	13.5	1.00214088122201
28.375	13.5	1.0021408849797
28.625	13.5	1.00214088755905
28.875	13.5	1.00214088941066
29.125	13.5	1.00214089080866
29.375	13.5	1.00214089191993
29.625	13.5	1.00214089284614
29.875	13.5	1.00214089364933
30.125	13.5	1.00214089436746
30.375	13.5	1.00214089502383
30.625	13.5	1.00214089563282
30.875	13.5	1.00214089620339
31.125	13.5	1.00214089674117
31.375	13.5	1.00214089724979
31.625	13.5	1.00214089773165
31.875	13.5	1.00214089818836
32.125	13.5	1.00214089862109
32.375	13.5	1.00214089903068
32.625	13.5	1.00214089941782
32.875	13.5	1.00214089978304
33.125	13.5	1.00214090012682
33.375	13.5	1.00214090044955
33.625	13.5	1.00214090075161
33.875	13.5	1.00214090103331
34.125	13.5	1.00214090129495
34.375	13.5	1.00214090153681
34.625	13.5	1.00214090175913
34.875	13.5	1.00214090196215
35.125	13.5	1.00214090214606
35.375	13.5	1.00214090231106
35.625	13.5	1.00214090245731
35.875	13.5	1.00214090258495
36.125	13.5	1.00214090269413
36.375	13.5	1.00214090278494
36.625	13.5	1.00214090285748
36.875	13.5	1.00214090291182
37.125	13.5	1.00214090294802
37.375	13.5	1.00214090296611
0.125	14.5	-0.00214106978405462
0.375	14.5	-0.00214106982032897
0.625	14.5	-0.00214106989291334
0.875	14.5	-0.00214107000187914
1.125	14.5	-0.00214107014733358
1.375	14.5	-0.00214107032941976
1.625	14.5	-0.00214107054831683
1.875	14.5	-0.00214107080424019
2.125	14.5	-0.00214107109744167
2.375	14.5	-0.00214107142820972
2.625	14.5	-0.0021410717968697
2.875	14.5	-0.00214107220378401
3.125	14.5	-0.00214107264935227
3.375	14.5	-0.00214107313401126
3.625	14.5	-0.00214107365823474
3.875	14.5	-0.00214107422253272
4.125	14.5	-0.00214107482745004
4.375	14.5	-0.00214107547356375
4.625	14.5	-0.00214107616147839
4.875	14.5	-0.00214107689181779
5.125	14.5	-0.00214107766521135
5.375	14.5	-0.00214107848227081
5.625	14.5	-0.00214107934355177
5.875	14.5	-0.00214108024948973
6.125	14.5	-0.00214108120029441
6.375	14.5	-0.00214108219577527
6.625	14.5	-0.00214108323505389
6.875	14.5	-0.00214108431608996
7.125	14.5	-0.00214108543490084
7.375	14.5	-0.00214108658427655
7.625	14.5	-0.00214108775166461
7.875	14.5	-0.00214108891568889
8.125	14.5	-0.00214109004042061
8.375	14.5	-0.00214109106595038
8.625	14.5	-0.00214109189287382
8.875	14.5	-0.00214109235676175
9.125	14.5	-0.00214109218614995
9.375	14.5	-0.00214109093341045
9.625	14.5	-0.00214108786099934
9.875	14.5	-0.0021410817542764
10.125	14.5	-0.00214107061349895
10.375	14.5	-0.0021410511469967
10.625	14.5	-0.0021410179371899
10.875	14.5	-0.00214096206827192
11.125	14.5	-0.00214086886806134
11.375	14.5	-0.00214071419222361
11.625	14.5	-0.00214045830997109
11.875	14.5	-0.00214003584302143
12.125	14.5	-0.00213933921026306
12.375	14.5	-0.00213819138625383
12.625	14.5	-0.00213630107615423
12.875	14.5	-0.0021331889583211
13.125	14.5	-0.00212806632258007
13.375	14.5	-0.00211963538600384
13.625	14.5	-0.00210576075724537
13.875	14.5	-0.00208292895224604
14.125	14.5	-0.00204535935543401
14.375	14.5	-0.00198354219475457
14.625	14.5	-0.00188183518442216
14.875	14.5	-0.00171451530849895
15.125	14.5	-0.00143929963458676
15.375	14.5	-0.000986731397497183
15.625	14.5	-0.00024284328092807
15.875	14.5	0.000979023887096897
16.125	14.5	0.00298366308505848
16.375	14.5	0.00626628841360538
16.625	14.5	0.0116248883122404
16.875	14.5	0.0203278513908725
17.125	14.5	0.0343456858745238
17.375	14.5	0.0566237564889805
17.625	14.5	0.0912807422620692
17.875	14.5	0.143420742412943
18.125	14.5	0.217977788014501
18.375	14.5	0.317034200691784
18.625	14.5	0.436239428162913
18.875	14.5	0.563413991216523
19.125	14.5	0.682661075253968
19.375	14.5	0.781782588887616
19.625	14.5	0.856406342512178
19.875	14.5	0.908601810679244
20.125	14.5	0.943299601503089
20.375	14.5	0.965605539135069
20.625	14.5	0.979641559747984
20.875	14.5	0.988356066924144
21.125	14.5	0.993721872612757
21.375	14.5	0.997008950663115
21.625	14.5	0.999016325233699
21.875	14.5	1.00023986747225
22.125	14.5	1.0009847800568
22.375	14.5	1.00143797502163
22.625	14.5	1.00171357479074
22.875	14.5	1.00188113092192
23.125	14.5	1.00198298414997
23.375	14.5	1.00204489269026
23.625	14.5	1.00208252024677
23.875	14.5	1.00210538961839
24.125	14.5	1.00211928934221
24.375	14.5	1.00212773771919
24.625	14.5	1.00213287307022
24.875	14.5	1.00213599496056
25.125	14.5	1.00213789318545
25.375	14.5	1.00213904772784
25.625	14.5	1.00213975028628
25.875	14.5	1.00214017813339
26.125	14.5	1.00214043900221
26.375	14.5	1.00214059836509
26.625	14.5	1.00214069601161
26.875	14.5	1.00214075612344
27.125	14.5	1.00214079339698
27.375	14.5	1.00214081676425
27.625	14.5	1.00214083165412
27.875	14.5	1.00214084136648
28.125	14.5	1.00214084790741
28.375	14.5	1.00214085249669
28.625	14.5	1.00214085587619
28.875	14.5	1.00214085849737
29.125	14.5	1.00214086063515
29.375	14.5	1.00214086245715
29.625	14.5	1.00214086406575
29.875	14.5	1.00214086552368
30.125	14.5	1.00214086686953
30.375	14.5	1.00214086812723
30.625	14.5	1.00214086931173
30.875	14.5	1.00214087043256
31.125	14.5	1.0021408714959
31.375	14.5	1.00214087250589
31.625	14.5	1.0021408734654
31.875	14.5	1.00214087437652
32.125	14.5	1.00214087524085
32.375	14.5	1.00214087605967
32.625	14.5	1.00214087683405
32.875	14.5	1.00214087756489
33.125	14.5	1.00214087825304
33.375	14.5	1.00214087889922
33.625	14.5	1.0021408795041
33.875	14.5	1.00214088006832
34.125	14.5	1.00214088059243
34.375	14.5	1.00214088107697
34.625	14.5	1.00214088152242
34.875	14.5	1.00214088192921
35.125	14.5	1.00214088229776
35.375	14.5	1.00214088262842
35.625	14.5	1.00214088292153
35.875	14.5	1.00214088317738
36.125	14.5	1.00214088339621
36.375	14.5	1.00214088357824
36.625	14.5	1.00214088372365
36.875	14.5	1.00214088383258
37.125	14.5	1.00214088390515
37.375	14.5	1.00214088394141
0.125	15.5	-0.00214108821316754
0.375	15.5	-0.00214108826702762
0.625	15.5	-0.0021410883748003
0.875	15.5	-0.00214108853659069
1.125	15.5	-0.00214108875255658
1.375	15.5	-0.00214108902290861
1.625	15.5	-0.0021410893479105
1.875	15.5	-0.00214108972787933
2.125	15.5	-0.00214109016318584
2.375	15.5	-0.00214109065425475
2.625	15.5	-0.00214109120156517
2.875	15.5	-0.00214109180565098
3.125	15.5	-0.00214109246710107
3.375	15.5	-0.00214109318655963
3.625	15.5	-0.00214109396472608
3.875	15.5	-0.00214109480235465
4.125	15.5	-0.00214109570025321
4.375	15.5	-0.00214109665928097
4.625	15.5	-0.00214109768034398
4.875	15.5	-0.0021410987643874
5.125	15.5	-0.002141099912382
5.375	15.5	-0.0021411011253014
5.625	15.5	-0.00214110240408397
5.875	15.5	-0.00214110374956928
6.125	15.5	-0.00214110516239289
6.375	15.5	-0.0021411066428124
6.625	15.5	-0.00214110819042027
6.875	15.5	-0.00214110980367051
7.125	15.5	-0.00214111147909878
7.375	15.5	-0.00214111321003816
7.625	15.5	-0.00214111498450483
7.875	15.5	-0.00214111678171801
8.125	15.5	-0.00214111856637225
8.375	15.5	-0.00214112027921136
8.625	15.5	-0.0021411218215166
8.875	15.5	-0.00214112302958074
9.125	15.5	-0.00214112363270367
9.375	15.5	-0.00214112318407294
9.625	15.5	-0.00214112094702615
9.875	15.5	-0.00214111570789434
10.125	15.5	-0.00214110546803407
10.375	15.5	-0.00214108693706493
10.625	15.5	-0.0021410546989902
10.875	15.5	-0.00214099984004749
11.125	15.5	-0.00214090769083709
11.375	15.5	-0.00214075411099763
11.625	15.5	-0.00214049937565305
11.875	15.5	-0.00214007811559983
12.125	15.5	-0.002139382763995
12.375	15.5	-0.00213823631818359
12.625	15.5	-0.00213634752011107
12.875	15.5	-0.0021332371079359
13.125	15.5	-0.00212811646914684
13.375	15.5	-0.00211968798077402
13.625	15.5	-0.00210581651393069
13.875	15.5	-0.00208298901567952
14.125	15.5	-0.00204542557905251
14.375	15.5	-0.00198361759698983
14.625	15.5	-0.00188192469898944
14.875	15.5	-0.00171462701684221
15.125	15.5	-0.00143944678761653
15.375	15.5	-0.000986935724786941
15.625	15.5	-0.000243140387496432
15.875	15.5	0.000978575772639761
16.125	15.5	0.00298296907278239
16.375	15.5	0.00626519480979707
16.625	15.5	0.0116231487146544
16.875	15.5	0.0203250774754312
17.125	15.5	0.0343412830265175
17.375	15.5	0.0566168578875543
17.625	15.5	0.0912701891435854
17.875	15.5	0.143405220954914
18.125	15.5	0.217956289989455
18.375	15.5	0.31700686756399
18.625	15.5	0.436208339672869
18.875	15.5	0.563382896611995
19.125	15.5	0.682633726772365
19.375	15.5	0.78176107243166
19.625	15.5	0.856390804407808
19.875	15.5	0.90859124471689
20.125	15.5	0.943292693879784
20.375	15.5	0.965601130300631
20.625	15.5	0.979638781995322
20.875	15.5	0.988354324917814
21.125	15.5	0.993720777515575
21.375	15.5	0.997008255731504
21.625	15.5	0.999015876555286
21.875	15.5	1.00023957002005
22.125	15.5	1.0009845755174
22.375	15.5	1.00143782773794
22.625	15.5	1.00171346300135
22.875	15.5	1.00188104135653
23.125	15.5	1.00198290871532
23.375	15.5	1.00204482644547
23.625	15.5	1.00208246016903
23.875	15.5	1.00210533385163
24.125	15.5	1.00211923673997
24.375	15.5	1.00212768756679
24.625	15.5	1.00213282491581
24.875	15.5	1.00213594851247
25.125	15.5	1.00213784824984
25.375	15.5	1.00213900417073
25.625	15.5	1.00213970801055
25.875	15.5	1.00214013706473
26.125	15.5	1.0021403990806
26.375	15.5	1.00214055953959
26.625	15.5	1.00214065823721
26.875	15.5	1.0021407193591
27.125	15.5	1.00214075760445
27.375	15.5	1.00214078190733
27.625	15.5	1.00214079769818
27.875	15.5	1.0021408082782
28.125	15.5	1.00214081565456
28.375	15.5	1.002140821048
28.625	15.5	1.00214082520129
28.875	15.5	1.0021408285667
29.125	15.5	1.00214083141991
29.375	15.5	1.00214083392926
29.625	15.5	1.00214083619783
29.875	15.5	1.00214083828899
30.125	15.5	1.00214084024196
30.375	15.5	1.00214084208125
30.625	15.5	1.00214084382241
30.875	15.5	1.00214084547549
31.125	15.5	1.00214084704719
31.375	15.5	1.00214084854215
31.625	15.5	1.00214084996371
31.875	15.5	1.0021408513144
32.125	15.5	1.00214085259626
32.375	15.5	1.00214085381096
32.625	15.5	1.00214085495996
32.875	15.5	1.00214085604453
33.125	15.5	1.00214085706584
33.375	15.5	1.00214085802495
33.625	15.5	1.00214085892284
33.875	15.5	1.0021408597604
34.125	15.5	1.00214086053847
34.375	15.5	1.00214086125782
34.625	15.5	1.00214086191916
34.875	15.5	1.00214086252313
35.125	15.5	1.00214086307034
35.375	15.5	1.00214086356131
35.625	15.5	1.00214086399654
35.875	15.5	1.00214086437643
36.125	15.5	1.00214086470137
36.375	15.5	1.00214086497167
36.625	15.5	1.0021408651876
36.875	15.5	1.00214086534936
37.125	15.5	1.00214086545711
37.375	15.5	1.00214086551096
0.125	16.5	-0.00214110575952126
0.375	16.5	-0.00214110583010348
0.625	16.5	-0.00214110597133632
0.875	16.5	-0.00214110618335668
1.125	16.5	-0.00214110646637008
1.375	16.5	-0.00214110682065087
1.625	16.5	-0.00214110724654258
1.875	16.5	-0.00214110774445821
2.125	16.5	-0.00214110831488067
2.375	16.5	-0.0021411089583633
2.625	16.5	-0.00214110967553029
2.875	16.5	-0.00214111046707731
3.125	16.5	-0.00214111133377191
3.375	16.5	-0.002141112276454
3.625	16.5	-0.00214111329603602
3.875	16.5	-0.0021411143935027
4.125	16.5	-0.00214111556991026
4.375	16.5	-0.00214111682638424
4.625	16.5	-0.00214111816411545
4.875	16.5	-0.00214111958435243
5.125	16.5	-0.00214112108838838
5.375	16.5	-0.00214112267753874
5.625	16.5	-0.00214112435310344
5.875	16.5	-0.00214112611630383
6.125	16.5	-0.00214112796817788
6.375	16.5	-0.00214112990940668
6.625	16.5	-0.00214113194002783
6.875	16.5	-0.00214113405896263
7.125	16.5	-0.00214113626323684
7.375	16.5	-0.0021411385466971
7.625	16.5	-0.00214114089789754
7.875	16.5	-0.00214114329662058
8.125	16.5	-0.00214114570815062
8.375	16.5	-0.00214114807384965
8.625	16.5	-0.00214115029564794
8.875	16.5	-0.00214115221052164
9.125	16.5	-0.00214115354849398
9.375	16.5	-0.00214115386352441
9.625	16.5	-0.00214115241978471
9.875	16.5	-0.00214114800452437
10.125	16.5	-0.00214113862013865
10.375	16.5	-0.00214112097746435
10.625	16.5	-0.00214108966199619
10.875	16.5	-0.00214103576189429
11.125	16.5	-0.0021409446103701
11.375	16.5	-0.00214079207078567
11.625	16.5	-0.00214053842379718
11.875	16.5	-0.0021401183086884
12.125	16.5	-0.00213942417194509
12.375	16.5	-0.00213827903218712
12.625	16.5	-0.00213639166569138
12.875	16.5	-0.00213328286641615
13.125	16.5	-0.00212816411296418
13.375	16.5	-0.00211973793158222
13.625	16.5	-0.00210586943820557
13.875	16.5	-0.00208304598203105
14.125	16.5	-0.00204548831703669
14.375	16.5	-0.00198368892279281
14.625	16.5	-0.00188200921523866
14.875	16.5	-0.00171473226214145
15.125	16.5	-0.00143958512228567
15.375	16.5	-0.000987127417471808
15.625	16.5	-0.000243418648975139
15.875	16.5	0.00097815662964301
16.125	16.5	0.00298232053984667
16.375	16.5	0.00626417352914492
16.625	16.5	0.0116215248536706
16.875	16.5	0.0203224888208144
17.125	16.5	0.034337174939128
17.375	16.5	0.0566104218081939
17.625	16.5	0.0912603441605404
17.875	16.5	0.14339074144496
18.125	16.5	0.217936235258507
18.375	16.5	0.31698136921774
18.625	16.5	0.436179337380716
18.875	16.5	0.563353887713205
19.125	16.5	0.682608211836997
19.375	16.5	0.781740997788102
19.625	16.5	0.856376306914767
19.875	16.5	0.908581385859985
20.125	16.5	0.943286248056182
20.375	16.5	0.965597015748303
20.625	16.5	0.979636189197316
20.875	16.5	0.988352698456245
21.125	16.5	0.993719754622823
21.375	16.5	0.99700760620627
21.625	16.5	0.999015456803643
21.875	16.5	1.00023929138558
22.125	16.5	1.00098438359583
22.375	16.5	1.00143768926227
22.625	16.5	1.00171335766859
22.875	16.5	1.00188095678542
23.125	16.5	1.00198283735453
23.375	16.5	1.00204476368462
23.625	16.5	1.00208240318724
23.875	16.5	1.00210528091647
24.125	16.5	1.00211918678111
24.375	16.5	1.00212763991668
24.625	16.5	1.00213277915216
24.875	16.5	1.00213590436245
25.125	16.5	1.00213780553188
25.375	16.5	1.00213896275917
25.625	16.5	1.0021396678141
25.875	16.5	1.00214009801341
26.125	16.5	1.00214036111779
26.375	16.5	1.00214052261716
26.625	16.5	1.00214062231258
26.875	16.5	1.00214068439341
27.125	16.5	1.00214072356146
27.375	16.5	1.00214074875272
27.625	16.5	1.00214076539911
27.875	16.5	1.00214077680307
28.125	16.5	1.0021407849728
28.375	16.5	1.00214079112997
28.625	16.5	1.00214079601817
28.875	16.5	1.00214080009044
29.125	16.5	1.0021408036232
29.375	16.5	1.00214080678546
29.625	16.5	1.00214080968095
29.875	16.5	1.00214081237367
30.125	16.5	1.00214081490342
30.375	16.5	1.00214081729528
30.625	16.5	1.00214081956532
30.875	16.5	1.00214082172412
31.125	16.5	1.00214082377887
31.375	16.5	1.00214082573466
31.625	16.5	1.0021408275953
31.875	16.5	1.00214082936374
32.125	16.5	1.00214083104241
32.375	16.5	1.00214083263337
32.625	16.5	1.00214083413843
32.875	16.5	1.00214083555922
33.125	16.5	1.00214083689722
33.375	16.5	1.00214083815379
33.625	16.5	1.0021408393302
33.875	16.5	1.00214084042762
34.125	16.5	1.00214084144712
34.375	16.5	1.00214084238971
34.625	16.5	1.0021408432563
34.875	16.5	1.00214084404775
35.125	16.5	1.00214084476482
35.375	16.5	1.00214084540822
35.625	16.5	1.00214084597857
35.875	16.5	1.00214084647642
36.125	16.5	1.00214084690225
36.375	16.5	1.00214084725648
36.625	16.5	1.00214084753946
36.875	16.5	1.00214084775145
37.125	16.5	1.00214084789267
37.375	16.5	1.00214084796324
0.125	17.5	-0.00214112214886473
0.375	17.5	-0.00214112223504451
0.625	17.5	-0.00214112240748711
0.875	17.5	-0.00214112266635874
1.125	17.5	-0.00214112301190889
1.375	17.5	-0.00214112344447068
1.625	17.5	-0.00214112396446116
1.875	17.5	-0.00214112457238178
2.125	17.5	-0.00214112526881888
2.375	17.5	-0.00214112605444432
2.625	17.5	-0.00214112693001607
2.875	17.5	-0.00214112789637896
3.125	17.5	-0.00214112895446528
3.375	17.5	-0.00214113010529541
3.625	17.5	-0.00214113134997819
3.875	17.5	-0.00214113268971099
4.125	17.5	-0.00214113412577902
4.375	17.5	-0.00214113565955351
4.625	17.5	-0.00214113729248792
4.875	17.5	-0.0021411390261107
5.125	17.5	-0.00214114086201252
5.375	17.5	-0.00214114280182424
5.625	17.5	-0.00214114484717948
5.875	17.5	-0.00214114699965195
6.125	17.5	-0.00214114926065108
6.375	17.5	-0.00214115163124896
6.625	17.5	-0.00214115411189421
6.875	17.5	-0.00214115670193968
7.125	17.5	-0.00214115939886381
7.375	17.5	-0.00214116219698774
7.625	17.5	-0.00214116508536259
7.875	17.5	-0.0021411680442913
8.125	17.5	-0.00214117103960345
8.375	17.5	-0.00214117401323252
8.625	17.5	-0.00214117686770877
8.875	17.5	-0.00214117944064024
9.125	17.5	-0.00214118146271893
9.375	17.5	-0.00214118248861786
9.625	17.5	-0.00214118178327963
9.875	17.5	-0.00214117813480195
10.125	17.5	-0.00214116954653826
10.375	17.5	-0.00214115273044668
10.625	17.5	-0.00214112227339335
10.875	17.5	-0.00214106926530253
11.125	17.5	-0.00214097904177686
11.375	17.5	-0.00214082746958162
11.625	17.5	-0.00214057483442162
11.875	17.5	-0.00214015578331686
12.125	17.5	-0.00213946277489176
12.375	17.5	-0.00213831884713007
12.625	17.5	-0.00213643280754382
12.875	17.5	-0.00213332550084545
13.125	17.5	-0.00212820848849879
13.375	17.5	-0.00211978443243717
13.625	17.5	-0.0021059186712046
13.875	17.5	-0.00208309891963107
14.125	17.5	-0.00204554653263477
14.375	17.5	-0.00198375497775244
14.625	17.5	-0.00188208729515255
14.875	17.5	-0.00171482922198669
15.125	17.5	-0.00143971220094603
15.375	17.5	-0.000987303044114619
15.625	17.5	-0.000243673019869298
15.875	17.5	0.000977774132040878
16.125	17.5	0.00298172944166745
16.375	17.5	0.00626324348601218
16.625	17.5	0.0116200468952367
16.875	17.5	0.0203201336100339
17.125	17.5	0.0343334381730672
17.375	17.5	0.0566045682958365
17.625	17.5	0.091251391043738
17.875	17.5	0.143377574221517
18.125	17.5	0.217917998395176
18.375	17.5	0.316958182084321
18.625	17.5	0.436152963406942
18.875	17.5	0.563327506975542
19.125	17.5	0.682585007719995
19.375	17.5	0.781722740539564
19.625	17.5	0.856363121282563
19.875	17.5	0.908572418541981
20.125	17.5	0.943280384570522
20.375	17.5	0.965593272365932
20.625	17.5	0.979633829746527
20.875	17.5	0.988351217836824
21.125	17.5	0.993718822930286
21.375	17.5	0.997007014092899
21.625	17.5	0.999015073683379
21.875	17.5	1.00023903663311
22.125	17.5	1.00098420773501
22.375	17.5	1.00143756203933
22.625	17.5	1.00171326061923
22.875	17.5	1.00188087864934
23.125	17.5	1.00198277126372
23.375	17.5	1.00204470544558
23.625	17.5	1.00208235023379
23.875	17.5	1.00210523167229
24.125	17.5	1.00211914027196
24.375	17.5	1.00212759553467
24.625	17.5	1.00213273651241
24.875	17.5	1.00213586321603
25.125	17.5	1.00213776571287
25.375	17.5	1.0021389241525
25.625	17.5	1.00213963033601
25.875	17.5	1.00214006159951
26.125	17.5	1.00214032571588
26.375	17.5	1.00214048818278
26.625	17.5	1.00214058880631
26.875	17.5	1.00214065177925
27.125	17.5	1.00214069180581
27.375	17.5	1.00214071782374
27.625	17.5	1.00214073526634
27.875	17.5	1.00214074743716
28.125	17.5	1.00214075634536
28.375	17.5	1.00214076321346
28.625	17.5	1.00214076878583
28.875	17.5	1.00214077351622
29.125	17.5	1.0021407776817
29.375	17.5	1.00214078145195
29.625	17.5	1.00214078493127
29.875	17.5	1.00214078818424
30.125	17.5	1.00214079125121
30.375	17.5	1.00214079415777
30.625	17.5	1.0021407969205
30.875	17.5	1.00214079955045
31.125	17.5	1.00214080205526
31.375	17.5	1.00214080444046
31.625	17.5	1.00214080671025
31.875	17.5	1.002140808868
32.125	17.5	1.00214081091648
32.375	17.5	1.00214081285813
32.625	17.5	1.00214081469508
32.875	17.5	1.00214081642928
33.125	17.5	1.0021408180625
33.375	17.5	1.0021408195964
33.625	17.5	1.00214082103249
33.875	17.5	1.00214082237219
34.125	17.5	1.0021408236168
34.375	17.5	1.00214082476755
34.625	17.5	1.00214082582556
34.875	17.5	1.00214082679183
35.125	17.5	1.00214082766732
35.375	17.5	1.00214082845287
35.625	17.5	1.00214082914924
35.875	17.5	1.0021408297571
36.125	17.5	1.00214083027704
36.375	17.5	1.00214083070956
36.625	17.5	1.00214083105507
36.875	17.5	1.00214083131392
37.125	17.5	1.00214083148635
37.375	17.5	1.00214083157252
0.125	18.5	-0.00214113712543143
0.375	18.5	-0.00214113722584363
0.625	18.5	-0.0021411374267642
0.875	18.5	-0.00214113772838561
1.125	18.5	-0.00214113813099682
1.375	18.5	-0.0021411386349836
1.625	18.5	-0.00214113924082894
1.875	18.5	-0.00214113994911357
2.125	18.5	-0.0021411407605166
2.375	18.5	-0.00214114167581614
2.625	18.5	-0.00214114269589015
2.875	18.5	-0.0021411438217172
3.125	18.5	-0.00214114505437732
3.375	18.5	-0.00214114639505273
3.625	18.5	-0.00214114784502847
3.875	18.5	-0.00214114940569257
4.125	18.5	-0.00214115107853567
4.375	18.5	-0.00214115286514944
4.625	18.5	-0.00214115476722293
4.875	18.5	-0.00214115678653574
5.125	18.5	-0.00214115892494549
5.375	18.5	-0.00214116118436606
5.625	18.5	-0.00214116356673054
5.875	18.5	-0.00214116607392895
6.125	18.5	-0.00214116870770416
6.375	18.5	-0.00214117146947929
6.625	18.5	-0.00214117436007204
6.875	18.5	-0.00214117737922283
7.125	18.5	-0.00214118052481668
7.375	18.5	-0.00214118379160096
7.625	18.5	-0.00214118716907333
7.875	18.5	-0.00214119063800446
8.125	18.5	-0.00214119416471388
8.375	18.5	-0.00214119769164873
8.625	18.5	-0.00214120112187862
8.875	18.5	-0.00214120429357958
9.125	18.5	-0.00214120693804476
9.375	18.5	-0.00214120861058834
9.625	18.5	-0.00214120857684529
9.875	18.5	-0.00214120562567453
10.125	18.5	-0.00214119776128832
10.375	18.5	-0.0021411816966481
10.625	18.5	-0.00214115201984448
10.875	18.5	-0.002141099822373
11.125	18.5	-0.0021410104419608
11.375	18.5	-0.00214085974839013
11.625	18.5	-0.00214060803183322
11.875	18.5	-0.00214018994614594
12.125	18.5	-0.00213949796066786
12.375	18.5	-0.00213835513046373
12.625	18.5	-0.00213647029058546
12.875	18.5	-0.00213336433048139
13.125	18.5	-0.00212824888463691
13.375	18.5	-0.00211982673454487
13.625	18.5	-0.00210596341488515
13.875	18.5	-0.00208314696262555
14.125	18.5	-0.00204559926212452
14.375	18.5	-0.00198381465132712
14.625	18.5	-0.00188215760135913
14.875	18.5	-0.00171491620112168
15.125	18.5	-0.00143982575558015
15.375	18.5	-0.000987459411582023
15.625	18.5	-0.000243898804594594
15.875	18.5	0.000977435422027973
16.125	18.5	0.00298120690565254
16.375	18.5	0.00626242228513087
16.625	18.5	0.0116187429169114
16.875	18.5	0.0203180566907562
17.125	18.5	0.0343301439900312
17.375	18.5	0.0565994090884347
17.625	18.5	0.0912435008142415
17.875	18.5	0.143365970931874
18.125	18.5	0.217901928095021
18.375	18.5	0.316937749714877
18.625	18.5	0.436129722507261
18.875	18.5	0.563304259519013
19.125	18.5	0.682564558887134
19.375	18.5	0.781706650479224
19.625	18.5	0.856351500149427
19.875	18.5	0.908564514548139
20.125	18.5	0.943275215697232
20.375	18.5	0.96558997177095
20.625	18.5	0.979631748718471
20.875	18.5	0.988349911280017
21.125	18.5	0.993718000131205
21.375	18.5	0.997006490573221
21.625	18.5	0.999014734370024
21.875	18.5	1.00023881047862
22.125	18.5	1.00098405114057
22.375	18.5	1.00143744834481
22.625	18.5	1.00171317355325
22.875	18.5	1.00188080828858
23.125	18.5	1.00198271155529
23.375	18.5	1.00204465269324
23.625	18.5	1.00208230217531
23.875	18.5	1.00210518691765
24.125	18.5	1.0021190979617
24.375	18.5	1.00212755513214
24.625	18.5	1.0021326976775
24.875	18.5	1.00213582572845
25.125	18.5	1.00213772942549
25.375	18.5	1.00213888896303
25.625	18.5	1.00213959616973
25.875	18.5	1.00214002839885
26.125	18.5	1.00214029343398
26.375	18.5	1.00214045677963
26.625	18.5	1.00214055824639
26.875	18.5	1.00214062203005
27.125	18.5	1.00214066283696
27.375	18.5	1.00214068960642
27.625	18.5	1.00214070777298
27.875	18.5	1.00214072064118
28.125	18.5	1.00214073022104
28.375	18.5	1.00214073773585
28.625	18.5	1.00214074393067
28.875	18.5	1.00214074925988
29.125	18.5	1.00214075400118
29.375	18.5	1.00214075832479
29.625	18.5	1.00214076233556
29.875	18.5	1.00214076609858
30.125	18.5	1.00214076965469
30.375	18.5	1.00214077302995
30.625	18.5	1.00214077624139
30.875	18.5	1.00214077930048
31.125	18.5	1.00214078221528
31.375	18.5	1.00214078499168
31.625	18.5	1.00214078763429
31.875	18.5	1.00214079014678
32.125	18.5	1.0021407925323
32.375	18.5	1.00214079479358
32.625	18.5	1.00214079693306
32.875	18.5	1.00214079895297
33.125	18.5	1.00214080085536
33.375	18.5	1.00214080264211
33.625	18.5	1.002140804315
33.875	18.5	1.00214080587565
34.125	18.5	1.00214080732558
34.375	18.5	1.00214080866619
34.625	18.5	1.00214080989878
34.875	18.5	1.00214081102453
35.125	18.5	1.00214081204454
35.375	18.5	1.00214081295977
35.625	18.5	1.00214081377111
35.875	18.5	1.00214081447934
36.125	18.5	1.00214081508514
36.375	18.5	1.00214081558909
36.625	18.5	1.00214081599167
36.875	18.5	1.00214081629327
37.125	18.5	1.00214081649417
37.375	18.5	1.00214081659458
0.125	19.5	-0.00214115045589161
0.375	19.5	-0.00214115056895541
0.625	19.5	-0.00214115079519057
0.875	19.5	-0.00214115113481228
1.125	19.5	-0.00214115158814367
1.375	19.5	-0.00214115215561611
1.625	19.5	-0.00214115283776968
1.875	19.5	-0.00214115363525379
2.125	19.5	-0.00214115454882783
2.375	19.5	-0.00214115557936197
2.625	19.5	-0.00214115672783804
2.875	19.5	-0.00214115799535046
3.125	19.5	-0.00214115938310718
3.375	19.5	-0.00214116089243061
3.625	19.5	-0.00214116252475835
3.875	19.5	-0.00214116428164361
4.125	19.5	-0.00214116616475496
4.375	19.5	-0.00214116817587497
4.625	19.5	-0.00214117031689684
4.875	19.5	-0.00214117258981771
5.125	19.5	-0.00214117499672647
5.375	19.5	-0.00214117753978223
5.625	19.5	-0.0021411802211776
5.875	19.5	-0.00214118304307666
6.125	19.5	-0.00214118600751129
6.375	19.5	-0.00214118911620888
6.625	19.5	-0.00214119237030703
6.875	19.5	-0.00214119576988217
7.125	19.5	-0.00214119931317186
7.375	19.5	-0.00214120299529305
7.625	19.5	-0.00214120680613069
7.875	19.5	-0.00214121072686111
8.125	19.5	-0.00214121472422886
8.375	19.5	-0.00214121874112667
8.625	19.5	-0.00214122268109205
8.875	19.5	-0.00214122638279375
9.125	19.5	-0.00214122957804626
9.375	19.5	-0.0021412318227197
9.625	19.5	-0.00214123238304882
9.875	19.5	-0.00214123004855132
10.125	19.5	-0.00214122282418149
10.375	19.5	-0.00214120742376569
10.625	19.5	-0.0021411784364472
10.875	19.5	-0.00214112695506817
11.125	19.5	-0.00214103831917077
11.375	19.5	-0.00214088840110743
11.625	19.5	-0.00214063749484724
11.875	19.5	-0.00214022026004545
12.125	19.5	-0.00213952917512035
12.375	19.5	-0.00213838730959614
12.625	19.5	-0.00213650352182401
12.875	19.5	-0.00213339873908522
13.125	19.5	-0.00212828465760395
13.375	19.5	-0.00211986415994375
13.625	19.5	-0.00210600294657462
13.875	19.5	-0.00208318932674733
14.125	19.5	-0.00204564563231097
14.375	19.5	-0.00198386693688361
14.625	19.5	-0.00188221892104
14.875	19.5	-0.00171499166139372
15.125	19.5	-0.00143992372735027
15.375	19.5	-0.000987593620023222
15.625	19.5	-0.000244091737435869
15.875	19.5	0.000977146989505219
16.125	19.5	0.00298076304460526
16.375	19.5	0.00626172592774366
16.625	19.5	0.011617638440646
16.875	19.5	0.0203162988305102
17.125	19.5	0.0343273571706441
17.375	19.5	0.0565950457645508
17.625	19.5	0.0912368289483341
17.875	19.5	0.143356160358839
18.125	19.5	0.217888341387616
18.375	19.5	0.31692047540759
18.625	19.5	0.436110073667308
18.875	19.5	0.563284604700202
19.125	19.5	0.682547269567905
19.375	19.5	0.78169304575426
19.625	19.5	0.856341673307105
19.875	19.5	0.908557830132778
20.125	19.5	0.943270843561031
20.375	19.5	0.96558717910612
20.625	19.5	0.979629987112619
20.875	19.5	0.988348804453248
21.125	19.5	0.993717302316931
21.375	19.5	0.997006045815454
21.625	19.5	0.999014445387432
21.875	19.5	1.00023861720858
22.125	19.5	1.00098391672508
22.375	19.5	1.00143735024535
22.625	19.5	1.00171309801362
22.875	19.5	1.00188074691899
23.125	19.5	1.00198265923776
23.375	19.5	1.00204460630204
23.625	19.5	1.00208225979688
23.875	19.5	1.00210514737579
24.125	19.5	1.00211906052869
24.375	19.5	1.00212751935317
24.625	19.5	1.00213266326392
24.875	19.5	1.0021357924929
25.125	19.5	1.0021376972425
25.375	19.5	1.00213885774504
25.625	19.5	1.00213956585253
25.875	19.5	1.00213999893271
26.125	19.5	1.00214026477828
26.375	19.5	1.00214042889956
26.625	19.5	1.00214053111094
26.875	19.5	1.0021405956108
27.125	19.5	1.00214063710727
27.375	19.5	1.00214066454104
27.625	19.5	1.00214068334769
27.875	19.5	1.00214069683263
28.125	19.5	1.00214070700663
28.375	19.5	1.00214071509363
28.625	19.5	1.0021407218393
28.875	19.5	1.00214072769857
29.125	19.5	1.00214073294966
29.375	19.5	1.00214073776328
29.625	19.5	1.00214074224475
29.875	19.5	1.00214074645962
30.125	19.5	1.00214075044913
30.375	19.5	1.00214075423977
30.625	19.5	1.00214075784895
30.875	19.5	1.0021407612885
31.125	19.5	1.00214076456683
31.375	19.5	1.00214076769019
31.625	19.5	1.00214077066348
31.875	19.5	1.0021407734907
32.125	19.5	1.00214077617528
32.375	19.5	1.00214077872022
32.625	19.5	1.00214078112822
32.875	19.5	1.00214078340176
33.125	19.5	1.00214078554311
33.375	19.5	1.00214078755439
33.625	19.5	1.00214078943756
33.875	19.5	1.00214079119445
34.125	19.5	1.00214079282674
34.375	19.5	1.00214079433601
34.625	19.5	1.00214079572371
34.875	19.5	1.00214079699116
35.125	19.5	1.00214079813958
35.375	19.5	1.00214079917005
35.625	19.5	1.00214080008357
35.875	19.5	1.00214080088101
36.125	19.5	1.00214080156313
36.375	19.5	1.00214080213056
36.625	19.5	1.00214080258387
36.875	19.5	1.00214080292347
37.125	19.5	1.0021408031497
37.375	19.5	1.00214080326276
0.125	20.5	-0.00214116193289559
0.375	20.5	-0.00214116205684346
0.625	20.5	-0.00214116230485613
0.875	20.5	-0.00214116267716761
1.125	20.5	-0.00214116317412924
1.375	20.5	-0.00214116379621005
1.625	20.5	-0.00214116454399731
1.875	20.5	-0.00214116541819716
2.125	20.5	-0.00214116641963533
2.375	20.5	-0.00214116754925804
2.625	20.5	-0.00214116880813295
2.875	20.5	-0.00214117019745018
3.125	20.5	-0.0021411717185234
3.375	20.5	-0.00214117337279081
3.625	20.5	-0.00214117516181609
3.875	20.5	-0.00214117708728892
4.125	20.5	-0.00214117915102489
4.375	20.5	-0.00214118135496431
4.625	20.5	-0.00214118370116904
4.875	20.5	-0.00214118619181601
5.125	20.5	-0.00214118882918518
5.375	20.5	-0.00214119161563834
5.625	20.5	-0.00214119455358256
5.875	20.5	-0.0021411976454084
6.125	20.5	-0.00214120089338659
6.375	20.5	-0.00214120429949602
6.625	20.5	-0.00214120786513872
6.875	20.5	-0.00214121159066885
7.125	20.5	-0.00214121547461541
7.375	20.5	-0.00214121951240091
7.625	20.5	-0.00214122369423049
7.875	20.5	-0.00214122800161591
8.125	20.5	-0.00214123240165316
8.375	20.5	-0.0021412368376034
8.625	20.5	-0.002141241213391
8.875	20.5	-0.00214124536809201
9.125	20.5	-0.00214124903395172
9.375	20.5	-0.00214125176729931
9.625	20.5	-0.00214125283486432
9.875	20.5	-0.00214125102670696
10.125	20.5	-0.00214124434839113
10.375	20.5	-0.00214122951445156
10.625	20.5	-0.0021412011148902
10.875	20.5	-0.00214115024364283
11.125	20.5	-0.00214106224171907
11.375	20.5	-0.00214091298354092
11.625	20.5	-0.00214066276612456
11.875	20.5	-0.00214024625376744
12.125	20.5	-0.00213955593214158
12.375	20.5	-0.00213841488230942
12.625	20.5	-0.00213653198119858
12.875	20.5	-0.00213342818623795
13.125	20.5	-0.00212831524283208
13.375	20.5	-0.00211989611403923
13.625	20.5	-0.00210603663235132
13.875	20.5	-0.00208322532382831
14.125	20.5	-0.00204568487662732
14.375	20.5	-0.00198391095012791
14.625	20.5	-0.00188227018789875
14.875	20.5	-0.00171505424923328
15.125	20.5	-0.00144000430282104
15.375	20.5	-0.000987703113131095
15.625	20.5	-0.000244248055519246
15.875	20.5	0.000976914562217056
16.125	20.5	0.00298040678686527
16.375	20.5	0.00626116854432041
16.625	20.5	0.0116167560080555
16.875	20.5	0.0203148960398747
17.125	20.5	0.034325134940523
17.375	20.5	0.0565915680605542
17.625	20.5	0.0912315128020439
17.875	20.5	0.143348344629125
18.125	20.5	0.217877518376874
18.375	20.5	0.316906715505825
18.625	20.5	0.436094422459302
18.875	20.5	0.563268948444968
19.125	20.5	0.682533496993523
19.375	20.5	0.781682207533995
19.625	20.5	0.856333843844087
19.875	20.5	0.908552503393556
20.125	20.5	0.943267358418861
20.375	20.5	0.96558495194221
20.625	20.5	0.979628581160596
20.875	20.5	0.988347920036757
21.125	20.5	0.993716743703787
21.375	20.5	0.997005688800726
21.625	20.5	0.99901421249568
21.875	20.5	1.00023846060567
22.125	20.5	1.00098380705695
22.375	20.5	1.00143726956182
22.625	20.5	1.00171303535851
22.875	20.5	1.0018806956097
23.125	20.5	1.00198261519723
23.375	20.5	1.00204456703968
23.625	20.5	1.00208222378742
23.875	20.5	1.00210511368112
24.125	20.5	1.00211902856787
24.375	20.5	1.00212748876258
24.625	20.5	1.00213263381228
24.875	20.5	1.00213576402961
25.125	20.5	1.00213766966626
25.375	20.5	1.00213883098475
25.625	20.5	1.00213953985575
25.875	20.5	1.00213997365853
26.125	20.5	1.00214024019307
26.375	20.5	1.00214040497434
26.625	20.5	1.00214050781979
26.875	20.5	1.00214057292987
27.125	20.5	1.00214061501418
27.375	20.5	1.00214064301449
27.625	20.5	1.00214066236727
27.875	20.5	1.00214067637861
28.125	20.5	1.00214068705991
28.375	20.5	1.00214069563564
28.625	20.5	1.00214070285197
28.875	20.5	1.00214070916429
29.125	20.5	1.00214071485125
29.375	20.5	1.00214072008396
29.625	20.5	1.00214072496815
29.875	20.5	1.00214072956971
30.125	20.5	1.00214073393025
30.375	20.5	1.00214073807659
30.625	20.5	1.00214074202645
30.875	20.5	1.00214074579199
31.125	20.5	1.00214074938189
31.375	20.5	1.00214075280269
31.625	20.5	1.00214075605955
31.875	20.5	1.00214075915673
32.125	20.5	1.00214076209787
32.375	20.5	1.00214076488623
32.625	20.5	1.00214076752472
32.875	20.5	1.002140770016
33.125	20.5	1.00214077236255
33.375	20.5	1.00214077456667
33.625	20.5	1.00214077663048
33.875	20.5	1.00214077855596
34.125	20.5	1.00214078034497
34.375	20.5	1.0021407819992
34.625	20.5	1.00214078352022
34.875	20.5	1.00214078490948
35.125	20.5	1.00214078616831
35.375	20.5	1.00214078729788
35.625	20.5	1.00214078829927
35.875	20.5	1.00214078917344
36.125	20.5	1.00214078992119
36.375	20.5	1.00214079054324
36.625	20.5	1.00214079104019
36.875	20.5	1.00214079141248
37.125	20.5	1.00214079166048
37.375	20.5	1.00214079178443
0.125	21.5	-0.00214117137814127
0.375	21.5	-0.00214117151105142
0.625	21.5	-0.00214117177699588
0.875	21.5	-0.00214117217622314
1.125	21.5	-0.0021411727091063
1.375	21.5	-0.00214117337614342
1.625	21.5	-0.00214117417795815
1.875	21.5	-0.00214117511530031
2.125	21.5	-0.0021411761890468
2.375	21.5	-0.00214117740020242
2.625	21.5	-0.00214117874990098
2.875	21.5	-0.00214118023940634
3.125	21.5	-0.0021411818701136
3.375	21.5	-0.00214118364355023
3.625	21.5	-0.00214118556137703
3.875	21.5	-0.00214118762538881
4.125	21.5	-0.00214118983751441
4.375	21.5	-0.00214119219981568
4.625	21.5	-0.00214119471448438
4.875	21.5	-0.00214119738383592
5.125	21.5	-0.00214120021029746
5.375	21.5	-0.00214120319638687
5.625	21.5	-0.00214120634467637
5.875	21.5	-0.00214120965773098
6.125	21.5	-0.00214121313800538
6.375	21.5	-0.0021412167876721
6.625	21.5	-0.0021412206083368
6.875	21.5	-0.00214122460056754
7.125	21.5	-0.00214122876311774
7.375	21.5	-0.0021412330916452
7.625	21.5	-0.00214123757660159
7.875	21.5	-0.00214124219975695
8.125	21.5	-0.00214124692847784
8.375	21.5	-0.00214125170630901
8.625	21.5	-0.00214125643747253
8.875	21.5	-0.00214126096135774
9.125	21.5	-0.00214126501054105
9.375	21.5	-0.00214126814170399
9.625	21.5	-0.00214126962195522
9.875	21.5	-0.00214126824176943
10.125	21.5	-0.00214126200717449
10.375	21.5	-0.00214124763324133
10.625	21.5	-0.00214121971061765
10.875	21.5	-0.00214116933405567
11.125	21.5	-0.00214108184565234
11.375	21.5	-0.00214093312135266
11.625	21.5	-0.00214068346040244
11.875	21.5	-0.00214026753048116
12.125	21.5	-0.00213957782252881
12.375	21.5	-0.0021384374259693
12.625	21.5	-0.0021365552311728
12.875	21.5	-0.0021334522173639
13.125	21.5	-0.00212834016548223
13.375	21.5	-0.00211992209672659
13.625	21.5	-0.00210606393892736
13.875	21.5	-0.00208325437469343
14.125	21.5	-0.00204571634944333
14.375	21.5	-0.00198394594548036
14.625	21.5	-0.00188231050166458
14.875	21.5	-0.00171510282002078
15.125	21.5	-0.00144006594602895
15.375	21.5	-0.000987785722565683
15.625	21.5	-0.000244364563206615
15.875	21.5	0.000976743008932939
16.125	21.5	0.00298014572677395
16.375	21.5	0.00626076215943705
16.625	21.5	0.0116161148069976
16.875	21.5	0.020313878977634
17.125	21.5	0.0343235260266082
17.375	21.5	0.056589052392089
17.625	21.5	0.0912276693483186
17.875	21.5	0.143342695881743
18.125	21.5	0.217869697618688
18.375	21.5	0.316896773506775
18.625	21.5	0.436083114320742
18.875	21.5	0.563257636503538
19.125	21.5	0.6825235454463
19.375	21.5	0.781674375316428
19.625	21.5	0.856328184749811
19.875	21.5	0.908548651959141
20.125	21.5	0.943264837146601
20.375	21.5	0.965583339311277
20.625	21.5	0.979627561716572
20.875	21.5	0.988347277340925
21.125	21.5	0.993716336392226
21.375	21.5	0.997005427170029
21.625	21.5	0.999014040592114
21.875	21.5	1.00023834388298
22.125	21.5	1.00098372431522
22.375	21.5	1.00143720783674
22.625	21.5	1.00171298673658
22.875	21.5	1.0018806552635
23.125	21.5	1.00198258018085
23.375	21.5	1.00204453555281
23.625	21.5	1.00208219472677
23.875	21.5	1.0021050863674
24.125	21.5	1.00211900257968
24.375	21.5	1.00212746383546
24.625	21.5	1.00213260977734
24.875	21.5	1.00213574077626
25.125	21.5	1.00213764711952
25.375	21.5	1.00213880909151
25.625	21.5	1.00213951857633
25.875	21.5	1.00213995296168
26.125	21.5	1.00214022005279
26.375	21.5	1.00214038536803
26.625	21.5	1.00214048872708
26.875	21.5	1.0021405543319
27.125	21.5	1.00214059689321
27.375	21.5	1.00214062535359
27.625	21.5	1.00214064515014
27.875	21.5	1.0021406595895
28.125	21.5	1.00214067068354
28.375	21.5	1.00214067965713
28.625	21.5	1.00214068725682
28.875	21.5	1.00214069393837
29.125	21.5	1.00214069998074
29.375	21.5	1.00214070555537
29.625	21.5	1.00214071076827
29.875	21.5	1.00214071568563
30.125	21.5	1.00214072034934
30.375	21.5	1.00214072478645
30.625	21.5	1.00214072901494
30.875	21.5	1.0021407330472
31.125	21.5	1.00214073689215
31.375	21.5	1.00214074055654
31.625	21.5	1.00214074404571
31.875	21.5	1.00214074736414
32.125	21.5	1.00214075051565
32.375	21.5	1.00214075350366
32.625	21.5	1.00214075633125
32.875	21.5	1.00214075900126
33.125	21.5	1.00214076151629
33.375	21.5	1.00214076387878
33.625	21.5	1.002140766091
33.875	21.5	1.00214076815503
34.125	21.5	1.00214077007285
34.375	21.5	1.00214077184626
34.625	21.5	1.00214077347693
34.875	21.5	1.00214077496639
35.125	21.5	1.00214077631604
35.375	21.5	1.00214077752716
35.625	21.5	1.00214077860087
35.875	21.5	1.00214077953818
36.125	21.5	1.00214078033997
36.375	21.5	1.00214078100698
36.625	21.5	1.00214078153985
36.875	21.5	1.00214078193906
37.125	21.5	1.002140782205
37.375	21.5	1.00214078233791
0.125	22.5	-0.00214117864490731
0.375	22.5	-0.00214117878473912
0.625	22.5	-0.00214117906453187
0.875	22.5	-0.00214117948454396
1.125	22.5	-0.00214118004516332
1.375	22.5	-0.00214118074690791
1.625	22.5	-0.00214118159042621
1.875	22.5	-0.00214118257649796
2.125	22.5	-0.00214118370603498
2.375	22.5	-0.00214118498008214
2.625	22.5	-0.00214118639981844
2.875	22.5	-0.00214118796655814
3.125	22.5	-0.002141189681752
3.375	22.5	-0.00214119154698843
3.625	22.5	-0.00214119356399456
3.875	22.5	-0.00214119573463699
4.125	22.5	-0.00214119806092191
4.375	22.5	-0.00214120054499406
4.625	22.5	-0.0021412031891339
4.875	22.5	-0.0021412059957513
5.125	22.5	-0.00214120896737382
5.375	22.5	-0.00214121210662576
5.625	22.5	-0.00214121541619195
5.875	22.5	-0.00214121889875633
6.125	22.5	-0.00214122255689892
6.375	22.5	-0.00214122639292419
6.625	22.5	-0.00214123040857654
6.875	22.5	-0.00214123460456966
7.125	22.5	-0.00214123897980976
7.375	22.5	-0.00214124353011481
7.625	22.5	-0.00214124824610426
7.875	22.5	-0.00214125310972384
8.125	22.5	-0.00214125808852409
8.375	22.5	-0.0021412631262425
8.625	22.5	-0.00214126812730331
8.875	22.5	-0.00214127293130833
9.125	22.5	-0.00214127727105813
9.375	22.5	-0.00214128070347222
9.625	22.5	-0.00214128249591417
9.875	22.5	-0.00214128143913583
10.125	22.5	-0.00214127553947269
10.375	22.5	-0.00214126151234728
10.625	22.5	-0.00214123394882497
10.875	22.5	-0.00214118394417768
11.125	22.5	-0.00214109684118329
11.375	22.5	-0.00214094851672611
11.625	22.5	-0.0021406992714094
11.875	22.5	-0.00214028377495108
12.125	22.5	-0.0021395945214432
12.375	22.5	-0.00213845460528739
12.625	22.5	-0.00213657292482957
12.875	22.5	-0.00213347047219818
13.125	22.5	-0.0021283590493424
13.375	22.5	-0.00211994171180744
13.625	22.5	-0.00210608444371773
13.875	22.5	-0.00208327602009512
14.125	22.5	-0.00204573953820487
14.375	22.5	-0.00198397132996967
14.625	22.5	-0.00188233914463415
14.875	22.5	-0.00171513645873479
15.125	22.5	-0.00144010742562309
15.375	22.5	-0.000987839705495978
15.625	22.5	-0.00024443868643769
15.875	22.5	0.000976636257843522
16.125	22.5	0.00297998599876291
16.375	22.5	0.00626051649394366
16.625	22.5	0.011615730357537
16.875	22.5	0.0203132724507056
17.125	22.5	0.0343225698640064
17.375	22.5	0.0565875606114966
17.625	22.5	0.0912253932753497
17.875	22.5	0.143339353467946
18.125	22.5	0.217865072235476
18.375	22.5	0.316890895108169
18.625	22.5	0.436076428901656
18.875	22.5	0.563250948776057
19.125	22.5	0.682517661251878
19.375	22.5	0.781669742977397
19.625	22.5	0.856324836055578
19.875	22.5	0.908546371042026
20.125	22.5	0.943263341964541
20.375	22.5	0.965582380892333
20.625	22.5	0.979626953743633
20.875	22.5	0.988346891983727
21.125	22.5	0.993716090163721
21.375	22.5	0.997005267095061
21.625	22.5	0.999013933627748
21.875	22.5	1.00023826962856
22.125	22.5	1.00098367025128
22.375	22.5	1.00143716630674
22.625	22.5	1.00171295306609
22.875	22.5	1.00188062660012
23.125	22.5	1.00198255478287
23.375	22.5	1.0020445123548
23.625	22.5	1.00208217307473
23.875	22.5	1.00210506585758
24.125	22.5	1.00211898296058
24.375	22.5	1.00212744494821
24.625	22.5	1.00213259151954
24.875	22.5	1.00213572307991
25.125	22.5	1.0021376299377
25.375	22.5	1.00213879239022
25.625	22.5	1.0021395023296
25.875	22.5	1.00213993714849
26.125	22.5	1.0021402046553
26.375	22.5	1.00214037037044
26.625	22.5	1.00214047411495
26.875	22.5	1.00214054009174
27.125	22.5	1.0021405830122
27.375	22.5	1.00214061181943
27.625	22.5	1.00214063195095
27.875	22.5	1.00214064671376
28.125	22.5	1.00214065812002
28.375	22.5	1.0021406673949
28.625	22.5	1.00214067528519
28.875	22.5	1.00214068224688
29.125	22.5	1.00214068855918
29.375	22.5	1.00214069439372
29.625	22.5	1.00214069985673
29.875	22.5	1.00214070501458
30.125	22.5	1.00214070990934
30.375	22.5	1.00214071456825
30.625	22.5	1.00214071900946
30.875	22.5	1.0021407232455
31.125	22.5	1.00214072728546
31.375	22.5	1.00214073113622
31.625	22.5	1.00214073480328
31.875	22.5	1.00214073829123
32.125	22.5	1.00214074160404
32.375	22.5	1.00214074474522
32.625	22.5	1.00214074771799
32.875	22.5	1.00214075052528
33.125	22.5	1.00214075316979
33.375	22.5	1.00214075565407
33.625	22.5	1.00214075798045
33.875	22.5	1.00214076015113
34.125	22.5	1.00214076216813
34.375	22.5	1.00214076403335
34.625	22.5	1.00214076574851
34.875	22.5	1.00214076731522
35.125	22.5	1.00214076873492
35.375	22.5	1.00214077000893
35.625	22.5	1.00214077113844
35.875	22.5	1.00214077212448
36.125	22.5	1.00214077296798
36.375	22.5	1.0021407736697
36.625	22.5	1.00214077423031
36.875	22.5	1.00214077465031
37.125	22.5	1.00214077493009
37.375	22.5	1.00214077506992
0.125	23.5	-0.00214118362000357
0.375	23.5	-0.00214118376463529
0.625	23.5	-0.00214118405403043
0.875	23.5	-0.00214118448845254
1.125	23.5	-0.00214118506829728
1.375	23.5	-0.00214118579409293
1.625	23.5	-0.00214118666650088
1.875	23.5	-0.00214118768631638
2.125	23.5	-0.00214118885446941
2.375	23.5	-0.00214119017202563
2.625	23.5	-0.00214119164018745
2.875	23.5	-0.00214119326029529
3.125	23.5	-0.0021411950338287
3.375	23.5	-0.00214119696240765
3.625	23.5	-0.0021411990477936
3.875	23.5	-0.00214120129189024
4.125	23.5	-0.00214120369674369
4.375	23.5	-0.00214120626454153
4.625	23.5	-0.0021412089976099
4.875	23.5	-0.00214121189840736
5.125	23.5	-0.00214121496951314
5.375	23.5	-0.00214121821360628
5.625	23.5	-0.00214122163342948
5.875	23.5	-0.00214122523172771
6.125	23.5	-0.00214122901114525
6.375	23.5	-0.0021412329740542
6.625	23.5	-0.00214123712226993
6.875	23.5	-0.0021412414565806
7.125	23.5	-0.00214124597597048
7.375	23.5	-0.00214125067633923
7.625	23.5	-0.00214125554839181
7.875	23.5	-0.00214126057416333
8.125	23.5	-0.0021412657212978
8.375	23.5	-0.00214127093363043
8.625	23.5	-0.00214127611568762
8.875	23.5	-0.00214128110717815
9.125	23.5	-0.00214128564101479
9.375	23.5	-0.00214128927423506
9.625	23.5	-0.00214129127432738
9.875	23.5	-0.00214129043217669
10.125	23.5	-0.00214128475426218
10.375	23.5	-0.00214127095616448
10.625	23.5	-0.00214124362912739
10.875	23.5	-0.00214119386863157
11.125	23.5	-0.00214110701771008
11.375	23.5	-0.00214095895357532
11.625	23.5	-0.00214070997727512
11.875	23.5	-0.00214029475916007
12.125	23.5	-0.00213960579426102
12.375	23.5	-0.00213846617841875
12.625	23.5	-0.00213658481223888
12.875	23.5	-0.00213348269145746
13.125	23.5	-0.00212837162384827
13.375	23.5	-0.00211995467442985
13.625	23.5	-0.00210609784280743
13.875	23.5	-0.0020832899293757
14.125	23.5	-0.00204575407306065
14.375	23.5	-0.00198398667425782
14.625	23.5	-0.00188235559479946
14.875	23.5	-0.00171515449633253
15.125	23.5	-0.00144012783637904
15.375	23.5	-0.000987863774325947
15.625	23.5	-0.000244468515708577
15.875	23.5	0.000976597232090646
16.125	23.5	0.00297993217796829
16.375	23.5	0.00626043880891816
16.625	23.5	0.0116156142643637
16.875	23.5	0.020313095020026
17.125	23.5	0.0343222959710315
17.375	23.5	0.056587139028856
17.625	23.5	0.0912247554883979
17.875	23.5	0.143338421745199
18.125	23.5	0.217863786854657
18.375	23.5	0.31688926430461
18.625	23.5	0.436074575608573
18.875	23.5	0.563249094838225
19.125	23.5	0.682516028829536
19.375	23.5	0.781668455653826
19.625	23.5	0.856323902578663
19.875	23.5	0.908545731901909
20.125	23.5	0.943262919431456
20.375	23.5	0.96558210636851
20.625	23.5	0.979626775908218
20.875	23.5	0.988346775635989
21.125	23.5	0.993716012320287
21.375	23.5	0.997005213176115
21.625	23.5	0.999013894541125
21.875	23.5	1.00023823976131
22.125	23.5	1.00098364615847
22.375	23.5	1.00143714588055
22.625	23.5	1.00171293501827
22.875	23.5	1.00188061014291
23.125	23.5	1.0019825394335
23.375	23.5	1.00204449781606
23.625	23.5	1.00208215916231
23.875	23.5	1.00210505245582
24.125	23.5	1.00211896999558
24.375	23.5	1.00212743237153
24.625	23.5	1.00213257929823
24.875	23.5	1.00213571119055
25.125	23.5	1.00213761836269
25.375	23.5	1.00213878111558
25.625	23.5	1.00213949134361
25.875	23.5	1.00213992644089
26.125	23.5	1.00214019421675
26.375	23.5	1.00214036019224
26.625	23.5	1.00214046418886
26.875	23.5	1.00214053040982
27.125	23.5	1.00214057356679
27.375	23.5	1.00214060260307
27.625	23.5	1.00214062295636
27.875	23.5	1.00214063793383
28.125	23.5	1.00214064954776
28.375	23.5	1.00214065902347
28.625	23.5	1.00214066710786
28.875	23.5	1.00214067425706
29.125	23.5	1.00214068075038
29.375	23.5	1.00214068675955
29.625	23.5	1.00214069239091
29.875	23.5	1.00214069771093
30.125	23.5	1.00214070276177
30.375	23.5	1.00214070757075
30.625	23.5	1.00214071215612
30.875	23.5	1.00214071653049
31.125	23.5	1.00214072070303
31.375	23.5	1.00214072468068
31.625	23.5	1.00214072846903
31.875	23.5	1.00214073207273
32.125	23.5	1.0021407354958
32.375	23.5	1.00214073874184
32.625	23.5	1.0021407418141
32.875	23.5	1.00214074471558
33.125	23.5	1.00214074744903
33.375	23.5	1.00214075001704
33.625	23.5	1.00214075242199
33.875	23.5	1.00214075466613
34.125	23.5	1.00214075675152
34.375	23.5	1.00214075868009
34.625	23.5	1.0021407604536
34.875	23.5	1.00214076207367
35.125	23.5	1.0021407635418
35.375	23.5	1.00214076485933
35.625	23.5	1.00214076602746
35.875	23.5	1.00214076704725
36.125	23.5	1.00214076791964
36.375	23.5	1.00214076864542
36.625	23.5	1.00214076922525
36.875	23.5	1.00214076965966
37.125	23.5	1.00214076994905
37.375	23.5	1.00214077009368
0.125	24.5	-0.00214118622510164
0.375	24.5	-0.00214118637236949
0.625	24.5	-0.00214118666703703
0.875	24.5	-0.00214118710936813
1.125	24.5	-0.00214118769975895
1.375	24.5	-0.00214118843873836
1.625	24.5	-0.00214118932696852
1.875	24.5	-0.00214119036524563
2.125	24.5	-0.00214119155450071
2.375	24.5	-0.00214119289580059
2.625	24.5	-0.00214119439034905
2.875	24.5	-0.0021411960394879
3.125	24.5	-0.00214119784469826
3.375	24.5	-0.00214119980760177
3.625	24.5	-0.0021412019299616
3.875	24.5	-0.00214120421368329
4.125	24.5	-0.00214120666081486
4.375	24.5	-0.00214120927354584
4.625	24.5	-0.00214121205420438
4.875	24.5	-0.00214121500525108
5.125	24.5	-0.00214121812926726
5.375	24.5	-0.00214122142893402
5.625	24.5	-0.00214122490699615
5.875	24.5	-0.00214122856620066
6.125	24.5	-0.00214123240919388
6.375	24.5	-0.00214123643834989
6.625	24.5	-0.00214124065548598
6.875	24.5	-0.00214124506139216
7.125	24.5	-0.00214124965505445
7.375	24.5	-0.00214125443237413
7.625	24.5	-0.0021412593840576
7.875	24.5	-0.00214126449214124
8.125	24.5	-0.00214126972426998
8.375	24.5	-0.00214127502427958
8.625	24.5	-0.00214128029669635
8.875	24.5	-0.00214128538122803
9.125	24.5	-0.00214129001078493
9.375	24.5	-0.00214129374239974
9.625	24.5	-0.00214129584355234
9.875	24.5	-0.00214129510511306
10.125	24.5	-0.00214128953353658
10.375	24.5	-0.00214127584436284
10.625	24.5	-0.0021412486287684
10.875	24.5	-0.00214119898212306
11.125	24.5	-0.00214111224727734
11.375	24.5	-0.00214096430114326
11.625	24.5	-0.00214071544427447
11.875	24.5	-0.00214030034620868
12.125	24.5	-0.0021396115006395
12.375	24.5	-0.00213847200120821
12.625	24.5	-0.00213659074490241
12.875	24.5	-0.00213348872150694
13.125	24.5	-0.00212837772900665
13.375	24.5	-0.0021199608163189
13.625	24.5	-0.00210610395656597
13.875	24.5	-0.00208329590658643
14.125	24.5	-0.00204575973367743
14.375	24.5	-0.0019839917204596
14.625	24.5	-0.00188235953517145
14.875	24.5	-0.00171515652139204
15.125	24.5	-0.00144012661449037
15.375	24.5	-0.000987857117813583
15.625	24.5	-0.000244452836582951
15.875	24.5	0.000976627804038066
16.125	24.5	0.00297998720979185
16.375	24.5	0.00626053379514316
16.625	24.5	0.0116157740415292
16.875	24.5	0.0203133587216572
17.125	24.5	0.0343227235070618
17.375	24.5	0.0565878177194919
17.625	24.5	0.0912258020500765
17.875	24.5	0.143339968516733
18.125	24.5	0.217865935442861
18.375	24.5	0.316892000625587
18.625	24.5	0.436077690451054
18.875	24.5	0.563252210774104
19.125	24.5	0.682518767895748
19.375	24.5	0.781670607536591
19.625	24.5	0.856325452324565
19.875	24.5	0.908546780757212
20.125	24.5	0.9432635997319
20.375	24.5	0.965582534971515
20.625	24.5	0.97962704029265
20.875	24.5	0.988346935840734
21.125	24.5	0.993716107570625
21.375	24.5	0.997005268369596
21.625	24.5	0.99901392521134
21.875	24.5	1.00023825549979
22.125	24.5	1.00098365285056
22.375	24.5	1.00143714712352
22.625	24.5	1.00171293300549
22.875	24.5	1.00188060620947
23.125	24.5	1.00198253439098
23.375	24.5	1.00204449215716
23.625	24.5	1.00208215318562
23.875	24.5	1.00210504634186
24.125	24.5	1.00211896385305
24.375	24.5	1.00212742626547
24.625	24.5	1.00213257326712
24.875	24.5	1.00213570525673
25.125	24.5	1.00213761253869
25.375	24.5	1.00213877540796
25.625	24.5	1.00213948575531
25.875	24.5	1.00213992097262
26.125	24.5	1.00214018886791
26.375	24.5	1.00214035496141
26.625	24.5	1.0021404590741
26.875	24.5	1.00214052540892
27.125	24.5	1.00214056867734
27.375	24.5	1.00214059782255
27.625	24.5	1.00214061828218
27.875	24.5	1.00214063336336
28.125	24.5	1.00214064507836
28.375	24.5	1.00214065465247
28.625	24.5	1.00214066283259
28.875	24.5	1.00214067007484
29.125	24.5	1.00214067665852
29.375	24.5	1.00214068275538
29.625	24.5	1.00214068847175
29.875	24.5	1.00214069387408
30.125	24.5	1.00214069900455
30.375	24.5	1.0021407038905
30.625	24.5	1.00214070855015
30.875	24.5	1.00214071299613
31.125	24.5	1.00214071723758
31.375	24.5	1.00214072128149
31.625	24.5	1.00214072513342
31.875	24.5	1.00214072879803
32.125	24.5	1.00214073227935
32.375	24.5	1.00214073558097
32.625	24.5	1.00214073870615
32.875	24.5	1.00214074165787
33.125	24.5	1.00214074443892
33.375	24.5	1.00214074705187
33.625	24.5	1.00214074949911
33.875	24.5	1.00214075178288
34.125	24.5	1.00214075390525
34.375	24.5	1.00214075586814
34.625	24.5	1.00214075767333
34.875	24.5	1.00214075932244
35.125	24.5	1.00214076081696
35.375	24.5	1.00214076215823
35.625	24.5	1.00214076334746
35.875	24.5	1.00214076438571
36.125	24.5	1.00214076527392
36.375	24.5	1.00214076601289
36.625	24.5	1.00214076660327
36.875	24.5	1.00214076704559
37.125	24.5	1.00214076734025
37.375	24.5	1.00214076748752
0.125	25.5	-0.00214118641742134
0.375	25.5	-0.00214118656515927
0.625	25.5	-0.00214118686076473
0.875	25.5	-0.0021411873044971
1.125	25.5	-0.00214118789674579
1.375	25.5	-0.00214118863803066
1.625	25.5	-0.00214118952900258
1.875	25.5	-0.00214119057044413
2.125	25.5	-0.0021411917632704
2.375	25.5	-0.00214119310852994
2.625	25.5	-0.00214119460740584
2.875	25.5	-0.0021411962612168
3.125	25.5	-0.00214119807141836
3.375	25.5	-0.00214120003960406
3.625	25.5	-0.00214120216750642
3.875	25.5	-0.00214120445699769
4.125	25.5	-0.00214120691008992
4.375	25.5	-0.00214120952893395
4.625	25.5	-0.00214121231581643
4.875	25.5	-0.00214121527315356
5.125	25.5	-0.0021412184034793
5.375	25.5	-0.00214122170942439
5.625	25.5	-0.00214122519368009
5.875	25.5	-0.00214122885893672
6.125	25.5	-0.00214123270778056
6.375	25.5	-0.00214123674252226
6.625	25.5	-0.00214124096491214
6.875	25.5	-0.0021412453756696
7.125	25.5	-0.00214124997370625
7.375	25.5	-0.00214125475484505
7.625	25.5	-0.00214125970970993
7.875	25.5	-0.00214126482025044
8.125	25.5	-0.00214127005402001
8.375	25.5	-0.00214127535475776
8.625	25.5	-0.00214128062688764
8.875	25.5	-0.00214128571000831
9.125	25.5	-0.00214129033691276
9.375	25.5	-0.0021412940645058
9.625	25.5	-0.00214129616012503
9.875	25.5	-0.00214129541447791
10.125	25.5	-0.00214128983382564
10.375	25.5	-0.00214127613346751
10.625	25.5	-0.00214124890426535
10.875	25.5	-0.00214119924115582
11.125	25.5	-0.002141112486365
11.375	25.5	-0.0021409645158695
11.625	25.5	-0.0021407156287796
11.875	25.5	-0.00214030049235773
12.125	25.5	-0.00213961159665731
12.375	25.5	-0.0021384720294374
12.625	25.5	-0.00213659067811825
12.875	25.5	-0.00213348851685755
13.125	25.5	-0.00212837731804577
13.375	25.5	-0.00211996008860973
13.625	25.5	-0.0021061027327081
13.875	25.5	-0.00208329389384507
14.125	25.5	-0.00204575645300337
14.375	25.5	-0.0019839863864866
14.625	25.5	-0.00188235085898678
14.875	25.5	-0.00171514238664051
15.125	25.5	-0.00144010354616712
15.375	25.5	-0.000987819412963291
15.625	25.5	-0.000244391146879769
15.875	25.5	0.000976728769518622
16.125	25.5	0.00298015237025679
16.375	25.5	0.0062608035109434
16.625	25.5	0.0116162130139287
16.875	25.5	0.0203140689100916
17.125	25.5	0.0343238610242045
17.375	25.5	0.0565896101351052
17.625	25.5	0.0912285535853203
17.875	25.5	0.143344024155336
18.125	25.5	0.217871560089694
18.375	25.5	0.31689915758416
18.625	25.5	0.436085834270064
18.875	25.5	0.563260357396323
19.125	25.5	0.682525931892353
19.375	25.5	0.781676240629667
19.625	25.5	0.856329515588556
19.875	25.5	0.908549538172891
20.125	25.5	0.943265396275314
20.375	25.5	0.965583675225314
20.625	25.5	0.979627752233318
20.875	25.5	0.988347375911451
21.125	25.5	0.993716377965969
21.375	25.5	0.997005433947153
21.625	25.5	0.999014026431542
21.875	25.5	1.00023831734454
22.125	25.5	1.00098369064954
22.375	25.5	1.00143717024886
22.625	25.5	1.00171294717466
22.875	25.5	1.00188061490634
23.125	25.5	1.00198253973728
23.375	25.5	1.00204449544507
23.625	25.5	1.00208215520249
23.875	25.5	1.00210504756795
24.125	25.5	1.00211896458183
24.375	25.5	1.00212742667678
24.625	25.5	1.00213257347168
24.875	25.5	1.00213570532314
25.125	25.5	1.00213761250991
25.375	25.5	1.00213877531127
25.625	25.5	1.00213948560841
25.875	25.5	1.00213992078731
26.125	25.5	1.00214018865234
26.375	25.5	1.00214035472145
26.625	25.5	1.00214045881417
26.875	25.5	1.00214052513251
27.125	25.5	1.00214056838731
27.375	25.5	1.00214059752132
27.625	25.5	1.00214061797187
27.875	25.5	1.00214063304583
28.125	25.5	1.00214064475529
28.375	25.5	1.00214065432536
28.625	25.5	1.00214066250283
28.875	25.5	1.00214066974367
29.125	25.5	1.00214067632705
29.375	25.5	1.00214068242464
29.625	25.5	1.00214068814264
29.875	25.5	1.00214069354743
30.125	25.5	1.00214069868108
30.375	25.5	1.00214070357085
30.625	25.5	1.00214070823487
30.875	25.5	1.0021407126857
31.125	25.5	1.00214071693242
31.375	25.5	1.00214072098191
31.625	25.5	1.00214072483969
31.875	25.5	1.00214072851036
32.125	25.5	1.00214073199787
32.375	25.5	1.00214073530577
32.625	25.5	1.00214073843725
32.875	25.5	1.00214074139527
33.125	25.5	1.00214074418255
33.375	25.5	1.00214074680161
33.625	25.5	1.00214074925481
33.875	25.5	1.00214075154435
34.125	25.5	1.00214075367226
34.375	25.5	1.00214075564044
34.625	25.5	1.00214075745062
34.875	25.5	1.0021407591044
35.125	25.5	1.00214076060325
35.375	25.5	1.00214076194848
35.625	25.5	1.00214076314128
35.875	25.5	1.0021407641827
36.125	25.5	1.00214076507365
36.375	25.5	1.00214076581492
36.625	25.5	1.00214076640715
36.875	25.5	1.00214076685087
37.125	25.5	1.00214076714647
37.375	25.5	1.00214076729421
0.125	26.5	-0.00214118418976214
0.375	26.5	-0.0021411843358414
0.625	26.5	-0.00214118462812495
0.875	26.5	-0.00214118506686301
1.125	26.5	-0.00214118565243121
1.375	26.5	-0.00214118638533105
1.625	26.5	-0.00214118726619036
1.875	26.5	-0.002141188295764
2.125	26.5	-0.00214118947493463
2.375	26.5	-0.00214119080471355
2.625	26.5	-0.00214119228624177
2.875	26.5	-0.00214119392079102
3.125	26.5	-0.00214119570976489
3.375	26.5	-0.00214119765469985
3.625	26.5	-0.00214119975726627
3.875	26.5	-0.00214120201926895
4.125	26.5	-0.00214120444264714
4.375	26.5	-0.00214120702947343
4.625	26.5	-0.00214120978195059
4.875	26.5	-0.00214121270240524
5.125	26.5	-0.00214121579327589
5.375	26.5	-0.00214121905709183
5.625	26.5	-0.00214122249643668
5.875	26.5	-0.00214122611388677
6.125	26.5	-0.00214122991190792
6.375	26.5	-0.00214123389268355
6.625	26.5	-0.0021412380578299
6.875	26.5	-0.00214124240792509
7.125	26.5	-0.0021412469417321
7.375	26.5	-0.00214125165491753
7.625	26.5	-0.00214125653794097
7.875	26.5	-0.00214126157257919
8.125	26.5	-0.00214126672620383
8.375	26.5	-0.00214127194236249
8.625	26.5	-0.00214127712527678
8.875	26.5	-0.00214128211433062
9.125	26.5	-0.00214128664208736
9.375	26.5	-0.0021412902652034
9.625	26.5	-0.00214129225074296
9.875	26.5	-0.00214129138910513
10.125	26.5	-0.0021412856861914
10.375	26.5	-0.00214127185686351
10.625	26.5	-0.00214124449142421
10.875	26.5	-0.00214119468405807
11.125	26.5	-0.0021411077759286
11.375	26.5	-0.00214095964144625
11.625	26.5	-0.00214071057733394
11.875	26.5	-0.00214029524712308
12.125	26.5	-0.00213960613493276
12.375	26.5	-0.00213846631896988
12.625	26.5	-0.00213658467115691
12.875	26.5	-0.00213348214037755
13.125	26.5	-0.00212837045766846
13.375	26.5	-0.00211995256215035
13.625	26.5	-0.00210609424665719
13.875	26.5	-0.00208328397177557
14.125	26.5	-0.00204574431780794
14.375	26.5	-0.00198397076672334
14.625	26.5	-0.00188232967057713
14.875	26.5	-0.0017151122101071
15.125	26.5	-0.00144005876921753
15.375	26.5	-0.000987750827272232
15.625	26.5	-0.000244283659968062
15.875	26.5	0.000976899842865848
16.125	26.5	0.00298042725834928
16.375	26.5	0.00626124737019224
16.625	26.5	0.0116169302983348
16.875	26.5	0.0203152242281502
17.125	26.5	0.0343257064196714
17.375	26.5	0.0565925130292812
17.625	26.5	0.0912330051674603
17.875	26.5	0.143350581435601
18.125	26.5	0.217880650774755
18.375	26.5	0.316910722379506
18.625	26.5	0.436098992397875
18.875	26.5	0.563273519903971
19.125	26.5	0.682537507684084
19.375	26.5	0.781685344511129
19.625	26.5	0.856336084782516
19.875	26.5	0.908553998942358
20.125	26.5	0.943268305618612
20.375	26.5	0.965585524896587
20.625	26.5	0.979628910289352
20.875	26.5	0.988348094912365
21.125	26.5	0.993716822887603
21.375	26.5	0.997005709487705
21.625	26.5	0.999014197903754
21.875	26.5	1.00023842507464
22.125	26.5	1.00098375938329
22.375	26.5	1.00143721511589
22.625	26.5	1.00171297740599
22.875	26.5	1.00188063612807
23.125	26.5	1.0019825553773
23.375	26.5	1.00204450759257
23.625	26.5	1.00208216513201
23.875	26.5	1.00210505605848
24.125	26.5	1.00211897211094
24.375	26.5	1.00212743353867
24.625	26.5	1.00213257984896
24.875	26.5	1.00213571133046
25.125	26.5	1.00213761822044
25.375	26.5	1.00213878077286
25.625	26.5	1.00213949085337
25.875	26.5	1.00213992583839
26.125	26.5	1.00214019352632
26.375	26.5	1.00214035943139
26.625	26.5	1.00214046337072
26.875	26.5	1.00214052954477
27.125	26.5	1.00214057266329
27.375	26.5	1.00214060166831
27.625	26.5	1.00214062199657
27.875	26.5	1.00214063695452
28.125	26.5	1.00214064855388
28.375	26.5	1.00214065801946
28.625	26.5	1.00214066609776
28.875	26.5	1.00214067324451
29.125	26.5	1.00214067973867
29.375	26.5	1.00214068575166
29.625	26.5	1.00214069138951
29.875	26.5	1.00214069671838
30.125	26.5	1.00214070178019
30.375	26.5	1.00214070660199
30.625	26.5	1.00214071120178
30.875	26.5	1.00214071559194
31.125	26.5	1.0021407197814
31.375	26.5	1.00214072377693
31.625	26.5	1.00214072758388
31.875	26.5	1.00214073120674
32.125	26.5	1.00214073464934
32.375	26.5	1.0021407379151
32.625	26.5	1.00214074100713
32.875	26.5	1.00214074392826
33.125	26.5	1.00214074668113
33.375	26.5	1.00214074926817
33.625	26.5	1.00214075169165
33.875	26.5	1.0021407539537
34.125	26.5	1.00214075605628
34.375	26.5	1.0021407580012
34.625	26.5	1.00214075979015
34.875	26.5	1.00214076142467
35.125	26.5	1.00214076290617
35.375	26.5	1.00214076423592
35.625	26.5	1.00214076541506
35.875	26.5	1.00214076644461
36.125	26.5	1.00214076732545
36.375	26.5	1.00214076805834
36.625	26.5	1.00214076864389
36.875	26.5	1.00214076908262
37.125	26.5	1.0021407693749
37.375	26.5	1.00214076952098
0.125	27.5	-0.00214117956988338
0.375	27.5	-0.00214117971225096
0.625	27.5	-0.00214117999710436
0.875	27.5	-0.0021411804246802
1.125	27.5	-0.00214118099533372
1.375	27.5	-0.00214118170953913
1.625	27.5	-0.00214118256789011
1.875	27.5	-0.00214118357110042
2.125	27.5	-0.00214118472000457
2.375	27.5	-0.00214118601555869
2.625	27.5	-0.00214118745884142
2.875	27.5	-0.00214118905105485
3.125	27.5	-0.00214119079352556
3.375	27.5	-0.00214119268770556
3.625	27.5	-0.0021411947351731
3.875	27.5	-0.00214119693763313
4.125	27.5	-0.00214119929691715
4.375	27.5	-0.0021412018149819
4.625	27.5	-0.0021412044939061
4.875	27.5	-0.00214120733588384
5.125	27.5	-0.00214121034321253
5.375	27.5	-0.00214121351827145
5.625	27.5	-0.00214121686348516
5.875	27.5	-0.00214122038126164
6.125	27.5	-0.00214122407388875
6.375	27.5	-0.00214122794336211
6.625	27.5	-0.00214123199109999
6.875	27.5	-0.00214123621747211
7.125	27.5	-0.00214124062102214
7.375	27.5	-0.00214124519718618
7.625	27.5	-0.00214124993618153
7.875	27.5	-0.00214125481953034
8.125	27.5	-0.00214125981433651
8.375	27.5	-0.0021412648638657
8.625	27.5	-0.00214126987204193
8.875	27.5	-0.0021412746779336
9.125	27.5	-0.00214127901376719
9.375	27.5	-0.00214128243583556
9.625	27.5	-0.00214128421080409
9.875	27.5	-0.00214128312862398
10.125	27.5	-0.00214127719467738
10.375	27.5	-0.0021412631231986
10.625	27.5	-0.00214123550369504
10.875	27.5	-0.00214118542928975
11.125	27.5	-0.00214109823965719
11.375	27.5	-0.00214094980702602
11.625	27.5	-0.00214070042480852
11.875	27.5	-0.00214028475137906
12.125	27.5	-0.00213959526267281
12.375	27.5	-0.00213845502374321
12.625	27.5	-0.00213657288519285
12.875	27.5	-0.00213346976115808
13.125	27.5	-0.00212835732584295
13.375	27.5	-0.00211993842520332
13.625	27.5	-0.00210607869913444
13.875	27.5	-0.00208326635694655
14.125	27.5	-0.00204572356590614
14.375	27.5	-0.00198394512893321
14.625	27.5	-0.00188229628178511
14.875	27.5	-0.00171506637076633
15.125	27.5	-0.00143999276745448
15.375	27.5	-0.00098765201113628
15.625	27.5	-0.000244131293919337
15.875	27.5	0.000977139673066287
16.125	27.5	0.00298080982081969
16.375	27.5	0.00626186218118035
16.625	27.5	0.0116179208650243
16.875	27.5	0.020316816705072
17.125	27.5	0.0343282470913338
17.375	27.5	0.0565965067011805
17.625	27.5	0.0912391266911769
17.875	27.5	0.143359596083053
18.125	27.5	0.21789314612962
18.375	27.5	0.316926616868305
18.625	27.5	0.436117075766621
18.875	27.5	0.563291608995455
19.125	27.5	0.682553416540724
19.375	27.5	0.781697857108064
19.625	27.5	0.856345114995731
19.875	27.5	0.908560132469427
20.125	27.5	0.943272307716188
20.375	27.5	0.965588071154466
20.625	27.5	0.979630506343396
20.875	27.5	0.988349087721752
21.125	27.5	0.993717439086801
21.375	27.5	0.997006092902923
21.625	27.5	0.99901443825546
21.875	27.5	1.00023857775886
22.125	27.5	1.00098385839335
22.375	27.5	1.00143728123585
22.625	27.5	1.00171302331744
22.875	27.5	1.00188066956094
23.125	27.5	1.0019825810421
23.375	27.5	1.00204452836108
23.625	27.5	1.0020821827571
23.875	27.5	1.00210507161237
24.125	27.5	1.00211898625187
24.375	27.5	1.00212744667299
24.625	27.5	1.00213259222974
24.875	27.5	1.00213572311739
25.125	27.5	1.00213762951624
25.375	27.5	1.00213879164544
25.625	27.5	1.00213950134925
25.875	27.5	1.00213993599092
26.125	27.5	1.00214020336065
26.375	27.5	1.00214036896749
26.625	27.5	1.00214047262526
26.875	27.5	1.00214053853221
27.125	27.5	1.00214058139662
27.375	27.5	1.00214061015944
27.625	27.5	1.00214063025663
27.875	27.5	1.002140644994
28.125	27.5	1.00214065638276
28.375	27.5	1.00214066564726
28.625	27.5	1.00214067353361
28.875	27.5	1.00214068049718
29.125	27.5	1.00214068681657
29.375	27.5	1.00214069266292
29.625	27.5	1.00214069814193
29.875	27.5	1.0021407033195
30.125	27.5	1.00214070823726
30.375	27.5	1.00214071292202
30.625	27.5	1.00214071739154
30.875	27.5	1.00214072165796
31.125	27.5	1.00214072573001
31.375	27.5	1.00214072961422
31.625	27.5	1.00214073331577
31.875	27.5	1.00214073683894
32.125	27.5	1.0021407401874
32.375	27.5	1.0021407433644
32.625	27.5	1.00214074637288
32.875	27.5	1.00214074921553
33.125	27.5	1.00214075189484
33.375	27.5	1.00214075441311
33.625	27.5	1.0021407567725
33.875	27.5	1.002140758975
34.125	27.5	1.00214076102247
34.375	27.5	1.00214076291664
34.625	27.5	1.00214076465909
34.875	27.5	1.00214076625127
35.125	27.5	1.00214076769452
35.375	27.5	1.00214076899005
35.625	27.5	1.00214077013892
35.875	27.5	1.00214077114211
36.125	27.5	1.00214077200044
36.375	27.5	1.00214077271463
36.625	27.5	1.00214077328528
36.875	27.5	1.00214077371284
37.125	27.5	1.00214077399769
37.375	27.5	1.00214077414006
0.125	28.5	-0.00214117261925114
0.375	28.5	-0.00214117275596623
0.625	28.5	-0.00214117302950582
0.875	28.5	-0.00214117344008885
1.125	28.5	-0.002141173988044
1.375	28.5	-0.00214117467381002
1.625	28.5	-0.00214117549793617
1.875	28.5	-0.00214117646108274
2.125	28.5	-0.00214117756402166
2.375	28.5	-0.00214117880763729
2.625	28.5	-0.00214118019292714
2.875	28.5	-0.0021411817210028
3.125	28.5	-0.00214118339309072
3.375	28.5	-0.00214118521053309
3.625	28.5	-0.00214118717478845
3.875	28.5	-0.00214118928743197
4.125	28.5	-0.00214119155015511
4.375	28.5	-0.0021411939647641
4.625	28.5	-0.00214119653317646
4.875	28.5	-0.00214119925741415
5.125	28.5	-0.00214120213959124
5.375	28.5	-0.0021412051818922
5.625	28.5	-0.00214120838653505
5.875	28.5	-0.00214121175570913
6.125	28.5	-0.00214121529147124
6.375	28.5	-0.00214121899557321
6.625	28.5	-0.00214122286917635
6.875	28.5	-0.00214122691237982
7.125	28.5	-0.00214123112344274
7.375	28.5	-0.00214123549750204
7.625	28.5	-0.00214124002446066
7.875	28.5	-0.00214124468551039
8.125	28.5	-0.00214124944740782
8.375	28.5	-0.00214125425305298
8.625	28.5	-0.00214125900598399
8.875	28.5	-0.0021412635448603
9.125	28.5	-0.002141267601472
9.375	28.5	-0.00214127073164134
9.625	28.5	-0.00214127220151806
9.875	28.5	-0.00214127080047521
10.125	28.5	-0.00214126453322595
10.375	28.5	-0.00214125011319855
10.625	28.5	-0.00214122212888167
10.875	28.5	-0.00214117167204279
11.125	28.5	-0.00214108408046024
11.375	28.5	-0.00214093522359096
11.625	28.5	-0.00214068539064906
11.875	28.5	-0.00214026923347808
12.125	28.5	-0.00213957921765869
12.375	28.5	-0.00213843839161238
12.625	28.5	-0.00213655557899459
12.875	28.5	-0.00213345165003398
13.125	28.5	-0.00212833820713058
13.375	28.5	-0.00211991797854391
13.625	28.5	-0.00210605641096977
13.875	28.5	-0.00208324139630256
14.125	28.5	-0.00204569458006092
14.375	28.5	-0.00198390990738871
14.625	28.5	-0.00188225120392479
14.875	28.5	-0.00171500549867775
15.125	28.5	-0.00143990635794594
15.375	28.5	-0.000987524080459547
15.625	28.5	-0.000243935646605399
15.875	28.5	0.000977445880868746
16.125	28.5	0.00298129640915224
16.375	28.5	0.00626264223584537
16.625	28.5	0.0116191756791549
16.875	28.5	0.0203188319813991
17.125	28.5	0.0343314602941921
17.375	28.5	0.0566015555538067
17.625	28.5	0.0912468637267453
17.875	28.5	0.143370988031894
18.125	28.5	0.217908935183184
18.375	28.5	0.316946699790016
18.625	28.5	0.436139923448312
18.875	28.5	0.563314463418885
19.125	28.5	0.682573516388451
19.375	28.5	0.781713666473191
19.625	28.5	0.856356525280874
19.875	28.5	0.908567883644332
20.125	28.5	0.943277366493478
20.375	28.5	0.965591290937146
20.625	28.5	0.979632525832992
20.875	28.5	0.988350345177394
21.125	28.5	0.993718220776572
21.375	28.5	0.997006580495738
21.625	28.5	0.999014745077657
21.875	28.5	1.00023877378112
22.125	28.5	1.00098398655267
22.375	28.5	1.00143736778484
22.625	28.5	1.00171308427475
22.875	28.5	1.001880714691
23.125	28.5	1.00198261629575
23.375	28.5	1.00204455736679
23.625	28.5	1.00208220773014
23.875	28.5	1.00210509390835
24.125	28.5	1.00211900670352
24.375	28.5	1.00212746579495
24.625	28.5	1.00213261034301
24.875	28.5	1.00213574042502
25.125	28.5	1.00213764614935
25.375	28.5	1.00213880769113
25.625	28.5	1.00213951686761
25.875	28.5	1.00213995102538
26.125	28.5	1.00214021794426
26.375	28.5	1.00214038312676
26.625	28.5	1.0021404863825
26.875	28.5	1.00214055190695
27.125	28.5	1.00214059440649
27.375	28.5	1.00214062282071
27.625	28.5	1.00214064258455
27.875	28.5	1.00214065700302
28.125	28.5	1.00214066808664
28.375	28.5	1.00214067705921
28.625	28.5	1.0021406846663
28.875	28.5	1.00214069136283
29.125	28.5	1.00214069742695
29.375	28.5	1.00214070302938
29.625	28.5	1.00214070827545
29.875	28.5	1.0021407132307
30.125	28.5	1.00214071793641
30.375	28.5	1.00214072241905
30.625	28.5	1.00214072669606
30.875	28.5	1.0021407307793
31.125	28.5	1.00214073467719
31.375	28.5	1.00214073839602
31.625	28.5	1.00214074194069
31.875	28.5	1.00214074531525
32.125	28.5	1.00214074852313
32.375	28.5	1.00214075156737
32.625	28.5	1.00214075445069
32.875	28.5	1.00214075717559
33.125	28.5	1.00214075974438
33.375	28.5	1.00214076215919
33.625	28.5	1.00214076442201
33.875	28.5	1.00214076653469
34.125	28.5	1.00214076849894
34.375	28.5	1.00214077031637
34.625	28.5	1.00214077198843
34.875	28.5	1.00214077351647
35.125	28.5	1.00214077490173
35.375	28.5	1.00214077614531
35.625	28.5	1.00214077724822
35.875	28.5	1.00214077821134
36.125	28.5	1.00214077903545
36.375	28.5	1.0021407797212
36.625	28.5	1.00214078026914
36.875	28.5	1.00214078067972
37.125	28.5	1.00214078095325
37.375	28.5	1.00214078108996
0.125	29.5	-0.00214116343118442
0.375	29.5	-0.00214116356045206
0.625	29.5	-0.00214116381908609
0.875	29.5	-0.00214116420728412
1.125	29.5	-0.00214116472534281
1.375	29.5	-0.00214116537365812
1.625	29.5	-0.00214116615272569
1.875	29.5	-0.00214116706314133
2.125	29.5	-0.00214116810560149
2.375	29.5	-0.00214116928090393
2.625	29.5	-0.00214117058994835
2.875	29.5	-0.00214117203373711
3.125	29.5	-0.00214117361337595
3.375	29.5	-0.00214117533007459
3.625	29.5	-0.00214117718514719
3.875	29.5	-0.00214117918001242
4.125	29.5	-0.00214118131619287
4.375	29.5	-0.00214118359531328
4.625	29.5	-0.0021411860190968
4.875	29.5	-0.00214118858935785
5.125	29.5	-0.00214119130798947
5.375	29.5	-0.0021411941769413
5.625	29.5	-0.00214119719818235
5.875	29.5	-0.00214120037363839
6.125	29.5	-0.00214120370508775
6.375	29.5	-0.00214120719398839
6.625	29.5	-0.0021412108411919
6.875	29.5	-0.00214121464647141
7.125	29.5	-0.00214121860774303
7.375	29.5	-0.00214122271978318
7.625	29.5	-0.00214122697211595
7.875	29.5	-0.00214123134553503
8.125	29.5	-0.00214123580637847
8.375	29.5	-0.00214124029710569
8.625	29.5	-0.00214124472078983
8.875	29.5	-0.00214124891559755
9.125	29.5	-0.00214125261279319
9.375	29.5	-0.00214125536763207
9.625	29.5	-0.00214125644564286
9.875	29.5	-0.00214125463550248
10.125	29.5	-0.00214124794111894
10.375	29.5	-0.00214123307495092
10.625	29.5	-0.00214120462426239
10.875	29.5	-0.00214115367919233
11.125	29.5	-0.00214106557524253
11.375	29.5	-0.00214091617854392
11.625	29.5	-0.00214066577327503
11.875	29.5	-0.00214024900344829
12.125	29.5	-0.00213955832223087
12.375	29.5	-0.0021384167581081
12.625	29.5	-0.00213653310243761
12.875	29.5	-0.00213342817282518
13.125	29.5	-0.00212831348561746
13.375	29.5	-0.00211989162802368
13.625	29.5	-0.00210602781520654
13.875	29.5	-0.00208320955866527
14.125	29.5	-0.00204565787864819
14.375	29.5	-0.00198386569232293
14.625	29.5	-0.00188219513540401
14.875	29.5	-0.00171493045977154
15.125	29.5	-0.00143980067131381
15.375	29.5	-0.000987368589761266
15.625	29.5	-0.000243698957181966
15.875	29.5	0.000977815116170828
16.125	29.5	0.00298188186763204
16.375	29.5	0.00626357944765249
16.625	29.5	0.0116206819191449
16.875	29.5	0.0203212496562474
17.125	29.5	0.0343353136907171
17.375	29.5	0.0566076089557611
17.625	29.5	0.0912561388385272
17.875	29.5	0.143384643366114
18.125	29.5	0.217927860055156
18.375	29.5	0.316970770200852
18.625	29.5	0.436167306574272
18.875	29.5	0.563341853907307
19.125	29.5	0.682597605283443
19.375	29.5	0.781732613525925
19.625	29.5	0.856370200638059
19.875	29.5	0.908577174195341
20.125	29.5	0.943283430731946
20.375	29.5	0.965595151517628
20.625	29.5	0.979634948107698
20.875	29.5	0.988351854301116
21.125	29.5	0.993719159773347
21.375	29.5	0.997007167050739
21.625	29.5	0.999015114983659
21.875	29.5	1.00023901087989
22.125	29.5	1.00098414229303
22.375	29.5	1.00143747362384
22.625	29.5	1.0017131594068
22.875	29.5	1.00188077081664
23.125	29.5	1.00198266054602
23.375	29.5	1.00204459409005
23.625	29.5	1.00208223958147
23.875	29.5	1.00210512251281
24.125	29.5	1.00211903305966
24.375	29.5	1.00212749052017
24.625	29.5	1.00213263382273
24.875	29.5	1.00213576290333
25.125	29.5	1.0021376677841
25.375	29.5	1.00213882858746
25.625	29.5	1.0021395370983
25.875	29.5	1.00213997064324
26.125	29.5	1.00214023698966
26.375	29.5	1.00214040163223
26.625	29.5	1.00214050437551
26.875	29.5	1.00214056941166
27.125	29.5	1.00214061144476
27.375	29.5	1.00214063941278
27.625	29.5	1.00214065874943
27.875	29.5	1.00214067275875
28.125	29.5	1.00214068345047
28.375	29.5	1.00214069204767
28.625	29.5	1.00214069929531
28.875	29.5	1.00214070564772
29.125	29.5	1.00214071138257
29.375	29.5	1.00214071667005
29.625	29.5	1.00214072161505
29.875	29.5	1.00214072628264
30.125	29.5	1.0021407307137
30.375	29.5	1.0021407349343
30.625	29.5	1.0021407389615
30.875	29.5	1.0021407428068
31.125	29.5	1.00214074647828
31.375	29.5	1.00214074998189
31.625	29.5	1.00214075332223
31.875	29.5	1.00214075650306
32.125	29.5	1.00214075952752
32.375	29.5	1.0021407623984
32.625	29.5	1.00214076511816
32.875	29.5	1.00214076768908
33.125	29.5	1.00214077011323
33.375	29.5	1.00214077239255
33.625	29.5	1.00214077452882
33.875	29.5	1.00214077652372
34.125	29.5	1.00214077837879
34.375	29.5	1.00214078009546
34.625	29.5	1.00214078167507
34.875	29.5	1.00214078311882
35.125	29.5	1.00214078442782
35.375	29.5	1.00214078560309
35.625	29.5	1.00214078664552
35.875	29.5	1.00214078755591
36.125	29.5	1.00214078833495
36.375	29.5	1.00214078898325
36.625	29.5	1.0021407895013
36.875	29.5	1.00214078988948
37.125	29.5	1.00214079014811
37.375	29.5	1.00214079027738
0.125	30.5	-0.00214115212844709
0.375	30.5	-0.0021411522486482
0.625	30.5	-0.00214115248913696
0.875	30.5	-0.00214115285008653
1.125	30.5	-0.00214115333175681
1.375	30.5	-0.00214115393449474
1.625	30.5	-0.00214115465873449
1.875	30.5	-0.00214115550499792
2.125	30.5	-0.00214115647389494
2.375	30.5	-0.00214115756612404
2.625	30.5	-0.00214115878247276
2.875	30.5	-0.00214116012381829
3.125	30.5	-0.00214116159112795
3.375	30.5	-0.00214116318545961
3.625	30.5	-0.00214116490796194
3.875	30.5	-0.00214116675987419
4.125	30.5	-0.0021411687425254
4.375	30.5	-0.0021411708573323
4.625	30.5	-0.00214117310579524
4.875	30.5	-0.00214117548949079
5.125	30.5	-0.00214117801005865
5.375	30.5	-0.00214118066917935
5.625	30.5	-0.00214118346853652
5.875	30.5	-0.00214118640975391
6.125	30.5	-0.00214118949429072
6.375	30.5	-0.00214119272326814
6.625	30.5	-0.00214119609718288
6.875	30.5	-0.00214119961543443
7.125	30.5	-0.0021412032755459
7.375	30.5	-0.00214120707188058
7.625	30.5	-0.00214121099352844
7.875	30.5	-0.00214121502082699
8.125	30.5	-0.00214121911963463
8.375	30.5	-0.00214122323190584
8.625	30.5	-0.00214122726018084
8.875	30.5	-0.00214123104206141
9.125	30.5	-0.00214123430820914
9.375	30.5	-0.00214123661322918
9.625	30.5	-0.00214123722193772
9.875	30.5	-0.00214123492221264
10.125	30.5	-0.00214122771703718
10.375	30.5	-0.00214121231775551
10.625	30.5	-0.00214118331022264
10.875	30.5	-0.00214113178270236
11.125	30.5	-0.00214104306807298
11.375	30.5	-0.00214089302863007
11.625	30.5	-0.00214064194274243
11.875	30.5	-0.00214022444538421
12.125	30.5	-0.00213953297539201
12.375	30.5	-0.00213839053823226
12.625	30.5	-0.00213650588796651
12.875	30.5	-0.00213339978142968
13.125	30.5	-0.00212828363558603
13.375	30.5	-0.00211985987474195
13.625	30.5	-0.00210599344665054
13.875	30.5	-0.0020831714234665
14.125	30.5	-0.00204561410326276
14.375	30.5	-0.00198381321590438
14.625	30.5	-0.00188212894524735
14.875	30.5	-0.00171484233557867
15.125	30.5	-0.0014396771254746
15.375	30.5	-0.000987187496327745
15.625	30.5	-0.000243424054756381
15.875	30.5	0.000978243134475057
16.125	30.5	0.00298255965063385
16.375	30.5	0.00626466353516424
16.625	30.5	0.0116224232673385
16.875	30.5	0.0203240437494302
17.125	30.5	0.034339766083092
17.375	30.5	0.0566146023876936
17.625	30.5	0.0912668533388803
17.875	30.5	0.143400416901407
18.125	30.5	0.217949719538359
18.375	30.5	0.316998572040336
18.625	30.5	0.436198933546529
18.875	30.5	0.563373488410291
19.125	30.5	0.68262542602917
19.375	30.5	0.781754495695557
19.625	30.5	0.856385994651735
19.875	30.5	0.908587904485076
20.125	30.5	0.943290435245341
20.375	30.5	0.96559961125575
20.625	30.5	0.979637746903927
20.875	30.5	0.98835359859747
21.125	30.5	0.993720245685544
21.375	30.5	0.997007845954565
21.625	30.5	0.999015543687476
21.875	30.5	1.00023928620068
22.125	30.5	1.00098432364163
22.375	30.5	1.00143759732539
22.625	30.5	1.0017132476262
22.875	30.5	1.0018808370652
23.125	30.5	1.00198271305845
23.375	30.5	1.0020446378878
23.625	30.5	1.00208227773071
23.875	30.5	1.00210515689031
24.125	30.5	1.00211906481874
24.375	30.5	1.00212752037405
24.625	30.5	1.00213266221674
24.875	30.5	1.00213579011964
25.125	30.5	1.0021376940053
25.375	30.5	1.00213885393528
25.625	30.5	1.00213956165711
25.875	30.5	1.00213999447434
26.125	30.5	1.00214026014002
26.375	30.5	1.00214042413973
26.625	30.5	1.00214052627225
26.875	30.5	1.00214059072587
27.125	30.5	1.00214063220206
27.375	30.5	1.00214065963691
27.625	30.5	1.00214067846272
27.875	30.5	1.0021406919824
28.125	30.5	1.00214070220477
28.375	30.5	1.00214071035211
28.625	30.5	1.00214071716866
28.875	30.5	1.00214072310812
29.125	30.5	1.00214072844752
29.375	30.5	1.00214073335652
29.625	30.5	1.00214073793945
29.875	30.5	1.0021407422609
30.125	30.5	1.00214074636125
30.375	30.5	1.00214075026612
30.625	30.5	1.00214075399214
30.875	30.5	1.00214075755039
31.125	30.5	1.00214076094856
31.375	30.5	1.00214076419224
31.625	30.5	1.00214076728566
31.875	30.5	1.00214077023223
32.125	30.5	1.0021407730348
32.375	30.5	1.00214077569583
32.625	30.5	1.00214077821752
32.875	30.5	1.00214078060187
33.125	30.5	1.00214078285069
33.375	30.5	1.00214078496569
33.625	30.5	1.00214078694842
33.875	30.5	1.00214078880036
34.125	30.5	1.00214079052285
34.375	30.5	1.00214079211715
34.625	30.5	1.00214079358443
34.875	30.5	1.00214079492573
35.125	30.5	1.00214079614203
35.375	30.5	1.00214079723422
35.625	30.5	1.00214079820309
35.875	30.5	1.00214079904932
36.125	30.5	1.00214079977353
36.375	30.5	1.00214080037625
36.625	30.5	1.0021408008579
36.875	30.5	1.00214080121884
37.125	30.5	1.00214080145932
37.375	30.5	1.00214080157952
0.125	31.5	-0.00214113886034481
0.375	31.5	-0.00214113897006194
0.625	31.5	-0.00214113918956923
0.875	31.5	-0.00214113951901287
1.125	31.5	-0.00214113995861224
1.375	31.5	-0.00214114050866014
1.625	31.5	-0.00214114116952294
1.875	31.5	-0.00214114194164091
2.125	31.5	-0.00214114282552846
2.375	31.5	-0.00214114382177453
2.625	31.5	-0.00214114493104296
2.875	31.5	-0.0021411461540728
3.125	31.5	-0.00214114749167866
3.375	31.5	-0.00214114894475089
3.625	31.5	-0.00214115051425556
3.875	31.5	-0.00214115220123404
4.125	31.5	-0.00214115400680182
4.375	31.5	-0.00214115593214615
4.625	31.5	-0.00214115797852166
4.875	31.5	-0.00214116014724251
5.125	31.5	-0.002141162439669
5.375	31.5	-0.00214116485718478
5.625	31.5	-0.00214116740115874
5.875	31.5	-0.00214117007288153
6.125	31.5	-0.00214117287346035
6.375	31.5	-0.00214117580364499
6.625	31.5	-0.00214117886354075
6.875	31.5	-0.00214118205213506
7.125	31.5	-0.0021411853665176
7.375	31.5	-0.00214118880059601
7.625	31.5	-0.00214119234298149
7.875	31.5	-0.00214119597350839
8.125	31.5	-0.00214119965750608
8.375	31.5	-0.00214120333637201
8.625	31.5	-0.00214120691205838
8.875	31.5	-0.00214121022154365
9.125	31.5	-0.00214121299482386
9.375	31.5	-0.00214121478578603
9.625	31.5	-0.00214121485845858
9.875	31.5	-0.00214121199983503
10.125	31.5	-0.0021412042118735
10.375	31.5	-0.00214118820468051
10.625	31.5	-0.00214115856254317
10.875	31.5	-0.00214110637163429
11.125	31.5	-0.00214101696190124
11.375	31.5	-0.00214086619134794
11.625	31.5	-0.00214061433183445
11.875	31.5	-0.00214019600820021
12.125	31.5	-0.00213950364320306
12.375	31.5	-0.00213836021647192
12.625	31.5	-0.0021364744401944
12.875	31.5	-0.00213336700296341
13.125	31.5	-0.00212824921013059
13.375	31.5	-0.0021198233030394
13.625	31.5	-0.00210595392909078
13.875	31.5	-0.00208312766695752
14.125	31.5	-0.00204556400353401
14.375	31.5	-0.0019837533350406
14.625	31.5	-0.00188205365288078
14.875	31.5	-0.00171474239835105
15.125	31.5	-0.00143953739340193
15.375	31.5	-0.00098698311620516
15.625	31.5	-0.00024311429538526
15.875	31.5	0.000978724890700518
16.125	31.5	0.00298332196649527
16.375	31.5	0.00626588224716233
16.625	31.5	0.011624380266392
16.875	31.5	0.0203271832679806
17.125	31.5	0.0343447683107662
17.375	31.5	0.0566224588474322
17.625	31.5	0.0912788894375984
17.875	31.5	0.143418135348986
18.125	31.5	0.21797427348781
18.375	31.5	0.317029799725331
18.625	31.5	0.436234456420409
18.875	31.5	0.563409018499833
19.125	31.5	0.682656671828915
19.375	31.5	0.781779071380533
19.625	31.5	0.856403732717869
19.875	31.5	0.908599955708805
20.125	31.5	0.943298302319106
20.375	31.5	0.965604620518452
20.625	31.5	0.979640890925982
20.875	31.5	0.98835555841919
21.125	31.5	0.993721466144281
21.375	31.5	0.997008609343192
21.625	31.5	0.9990160260997
21.875	31.5	1.00023959636032
22.125	31.5	1.00098452826581
22.375	31.5	1.00143773720637
22.625	31.5	1.00171334765445
22.875	31.5	1.00188091241338
23.125	31.5	1.00198277297371
23.375	31.5	1.00204468800889
23.625	31.5	1.00208232150062
23.875	31.5	1.00210519641639
24.125	31.5	1.00211910139596
24.375	31.5	1.00212755480317
24.625	31.5	1.00213269499771
24.875	31.5	1.00213582156916
25.125	31.5	1.00213772432833
25.375	31.5	1.00213888326842
25.625	31.5	1.00213959009502
25.875	31.5	1.00214002208581
26.125	31.5	1.00214028697773
26.375	31.5	1.00214045024624
26.625	31.5	1.00214055168357
26.875	31.5	1.00214061547373
27.125	31.5	1.00214065631525
27.375	31.5	1.00214068314213
27.625	31.5	1.0021407013851
27.875	31.5	1.00214071434585
28.125	31.5	1.00214072403214
28.375	31.5	1.00214073166538
28.625	31.5	1.00214073798903
28.875	31.5	1.00214074345606
29.125	31.5	1.00214074834284
29.375	31.5	1.00214075281841
29.625	31.5	1.00214075698651
29.875	31.5	1.00214076091116
30.125	31.5	1.00214076463222
30.375	31.5	1.00214076817482
30.625	31.5	1.00214077155509
30.875	31.5	1.00214077478367
31.125	31.5	1.00214077786781
31.375	31.5	1.00214078081268
31.625	31.5	1.00214078362212
31.875	31.5	1.00214078629919
32.125	31.5	1.00214078884636
32.375	31.5	1.00214079126578
32.625	31.5	1.00214079355933
32.875	31.5	1.00214079572868
33.125	31.5	1.00214079777541
33.375	31.5	1.00214079970094
33.625	31.5	1.00214080150659
33.875	31.5	1.00214080319358
34.125	31.5	1.00214080476307
34.375	31.5	1.00214080621611
34.625	31.5	1.00214080755368
34.875	31.5	1.00214080877666
35.125	31.5	1.00214080988589
35.375	31.5	1.00214081088209
35.625	31.5	1.00214081176594
35.875	31.5	1.00214081253802
36.125	31.5	1.00214081319885
36.375	31.5	1.00214081374888
36.625	31.5	1.00214081418846
36.875	31.5	1.00214081451789
37.125	31.5	1.00214081473739
37.375	31.5	1.00214081484711
0.125	32.5	-0.0021411237993985
0.375	32.5	-0.00214112389743658
0.625	32.5	-0.00214112409357137
0.875	32.5	-0.00214112438792018
1.125	32.5	-0.00214112478065906
1.375	32.5	-0.00214112527202292
1.625	32.5	-0.00214112586230561
1.875	32.5	-0.00214112655186014
2.125	32.5	-0.00214112734109881
2.375	32.5	-0.00214112823049343
2.625	32.5	-0.00214112922057551
2.875	32.5	-0.00214113031193641
3.125	32.5	-0.00214113150522745
3.375	32.5	-0.00214113280115984
3.625	32.5	-0.00214113420050445
3.875	32.5	-0.00214113570409103
4.125	32.5	-0.00214113731280675
4.375	32.5	-0.00214113902759356
4.625	32.5	-0.00214114084944334
4.875	32.5	-0.00214114277938977
5.125	32.5	-0.00214114481849443
5.375	32.5	-0.00214114696782365
5.625	32.5	-0.00214114922840987
5.875	32.5	-0.00214115160118766
6.125	32.5	-0.00214115408688801
6.375	32.5	-0.00214115668586373
6.625	32.5	-0.00214115939780177
6.875	32.5	-0.00214116222124916
7.125	32.5	-0.00214116515283233
7.375	32.5	-0.00214116818597196
7.625	32.5	-0.0021411713087675
7.875	32.5	-0.00214117450051554
8.125	32.5	-0.00214117772597991
8.375	32.5	-0.00214118092596256
8.625	32.5	-0.00214118400178692
8.875	32.5	-0.00214118678976459
9.125	32.5	-0.00214118901917932
9.375	32.5	-0.00214119024314877
9.625	32.5	-0.00214118972485648
9.875	32.5	-0.00214118625034575
10.125	32.5	-0.00214117782047084
10.375	32.5	-0.00214116114400176
10.625	32.5	-0.00214113080352731
10.875	32.5	-0.00214107788294827
11.125	32.5	-0.00214098770901815
11.375	32.5	-0.0021408361350531
11.625	32.5	-0.0021405834257906
11.875	32.5	-0.00214016419496491
12.125	32.5	-0.00213947084769924
12.375	32.5	-0.0021383263352675
12.625	32.5	-0.00213643932388473
12.875	32.5	-0.00213333042720299
13.125	32.5	-0.00212821082798482
13.375	32.5	-0.00211978256659634
13.625	32.5	-0.00210590996049244
13.875	32.5	-0.00208307904621898
14.125	32.5	-0.00204550841950788
14.375	32.5	-0.00198368701141316
14.625	32.5	-0.00188197040464983
14.875	32.5	-0.00171463208215279
15.125	32.5	-0.00143938336566425
15.375	32.5	-0.000986758073061673
15.625	32.5	-0.00024277348887342
15.875	32.5	0.000979254648159664
16.125	32.5	0.0029841599446131
16.375	32.5	0.00626722162405847
16.625	32.5	0.0116265307330452
16.875	32.5	0.020330632863815
17.125	32.5	0.0343502642922996
17.375	32.5	0.0566310904808501
17.625	32.5	0.091292112736419
17.875	32.5	0.143437600986872
18.125	32.5	0.218001247912926
18.375	32.5	0.317064104638806
18.625	32.5	0.436273478306066
18.875	32.5	0.56344804679681
19.125	32.5	0.682690992837149
19.375	32.5	0.781806065115788
19.625	32.5	0.856423215783053
19.875	32.5	0.908613192441258
20.125	32.5	0.943306943377958
20.375	32.5	0.965610122745965
20.625	32.5	0.979644344519331
20.875	32.5	0.988357711390765
21.125	32.5	0.99372280707088
21.375	32.5	0.997009448272785
21.625	32.5	0.999016556438795
21.875	32.5	1.00023993752158
22.125	32.5	1.00098475352517
22.375	32.5	1.00143789136595
22.625	32.5	1.00171345805117
22.875	32.5	1.00188099571094
23.125	32.5	1.0019828393277
23.375	32.5	1.00204474361173
23.625	32.5	1.00208237013313
23.875	32.5	1.00210524039245
24.125	32.5	1.00211914213723
24.375	32.5	1.00212759318849
24.625	32.5	1.00213273157562
24.875	32.5	1.00213585668697
25.125	32.5	1.00213775821061
25.375	32.5	1.00213891606471
25.625	32.5	1.00213962190884
25.875	32.5	1.0021400529923
26.125	32.5	1.00214031703436
26.375	32.5	1.00214047949937
26.625	32.5	1.00214058017243
26.875	32.5	1.00214064323286
27.125	32.5	1.002140683376
27.375	32.5	1.00214070953356
27.625	32.5	1.00214072713458
27.875	32.5	1.0021407394794
28.125	32.5	1.00214074857469
28.375	32.5	1.0021407556409
28.625	32.5	1.00214076142066
28.875	32.5	1.00214076636615
29.125	32.5	1.00214077075305
29.375	32.5	1.00214077474971
29.625	32.5	1.00214077845925
29.875	32.5	1.00214078194511
30.125	32.5	1.00214078524656
30.375	32.5	1.0021407883882
30.625	32.5	1.00214079138566
30.875	32.5	1.00214079424908
31.125	32.5	1.00214079698525
31.375	32.5	1.00214079959889
31.625	32.5	1.00214080209345
31.875	32.5	1.00214080447156
32.125	32.5	1.00214080673534
32.375	32.5	1.00214080888656
32.625	32.5	1.00214081092677
32.875	32.5	1.00214081285735
33.125	32.5	1.00214081467954
33.375	32.5	1.00214081639451
33.625	32.5	1.0021408180033
33.875	32.5	1.0021408195069
34.125	32.5	1.00214082090623
34.375	32.5	1.00214082220212
34.625	32.5	1.00214082339537
34.875	32.5	1.00214082448668
35.125	32.5	1.00214082547671
35.375	32.5	1.00214082636606
35.625	32.5	1.00214082715526
35.875	32.5	1.00214082784478
36.125	32.5	1.00214082843503
36.375	32.5	1.00214082892637
36.625	32.5	1.00214082931909
36.875	32.5	1.00214082961342
37.125	32.5	1.00214082980955
37.375	32.5	1.00214082990759
0.125	33.5	-0.0021411071376753
0.375	33.5	-0.0021411072230771
0.625	33.5	-0.00214110739392431
0.875	33.5	-0.00214110765030423
1.125	33.5	-0.00214110799234778
1.375	33.5	-0.00214110842022962
1.625	33.5	-0.00214110893416813
1.875	33.5	-0.00214110953442551
2.125	33.5	-0.00214111022130777
2.375	33.5	-0.00214111099516483
2.625	33.5	-0.0021411118563905
2.875	33.5	-0.00214111280542244
3.125	33.5	-0.00214111384274204
3.375	33.5	-0.00214111496887414
3.625	33.5	-0.00214111618438645
3.875	33.5	-0.00214111748988855
4.125	33.5	-0.00214111888603011
4.375	33.5	-0.0021411203734978
4.625	33.5	-0.0021411219530102
4.875	33.5	-0.00214112362530918
5.125	33.5	-0.00214112539114563
5.375	33.5	-0.00214112725125577
5.625	33.5	-0.00214112920632211
5.875	33.5	-0.00214113125690888
6.125	33.5	-0.00214113340335578
6.375	33.5	-0.00214113564560281
6.625	33.5	-0.00214113798290186
6.875	33.5	-0.00214114041334199
7.125	33.5	-0.00214114293306791
7.375	33.5	-0.00214114553499393
7.625	33.5	-0.00214114820668739
7.875	33.5	-0.00214115092688563
8.125	33.5	-0.00214115365976436
8.375	33.5	-0.00214115634550607
8.625	33.5	-0.00214115888477999
8.875	33.5	-0.00214116111320354
9.125	33.5	-0.00214116275931843
9.375	33.5	-0.00214116337543992
9.625	33.5	-0.00214116222386891
9.875	33.5	-0.00214115808965376
10.125	33.5	-0.00214114897248931
10.375	33.5	-0.00214113157973659
10.625	33.5	-0.00214110049218658
10.875	33.5	-0.00214104679132472
11.125	33.5	-0.00214095580049638
11.375	33.5	-0.00214080336799958
11.625	33.5	-0.00214054975092889
11.875	33.5	-0.00214012955108123
12.125	33.5	-0.00213943515460101
12.375	33.5	-0.00213828948222115
12.625	33.5	-0.00213640115061387
12.875	33.5	-0.00213329069264301
13.125	33.5	-0.00212816915888825
13.375	33.5	-0.00211973837298061
13.625	33.5	-0.00210586229652913
13.875	33.5	-0.00208302638136706
14.125	33.5	-0.00204544826203053
14.375	33.5	-0.00198361528923658
14.625	33.5	-0.00188188044764941
14.875	33.5	-0.00171451295063072
15.125	33.5	-0.00143921710865043
15.375	33.5	-0.000986515241159598
15.625	33.5	-0.000242405817145293
15.875	33.5	0.00097982610006952
16.125	33.5	0.00298506382173915
16.375	33.5	0.00626866628931273
16.625	33.5	0.0116288502193506
16.875	33.5	0.020334353566772
17.125	33.5	0.034356192186532
17.375	33.5	0.0566404003993785
17.625	33.5	0.0913063750087396
17.875	33.5	0.14345859575037
18.125	33.5	0.21803034065013
18.375	33.5	0.317101102356364
18.625	33.5	0.436315561608965
18.875	33.5	0.563490135236487
19.125	33.5	0.682728003448861
19.375	33.5	0.781835173320732
19.625	33.5	0.856444224503053
19.875	33.5	0.908627465468846
20.125	33.5	0.943316260840283
20.375	33.5	0.965616055637459
20.625	33.5	0.979648068419323
20.875	33.5	0.988360032879514
21.125	33.5	0.993724252974369
21.375	33.5	0.997010352909738
21.625	33.5	0.999017128354895
21.875	33.5	1.00024030547622
22.125	33.5	1.00098499652934
22.375	33.5	1.00143805772788
22.625	33.5	1.00171357724666
22.875	33.5	1.00188108570704
23.125	33.5	1.00198291107386
23.375	33.5	1.002044803784
23.625	33.5	1.00208242280717
23.875	33.5	1.00210528806219
24.125	33.5	1.00211918633451
24.375	33.5	1.00212763485996
24.625	33.5	1.00213277131174
24.875	33.5	1.00213589486129
25.125	33.5	1.00213779506437
25.375	33.5	1.0021389517583
25.625	33.5	1.00213965655307
25.875	33.5	1.0021400866674
26.125	33.5	1.00214034980157
26.375	33.5	1.00214051140798
26.625	33.5	1.0021406112641
26.875	33.5	1.0021406735442
27.125	33.5	1.00214071294022
27.375	33.5	1.00214073838147
27.625	33.5	1.00214075529517
27.875	33.5	1.00214076698026
28.125	33.5	1.00214077544224
28.375	33.5	1.00214078190059
28.625	33.5	1.00214078709703
28.875	33.5	1.00214079148295
29.125	33.5	1.00214079533328
29.375	33.5	1.00214079881568
29.625	33.5	1.00214080203262
29.875	33.5	1.00214080504691
30.125	33.5	1.00214080789725
30.375	33.5	1.00214081060767
30.625	33.5	1.00214081319326
30.875	33.5	1.00214081566366
31.125	33.5	1.00214081802518
31.375	33.5	1.00214082028208
31.625	33.5	1.00214082243738
31.875	33.5	1.00214082449329
32.125	33.5	1.00214082645154
32.375	33.5	1.00214082831354
32.625	33.5	1.00214083008048
32.875	33.5	1.0021408317534
33.125	33.5	1.00214083333325
33.375	33.5	1.00214083482089
33.625	33.5	1.0021408362171
33.875	33.5	1.00214083752262
34.125	33.5	1.00214083873811
34.375	33.5	1.0021408398642
34.625	33.5	1.00214084090147
34.875	33.5	1.00214084185045
35.125	33.5	1.00214084271163
35.375	33.5	1.00214084348544
35.625	33.5	1.00214084417228
35.875	33.5	1.0021408447725
36.125	33.5	1.00214084528641
36.375	33.5	1.00214084571427
36.625	33.5	1.00214084605629
36.875	33.5	1.00214084631266
37.125	33.5	1.0021408464835
37.375	33.5	1.0021408465689
0.125	34.5	-0.00214108908286629
0.375	34.5	-0.00214108915492203
0.625	34.5	-0.0021410892990619
0.875	34.5	-0.00214108951534268
1.125	34.5	-0.00214108980384952
1.375	34.5	-0.00214109016469589
1.625	34.5	-0.00214109059802357
1.875	34.5	-0.00214109110400253
2.125	34.5	-0.00214109168283094
2.375	34.5	-0.00214109233473495
2.625	34.5	-0.00214109305996859
2.875	34.5	-0.00214109385881352
3.125	34.5	-0.00214109473157866
3.375	34.5	-0.00214109567859969
3.625	34.5	-0.00214109670023816
3.875	34.5	-0.00214109779688023
4.125	34.5	-0.00214109896893452
4.375	34.5	-0.00214110021682872
4.625	34.5	-0.00214110154100412
4.875	34.5	-0.00214110294190654
5.125	34.5	-0.00214110441997166
5.375	34.5	-0.00214110597560088
5.625	34.5	-0.00214110760912174
5.875	34.5	-0.0021411093207229
6.125	34.5	-0.00214111111034725
6.375	34.5	-0.00214111297751612
6.625	34.5	-0.00214111492104029
6.875	34.5	-0.00214111693854445
7.125	34.5	-0.00214111902568493
7.375	34.5	-0.00214112117486267
7.625	34.5	-0.00214112337310553
7.875	34.5	-0.00214112559858382
8.125	34.5	-0.00214112781487692
8.375	34.5	-0.00214112996153912
8.625	34.5	-0.00214113193857588
8.875	34.5	-0.00214113358089996
9.125	34.5	-0.00214113461629906
9.375	34.5	-0.0021411345962719
9.625	34.5	-0.0021411327822193
9.875	34.5	-0.00214112795817191
10.125	34.5	-0.00214111812263399
10.375	34.5	-0.00214109998151275
10.625	34.5	-0.00214106811373429
10.875	34.5	-0.00214101359826541
11.125	34.5	-0.00214092175488049
11.375	34.5	-0.00214076842659905
11.625	34.5	-0.00214051386245197
11.875	34.5	-0.0021400926516146
12.125	34.5	-0.00213939716013477
12.375	34.5	-0.0021382502763737
12.625	34.5	-0.00213636056445696
12.875	34.5	-0.00213324847152617
13.125	34.5	-0.00212812490786813
13.375	34.5	-0.00211969146704269
13.625	34.5	-0.00210581173287818
13.875	34.5	-0.00208297053641363
14.125	34.5	-0.00204538449163727
14.375	34.5	-0.00198353927131026
14.625	34.5	-0.00188178510153104
14.875	34.5	-0.0017143866622795
15.125	34.5	-0.0014390408195335
15.375	34.5	-0.000986257683860499
15.625	34.5	-0.000242015746209739
15.875	34.5	0.000980432500608481
16.125	34.5	0.00298602314291284
16.375	34.5	0.0062701997637404
16.625	34.5	0.0116313125101086
16.875	34.5	0.0203383035751568
17.125	34.5	0.0343624856447717
17.375	34.5	0.0566502846398457
17.625	34.5	0.0913215171967071
17.875	34.5	0.14348088564178
18.125	34.5	0.218061227476831
18.375	34.5	0.317140380432791
18.625	34.5	0.436360236905852
18.875	34.5	0.563534813968031
19.125	34.5	0.682767290145239
19.375	34.5	0.781866070484178
19.625	34.5	0.856466523716566
19.875	34.5	0.908642614836136
20.125	34.5	0.943326150112623
20.375	34.5	0.965622352426181
20.625	34.5	0.979652020556431
20.875	34.5	0.988362496502227
21.125	34.5	0.993725787271505
21.375	34.5	0.997011312735125
21.625	34.5	0.999017735063023
21.875	34.5	1.0002406957343
22.125	34.5	1.00098525420035
22.375	34.5	1.00143823408605
22.625	34.5	1.00171370357696
22.875	34.5	1.00188118107866
23.125	34.5	1.0019829871073
23.375	34.5	1.00204486756385
23.625	34.5	1.0020824786579
23.875	34.5	1.00210533862937
24.125	34.5	1.00211923324261
24.375	34.5	1.00212767911229
24.625	34.5	1.00213281353365
24.875	34.5	1.00213593544791
25.125	34.5	1.00213783427047
25.375	34.5	1.00213898975288
25.625	34.5	1.00213969345256
25.875	34.5	1.00214012255583
26.125	34.5	1.00214038474288
26.375	34.5	1.00214054545348
26.625	34.5	1.002140644457
26.875	34.5	1.00214070592248
27.125	34.5	1.00214074453825
27.375	34.5	1.00214076923111
27.625	34.5	1.00214078542642
27.875	34.5	1.00214079642166
28.125	34.5	1.00214080422115
28.375	34.5	1.00214081004334
28.625	34.5	1.00214081462905
28.875	34.5	1.00214081842886
29.125	34.5	1.00214082171695
29.375	34.5	1.00214082466026
29.625	34.5	1.00214082736061
29.875	34.5	1.00214082988018
30.125	34.5	1.00214083225706
30.375	34.5	1.00214083451473
30.625	34.5	1.00214083666773
30.875	34.5	1.00214083872519
31.125	34.5	1.00214084069293
31.375	34.5	1.00214084257475
31.625	34.5	1.00214084437322
31.875	34.5	1.00214084609014
32.125	34.5	1.00214084772685
32.375	34.5	1.00214084928436
32.625	34.5	1.00214085076353
32.875	34.5	1.00214085216505
33.125	34.5	1.00214085348957
33.375	34.5	1.00214085473763
33.625	34.5	1.00214085590975
33.875	34.5	1.0021408570064
34.125	34.5	1.00214085802802
34.375	34.5	1.002140858975
34.625	34.5	1.00214085984772
34.875	34.5	1.00214086064651
35.125	34.5	1.0021408613717
35.375	34.5	1.00214086202356
35.625	34.5	1.00214086260234
35.875	34.5	1.00214086310829
36.125	34.5	1.00214086354159
36.375	34.5	1.00214086390241
36.625	34.5	1.00214086419089
36.875	34.5	1.00214086440716
37.125	34.5	1.00214086455129
37.375	34.5	1.00214086462334
0.125	35.5	-0.00214106985420597
0.375	35.5	-0.00214106991245706
0.625	35.5	-0.00214107002897252
0.875	35.5	-0.00214107020377891
1.125	35.5	-0.00214107043691597
1.375	35.5	-0.00214107072843654
1.625	35.5	-0.00214107107840644
1.875	35.5	-0.00214107148690429
2.125	35.5	-0.00214107195402128
2.375	35.5	-0.00214107247986096
2.625	35.5	-0.00214107306453881
2.875	35.5	-0.0021410737081819
3.125	35.5	-0.00214107441092824
3.375	35.5	-0.00214107517292607
3.625	35.5	-0.00214107599433269
3.875	35.5	-0.00214107687531291
4.125	35.5	-0.00214107781603657
4.375	35.5	-0.00214107881667487
4.625	35.5	-0.00214107987739441
4.875	35.5	-0.00214108099834787
5.125	35.5	-0.00214108217965879
5.375	35.5	-0.00214108342139707
5.625	35.5	-0.00214108472353887
5.875	35.5	-0.00214108608590104
6.125	35.5	-0.00214108750803369
6.375	35.5	-0.00214108898904388
6.625	35.5	-0.00214109052730586
6.875	35.5	-0.00214109211998486
7.125	35.5	-0.00214109376225403
7.375	35.5	-0.00214109544600641
7.625	35.5	-0.00214109715773618
7.875	35.5	-0.00214109887505273
8.125	35.5	-0.00214110056094545
8.375	35.5	-0.00214110215434688
8.625	35.5	-0.00214110355460539
8.875	35.5	-0.00214110459593552
9.125	35.5	-0.00214110500537699
9.375	35.5	-0.00214110433361704
9.625	35.5	-0.00214110184115948
9.875	35.5	-0.00214109631101689
10.125	35.5	-0.00214108574049655
10.375	35.5	-0.00214106683403528
10.625	35.5	-0.0021410341686605
10.875	35.5	-0.0021409788207581
11.125	35.5	-0.00214088610642183
11.375	35.5	-0.00214073186320477
11.625	35.5	-0.00214047633175702
11.875	35.5	-0.00214005408810217
12.125	35.5	-0.00213935747731039
12.375	35.5	-0.00213820935391202
12.625	35.5	-0.00213631822707533
12.875	35.5	-0.0021332044542427
13.125	35.5	-0.00212807879885316
13.375	35.5	-0.00211964261359833
13.625	35.5	-0.00210575908674854
13.875	35.5	-0.0020829123992874
14.125	35.5	-0.00204531809650451
14.375	35.5	-0.00198346009399338
14.625	35.5	-0.00188168572902499
14.875	35.5	-0.00171425493410213
15.125	35.5	-0.00143885677912876
15.375	35.5	-0.000985988589227482
15.625	35.5	-0.000241607933940367
15.875	35.5	0.000981066802231064
16.125	35.5	0.00298702697201574
16.375	35.5	0.00627180479489467
16.625	35.5	0.0116338901441801
16.875	35.5	0.0203424390842376
17.125	35.5	0.0343690751230693
17.375	35.5	0.0566606342182422
17.625	35.5	0.0913373725516394
17.875	35.5	0.143504225350277
18.125	35.5	0.21809356851535
18.375	35.5	0.317181506555303
18.625	35.5	0.436407012235069
18.875	35.5	0.563581590665564
19.125	35.5	0.682808419698972
19.375	35.5	0.781898415630765
19.625	35.5	0.856489867121537
19.875	35.5	0.908658473029821
20.125	35.5	0.943336501674043
20.375	35.5	0.965628943212056
20.625	35.5	0.979656156897777
20.875	35.5	0.988365074654658
21.125	35.5	0.993727392621208
21.375	35.5	0.997012316758349
21.625	35.5	0.999018369482298
21.875	35.5	1.0002411036176
22.125	35.5	1.00098552333773
22.375	35.5	1.00143841815209
22.625	35.5	1.00171383532044
22.875	35.5	1.00188128046024
23.125	35.5	1.00198306628994
23.375	35.5	1.00204493396204
23.625	35.5	1.00208253679672
23.875	35.5	1.00210539127637
24.125	35.5	1.00211928209643
24.375	35.5	1.00212772522138
24.625	35.5	1.00213285755083
24.875	35.5	1.00213597778507
25.125	35.5	1.00213787519265
25.375	35.5	1.00213902943538
25.625	35.5	1.00213973201572
25.875	35.5	1.00214016008616
26.125	35.5	1.00214042130591
26.375	35.5	1.00214058110156
26.625	35.5	1.00214067923413
26.875	35.5	1.00214073986717
27.125	35.5	1.00214077768535
27.375	35.5	1.00214080161286
27.625	35.5	1.00214081707319
27.875	35.5	1.00214082736234
28.125	35.5	1.00214083448343
28.375	35.5	1.00214083965388
28.625	35.5	1.00214084361364
28.875	35.5	1.00214084681246
29.125	35.5	1.00214084952377
29.375	35.5	1.00214085191383
29.625	35.5	1.00214085408377
29.875	35.5	1.00214085609518
30.125	35.5	1.00214085798555
30.375	35.5	1.0021408597778
30.625	35.5	1.00214086148593
30.875	35.5	1.00214086311857
31.125	35.5	1.00214086468105
31.375	35.5	1.00214086617671
31.625	35.5	1.0021408676077
31.875	35.5	1.00214086897538
32.125	35.5	1.00214087028071
32.375	35.5	1.00214087152433
32.625	35.5	1.00214087270674
32.875	35.5	1.00214087382832
33.125	35.5	1.00214087488938
33.375	35.5	1.00214087589019
33.625	35.5	1.00214087683098
33.875	35.5	1.00214087771197
34.125	35.5	1.00214087853336
34.375	35.5	1.00214087929531
34.625	35.5	1.00214087999801
34.875	35.5	1.00214088064161
35.125	35.5	1.00214088122624
35.375	35.5	1.00214088175203
35.625	35.5	1.00214088221911
35.875	35.5	1.00214088262758
36.125	35.5	1.00214088297752
36.375	35.5	1.00214088326901
36.625	35.5	1.00214088350213
36.875	35.5	1.00214088367692
37.125	35.5	1.00214088379343
37.375	35.5	1.00214088385168
0.125	36.5	-0.00214104967833165
0.375	36.5	-0.0021410497225684
0.625	36.5	-0.00214104981104058
0.875	36.5	-0.00214104994374547
1.125	36.5	-0.00214105012067889
1.375	36.5	-0.00214105034183498
1.625	36.5	-0.00214105060720607
1.875	36.5	-0.00214105091678234
2.125	36.5	-0.00214105127055153
2.375	36.5	-0.00214105166849848
2.625	36.5	-0.00214105211060468
2.875	36.5	-0.00214105259684762
3.125	36.5	-0.00214105312720001
3.375	36.5	-0.00214105370162876
3.625	36.5	-0.00214105432009365
3.875	36.5	-0.00214105498254543
4.125	36.5	-0.0021410556889231
4.375	36.5	-0.00214105643914983
4.625	36.5	-0.00214105723312676
4.875	36.5	-0.0021410580707232
5.125	36.5	-0.0021410589517611
5.375	36.5	-0.00214105987599004
5.625	36.5	-0.0021410608430467
5.875	36.5	-0.00214106185238883
6.125	36.5	-0.00214106290318728
6.375	36.5	-0.00214106399414902
6.625	36.5	-0.00214106512322689
6.875	36.5	-0.00214106628714263
7.125	36.5	-0.00214106748060303
7.375	36.5	-0.00214106869501102
7.625	36.5	-0.00214106991634578
7.875	36.5	-0.00214107112167545
8.125	36.5	-0.00214107227341999
8.375	36.5	-0.00214107330991181
8.625	36.5	-0.00214107412986455
8.875	36.5	-0.00214107456681776
9.125	36.5	-0.00214107434708691
9.375	36.5	-0.00214107302057165
9.625	36.5	-0.00214106984690216
9.875	36.5	-0.00214106360809468
10.125	36.5	-0.00214105230027767
10.375	36.5	-0.00214103262642899
10.625	36.5	-0.0021409991616769
10.875	36.5	-0.00214094297980518
11.125	36.5	-0.0021408493931709
11.375	36.5	-0.00214069423374616
11.625	36.5	-0.00214043773358846
11.875	36.5	-0.00214001445519667
12.125	36.5	-0.00213931672202408
12.375	36.5	-0.00213816735369167
12.625	36.5	-0.00213627480260784
12.875	36.5	-0.00213315933352069
13.125	36.5	-0.00212803155806308
13.375	36.5	-0.00211959257986863
13.625	36.5	-0.00210570517814251
13.875	36.5	-0.00208285286155764
14.125	36.5	-0.00204525007006106
14.375	36.5	-0.00198337890177633
14.625	36.5	-0.00188158370596482
14.875	36.5	-0.00171411950462803
15.125	36.5	-0.00143866730388149
15.375	36.5	-0.000985711204393018
15.625	36.5	-0.000241187136034787
15.875	36.5	0.000981721795753746
16.125	36.5	0.00298806410663819
16.375	36.5	0.00627346369325774
16.625	36.5	0.0116365549466343
16.875	36.5	0.0203467151320026
17.125	36.5	0.0343758892218371
17.375	36.5	0.0566713372261989
17.625	36.5	0.0913537698394575
17.875	36.5	0.143528362966667
18.125	36.5	0.21812701476673
18.375	36.5	0.317224036859294
18.625	36.5	0.436455382568003
18.875	36.5	0.563629960016369
19.125	36.5	0.682850947532075
19.375	36.5	0.781931858905252
19.625	36.5	0.856514002035495
19.875	36.5	0.908674868219291
20.125	36.5	0.943347203197266
20.375	36.5	0.96563575631764
20.625	36.5	0.97966043230335
20.875	36.5	0.98836773905024
21.125	36.5	0.993729051264847
21.375	36.5	0.997013353734543
21.625	36.5	0.999019024377573
21.875	36.5	1.00024152435459
22.125	36.5	1.0009858006847
22.375	36.5	1.00143860760368
22.625	36.5	1.001713970735
22.875	36.5	1.00188138247377
23.125	36.5	1.00198314747594
23.375	36.5	1.00204500198432
23.625	36.5	1.00208259633155
23.875	36.5	1.00210544518287
24.125	36.5	1.00211933212855
24.375	36.5	1.00212777246089
24.625	36.5	1.00213290267047
24.875	36.5	1.0021360212086
25.125	36.5	1.00213791719202
25.375	36.5	1.00213907018989
25.625	36.5	1.0021397716479
25.875	36.5	1.00214019868364
26.125	36.5	1.00214045893471
26.375	36.5	1.00214061781418
26.625	36.5	1.00214071507448
26.875	36.5	1.00214077487357
27.125	36.5	1.00214081189239
27.375	36.5	1.00214083505254
27.625	36.5	1.00214084977559
27.875	36.5	1.00214085935608
28.125	36.5	1.00214086579598
28.375	36.5	1.00214087031169
28.625	36.5	1.00214087364229
28.875	36.5	1.00214087623674
29.125	36.5	1.00214087836776
29.375	36.5	1.00214088020092
29.625	36.5	1.00214088183673
29.875	36.5	1.00214088333616
30.125	36.5	1.00214088473615
30.375	36.5	1.00214088605906
30.625	36.5	1.00214088731839
30.875	36.5	1.00214088852227
31.125	36.5	1.00214088967558
31.375	36.5	1.0021408907812
31.625	36.5	1.00214089184086
31.875	36.5	1.00214089285553
32.125	36.5	1.00214089382578
32.375	36.5	1.0021408947519
32.625	36.5	1.00214089563404
32.875	36.5	1.00214089647227
33.125	36.5	1.00214089726659
33.375	36.5	1.00214089801699
33.625	36.5	1.00214089872344
33.875	36.5	1.00214089938591
34.125	36.5	1.00214090000435
34.375	36.5	1.00214090057874
34.625	36.5	1.00214090110905
34.875	36.5	1.00214090159525
35.125	36.5	1.00214090203731
35.375	36.5	1.00214090243521
35.625	36.5	1.00214090278894
35.875	36.5	1.00214090309849
36.125	36.5	1.00214090336383
36.375	36.5	1.00214090358496
36.625	36.5	1.00214090376187
36.875	36.5	1.00214090389457
37.125	36.5	1.00214090398303
37.375	36.5	1.00214090402726
0.125	37.5	-0.0021410287851813
0.375	37.5	-0.00214102881543486
0.625	37.5	-0.00214102887592685
0.875	37.5	-0.00214102896662695
1.125	37.5	-0.00214102908748949
1.375	37.5	-0.00214102923845324
1.625	37.5	-0.00214102941944116
1.875	37.5	-0.00214102963035998
2.125	37.5	-0.0021410298710998
2.375	37.5	-0.0021410301415335
2.625	37.5	-0.00214103044151613
2.875	37.5	-0.0021410307708841
3.125	37.5	-0.00214103112945418
3.375	37.5	-0.00214103151702232
3.625	37.5	-0.00214103193336205
3.875	37.5	-0.00214103237822232
4.125	37.5	-0.00214103285132451
4.375	37.5	-0.00214103335235811
4.625	37.5	-0.00214103388097408
4.875	37.5	-0.00214103443677483
5.125	37.5	-0.00214103501929823
5.375	37.5	-0.00214103562799227
5.625	37.5	-0.00214103626217406
5.875	37.5	-0.00214103692096335
6.125	37.5	-0.00214103760317407
6.375	37.5	-0.00214103830713688
6.625	37.5	-0.00214103903040825
6.875	37.5	-0.00214103976929289
7.125	37.5	-0.00214104051805916
7.375	37.5	-0.00214104126764931
7.625	37.5	-0.00214104200355849
7.875	37.5	-0.00214104270234614
8.125	37.5	-0.00214104332589702
8.375	37.5	-0.00214104381197925
8.625	37.5	-0.00214104405870927
8.875	37.5	-0.00214104389899075
9.125	37.5	-0.00214104305845556
9.375	37.5	-0.00214104108625768
9.625	37.5	-0.00214103724119645
9.875	37.5	-0.00214103030433469
10.125	37.5	-0.00214101827066382
10.375	37.5	-0.00214099784174132
10.625	37.5	-0.00214096359082802
10.875	37.5	-0.00214090658912467
11.125	37.5	-0.00214081214524832
11.375	37.5	-0.00214065608554815
11.625	37.5	-0.00214039863338201
11.875	37.5	-0.00213997433750818
12.125	37.5	-0.0021392754993662
12.375	37.5	-0.00213812490297133
12.625	37.5	-0.00213623094278111
12.875	37.5	-0.00213311378884262
13.125	37.5	-0.0021279838976321
13.375	37.5	-0.00211954211816215
13.625	37.5	-0.00210565081136872
13.875	37.5	-0.00208279279841986
14.125	37.5	-0.00204518138887434
14.375	37.5	-0.0019832968221441
14.625	37.5	-0.00188148039162733
14.875	37.5	-0.00171398209728052
15.125	37.5	-0.00143847469825574
15.375	37.5	-0.000985428770408503
15.625	37.5	-0.000240758112584042
15.875	37.5	0.000982390249623825
16.125	37.5	0.00298912329179415
16.375	37.5	0.00627515866673737
16.625	37.5	0.0116392785583202
16.875	37.5	0.0203510864409226
17.125	37.5	0.0343828560192001
17.375	37.5	0.0566822809176152
17.625	37.5	0.0913705365307871
17.875	37.5	0.143553044674824
18.125	37.5	0.21816121461054
18.375	37.5	0.317267524197745
18.625	37.5	0.436504839223425
18.875	37.5	0.563679413147178
19.125	37.5	0.682894426015321
19.375	37.5	0.781966048108375
19.625	37.5	0.856538674119557
19.875	37.5	0.90869162747188
20.125	37.5	0.943358141652977
20.375	37.5	0.965642719633208
20.625	37.5	0.979664801375295
20.875	37.5	0.988370461254372
21.125	37.5	0.993730745363632
21.375	37.5	0.997014412380056
21.625	37.5	0.999019692499791
21.875	37.5	1.00024195317452
22.125	37.5	1.00098608299375
22.375	37.5	1.00143880013245
22.625	37.5	1.00171410809486
22.875	37.5	1.00188148575855
23.125	37.5	1.00198322953699
23.375	37.5	1.00204507065362
23.625	37.5	1.00208265638692
23.875	37.5	1.00210549954441
24.125	37.5	1.00211938258659
24.375	37.5	1.00212782011863
24.625	37.5	1.00213294821308
24.875	37.5	1.00213606506676
25.125	37.5	1.00213795964134
25.375	37.5	1.00213911141132
25.625	37.5	1.00213981176449
25.875	37.5	1.00214023778285
26.125	37.5	1.00214049708198
26.375	37.5	1.00214065506124
26.625	37.5	1.00214075146435
26.875	37.5	1.00214081044365
27.125	37.5	1.00214084667635
27.375	37.5	1.00214086908146
27.625	37.5	1.00214088307869
27.875	37.5	1.00214089196116
28.125	37.5	1.00214089772969
28.375	37.5	1.00214090159975
28.625	37.5	1.00214090430957
28.875	37.5	1.00214090630737
29.125	37.5	1.00214090786519
29.375	37.5	1.00214090914796
29.625	37.5	1.0021409102556
29.875	37.5	1.0021409112485
30.125	37.5	1.00214091216308
30.375	37.5	1.00214091302119
30.625	37.5	1.00214091383584
30.875	37.5	1.00214091461471
31.125	37.5	1.00214091536222
31.375	37.5	1.00214091608086
31.625	37.5	1.00214091677194
31.875	37.5	1.00214091743607
32.125	37.5	1.00214091807345
32.375	37.5	1.00214091868405
32.625	37.5	1.00214091926769
32.875	37.5	1.00214091982412
33.125	37.5	1.00214092035309
33.375	37.5	1.00214092085431
33.625	37.5	1.00214092132749
33.875	37.5	1.00214092177237
34.125	37.5	1.00214092218869
34.375	37.5	1.00214092257623
34.625	37.5	1.00214092293476
34.875	37.5	1.00214092326409
35.125	37.5	1.00214092356402
35.375	37.5	1.00214092383442
35.625	37.5	1.00214092407512
35.875	37.5	1.00214092428601
36.125	37.5	1.00214092446697
36.375	37.5	1.00214092461791
36.625	37.5	1.00214092473875
36.875	37.5	1.00214092482944
37.125	37.5	1.00214092488993
37.375	37.5	1.00214092492018
0.125	38.5	-0.00214100740402657
0.375	38.5	-0.00214100742055526
0.625	38.5	-0.00214100745358485
0.875	38.5	-0.00214100750305964
1.125	38.5	-0.0021410075688959
1.375	38.5	-0.00214100765098155
1.625	38.5	-0.00214100774917585
1.875	38.5	-0.00214100786330894
2.125	38.5	-0.00214100799318128
2.375	38.5	-0.00214100813856302
2.625	38.5	-0.00214100829919318
2.875	38.5	-0.0021410084747787
3.125	38.5	-0.00214100866499336
3.375	38.5	-0.00214100886947629
3.625	38.5	-0.00214100908783023
3.875	38.5	-0.00214100931961915
4.125	38.5	-0.00214100956436502
4.375	38.5	-0.00214100982154315
4.625	38.5	-0.00214101009057541
4.875	38.5	-0.00214101037081975
5.125	38.5	-0.00214101066155401
5.375	38.5	-0.00214101096195015
5.625	38.5	-0.0021410112710329
5.875	38.5	-0.00214101158761291
6.125	38.5	-0.0021410119101778
6.375	38.5	-0.00214101223671427
6.625	38.5	-0.00214101256441664
6.875	38.5	-0.00214101288920874
7.125	38.5	-0.00214101320495861
7.375	38.5	-0.00214101350218796
7.625	38.5	-0.00214101376595018
7.875	38.5	-0.00214101397234049
8.125	38.5	-0.00214101408275514
8.375	38.5	-0.00214101403444697
8.625	38.5	-0.00214101372498666
8.875	38.5	-0.00214101298669578
9.125	38.5	-0.00214101154457888
9.375	38.5	-0.00214100894710279
9.625	38.5	-0.00214100445229682
9.875	38.5	-0.00214099684033297
10.125	38.5	-0.0021409841051295
10.375	38.5	-0.00214096294688745
10.625	38.5	-0.00214092793706252
10.875	38.5	-0.00214087014432981
11.125	38.5	-0.00214077487361353
11.375	38.5	-0.00214061794566831
11.625	38.5	-0.00214035957514737
11.875	38.5	-0.00213993429700618
12.125	38.5	-0.0021392343905119
12.375	38.5	-0.00213808260375424
12.625	38.5	-0.00213618727265248
12.875	38.5	-0.00213306847152269
13.125	38.5	-0.00212793649992402
13.375	38.5	-0.00211949194928411
13.625	38.5	-0.00210559675732445
13.875	38.5	-0.00208273304950368
14.125	38.5	-0.00204511299142866
14.375	38.5	-0.00198321494142877
14.625	38.5	-0.0018813771002027
14.875	38.5	-0.00171384438508793
15.125	38.5	-0.00143828120879824
15.375	38.5	-0.000985144459293795
15.625	38.5	-0.000240325537683064
15.875	38.5	0.000983065044789061
16.125	38.5	0.00299019342703594
16.375	38.5	0.00627687214499539
16.625	38.5	0.0116420329495078
16.875	38.5	0.0203555082345449
17.125	38.5	0.0343899043645984
17.375	38.5	0.0566933537330982
17.625	38.5	0.091387501895749
17.875	38.5	0.14357801930219
18.125	38.5	0.218195820107672
18.375	38.5	0.317311526156852
18.625	38.5	0.436554878988376
18.875	38.5	0.563729446751731
19.125	38.5	0.682938412500596
19.375	38.5	0.782000635019711
19.625	38.5	0.856563631947047
19.875	38.5	0.908708579861611
20.125	38.5	0.943369205344041
20.375	38.5	0.96564976191683
20.625	38.5	0.979669219278636
20.875	38.5	0.988373213200646
21.125	38.5	0.993732457324554
21.375	38.5	0.997015481580553
21.625	38.5	0.999020366721452
21.875	38.5	1.0002423853982
22.125	38.5	1.00098636708979
22.375	38.5	1.00143899349001
22.625	38.5	1.00171424572591
22.875	38.5	1.00188158899979
23.125	38.5	1.00198331138639
23.375	38.5	1.00204513903129
23.625	38.5	1.00208271612312
23.875	38.5	1.00210555359006
24.125	38.5	1.00211943274975
24.375	38.5	1.00212786751228
24.625	38.5	1.00213299352738
24.875	38.5	1.00213610873454
25.125	38.5	1.00213800193864
25.375	38.5	1.00213915251856
25.625	38.5	1.00213985180358
25.875	38.5	1.00214027683982
26.125	38.5	1.00214053522071
26.375	38.5	1.00214069233182
26.625	38.5	1.00214078790816
26.875	38.5	1.0021408460965
27.125	38.5	1.00214088157035
27.375	38.5	1.00214090324619
27.625	38.5	1.00214091654193
27.875	38.5	1.00214092474935
28.125	38.5	1.00214092986817
28.375	38.5	1.00214093311299
28.625	38.5	1.00214093522126
28.875	38.5	1.00214093664053
29.125	38.5	1.00214093764218
29.375	38.5	1.00214093839059
29.625	38.5	1.00214093898512
29.875	38.5	1.00214093948565
30.125	38.5	1.00214093992811
30.375	38.5	1.00214094033387
30.625	38.5	1.00214094071553
30.875	38.5	1.00214094108032
31.125	38.5	1.00214094143228
31.375	38.5	1.00214094177351
31.625	38.5	1.00214094210496
31.875	38.5	1.00214094242689
32.125	38.5	1.00214094273919
32.375	38.5	1.0021409430415
32.625	38.5	1.00214094333336
32.875	38.5	1.00214094361425
33.125	38.5	1.00214094388364
33.375	38.5	1.00214094414101
33.625	38.5	1.00214094438585
33.875	38.5	1.00214094461767
34.125	38.5	1.00214094483601
34.375	38.5	1.00214094504047
34.625	38.5	1.00214094523065
34.875	38.5	1.0021409454062
35.125	38.5	1.00214094556679
35.375	38.5	1.00214094571214
35.625	38.5	1.00214094584198
35.875	38.5	1.00214094595608
36.125	38.5	1.00214094605425
36.375	38.5	1.00214094613631
36.625	38.5	1.00214094620213
36.875	38.5	1.00214094625159
37.125	38.5	1.00214094628462
37.375	38.5	1.00214094630114
0.125	39.5	-0.00214098575973213
0.375	39.5	-0.00214098576300275
0.625	39.5	-0.00214098576950493
0.875	39.5	-0.00214098577916042
1.125	39.5	-0.0021409857918516
1.375	39.5	-0.00214098580742118
1.625	39.5	-0.00214098582567176
1.875	39.5	-0.00214098584636538
2.125	39.5	-0.00214098586922281
2.375	39.5	-0.00214098589392287
2.625	39.5	-0.00214098592010145
2.875	39.5	-0.0021409859473505
3.125	39.5	-0.00214098597521674
3.375	39.5	-0.00214098600320004
3.625	39.5	-0.00214098603075156
3.875	39.5	-0.00214098605727108
4.125	39.5	-0.00214098608210365
4.375	39.5	-0.00214098610453468
4.625	39.5	-0.00214098612378292
4.875	39.5	-0.00214098613898974
5.125	39.5	-0.00214098614920264
5.375	39.5	-0.00214098615334921
5.625	39.5	-0.00214098615019548
5.875	39.5	-0.00214098613827867
6.125	39.5	-0.00214098611579794
6.375	39.5	-0.00214098608043606
6.625	39.5	-0.00214098602906752
6.875	39.5	-0.00214098595727993
7.125	39.5	-0.00214098585858811
7.375	39.5	-0.00214098572314282
7.625	39.5	-0.00214098553560797
7.875	39.5	-0.00214098527166947
8.125	39.5	-0.00214098489229282
8.375	39.5	-0.00214098433427628
8.625	39.5	-0.00214098349470843
8.875	39.5	-0.00214098220539564
9.125	39.5	-0.00214098019078509
9.375	39.5	-0.00214097699872993
9.625	39.5	-0.00214097188656617
9.875	39.5	-0.00214096363365525
10.125	39.5	-0.00214095023292594
10.375	39.5	-0.00214092838330994
10.625	39.5	-0.00214089265454796
10.875	39.5	-0.00214083411288228
11.125	39.5	-0.00214073805963884
11.375	39.5	-0.00214058031007244
11.625	39.5	-0.00214032107022391
11.875	39.5	-0.00213989486133119
12.125	39.5	-0.00213919394055995
12.375	39.5	-0.00213804102011866
12.625	39.5	-0.00213614437738593
12.875	39.5	-0.0021330239908648
13.125	39.5	-0.00212789000298172
13.375	39.5	-0.00211944274714188
13.625	39.5	-0.00210554373704864
13.875	39.5	-0.00208267440104529
14.125	39.5	-0.00204504575839283
14.375	39.5	-0.00198313428232594
14.625	39.5	-0.00188127507418441
14.875	39.5	-0.00171370795770171
15.125	39.5	-0.00143808898111139
15.375	39.5	-0.000984861314949766
15.625	39.5	-0.000239893914434312
15.875	39.5	0.000983739301702021
16.125	39.5	0.0029912637616953
16.375	39.5	0.00627858708540535
16.625	39.5	0.0116447909046668
16.875	39.5	0.0203599370084326
17.125	39.5	0.0343969651002593
17.375	39.5	0.0567044472116098
17.625	39.5	0.091404499926161
17.875	39.5	0.143603042615808
18.125	39.5	0.21823049294896
18.375	39.5	0.317355612618025
18.625	39.5	0.436605012718326
18.875	39.5	0.56377957169223
19.125	39.5	0.682982476886178
19.375	39.5	0.782035281350267
19.625	39.5	0.85658863130314
19.875	39.5	0.90872555939423
20.125	39.5	0.943380285819172
20.375	39.5	0.965656814017206
20.625	39.5	0.979673642513113
20.875	39.5	0.988375967676197
21.125	39.5	0.99373417010669
21.375	39.5	0.997016550586473
21.625	39.5	0.99902104016375
21.875	39.5	1.00024281652303
22.125	39.5	1.0009866499293
22.375	39.5	1.00143918553107
22.625	39.5	1.00171438203874
22.875	39.5	1.00188169095518
23.125	39.5	1.00198339200164
23.375	39.5	1.00204520623681
23.625	39.5	1.00208277475404
23.875	39.5	1.00210560659892
24.125	39.5	1.00211948194424
24.375	39.5	1.0021279140039
24.625	39.5	1.00213303800418
24.875	39.5	1.00213615162687
25.125	39.5	1.00213804351995
25.375	39.5	1.00213919296659
25.625	39.5	1.0021398912376
25.875	39.5	1.00214031534329
26.125	39.5	1.002140572855
26.375	39.5	1.0021407291446
26.625	39.5	1.00214082393852
26.875	39.5	1.00214088137801
27.125	39.5	1.00214091613298
27.375	39.5	1.00214093711752
27.625	39.5	1.00214094974779
27.875	39.5	1.00214095731431
28.125	39.5	1.00214096181583
28.375	39.5	1.00214096446611
28.625	39.5	1.00214096600193
28.875	39.5	1.00214096687022
29.125	39.5	1.0021409673418
29.375	39.5	1.00214096758053
29.625	39.5	1.0021409676853
29.875	39.5	1.00214096771553
30.125	39.5	1.00214096770672
30.375	39.5	1.00214096767983
30.625	39.5	1.00214096764707
30.875	39.5	1.0021409676153
31.125	39.5	1.00214096758821
31.375	39.5	1.00214096756756
31.625	39.5	1.00214096755398
31.875	39.5	1.00214096754743
32.125	39.5	1.00214096754751
32.375	39.5	1.00214096755358
32.625	39.5	1.00214096756494
32.875	39.5	1.00214096758081
33.125	39.5	1.00214096760043
33.375	39.5	1.00214096762307
33.625	39.5	1.002140967648
33.875	39.5	1.00214096767455
34.125	39.5	1.00214096770211
34.375	39.5	1.00214096773007
34.625	39.5	1.00214096775791
34.875	39.5	1.00214096778513
35.125	39.5	1.00214096781127
35.375	39.5	1.00214096783594
35.625	39.5	1.00214096785877
35.875	39.5	1.00214096787944
36.125	39.5	1.00214096789767
36.375	39.5	1.00214096791322
36.625	39.5	1.00214096792589
36.875	39.5	1.00214096793554
37.125	39.5	1.00214096794204
37.375	39.5	1.0021409679453
0.125	40.5	-0.00214096406932552
0.375	40.5	-0.00214096405999017
0.625	40.5	-0.00214096404127073
0.875	40.5	-0.00214096401306968
1.125	40.5	-0.0021409639752404
1.375	40.5	-0.0021409639275869
1.625	40.5	-0.00214096386986334
1.875	40.5	-0.00214096380177349
2.125	40.5	-0.00214096372297001
2.375	40.5	-0.0021409636330536
2.625	40.5	-0.00214096353157207
2.875	40.5	-0.00214096341801911
3.125	40.5	-0.00214096329183294
3.375	40.5	-0.0021409631523946
3.625	40.5	-0.00214096299902588
3.875	40.5	-0.00214096283098658
4.125	40.5	-0.00214096264747095
4.375	40.5	-0.00214096244760264
4.625	40.5	-0.00214096223042749
4.875	40.5	-0.00214096199490258
5.125	40.5	-0.00214096173987959
5.375	40.5	-0.00214096146407847
5.625	40.5	-0.00214096116604556
5.875	40.5	-0.00214096084408612
6.125	40.5	-0.00214096049615473
6.375	40.5	-0.00214096011967667
6.625	40.5	-0.00214095971125569
6.875	40.5	-0.00214095926619493
7.125	40.5	-0.00214095877771062
7.375	40.5	-0.00214095823564015
7.625	40.5	-0.00214095762431849
7.875	40.5	-0.00214095691908599
8.125	40.5	-0.00214095608054444
8.375	40.5	-0.00214095504510794
8.625	40.5	-0.002140953709457
8.875	40.5	-0.00214095190496047
9.125	40.5	-0.00214094935558993
9.375	40.5	-0.00214094560867069
9.625	40.5	-0.00214093992093583
9.875	40.5	-0.00214093107103149
10.125	40.5	-0.00214091705099778
10.375	40.5	-0.00214089455860413
10.625	40.5	-0.00214085816199113
10.875	40.5	-0.00214079892509276
11.125	40.5	-0.00214070214577427
11.375	40.5	-0.00214054363394648
11.625	40.5	-0.00214028358722061
11.875	40.5	-0.00213985651334085
12.125	40.5	-0.00213915464765914
12.375	40.5	-0.00213800066689252
12.625	40.5	-0.00213610279043316
12.875	40.5	-0.00213298090179272
13.125	40.5	-0.00212784498752363
13.375	40.5	-0.00211939512498417
13.625	40.5	-0.00210549240701312
13.875	40.5	-0.0020826175699305
14.125	40.5	-0.00204498049493513
14.375	40.5	-0.00198305578370623
14.625	40.5	-0.00188117546041632
14.875	40.5	-0.00171357429162107
15.125	40.5	-0.00143790002088816
15.375	40.5	-0.000984582199488587
15.625	40.5	-0.000239467497544414
15.875	40.5	0.000984406496216868
16.125	40.5	0.00299232407332148
16.375	40.5	0.00628028725297804
16.625	40.5	0.0116475264663144
16.875	40.5	0.0203643312363249
17.125	40.5	0.0344039721803145
17.375	40.5	0.0567154577420964
17.625	40.5	0.0914213720130412
17.875	40.5	0.143627881257955
18.125	40.5	0.218264909903087
18.375	40.5	0.317399372680219
18.625	40.5	0.436654773205239
18.875	40.5	0.563829320863556
19.125	40.5	0.683026208529403
19.375	40.5	0.78206966417878
19.625	40.5	0.856613439110018
19.875	40.5	0.908742407676619
20.125	40.5	0.943391279618884
20.375	40.5	0.965663809989016
20.625	40.5	0.979678029616925
20.875	40.5	0.988378698764037
21.125	40.5	0.993735867500201
21.375	40.5	0.997017609190898
21.625	40.5	0.999021706312117
21.875	40.5	1.00024324230023
22.125	40.5	1.00098692865385
22.375	40.5	1.00143937425224
22.625	40.5	1.00171451555833
22.875	40.5	1.00188179047884
23.125	40.5	1.00198347044451
23.375	40.5	1.00204527146546
23.625	40.5	1.00208283156314
23.875	40.5	1.00210565791477
24.125	40.5	1.00211952955702
24.375	40.5	1.00212795901296
24.625	40.5	1.0021330810887
24.875	40.5	1.00213619321045
25.125	40.5	1.00213808387055
25.375	40.5	1.00213923225735
25.625	40.5	1.0021399295838
25.875	40.5	1.00214035282474
26.125	40.5	1.00214060952975
26.375	40.5	1.00214076505722
26.625	40.5	1.00214085912517
26.875	40.5	1.00214091586952
27.125	40.5	1.00214094995672
27.375	40.5	1.00214097029855
27.625	40.5	1.00214098230958
27.875	40.5	1.00214098927917
28.125	40.5	1.00214099320517
28.375	40.5	1.00214099530064
28.625	40.5	1.00214099630174
28.875	40.5	1.00214099665489
29.125	40.5	1.00214099663043
29.375	40.5	1.00214099639178
29.625	40.5	1.00214099603741
29.875	40.5	1.00214099562638
30.125	40.5	1.00214099519381
30.375	40.5	1.00214099476033
30.625	40.5	1.0021409943378
30.875	40.5	1.00214099393278
31.125	40.5	1.00214099354866
31.375	40.5	1.00214099318691
31.625	40.5	1.0021409928479
31.875	40.5	1.00214099253134
32.125	40.5	1.00214099223655
32.375	40.5	1.00214099196269
32.625	40.5	1.00214099170882
32.875	40.5	1.00214099147398
33.125	40.5	1.00214099125719
33.375	40.5	1.00214099105753
33.625	40.5	1.00214099087413
33.875	40.5	1.00214099070613
34.125	40.5	1.00214099055278
34.375	40.5	1.00214099041333
34.625	40.5	1.00214099028712
34.875	40.5	1.00214099017354
35.125	40.5	1.00214099007203
35.375	40.5	1.00214098998209
35.625	40.5	1.00214098990326
35.875	40.5	1.00214098983515
36.125	40.5	1.00214098977741
36.375	40.5	1.00214098972975
36.625	40.5	1.0021409896919
36.875	40.5	1.0021409896637
37.125	40.5	1.00214098964497
37.375	40.5	1.00214098963564
0.125	41.5	-0.00214094253895172
0.375	41.5	-0.00214094251782082
0.625	41.5	-0.00214094247550245
0.875	41.5	-0.00214094241188336
1.125	41.5	-0.00214094232679338
1.375	41.5	-0.00214094222000506
1.625	41.5	-0.0021409420912332
1.875	41.5	-0.00214094194013421
2.125	41.5	-0.00214094176630541
2.375	41.5	-0.00214094156928415
2.625	41.5	-0.0021409413485467
2.875	41.5	-0.00214094110350711
3.125	41.5	-0.00214094083351565
3.375	41.5	-0.00214094053785711
3.625	41.5	-0.00214094021574857
3.875	41.5	-0.00214093986633664
4.125	41.5	-0.0021409394886937
4.375	41.5	-0.00214093908181281
4.625	41.5	-0.00214093864460031
4.875	41.5	-0.00214093817586483
5.125	41.5	-0.00214093767430038
5.375	41.5	-0.00214093713845996
5.625	41.5	-0.00214093656671346
5.875	41.5	-0.00214093595718003
6.125	41.5	-0.00214093530761825
6.375	41.5	-0.00214093461524732
6.625	41.5	-0.00214093387645454
6.875	41.5	-0.00214093308631594
7.125	41.5	-0.00214093223780959
7.375	41.5	-0.00214093132052319
7.625	41.5	-0.00214093031852984
7.875	41.5	-0.00214092920689487
8.125	41.5	-0.00214092794593057
8.375	41.5	-0.0021409264717449
8.625	41.5	-0.00214092468069231
8.875	41.5	-0.00214092240379044
9.125	41.5	-0.00214091936462602
9.375	41.5	-0.00214091511009219
9.625	41.5	-0.00214090889642025
9.875	41.5	-0.00214089950164836
10.125	41.5	-0.00214088491704253
10.375	41.5	-0.00214086183933367
10.625	41.5	-0.00214082483519774
10.875	41.5	-0.00214076496641232
11.125	41.5	-0.00214066752755726
11.375	41.5	-0.00214050832341001
11.625	41.5	-0.00214024754341716
11.875	41.5	-0.00213981968217996
12.125	41.5	-0.00213911695372519
12.375	41.5	-0.00213796199998954
12.625	41.5	-0.00213606298345266
12.875	41.5	-0.00213293969430196
13.125	41.5	-0.0021278019658561
13.375	41.5	-0.00211934962366517
13.625	41.5	-0.00210544334657083
13.875	41.5	-0.00208256319006219
14.125	41.5	-0.0020449179155857
14.375	41.5	-0.00198298028328704
14.625	41.5	-0.00188107928945872
14.875	41.5	-0.00171344472443228
15.125	41.5	-0.00143771616004462
15.375	41.5	-0.000984309746378619
15.625	41.5	-0.00023905022548922
15.875	41.5	0.000985060561468963
16.125	41.5	0.00299336482489081
16.375	41.5	0.00628195746737194
16.625	41.5	0.0116502153270841
16.875	41.5	0.0203686519943329
17.125	41.5	0.0344108636604048
17.375	41.5	0.0567262881126891
17.625	41.5	0.0914379693146999
17.875	41.5	0.143652316226424
18.125	41.5	0.21829876763259
18.375	41.5	0.317442420776244
18.625	41.5	0.436703722124966
18.875	41.5	0.563878256132253
19.125	41.5	0.683069222341862
19.375	41.5	0.782103480742398
19.625	41.5	0.856637836884304
19.875	41.5	0.908758976267277
20.125	41.5	0.943402089812323
20.375	41.5	0.965670688074322
20.625	41.5	0.979682341785658
20.875	41.5	0.988381382231803
21.125	41.5	0.993737534371269
21.375	41.5	0.997018647885474
21.625	41.5	0.999022359117314
21.875	41.5	1.00024365880217
22.125	41.5	1.00098720063665
22.375	41.5	1.00143955782575
22.625	41.5	1.0017146449497
22.875	41.5	1.00188188654189
23.125	41.5	1.00198354587837
23.375	41.5	1.00204533400345
23.625	41.5	1.00208288591702
23.875	41.5	1.00210570695862
24.125	41.5	1.00211957504751
24.375	41.5	1.00212800202735
24.625	41.5	1.00213312229113
24.875	41.5	1.00213623301374
25.125	41.5	1.00213812253465
25.375	41.5	1.00213926994906
25.625	41.5	1.00213996641313
25.875	41.5	1.00214038886698
26.125	41.5	1.00214064483892
26.375	41.5	1.00214079967422
26.625	41.5	1.00214089308276
26.875	41.5	1.00214094919532
27.125	41.5	1.00214098267509
27.375	41.5	1.00214100243167
27.625	41.5	1.0021410138782
27.875	41.5	1.00214102030298
28.125	41.5	1.0021410237031
28.375	41.5	1.00214102529101
28.625	41.5	1.00214102580236
28.875	41.5	1.00214102568314
29.125	41.5	1.00214102520332
29.375	41.5	1.00214102452596
29.625	41.5	1.00214102374921
29.875	41.5	1.00214102293181
30.125	41.5	1.0021410221086
30.375	41.5	1.00214102129993
30.625	41.5	1.0021410205174
30.875	41.5	1.00214101976733
31.125	41.5	1.00214101905285
31.375	41.5	1.00214101837524
31.625	41.5	1.00214101773461
31.875	41.5	1.00214101713049
32.125	41.5	1.002141016562
32.375	41.5	1.00214101602813
32.625	41.5	1.00214101552773
32.875	41.5	1.00214101505969
33.125	41.5	1.00214101462287
33.375	41.5	1.00214101421622
33.625	41.5	1.0021410138387
33.875	41.5	1.00214101348934
34.125	41.5	1.00214101316725
34.375	41.5	1.00214101287159
34.625	41.5	1.00214101260158
34.875	41.5	1.00214101235652
35.125	41.5	1.00214101213576
35.375	41.5	1.00214101193872
35.625	41.5	1.00214101176487
35.875	41.5	1.00214101161376
36.125	41.5	1.00214101148497
36.375	41.5	1.00214101137817
36.625	41.5	1.00214101129307
36.875	41.5	1.00214101122945
37.125	41.5	1.00214101118713
37.375	41.5	1.00214101116599
0.125	42.5	-0.0021409213612738
0.375	42.5	-0.00214092132928629
0.625	42.5	-0.0021409212652488
0.875	42.5	-0.0021409211690362
1.125	42.5	-0.00214092104046054
1.375	42.5	-0.00214092087927063
1.625	42.5	-0.00214092068515156
1.875	42.5	-0.00214092045772407
2.125	42.5	-0.0021409201965438
2.375	42.5	-0.00214091990110037
2.625	42.5	-0.00214091957081628
2.875	42.5	-0.0021409192050457
3.125	42.5	-0.00214091880307292
3.375	42.5	-0.00214091836411053
3.625	42.5	-0.00214091788729724
3.875	42.5	-0.00214091737169496
4.125	42.5	-0.00214091681628511
4.375	42.5	-0.00214091621996336
4.625	42.5	-0.00214091558153224
4.875	42.5	-0.00214091489969
5.125	42.5	-0.00214091417301374
5.375	42.5	-0.00214091339993285
5.625	42.5	-0.00214091257868684
5.875	42.5	-0.00214091170725762
6.125	42.5	-0.00214091078325958
6.375	42.5	-0.00214090980376059
6.625	42.5	-0.00214090876498938
6.875	42.5	-0.00214090766185596
7.125	42.5	-0.00214090648716464
7.375	42.5	-0.00214090523032131
7.625	42.5	-0.00214090387520862
7.875	42.5	-0.00214090239669211
8.125	42.5	-0.00214090075487363
8.375	42.5	-0.0021408988856382
8.625	42.5	-0.00214089668510172
8.875	42.5	-0.0021408939840227
9.125	42.5	-0.00214089050570011
9.375	42.5	-0.00214088579669748
9.625	42.5	-0.00214087911285301
9.875	42.5	-0.00214086923171285
10.125	42.5	-0.00214085414389377
10.375	42.5	-0.00214083054522445
10.625	42.5	-0.00214079300106813
10.875	42.5	-0.00214073257122004
11.125	42.5	-0.00214063454718183
11.375	42.5	-0.0021404747288554
11.625	42.5	-0.00214021329786016
11.875	42.5	-0.00213978473611917
12.125	42.5	-0.00213908123700392
12.375	42.5	-0.00213792540867464
12.625	42.5	-0.00213602535824765
12.875	42.5	-0.00213290078502904
13.125	42.5	-0.00212776137301378
13.375	42.5	-0.0021193067022653
13.625	42.5	-0.00210539704791573
13.875	42.5	-0.00208251180143618
14.125	42.5	-0.00204485863207057
14.375	42.5	-0.00198290850364517
14.625	42.5	-0.00188098745883607
14.875	42.5	-0.00171332043375017
15.125	42.5	-0.001437539028832
15.375	42.5	-0.000984046321593638
15.625	42.5	-0.000238645663931561
15.875	42.5	0.000985695973254297
16.125	42.5	0.00299437729701171
16.375	42.5	0.00628358381111883
16.625	42.5	0.0116528351607675
16.875	42.5	0.0203728634885229
17.125	42.5	0.0344175825346322
17.375	42.5	0.0567368488213357
17.625	42.5	0.0914541547602915
17.875	42.5	0.143676145818617
18.125	42.5	0.218331786766352
18.375	42.5	0.317484401841762
18.625	42.5	0.436751455904065
18.875	42.5	0.56392597419121
19.125	42.5	0.683111163927944
19.375	42.5	0.782136452472636
19.625	42.5	0.856661623648179
19.875	42.5	0.908775128654456
20.125	42.5	0.943412627290078
20.375	42.5	0.965677391527708
20.625	42.5	0.979686543392324
20.875	42.5	0.988383995858081
21.125	42.5	0.993739156867399
21.375	42.5	0.99701965799082
21.625	42.5	0.999022993079689
21.875	42.5	1.00024406247823
22.125	42.5	1.00098746352099
22.375	42.5	1.00143973462708
22.625	42.5	1.00171476903878
22.875	42.5	1.00188197824902
23.125	42.5	1.00198361758207
23.375	42.5	1.00204539323998
23.625	42.5	1.00208293727632
23.875	42.5	1.00210575323873
24.125	42.5	1.00211961795696
24.375	42.5	1.0021280426123
24.625	42.5	1.00213316119503
24.875	42.5	1.00213627063514
25.125	42.5	1.00213815912316
25.375	42.5	1.00213930566362
25.625	42.5	1.00214000135744
25.875	42.5	1.00214042311108
26.125	42.5	1.00214067843223
26.375	42.5	1.00214083265351
26.625	42.5	1.00214092547698
26.875	42.5	1.00214098102858
27.125	42.5	1.00214101396841
27.375	42.5	1.00214103320411
27.625	42.5	1.00214104414749
27.875	42.5	1.00214105008596
28.125	42.5	1.00214105301596
28.375	42.5	1.00214105414944
28.625	42.5	1.00214105422168
28.875	42.5	1.00214105367833
29.125	42.5	1.00214105278906
29.375	42.5	1.00214105171668
29.625	42.5	1.00214105055911
29.875	42.5	1.00214104937486
30.125	42.5	1.00214104819855
30.375	42.5	1.00214104705035
30.625	42.5	1.00214104594167
30.875	42.5	1.00214104487862
31.125	42.5	1.0021410438642
31.375	42.5	1.00214104289947
31.625	42.5	1.00214104198443
31.875	42.5	1.00214104111842
32.125	42.5	1.00214104030045
32.375	42.5	1.00214103952935
32.625	42.5	1.00214103880385
32.875	42.5	1.00214103812271
33.125	42.5	1.00214103748469
33.375	42.5	1.00214103688861
33.625	42.5	1.00214103633333
33.875	42.5	1.00214103581779
34.125	42.5	1.002141035341
34.375	42.5	1.00214103490205
34.625	42.5	1.00214103450007
34.875	42.5	1.00214103413428
35.125	42.5	1.00214103380399
35.375	42.5	1.00214103350853
35.625	42.5	1.00214103324733
35.875	42.5	1.00214103301989
36.125	42.5	1.00214103282576
36.375	42.5	1.00214103266456
36.625	42.5	1.00214103253598
36.875	42.5	1.00214103243976
37.125	42.5	1.00214103237572
37.375	42.5	1.00214103234373
0.125	43.5	-0.00214090071336813
0.375	43.5	-0.00214090067155965
0.625	43.5	-0.00214090058787628
0.875	43.5	-0.002140900462185
1.125	43.5	-0.00214090029428604
1.375	43.5	-0.00214090008391243
1.625	43.5	-0.00214089983072955
1.875	43.5	-0.00214089953433446
2.125	43.5	-0.00214089919425521
2.375	43.5	-0.00214089880994986
2.625	43.5	-0.00214089838080542
2.875	43.5	-0.00214089790613663
3.125	43.5	-0.00214089738518437
3.375	43.5	-0.00214089681711392
3.625	43.5	-0.0021408962010127
3.875	43.5	-0.0021408955358874
4.125	43.5	-0.00214089482066028
4.375	43.5	-0.00214089405416388
4.625	43.5	-0.00214089323513367
4.875	43.5	-0.00214089236219691
5.125	43.5	-0.00214089143385571
5.375	43.5	-0.00214089044846054
5.625	43.5	-0.00214088940416807
5.875	43.5	-0.00214088829887333
6.125	43.5	-0.00214088713009987
6.375	43.5	-0.00214088589482073
6.625	43.5	-0.00214088458916572
6.875	43.5	-0.00214088320794176
7.125	43.5	-0.00214088174384582
7.375	43.5	-0.0021408801861719
7.625	43.5	-0.00214087851868586
7.875	43.5	-0.00214087671613093
8.125	43.5	-0.00214087473848009
8.375	43.5	-0.00214087252148118
8.625	43.5	-0.00214086996110182
8.875	43.5	-0.00214086688793653
9.125	43.5	-0.00214086302509686
9.375	43.5	-0.00214085791892293
9.625	43.5	-0.00214085082497282
9.875	43.5	-0.00214084052042165
10.125	43.5	-0.00214082499536814
10.375	43.5	-0.00214080094488345
10.625	43.5	-0.00214076293318155
10.875	43.5	-0.00214070201826626
11.125	43.5	-0.00214060348879343
11.375	43.5	-0.00214044314008637
11.625	43.5	-0.0021401811463366
11.875	43.5	-0.00213975197735252
12.125	43.5	-0.00213904780668033
12.375	43.5	-0.0021378912099679
12.625	43.5	-0.00213599024094276
12.875	43.5	-0.00213286451116934
13.125	43.5	-0.00212772356037224
13.375	43.5	-0.00211926673132764
13.625	43.5	-0.00210535390883233
13.875	43.5	-0.00208246384222751
14.125	43.5	-0.00204480314445058
14.375	43.5	-0.00198284104194788
14.625	43.5	-0.00188090072060946
14.875	43.5	-0.00171320242140421
15.125	43.5	-0.00143737003462533
15.375	43.5	-0.000983793993708376
15.625	43.5	-0.000238256961726252
15.875	43.5	0.000986307816938827
16.125	43.5	0.00299535369212449
16.375	43.5	0.006285153794394
16.625	43.5	0.0116553658849647
16.875	43.5	0.0203769334742175
17.125	43.5	0.0344240774014219
17.375	43.5	0.0567470591190898
17.625	43.5	0.0914698046449708
17.875	43.5	0.143699187975185
18.125	43.5	0.21836371514006
18.375	43.5	0.31752499542515
18.625	43.5	0.436797610379841
18.875	43.5	0.563972111204865
19.125	43.5	0.683151713657423
19.375	43.5	0.782168328191103
19.625	43.5	0.856684618232634
19.875	43.5	0.908790741820163
20.125	43.5	0.943422811785578
20.375	43.5	0.965683869267622
20.625	43.5	0.979690602397338
20.875	43.5	0.988386519689191
21.125	43.5	0.993740722578563
21.375	43.5	0.997020631758496
21.625	43.5	0.99902360331474
21.875	43.5	1.00024445019804
22.125	43.5	1.00098771524963
22.375	43.5	1.0014399032558
22.625	43.5	1.00171488682806
22.875	43.5	1.00188206485087
23.125	43.5	1.00198368496016
23.375	43.5	1.0020454486761
23.625	43.5	1.00208298520359
23.875	43.5	1.00210579635781
24.125	43.5	1.0021196579152
24.375	43.5	1.00212808041672
24.625	43.5	1.00213319746342
24.875	43.5	1.00213630574869
25.125	43.5	1.00213819331918
25.375	43.5	1.00213933909195
25.625	43.5	1.00214003411467
25.875	43.5	1.00214045526136
26.125	43.5	1.00214071001997
26.375	43.5	1.00214086371102
26.625	43.5	1.00214095602918
26.875	43.5	1.0021410110958
27.125	43.5	1.00214104356817
27.375	43.5	1.00214106235212
27.625	43.5	1.00214107285832
27.875	43.5	1.00214107837343
28.125	43.5	1.00214108089337
28.375	43.5	1.00214108162972
28.625	43.5	1.00214108131749
28.875	43.5	1.00214108040208
29.125	43.5	1.002141079153
29.375	43.5	1.00214107773289
29.625	43.5	1.00214107623952
29.875	43.5	1.00214107473125
30.125	43.5	1.0021410732426
30.375	43.5	1.00214107179359
30.625	43.5	1.00214107039551
30.875	43.5	1.0021410690544
31.125	43.5	1.0021410677731
31.375	43.5	1.00214106655261
31.625	43.5	1.00214106539281
31.875	43.5	1.00214106429296
32.125	43.5	1.00214106325195
32.375	43.5	1.00214106226855
32.625	43.5	1.0021410613414
32.875	43.5	1.00214106046917
33.125	43.5	1.00214105965056
33.375	43.5	1.00214105888431
33.625	43.5	1.00214105816922
33.875	43.5	1.00214105750417
34.125	43.5	1.0021410568881
34.375	43.5	1.00214105632004
34.625	43.5	1.00214105579909
34.875	43.5	1.00214105532441
35.125	43.5	1.00214105489525
35.375	43.5	1.00214105451093
35.625	43.5	1.00214105417084
35.875	43.5	1.00214105387444
36.125	43.5	1.00214105362124
36.375	43.5	1.00214105341086
36.625	43.5	1.00214105324295
36.875	43.5	1.00214105311726
37.125	43.5	1.00214105303357
37.375	43.5	1.00214105299176
0.125	44.5	-0.00214088075514652
0.375	44.5	-0.00214088070461659
0.625	44.5	-0.00214088060348833
0.875	44.5	-0.00214088045162483
1.125	44.5	-0.00214088024882043
1.375	44.5	-0.00214087999480037
1.625	44.5	-0.00214087968922028
1.875	44.5	-0.0021408793316656
2.125	44.5	-0.00214087892165084
2.375	44.5	-0.00214087845861867
2.625	44.5	-0.00214087794193891
2.875	44.5	-0.00214087737090726
3.125	44.5	-0.00214087674474385
3.375	44.5	-0.00214087606259146
3.625	44.5	-0.00214087532351335
3.875	44.5	-0.00214087452649042
4.125	44.5	-0.00214087367041757
4.375	44.5	-0.00214087275409848
4.625	44.5	-0.00214087177623829
4.875	44.5	-0.00214087073543257
5.125	44.5	-0.00214086963015042
5.375	44.5	-0.00214086845870805
5.625	44.5	-0.00214086721922671
5.875	44.5	-0.00214086590956495
6.125	44.5	-0.00214086452720882
6.375	44.5	-0.00214086306909291
6.625	44.5	-0.0021408615313077
6.875	44.5	-0.00214085990861994
7.125	44.5	-0.00214085819368555
7.375	44.5	-0.00214085637575652
7.625	44.5	-0.00214085443855551
7.875	44.5	-0.00214085235678084
8.125	44.5	-0.00214085009035809
8.375	44.5	-0.00214084757498368
8.625	44.5	-0.00214084470656723
8.875	44.5	-0.00214084131563443
9.125	44.5	-0.00214083712520993
9.375	44.5	-0.00214083168151706
9.625	44.5	-0.00214082423994745
9.875	44.5	-0.0021408135774276
10.125	44.5	-0.00214079768367172
10.375	44.5	-0.00214077325314202
10.625	44.5	-0.00214073484907336
10.875	44.5	-0.00214067352788018
11.125	44.5	-0.00214057457562337
11.375	44.5	-0.00214041378337506
11.625	44.5	-0.00214015131834849
11.875	44.5	-0.00213972163888404
12.125	44.5	-0.00213901689966939
12.375	44.5	-0.00213785964532961
12.625	44.5	-0.00213595787854915
12.875	44.5	-0.00213283112690143
13.125	44.5	-0.00212768879189983
13.375	44.5	-0.00211922998888798
13.625	44.5	-0.00210531422842553
13.875	44.5	-0.00208241964409412
14.125	44.5	-0.00204475183579505
14.375	44.5	-0.00198277836366415
14.625	44.5	-0.00188081967358185
14.875	44.5	-0.00171309150324754
15.125	44.5	-0.00143721034787686
15.375	44.5	-0.000983554513603341
15.625	44.5	-0.000237886820455668
15.875	44.5	0.000986891834503463
16.125	44.5	0.00299628720857266
16.375	44.5	0.00628665647302718
16.625	44.5	0.0116577898501378
16.875	44.5	0.0203808335587665
17.125	44.5	0.0344303029452683
17.375	44.5	0.0567568477657325
17.625	44.5	0.0914848097856934
17.875	44.5	0.143721281977944
18.125	44.5	0.218394330142345
18.375	44.5	0.317563918659767
18.625	44.5	0.436841864165427
18.875	44.5	0.564016346157797
19.125	44.5	0.683190589596362
19.375	44.5	0.782198886406
19.625	44.5	0.856706660930577
19.875	44.5	0.908805707361414
20.125	44.5	0.943432572606477
20.375	44.5	0.965690076342043
20.625	44.5	0.979694490640995
20.875	44.5	0.988388936221788
21.125	44.5	0.993742220651195
21.375	44.5	0.997021562442592
21.625	44.5	0.99902418559862
21.875	44.5	1.00024481928092
22.125	44.5	1.00098795408449
22.375	44.5	1.00144006254936
22.625	44.5	1.00171499750656
22.875	44.5	1.00188214575168
23.125	44.5	1.00198374754907
23.375	44.5	1.00204549992998
23.625	44.5	1.00208302936799
23.875	44.5	1.00210583601732
24.125	44.5	1.00211969464456
24.375	44.5	1.00212811517691
24.625	44.5	1.00213323084234
24.875	44.5	1.00213633810756
25.125	44.5	1.00213822488143
25.375	44.5	1.00213936999728
25.625	44.5	1.00214006445191
25.875	44.5	1.00214048508843
26.125	44.5	1.00214073937596
26.375	44.5	1.00214089262362
26.625	44.5	1.00214098451909
26.875	44.5	1.00214103917952
27.125	44.5	1.00214107125958
27.375	44.5	1.00214108966354
27.625	44.5	1.00214109980108
27.875	44.5	1.00214110495827
28.125	44.5	1.00214110713062
28.375	44.5	1.00214110752949
28.625	44.5	1.0021411068897
28.875	44.5	1.00214110565656
29.125	44.5	1.00214110409947
29.375	44.5	1.00214110238101
29.625	44.5	1.00214110059888
29.875	44.5	1.00214109881142
30.125	44.5	1.00214109705307
30.375	44.5	1.00214109534382
30.625	44.5	1.00214109369492
30.875	44.5	1.00214109211236
31.125	44.5	1.00214109059894
31.375	44.5	1.00214108915563
31.625	44.5	1.00214108778226
31.875	44.5	1.00214108647804
32.125	44.5	1.00214108524186
32.375	44.5	1.00214108407241
32.625	44.5	1.00214108296833
32.875	44.5	1.00214108192824
33.125	44.5	1.00214108095081
33.375	44.5	1.00214108003474
33.625	44.5	1.0021410791788
33.875	44.5	1.00214107838185
34.125	44.5	1.00214107764281
34.375	44.5	1.00214107696067
34.625	44.5	1.00214107633451
34.875	44.5	1.00214107576347
35.125	44.5	1.00214107524678
35.375	44.5	1.00214107478374
35.625	44.5	1.00214107437372
35.875	44.5	1.00214107401615
36.125	44.5	1.00214107371056
36.375	44.5	1.00214107345654
36.625	44.5	1.00214107325372
36.875	44.5	1.00214107310186
37.125	44.5	1.00214107300073
37.375	44.5	1.00214107295019
0.125	45.5	-0.0021408616283218
0.375	45.5	-0.00214086157020096
0.625	45.5	-0.00214086145389086
0.875	45.5	-0.0021408612792545
1.125	45.5	-0.00214086104608615
1.375	45.5	-0.00214086075411095
1.625	45.5	-0.00214086040298448
1.875	45.5	-0.00214085999229222
2.125	45.5	-0.00214085952154878
2.375	45.5	-0.00214085899019715
2.625	45.5	-0.00214085839760764
2.875	45.5	-0.00214085774307673
3.125	45.5	-0.00214085702582573
3.375	45.5	-0.00214085624499899
3.625	45.5	-0.00214085539966189
3.875	45.5	-0.0021408544887981
4.125	45.5	-0.00214085351130596
4.375	45.5	-0.00214085246599351
4.625	45.5	-0.00214085135157117
4.875	45.5	-0.00214085016664089
5.125	45.5	-0.00214084890967942
5.375	45.5	-0.00214084757901199
5.625	45.5	-0.0021408461727704
5.875	45.5	-0.0021408446888255
6.125	45.5	-0.00214084312467747
6.375	45.5	-0.00214084147727711
6.625	45.5	-0.00214083974273327
6.875	45.5	-0.00214083791583345
7.125	45.5	-0.00214083598925673
7.375	45.5	-0.00214083395228075
7.625	45.5	-0.00214083178865617
7.875	45.5	-0.00214082947311142
8.125	45.5	-0.00214082696560356
8.375	45.5	-0.00214082420186065
8.625	45.5	-0.0021408210778218
8.875	45.5	-0.00214081742403615
9.125	45.5	-0.00214081296353911
9.375	45.5	-0.00214080724254095
9.625	45.5	-0.00214079951637782
9.875	45.5	-0.00214078856184759
10.125	45.5	-0.00214077236841176
10.375	45.5	-0.0021407476300718
10.625	45.5	-0.00214070890925528
10.875	45.5	-0.00214064726099454
11.125	45.5	-0.00214054796901782
11.375	45.5	-0.00214038682049518
11.625	45.5	-0.00214012397614975
11.875	45.5	-0.0021396938835671
12.125	45.5	-0.00213898867965603
12.375	45.5	-0.00213783087969739
12.625	45.5	-0.00213592843799286
12.875	45.5	-0.00213280080239699
13.125	45.5	-0.00212765724313284
13.375	45.5	-0.00211919665938822
13.625	45.5	-0.00210527820592782
13.875	45.5	-0.00208237943080445
14.125	45.5	-0.00204470497050858
14.375	45.5	-0.00198272080039136
14.625	45.5	-0.00188074476029694
14.875	45.5	-0.00171298830478893
15.125	45.5	-0.00143706089549492
15.375	45.5	-0.000983329304135562
15.625	45.5	-0.000237537478006464
15.875	45.5	0.000987444450963957
16.125	45.5	0.0029971720833784
16.375	45.5	0.006288082517929
16.625	45.5	0.0116600919521786
16.875	45.5	0.0203845393832102
17.125	45.5	0.0344362202271329
17.375	45.5	0.0567661534864505
17.625	45.5	0.0914990762205285
17.875	45.5	0.143742289477076
18.125	45.5	0.218423440132454
18.375	45.5	0.317600928055997
18.625	45.5	0.436883940672421
18.875	45.5	0.564058402860392
19.125	45.5	0.68322754925652
19.375	45.5	0.782227936678623
19.625	45.5	0.856727614477835
19.875	45.5	0.908819932153904
20.125	45.5	0.943441849066301
20.375	45.5	0.965695974202288
20.625	45.5	0.97969818401451
20.875	45.5	0.988391230508765
21.125	45.5	0.993743641853502
21.375	45.5	0.997022444339986
21.625	45.5	0.99902473639302
21.875	45.5	1.00024516751143
22.125	45.5	1.00098817861644
22.375	45.5	1.00144021158925
22.625	45.5	1.00171510045394
22.875	45.5	1.0018822205121
23.125	45.5	1.00198380501921
23.375	45.5	1.00204554673846
23.625	45.5	1.00208306954657
23.875	45.5	1.00210587201855
24.125	45.5	1.00211972796099
24.375	45.5	1.0021281467176
24.625	45.5	1.00213326116183
24.875	45.5	1.00213636754498
25.125	45.5	1.00213825364508
25.375	45.5	1.00213939821603
25.625	45.5	1.00214009220642
25.875	45.5	1.00214051243011
26.125	45.5	1.00214076633851
26.375	45.5	1.00214091923002
26.625	45.5	1.00214101078586
26.875	45.5	1.00214106511928
27.125	45.5	1.00214109688265
27.375	45.5	1.00214111497883
27.625	45.5	1.00214112481673
27.875	45.5	1.00214112968192
28.125	45.5	1.00214113156971
28.375	45.5	1.00214113169129
28.625	45.5	1.00214113078145
28.875	45.5	1.00214112928546
29.125	45.5	1.00214112747276
29.375	45.5	1.00214112550595
29.625	45.5	1.00214112348275
29.875	45.5	1.00214112146152
30.125	45.5	1.00214111947676
30.375	45.5	1.00214111754847
30.625	45.5	1.00214111568794
30.875	45.5	1.00214111390117
31.125	45.5	1.00214111219101
31.375	45.5	1.00214111055842
31.625	45.5	1.00214110900326
31.875	45.5	1.00214110752477
32.125	45.5	1.00214110612183
32.375	45.5	1.00214110479316
32.625	45.5	1.0021411035374
32.875	45.5	1.00214110235319
33.125	45.5	1.0021411012392
33.375	45.5	1.00214110019413
33.625	45.5	1.00214109921678
33.875	45.5	1.00214109830599
34.125	45.5	1.00214109746069
34.375	45.5	1.00214109667988
34.625	45.5	1.00214109596263
34.875	45.5	1.00214109530809
35.125	45.5	1.00214109471549
35.375	45.5	1.00214109418413
35.625	45.5	1.00214109371338
35.875	45.5	1.00214109330268
36.125	45.5	1.00214109295155
36.375	45.5	1.00214109265957
36.625	45.5	1.00214109242639
36.875	45.5	1.00214109225176
37.125	45.5	1.00214109213544
37.375	45.5	1.00214109207732
0.125	46.5	-0.00214084345591672
0.375	46.5	-0.00214084339133477
0.625	46.5	-0.00214084326210421
0.875	46.5	-0.0021408430680916
1.125	46.5	-0.00214084280909653
1.375	46.5	-0.00214084248485132
1.625	46.5	-0.00214084209502059
1.875	46.5	-0.00214084163920077
2.125	46.5	-0.00214084111691942
2.375	46.5	-0.00214084052763453
2.625	46.5	-0.00214083987073355
2.875	46.5	-0.00214083914553236
3.125	46.5	-0.00214083835127396
3.375	46.5	-0.00214083748712693
3.625	46.5	-0.0021408365521834
3.875	46.5	-0.00214083554545655
4.125	46.5	-0.00214083446587714
4.375	46.5	-0.00214083331228864
4.625	46.5	-0.00214083208344018
4.875	46.5	-0.00214083077797581
5.125	46.5	-0.00214082939441802
5.375	46.5	-0.00214082793114164
5.625	46.5	-0.00214082638633216
5.875	46.5	-0.00214082475791839
6.125	46.5	-0.00214082304346309
6.375	46.5	-0.00214082123998444
6.625	46.5	-0.00214081934366375
6.875	46.5	-0.00214081734936632
7.125	46.5	-0.00214081524985455
7.375	46.5	-0.00214081303449507
7.625	46.5	-0.00214081068713332
7.875	46.5	-0.00214080818259803
8.125	46.5	-0.00214080548095166
8.375	46.5	-0.00214080251803173
8.625	46.5	-0.00214079918988889
8.875	46.5	-0.00214079532718233
9.125	46.5	-0.00214079065304999
9.375	46.5	-0.00214078471378674
9.625	46.5	-0.00214077676477817
9.875	46.5	-0.00214076558280751
10.125	46.5	-0.00214074915720981
10.375	46.5	-0.00214072418166919
10.625	46.5	-0.00214068521797452
10.875	46.5	-0.00214062331998308
11.125	46.5	-0.00214052376935731
11.375	46.5	-0.00214036234972719
11.625	46.5	-0.0021400992158408
11.875	46.5	-0.00213966880529227
12.125	46.5	-0.0021389632383798
12.375	46.5	-0.00213780500287092
12.625	46.5	-0.00213590200760232
12.875	46.5	-0.00213277362541234
13.125	46.5	-0.0021276290028703
13.375	46.5	-0.00211916683547015
13.625	46.5	-0.00210524594258131
13.875	46.5	-0.00208234332018708
14.125	46.5	-0.00204466269631099
14.375	46.5	-0.0019826685518005
14.625	46.5	-0.00188067626883875
14.875	46.5	-0.00171289326266069
15.125	46.5	-0.00143692236167097
15.375	46.5	-0.000983119459813323
15.625	46.5	-0.000237210706250614
15.875	46.5	0.000987962780062468
16.125	46.5	0.00299800360355434
16.375	46.5	0.00628942423565929
16.625	46.5	0.0116622596680502
16.875	46.5	0.0203880306821183
17.125	46.5	0.0344417967823605
17.375	46.5	0.0567749251278239
17.625	46.5	0.0915125254488822
17.875	46.5	0.143762094844002
18.125	46.5	0.218450884924813
18.375	46.5	0.317635820107823
18.625	46.5	0.436923608786119
18.875	46.5	0.564098050607609
19.125	46.5	0.68326239016058
19.375	46.5	0.782255320058311
19.625	46.5	0.85674736436121
19.875	46.5	0.908833338557668
20.125	46.5	0.943450590616165
20.375	46.5	0.965701530784823
20.625	46.5	0.979701662509533
20.875	46.5	0.988393390188418
21.125	46.5	0.993744978592012
21.375	46.5	0.997023272799172
21.625	46.5	0.999025252849334
21.875	46.5	1.0002454931407
22.125	46.5	1.00098838776503
22.375	46.5	1.00144034969988
22.625	46.5	1.00171519523883
22.875	46.5	1.00188228884728
23.125	46.5	1.00198385717291
23.375	46.5	1.00204558895508
23.625	46.5	1.0020831056223
23.875	46.5	1.00210590426079
24.125	46.5	1.00211975777218
24.375	46.5	1.00212817495024
24.625	46.5	1.00213328833429
24.875	46.5	1.00213639397274
25.125	46.5	1.00213827952044
25.375	46.5	1.00213942365654
25.625	46.5	1.00214011728437
25.875	46.5	1.00214053719036
26.125	46.5	1.00214079080938
26.375	46.5	1.00214094342989
26.625	46.5	1.00214103472715
26.875	46.5	1.00214108881088
27.125	46.5	1.00214112033139
27.375	46.5	1.0021411381904
27.625	46.5	1.00214114779615
27.875	46.5	1.00214115243391
28.125	46.5	1.00214115409886
28.375	46.5	1.00214115400218
28.625	46.5	1.0021411528787
28.875	46.5	1.0021411511738
29.125	46.5	1.002141149157
29.375	46.5	1.002141146991
29.625	46.5	1.00214114477367
29.875	46.5	1.00214114256345
30.125	46.5	1.00214114039495
30.375	46.5	1.00214113828828
30.625	46.5	1.00214113625481
30.875	46.5	1.00214113430064
31.125	46.5	1.0021411324287
31.375	46.5	1.00214113064003
31.625	46.5	1.00214112893456
31.875	46.5	1.00214112731159
32.125	46.5	1.00214112577009
32.375	46.5	1.00214112430881
32.625	46.5	1.00214112292645
32.875	46.5	1.0021411216217
33.125	46.5	1.00214112039328
33.375	46.5	1.00214111923994
33.625	46.5	1.0021411181605
33.875	46.5	1.00214111715385
34.125	46.5	1.00214111621894
34.375	46.5	1.00214111535481
34.625	46.5	1.00214111456055
34.875	46.5	1.00214111383534
35.125	46.5	1.00214111317843
35.375	46.5	1.00214111258914
35.625	46.5	1.00214111206684
35.875	46.5	1.00214111161101
36.125	46.5	1.00214111122117
36.375	46.5	1.00214111089692
36.625	46.5	1.00214111063792
36.875	46.5	1.0021411104439
37.125	46.5	1.00214111031467
37.375	46.5	1.00214111025009
0.125	47.5	-0.00214082634229949
0.375	47.5	-0.0021408262723556
0.625	47.5	-0.00214082613240455
0.875	47.5	-0.00214082592231972
1.125	47.5	-0.00214082564191096
1.375	47.5	-0.00214082529092431
1.625	47.5	-0.00214082486904166
1.875	47.5	-0.00214082437588029
2.125	47.5	-0.00214082381099233
2.375	47.5	-0.00214082317386405
2.625	47.5	-0.0021408224639151
2.875	47.5	-0.00214082168049757
3.125	47.5	-0.00214082082289478
3.375	47.5	-0.00214081989031994
3.625	47.5	-0.00214081888191425
3.875	47.5	-0.00214081779674461
4.125	47.5	-0.00214081663380033
4.375	47.5	-0.00214081539198847
4.625	47.5	-0.00214081407012703
4.875	47.5	-0.00214081266693446
5.125	47.5	-0.00214081118101342
5.375	47.5	-0.00214080961082499
5.625	47.5	-0.00214080795464725
5.875	47.5	-0.0021408062105083
6.125	47.5	-0.00214080437607715
6.375	47.5	-0.00214080244848558
6.625	47.5	-0.00214080042403619
6.875	47.5	-0.00214079829772352
7.125	47.5	-0.00214079606244759
7.375	47.5	-0.00214079370772123
7.625	47.5	-0.00214079121754477
7.875	47.5	-0.00214078856691063
8.125	47.5	-0.00214078571605337
8.375	47.5	-0.0021407826009902
8.625	47.5	-0.00214077911795737
8.875	47.5	-0.00214077509780243
9.125	47.5	-0.00214077026384893
9.375	47.5	-0.00214076416256509
9.625	47.5	-0.00214075604948157
9.875	47.5	-0.00214074470147167
10.125	47.5	-0.00214072810786092
10.375	47.5	-0.00214070296215069
10.625	47.5	-0.00214066382565205
10.875	47.5	-0.0021406017512485
11.125	47.5	-0.00214050201880156
11.375	47.5	-0.00214034040876768
11.625	47.5	-0.00214007707045051
11.875	47.5	-0.00213964643225024
12.125	47.5	-0.00213894059908779
12.375	47.5	-0.00213778203316473
12.625	47.5	-0.00213587860097165
12.875	47.5	-0.00213274960537443
13.125	47.5	-0.00212760407749711
13.375	47.5	-0.0021191405225531
13.625	47.5	-0.0021052174464928
13.875	47.5	-0.00208231132929396
14.125	47.5	-0.00204462504975272
14.375	47.5	-0.00198262169156903
14.625	47.5	-0.00188061433928257
14.875	47.5	-0.00171280663174612
15.125	47.5	-0.00143679519593647
15.375	47.5	-0.000982925756191128
15.625	47.5	-0.000236907822441798
15.875	47.5	0.000988444609789265
16.125	47.5	0.00299877808678496
16.375	47.5	0.00629067554141754
16.625	47.5	0.0116642830165017
16.875	47.5	0.0203912912247705
17.125	47.5	0.034447006531113
17.375	47.5	0.0567831215209446
17.625	47.5	0.0915250942246377
17.875	47.5	0.143780604867692
18.125	47.5	0.218476535365432
18.375	47.5	0.317668430746212
18.625	47.5	0.43696068223085
18.875	47.5	0.564135103529257
19.125	47.5	0.683294949257742
19.375	47.5	0.782280908613465
19.625	47.5	0.85676581847382
19.875	47.5	0.908845864178599
20.125	47.5	0.943458756685672
20.375	47.5	0.965706720406943
20.625	47.5	0.979704910149859
20.875	47.5	0.988395405439197
21.125	47.5	0.993746224880855
21.375	47.5	0.997024044198645
21.625	47.5	0.999025732792758
21.875	47.5	1.00024579487419
22.125	47.5	1.00098858076855
22.375	47.5	1.00144047644013
22.625	47.5	1.00171528161148
22.875	47.5	1.00188235062028
23.125	47.5	1.00198390393841
23.375	47.5	1.00204562654447
23.625	47.5	1.00208313757884
23.875	47.5	1.00210593273638
24.125	47.5	1.00211978407301
24.375	47.5	1.00212819986862
24.625	47.5	1.00213331235043
24.875	47.5	1.00213641737734
25.125	47.5	1.00213830248924
25.375	47.5	1.00213944629562
25.625	47.5	1.0021401396576
25.875	47.5	1.00214055933618
26.125	47.5	1.00214081275091
26.375	47.5	1.0021409651811
26.625	47.5	1.00214105629658
26.875	47.5	1.00214111020392
27.125	47.5	1.00214114155163
27.375	47.5	1.00214115924046
27.625	47.5	1.00214116867819
27.875	47.5	1.0021411731499
28.125	47.5	1.00214117465076
28.375	47.5	1.00214117439205
28.625	47.5	1.00214117310875
28.875	47.5	1.00214117124638
29.125	47.5	1.00214116907468
29.375	47.5	1.00214116675653
29.625	47.5	1.00214116438997
29.875	47.5	1.00214116203365
30.125	47.5	1.00214115972232
30.375	47.5	1.00214115747627
30.625	47.5	1.00214115530703
30.875	47.5	1.00214115322084
31.125	47.5	1.00214115122076
31.375	47.5	1.00214114930796
31.625	47.5	1.00214114748251
31.875	47.5	1.00214114574382
32.125	47.5	1.00214114409093
32.375	47.5	1.00214114252273
32.625	47.5	1.002141141038
32.875	47.5	1.00214113963552
33.125	47.5	1.00214113831408
33.375	47.5	1.0021411370725
33.625	47.5	1.00214113590969
33.875	47.5	1.00214113482459
34.125	47.5	1.00214113381622
34.375	47.5	1.00214113288366
34.625	47.5	1.00214113202605
34.875	47.5	1.00214113124262
35.125	47.5	1.00214113053266
35.375	47.5	1.00214112989551
35.625	47.5	1.00214112933061
35.875	47.5	1.00214112883744
36.125	47.5	1.00214112841554
36.375	47.5	1.00214112806455
36.625	47.5	1.00214112778414
36.875	47.5	1.00214112757405
37.125	47.5	1.00214112743409
37.375	47.5	1.00214112736415
0.125	48.5	-0.00214081037371333
0.375	48.5	-0.00214081029944902
0.625	48.5	-0.00214081015086197
0.875	48.5	-0.00214080992783518
1.125	48.5	-0.002140809630193
1.375	48.5	-0.0021408092577009
1.625	48.5	-0.00214080881006516
1.875	48.5	-0.00214080828693247
2.125	48.5	-0.00214080768788955
2.375	48.5	-0.00214080701246251
2.625	48.5	-0.00214080626011623
2.875	48.5	-0.0021408054302535
3.125	48.5	-0.00214080452221412
3.375	48.5	-0.00214080353527356
3.625	48.5	-0.00214080246864141
3.875	48.5	-0.00214080132145921
4.125	48.5	-0.00214080009279741
4.375	48.5	-0.00214079878165101
4.625	48.5	-0.00214079738693294
4.875	48.5	-0.00214079590746395
5.125	48.5	-0.00214079434195661
5.375	48.5	-0.00214079268898987
5.625	48.5	-0.00214079094696804
5.875	48.5	-0.00214078911405408
6.125	48.5	-0.00214078718806101
6.375	48.5	-0.00214078516627403
6.625	48.5	-0.00214078304515911
6.875	48.5	-0.00214078081988446
7.125	48.5	-0.00214077848353445
7.375	48.5	-0.00214077602581735
7.625	48.5	-0.0021407734309403
7.875	48.5	-0.00214077067411395
8.125	48.5	-0.00214076771580241
8.375	48.5	-0.00214076449226313
8.625	48.5	-0.00214076089998186
8.875	48.5	-0.00214075677006216
9.125	48.5	-0.0021407518260851
9.375	48.5	-0.0021407456147694
9.625	48.5	-0.00214073739187446
9.875	48.5	-0.00214072593445592
10.125	48.5	-0.00214070923193426
10.375	48.5	-0.0021406839777502
10.625	48.5	-0.00214064473288601
10.875	48.5	-0.00214058254944209
11.125	48.5	-0.00214048270573598
11.375	48.5	-0.00214032097941384
11.625	48.5	-0.00214005751487056
11.875	48.5	-0.00213962673212896
12.125	48.5	-0.00213892072200879
12.375	48.5	-0.00213776192317512
12.625	48.5	-0.00213585816303892
12.875	48.5	-0.002132728679793
13.125	48.5	-0.00212758239775837
13.375	48.5	-0.00211911764600884
13.625	48.5	-0.00210519264026299
13.875	48.5	-0.0020822833825632
14.125	48.5	-0.00204459196503172
14.375	48.5	-0.00198258017704048
14.625	48.5	-0.00188055897449695
14.875	48.5	-0.00171272849760614
15.125	48.5	-0.00143667962799654
15.375	48.5	-0.000982748668384956
15.625	48.5	-0.00023662971349335
15.875	48.5	0.000988888368945502
16.125	48.5	0.00299949283329875
16.375	48.5	0.00629183188726393
16.625	48.5	0.011666154448262
16.875	48.5	0.0203943086446286
17.125	48.5	0.0344518295122883
17.375	48.5	0.0567907110688077
17.625	48.5	0.0915367339284235
17.875	48.5	0.143797747833051
18.125	48.5	0.218500292053845
18.375	48.5	0.317698633708046
18.625	48.5	0.436995017704203
18.875	48.5	0.564169418711278
19.125	48.5	0.683325101260137
19.375	48.5	0.782304604114479
19.625	48.5	0.856782906158238
19.875	48.5	0.908857461213538
20.125	48.5	0.943466316251226
20.375	48.5	0.965711523488049
20.625	48.5	0.979707914812821
20.875	48.5	0.988397268864857
21.125	48.5	0.993747376266886
21.375	48.5	0.997024755896898
21.625	48.5	0.999026174687737
21.875	48.5	1.00024607184672
22.125	48.5	1.00098875716512
22.375	48.5	1.00144059158836
22.625	48.5	1.00171535949124
22.875	48.5	1.00188240583123
23.125	48.5	1.00198394536019
23.375	48.5	1.00204565957354
23.625	48.5	1.00208316549243
23.875	48.5	1.00210595752312
24.125	48.5	1.00211980693834
24.375	48.5	1.00212822154214
24.625	48.5	1.00213333327282
24.875	48.5	1.00213643781389
25.125	48.5	1.00213832259893
25.375	48.5	1.00213946617303
25.625	48.5	1.00214015935843
25.875	48.5	1.00214057889268
26.125	48.5	1.0021408321813
26.375	48.5	1.00214098449525
26.625	48.5	1.00214107549949
26.875	48.5	1.00214112929779
27.125	48.5	1.00214116053712
27.375	48.5	1.00214117811746
27.625	48.5	1.00214118744625
27.875	48.5	1.00214119180853
28.125	48.5	1.00214119319955
28.375	48.5	1.00214119283078
28.625	48.5	1.00214119143742
28.875	48.5	1.00214118946526
29.125	48.5	1.00214118718429
29.375	48.5	1.00214118475764
29.625	48.5	1.0021411822836
29.875	48.5	1.00214117982106
30.125	48.5	1.00214117740501
30.375	48.5	1.00214117505595
30.625	48.5	1.00214117278562
30.875	48.5	1.00214117060045
31.125	48.5	1.00214116850368
31.375	48.5	1.00214116649668
31.625	48.5	1.00214116457965
31.875	48.5	1.00214116275217
32.125	48.5	1.00214116101342
32.375	48.5	1.00214115936243
32.625	48.5	1.0021411577981
32.875	48.5	1.00214115631933
33.125	48.5	1.00214115492502
33.375	48.5	1.0021411536141
33.625	48.5	1.00214115238557
33.875	48.5	1.00214115123845
34.125	48.5	1.00214115017184
34.375	48.5	1.0021411491849
34.625	48.5	1.00214114827685
34.875	48.5	1.00214114744697
35.125	48.5	1.0021411466946
35.375	48.5	1.00214114601915
35.625	48.5	1.00214114542009
35.875	48.5	1.00214114489694
36.125	48.5	1.00214114444929
36.375	48.5	1.00214114407678
36.625	48.5	1.00214114377913
36.875	48.5	1.0021411435561
37.125	48.5	1.00214114340751
37.375	48.5	1.00214114333325
0.125	49.5	-0.00214079561925285
0.375	49.5	-0.00214079554162865
0.625	49.5	-0.00214079538632775
0.875	49.5	-0.00214079515324515
1.125	49.5	-0.00214079484222317
1.375	49.5	-0.00214079445305132
1.625	49.5	-0.00214079398546608
1.875	49.5	-0.0021407934391506
2.125	49.5	-0.00214079281373434
2.375	49.5	-0.00214079210879267
2.625	49.5	-0.00214079132384629
2.875	49.5	-0.00214079045836064
3.125	49.5	-0.00214078951174506
3.375	49.5	-0.00214078848335173
3.625	49.5	-0.00214078737247434
3.875	49.5	-0.00214078617834613
4.125	49.5	-0.0021407849001371
4.375	49.5	-0.00214078353694997
4.625	49.5	-0.00214078208781388
4.875	49.5	-0.00214078055167452
5.125	49.5	-0.00214077892737857
5.375	49.5	-0.00214077721364861
5.625	49.5	-0.00214077540904243
5.875	49.5	-0.00214077351188685
6.125	49.5	-0.00214077152016945
6.375	49.5	-0.00214076943136124
6.625	49.5	-0.00214076724212567
6.875	49.5	-0.0021407649478406
7.125	49.5	-0.00214076254181268
7.375	49.5	-0.00214076001398552
7.625	49.5	-0.00214075734881504
7.875	49.5	-0.00214075452177435
8.125	49.5	-0.00214075149360364
8.375	49.5	-0.00214074820084968
8.625	49.5	-0.00214074454029955
8.875	49.5	-0.0021407403433678
9.125	49.5	-0.00214073533395179
9.375	49.5	-0.00214072905908397
9.625	49.5	-0.00214072077482175
9.875	49.5	-0.0021407092584805
10.125	49.5	-0.00214069249966473
10.375	49.5	-0.00214066719186111
10.625	49.5	-0.00214062789585651
10.875	49.5	-0.00214056566314417
11.125	49.5	-0.00214046577074122
11.375	49.5	-0.00214030399383666
11.625	49.5	-0.00214004047244775
11.875	49.5	-0.00213960961904193
12.125	49.5	-0.00213890351163615
12.375	49.5	-0.0021377445674391
12.625	49.5	-0.00213584057814654
12.875	49.5	-0.00213271072275391
13.125	49.5	-0.00212756382772718
13.375	49.5	-0.00211909806066072
13.625	49.5	-0.0021051713710991
13.875	49.5	-0.00208225932266837
14.125	49.5	-0.00204456328576965
14.375	49.5	-0.00198254386222739
14.625	49.5	-0.00188051005485353
14.875	49.5	-0.00171265879367222
15.125	49.5	-0.00143657568866819
15.375	49.5	-0.000982588397815336
15.625	49.5	-0.000236376871891231
15.875	49.5	0.000989293076564675
16.125	49.5	0.00300014605167347
16.375	49.5	0.00629289014981109
16.625	49.5	0.0116678686723646
16.875	49.5	0.0203970741676188
17.125	49.5	0.0344562514575247
17.375	49.5	0.0567976710838924
17.625	49.5	0.0915474095585924
17.875	49.5	0.143813472039583
18.125	49.5	0.218522083291331
18.375	49.5	0.317726337923463
18.625	49.5	0.437026511897555
18.875	49.5	0.564200893205913
19.125	49.5	0.68335275600414
19.375	49.5	0.782326335950692
19.625	49.5	0.856798576696911
19.875	49.5	0.908868095419442
20.125	49.5	0.943473247158287
20.375	49.5	0.965715926113477
20.625	49.5	0.979710667951038
20.875	49.5	0.988398975316667
21.125	49.5	0.993748429714803
21.375	49.5	0.997025406156624
21.625	49.5	0.999026577586382
21.875	49.5	1.00024632358596
22.125	49.5	1.00098891676556
22.375	49.5	1.00144069512119
22.625	49.5	1.00171542894916
22.875	49.5	1.00188245460244
23.125	49.5	1.00198398158585
23.375	49.5	1.00204568819963
23.625	49.5	1.00208318952097
23.875	49.5	1.00210597877414
24.125	49.5	1.00211982651353
24.375	49.5	1.00212824010683
24.625	49.5	1.0021333512274
24.875	49.5	1.00213645539806
25.125	49.5	1.00213833995496
25.375	49.5	1.00213948338428
25.625	49.5	1.00214017647272
25.875	49.5	1.00214059593648
26.125	49.5	1.00214084916833
26.375	49.5	1.00214100143172
26.625	49.5	1.00214109238725
26.875	49.5	1.00214114613626
27.125	49.5	1.00214117732442
27.375	49.5	1.00214119485109
27.625	49.5	1.00214120412355
27.875	49.5	1.00214120842686
28.125	49.5	1.00214120975647
28.375	49.5	1.00214120932411
28.625	49.5	1.00214120786527
28.875	49.5	1.00214120582606
29.125	49.5	1.00214120347678
29.375	49.5	1.00214120098088
29.625	49.5	1.00214119843695
29.875	49.5	1.00214119590416
30.125	49.5	1.00214119341779
30.375	49.5	1.00214119099859
30.625	49.5	1.00214118865856
30.875	49.5	1.00214118640435
31.125	49.5	1.00214118423944
31.375	49.5	1.00214118216539
31.625	49.5	1.00214118018262
31.875	49.5	1.00214117829087
32.125	49.5	1.00214117648952
32.375	49.5	1.00214117477775
32.625	49.5	1.00214117315462
32.875	49.5	1.00214117161916
33.125	49.5	1.00214117017042
33.375	49.5	1.00214116880745
33.625	49.5	1.00214116752935
33.875	49.5	1.00214116633527
34.125	49.5	1.00214116522441
34.375	49.5	1.002141164196
34.625	49.5	1.00214116324937
34.875	49.5	1.00214116238386
35.125	49.5	1.00214116159888
35.375	49.5	1.00214116089391
35.625	49.5	1.00214116026846
35.875	49.5	1.00214115972212
36.125	49.5	1.00214115925452
36.375	49.5	1.00214115886533
36.625	49.5	1.00214115855429
36.875	49.5	1.0021411583212
37.125	49.5	1.0021411581659
37.375	49.5	1.00214115808827
0.125	50.5	-0.00214078213222686
0.375	50.5	-0.00214078205210316
0.625	50.5	-0.00214078189181012
0.875	50.5	-0.00214078165125639
1.125	50.5	-0.0021407813303049
1.375	50.5	-0.00214078092877268
1.625	50.5	-0.00214078044643076
1.875	50.5	-0.00214077988300396
2.125	50.5	-0.00214077923817065
2.375	50.5	-0.00214077851156245
2.625	50.5	-0.00214077770276386
2.875	50.5	-0.00214077681131181
3.125	50.5	-0.00214077583669499
3.375	50.5	-0.00214077477835307
3.625	50.5	-0.00214077363567554
3.875	50.5	-0.00214077240800004
4.125	50.5	-0.00214077109460987
4.375	50.5	-0.00214076969473023
4.625	50.5	-0.0021407682075222
4.875	50.5	-0.00214076663207334
5.125	50.5	-0.00214076496738239
5.375	50.5	-0.00214076321233462
5.625	50.5	-0.00214076136566159
5.875	50.5	-0.0021407594258754
6.125	50.5	-0.00214075739116086
6.375	50.5	-0.00214075525919873
6.625	50.5	-0.00214075302687515
6.875	50.5	-0.00214075068980422
7.125	50.5	-0.00214074824154282
7.375	50.5	-0.00214074567229935
7.625	50.5	-0.00214074296680945
7.875	50.5	-0.00214074010084125
8.125	50.5	-0.00214073703544535
8.375	50.5	-0.00214073370749401
8.625	50.5	-0.00214073001411399
8.875	50.5	-0.00214072578707164
9.125	50.5	-0.00214072075062442
9.375	50.5	-0.00214071445216627
9.625	50.5	-0.00214070614810551
9.875	50.5	-0.00214069461607774
10.125	50.5	-0.00214067784594298
10.375	50.5	-0.00214065253132233
10.625	50.5	-0.00214061323292236
10.875	50.5	-0.0021405510017866
11.125	50.5	-0.00214045111385772
11.375	50.5	-0.0021402893422046
11.625	50.5	-0.00214002582298531
11.875	50.5	-0.00213959496192734
12.125	50.5	-0.00213888882554744
12.375	50.5	-0.00213772981170071
12.625	50.5	-0.00213582567978564
12.875	50.5	-0.00213269555518111
13.125	50.5	-0.00212754817563655
13.375	50.5	-0.00211908156225856
13.625	50.5	-0.00210515342303932
13.875	50.5	-0.00208223892365339
14.125	50.5	-0.0020445387793074
14.375	50.5	-0.00198251251366381
14.625	50.5	-0.00188046735627279
14.875	50.5	-0.00171259732251563
15.125	50.5	-0.0014364832360506
15.375	50.5	-0.000982444906017804
15.625	50.5	-0.000236149441621911
15.875	50.5	0.00098965827655504
16.125	50.5	0.0030007367621391
16.375	50.5	0.00629384848289806
16.625	50.5	0.0116694224272602
16.875	50.5	0.0203995822529075
17.125	50.5	0.0344602632268954
17.375	50.5	0.0568039869096827
17.625	50.5	0.0915570983924569
17.875	50.5	0.143827743836108
18.125	50.5	0.218541862360368
18.375	50.5	0.317751484055171
18.625	50.5	0.437055097554997
18.875	50.5	0.564229460083098
19.125	50.5	0.683377854970788
19.375	50.5	0.782346058387158
19.625	50.5	0.85681279732638
19.875	50.5	0.908877744758797
20.125	50.5	0.943479535231764
20.375	50.5	0.965719919462794
20.625	50.5	0.979713164228443
20.875	50.5	0.988400521661541
21.125	50.5	0.993749383457982
21.375	50.5	0.997025994046889
21.625	50.5	0.99902694106242
21.875	50.5	1.00024654996605
22.125	50.5	1.00098905961932
22.375	50.5	1.00144078718713
22.625	50.5	1.00171549018665
22.875	50.5	1.00188249716037
23.125	50.5	1.00198401285026
23.375	50.5	1.00204571265621
23.625	50.5	1.00208320989086
23.875	50.5	1.00210599670564
24.125	50.5	1.00211984300295
24.375	50.5	1.00212825575449
24.625	50.5	1.00213336639327
24.875	50.5	1.00213647029631
25.125	50.5	1.00213835471152
25.375	50.5	1.00213949807173
25.625	50.5	1.00214019113148
25.875	50.5	1.00214061058772
26.125	50.5	1.00214086382179
26.375	50.5	1.00214101609043
26.625	50.5	1.00214110705041
26.875	50.5	1.00214116080094
27.125	50.5	1.00214119198665
27.375	50.5	1.00214120950645
27.625	50.5	1.00214121876752
27.875	50.5	1.00214122305509
28.125	50.5	1.00214122436485
28.375	50.5	1.00214122390884
28.625	50.5	1.00214122242291
28.875	50.5	1.00214122035355
29.125	50.5	1.00214121797139
29.375	50.5	1.00214121544025
29.625	50.5	1.00214121285905
29.875	50.5	1.00214121028729
30.125	50.5	1.00214120776056
30.375	50.5	1.00214120529991
30.625	50.5	1.00214120291761
30.875	50.5	1.00214120062058
31.125	50.5	1.00214119841255
31.375	50.5	1.00214119629532
31.625	50.5	1.00214119426951
31.875	50.5	1.00214119233511
32.125	50.5	1.00214119049167
32.375	50.5	1.00214118873856
32.625	50.5	1.00214118707501
32.875	50.5	1.00214118550023
33.125	50.5	1.00214118401339
33.375	50.5	1.00214118261372
33.625	50.5	1.00214118130042
33.875	50.5	1.00214118007278
34.125	50.5	1.0021411789301
34.375	50.5	1.00214117787174
34.625	50.5	1.00214117689709
34.875	50.5	1.0021411760056
35.125	50.5	1.00214117519676
35.375	50.5	1.00214117447011
35.625	50.5	1.00214117382525
35.875	50.5	1.00214117326179
36.125	50.5	1.00214117277942
36.375	50.5	1.00214117237787
36.625	50.5	1.0021411720569
36.875	50.5	1.00214117181633
37.125	50.5	1.00214117165603
37.375	50.5	1.00214117157591
0.125	51.5	-0.00214076995183596
0.375	51.5	-0.00214076986995882
0.625	51.5	-0.00214076970616627
0.875	51.5	-0.0021407694603818
1.125	51.5	-0.00214076913249053
1.375	51.5	-0.00214076872233928
1.625	51.5	-0.00214076822973639
1.875	51.5	-0.0021407676544517
2.125	51.5	-0.0021407669962164
2.375	51.5	-0.00214076625472285
2.625	51.5	-0.0021407654296244
2.875	51.5	-0.00214076452053511
3.125	51.5	-0.00214076352702927
3.375	51.5	-0.00214076244864085
3.625	51.5	-0.00214076128486258
3.875	51.5	-0.00214076003514458
4.125	51.5	-0.0021407586988921
4.375	51.5	-0.00214075727546211
4.625	51.5	-0.00214075576415764
4.875	51.5	-0.00214075416421869
5.125	51.5	-0.00214075247480736
5.375	51.5	-0.00214075069498361
5.625	51.5	-0.00214074882366543
5.875	51.5	-0.00214074685956358
6.125	51.5	-0.00214074480107427
6.375	51.5	-0.00214074264610286
6.625	51.5	-0.00214074039177388
6.875	51.5	-0.0021407380339541
7.125	51.5	-0.00214073556646798
7.375	51.5	-0.00214073297980686
7.625	51.5	-0.00214073025900521
7.875	51.5	-0.00214072738014627
8.125	51.5	-0.0021407243046122
8.375	51.5	-0.00214072096962312
8.625	51.5	-0.00214071727266925
8.875	51.5	-0.00214071304589432
9.125	51.5	-0.00214070801394368
9.375	51.5	-0.0021407017246037
9.625	51.5	-0.00214069343466902
9.875	51.5	-0.0021406819221375
10.125	51.5	-0.00214066517717703
10.375	51.5	-0.00214063989361171
10.625	51.5	-0.00214060063216236
10.875	51.5	-0.00214053844355929
11.125	51.5	-0.00214043860287549
11.375	51.5	-0.00214027688137604
11.625	51.5	-0.0021400134118589
11.875	51.5	-0.00213958259411053
12.125	51.5	-0.00213887648443913
12.375	51.5	-0.00213771746344768
12.625	51.5	-0.00213581326167088
12.875	51.5	-0.00213268295649549
13.125	51.5	-0.00212753520618363
13.375	51.5	-0.00211906790051438
13.625	51.5	-0.00210513853084621
13.875	51.5	-0.00208222190587556
14.125	51.5	-0.00204451815299657
14.375	51.5	-0.00198248582851986
14.625	51.5	-0.00188043057092481
14.875	51.5	-0.00171254378037149
15.125	51.5	-0.00143640198588726
15.375	51.5	-0.000982317954134494
15.625	51.5	-0.000235947272174327
15.875	51.5	0.000989983960397433
16.125	51.5	0.00300126468165931
16.375	51.5	0.00629470614187063
16.625	51.5	0.0116708142071193
16.875	51.5	0.0204018301626164
17.125	51.5	0.0344638601322433
17.375	51.5	0.0568096508666274
17.625	51.5	0.0915657883795788
17.875	51.5	0.143840545262276
18.125	51.5	0.218559604260882
18.375	51.5	0.317774040349303
18.625	51.5	0.437080738752085
18.875	51.5	0.564255083704538
19.125	51.5	0.683400367124876
19.375	51.5	0.782363747286766
19.625	51.5	0.856825550866024
19.875	51.5	0.908886397783046
20.125	51.5	0.94348517321505
20.375	51.5	0.965723499128557
20.625	51.5	0.97971540108708
20.875	51.5	0.988401906506522
21.125	51.5	0.993750236821641
21.375	51.5	0.997026519327538
21.625	51.5	0.999027265133495
21.875	51.5	1.0002467511534
22.125	51.5	1.00098918597488
22.375	51.5	1.00144086807623
22.625	51.5	1.00171554351092
22.875	51.5	1.00188253381489
23.125	51.5	1.00198403945741
23.375	51.5	1.00204573323657
23.625	51.5	1.00208322688209
23.875	51.5	1.00210601158301
24.125	51.5	1.00211985665692
24.375	51.5	1.00212826872041
24.625	51.5	1.00213337899092
24.875	51.5	1.00213648271487
25.125	51.5	1.00213836706107
25.375	51.5	1.00213951041459
25.625	51.5	1.00214020350129
25.875	51.5	1.00214062300094
26.125	51.5	1.00214087628474
26.375	51.5	1.00214102860351
26.625	51.5	1.00214111961068
26.875	51.5	1.00214117340369
27.125	51.5	1.00214120462627
27.375	51.5	1.00214122217705
27.625	51.5	1.00214123146323
27.875	51.5	1.00214123577022
28.125	51.5	1.00214123709403
28.375	51.5	1.00214123664707
28.625	51.5	1.00214123516558
28.875	51.5	1.00214123309642
29.125	51.5	1.00214123071063
29.375	51.5	1.0021412281724
29.625	51.5	1.00214122558101
29.875	51.5	1.00214122299632
30.125	51.5	1.00214122045423
30.375	51.5	1.00214121797612
30.625	51.5	1.00214121557455
30.875	51.5	1.00214121325674
31.125	51.5	1.00214121102667
31.375	51.5	1.00214120888639
31.625	51.5	1.00214120683678
31.875	51.5	1.00214120487803
32.125	51.5	1.00214120300992
32.375	51.5	1.002141201232
32.625	51.5	1.00214119954371
32.875	51.5	1.00214119794441
33.125	51.5	1.00214119643346
33.375	51.5	1.00214119501021
33.625	51.5	1.00214119367404
33.875	51.5	1.00214119242434
34.125	51.5	1.00214119126054
34.375	51.5	1.00214119018211
34.625	51.5	1.00214118918856
34.875	51.5	1.00214118827942
35.125	51.5	1.00214118745428
35.375	51.5	1.00214118671274
35.625	51.5	1.00214118605446
35.875	51.5	1.00214118547914
36.125	51.5	1.0021411849865
36.375	51.5	1.00214118457632
36.625	51.5	1.00214118424841
36.875	51.5	1.00214118400262
37.125	51.5	1.00214118383881
37.375	51.5	1.00214118375693
0.125	52.5	-0.00214075910508551
0.375	52.5	-0.00214075902207753
0.625	52.5	-0.00214075885603094
0.875	52.5	-0.00214075860688445
1.125	52.5	-0.00214075827454616
1.375	52.5	-0.00214075785889352
1.625	52.5	-0.00214075735977338
1.875	52.5	-0.00214075677700197
2.125	52.5	-0.00214075611036491
2.375	52.5	-0.00214075535961716
2.625	52.5	-0.002140754524483
2.875	52.5	-0.0021407536046559
3.125	52.5	-0.0021407525997983
3.375	52.5	-0.00214075150954126
3.625	52.5	-0.00214075033348374
3.875	52.5	-0.00214074907119154
4.125	52.5	-0.00214074772219534
4.375	52.5	-0.00214074628598758
4.625	52.5	-0.00214074476201713
4.875	52.5	-0.00214074314968061
5.125	52.5	-0.00214074144830785
5.375	52.5	-0.00214073965713809
5.625	52.5	-0.00214073777528062
5.875	52.5	-0.00214073580164991
6.125	52.5	-0.00214073373485888
6.375	52.5	-0.00214073157304304
6.625	52.5	-0.00214072931357105
6.875	52.5	-0.00214072695256842
7.125	52.5	-0.00214072448413342
7.375	52.5	-0.00214072189904686
7.625	52.5	-0.00214071918264891
7.875	52.5	-0.00214071631134502
8.125	52.5	-0.0021407132468565
8.375	52.5	-0.00214070992675938
8.625	52.5	-0.00214070624891612
8.875	52.5	-0.00214070204585754
9.125	52.5	-0.00214069704262812
9.375	52.5	-0.00214069078742011
9.625	52.5	-0.00214068253743163
9.875	52.5	-0.00214067107104568
10.125	52.5	-0.00214065437877036
10.375	52.5	-0.00214062915468036
10.625	52.5	-0.00214058995958347
10.875	52.5	-0.00214052784401056
11.125	52.5	-0.00214042808234626
11.375	52.5	-0.00214026644434406
11.625	52.5	-0.00214000305991652
11.875	52.5	-0.00213957232368388
12.125	52.5	-0.00213886628301434
12.375	52.5	-0.00213770730333974
12.625	52.5	-0.00213580308974875
12.875	52.5	-0.00213267267725363
13.125	52.5	-0.00212752465386665
13.375	52.5	-0.00211905679323314
13.625	52.5	-0.00210512639507216
13.875	52.5	-0.00208220795221991
14.125	52.5	-0.00204450107189773
14.375	52.5	-0.00198246345431642
14.625	52.5	-0.00188039932981731
14.875	52.5	-0.00171249778398984
15.125	52.5	-0.00143633154494521
15.375	52.5	-0.0009822071465219
15.625	52.5	-0.000235769978426366
15.875	52.5	0.00099027048109734
16.125	52.5	0.0030017300956251
16.375	52.5	0.00629546328694716
16.625	52.5	0.0116720439550718
16.875	52.5	0.0204038174790467
17.125	52.5	0.0344670411774643
17.375	52.5	0.0568146610682982
17.625	52.5	0.0915734763369508
17.875	52.5	0.14385187139943
18.125	52.5	0.218575302045164
18.375	52.5	0.317793997977951
18.625	52.5	0.437103425599083
18.875	52.5	0.564277754424951
19.125	52.5	0.683420284252462
19.375	52.5	0.782379396439107
19.625	52.5	0.856836833063431
19.875	52.5	0.908894051823523
20.125	52.5	0.943490159583178
20.375	52.5	0.965726664354577
20.625	52.5	0.979717378263019
20.875	52.5	0.988403129891197
21.125	52.5	0.993750990025691
21.375	52.5	0.997026982320583
21.625	52.5	0.999027550174938
21.875	52.5	1.00024692754666
22.125	52.5	1.00098929623602
22.375	52.5	1.0014409381866
22.625	52.5	1.00171558930813
22.875	52.5	1.00188256493668
23.125	52.5	1.00198406176076
23.375	52.5	1.00204575027619
23.625	52.5	1.00208324081204
23.875	52.5	1.00210602370579
24.125	52.5	1.00211986775766
24.375	52.5	1.00212827927003
24.625	52.5	1.00213338926974
24.875	52.5	1.00213649288769
25.125	52.5	1.00213837722282
25.375	52.5	1.00213952061807
25.625	52.5	1.00214021377396
25.875	52.5	1.0021406333552
26.125	52.5	1.00214088672409
26.375	52.5	1.00214103912632
26.625	52.5	1.00214113021244
26.875	52.5	1.0021411840784
27.125	52.5	1.00214121536725
27.375	52.5	1.00214123297742
27.625	52.5	1.0021412423162
27.875	52.5	1.00214124666926
28.125	52.5	1.00214124803294
28.375	52.5	1.00214124762004
28.625	52.5	1.0021412461672
28.875	52.5	1.00214124412169
29.125	52.5	1.00214124175495
29.375	52.5	1.00214123923155
29.625	52.5	1.00214123665115
29.875	52.5	1.00214123407396
30.125	52.5	1.00214123153622
30.375	52.5	1.00214122905964
30.625	52.5	1.00214122665708
30.875	52.5	1.00214122433604
31.125	52.5	1.00214122210079
31.375	52.5	1.00214121995363
31.625	52.5	1.00214121789568
31.875	52.5	1.00214121592737
32.125	52.5	1.00214121404869
32.375	52.5	1.00214121225941
32.625	52.5	1.00214121055913
32.875	52.5	1.00214120894741
33.125	52.5	1.00214120742377
33.375	52.5	1.00214120598772
33.625	52.5	1.00214120463878
33.875	52.5	1.00214120337648
34.125	52.5	1.00214120220039
34.375	52.5	1.00214120111008
34.625	52.5	1.00214120010516
34.875	52.5	1.00214119918527
35.125	52.5	1.00214119835008
35.375	52.5	1.00214119759927
35.625	52.5	1.00214119693258
35.875	52.5	1.00214119634977
36.125	52.5	1.00214119585061
36.375	52.5	1.00214119543492
36.625	52.5	1.00214119510256
36.875	52.5	1.0021411948534
37.125	52.5	1.00214119468734
37.375	52.5	1.00214119460433
0.125	53.5	-0.00214074960884792
0.375	53.5	-0.00214074952520452
0.625	53.5	-0.00214074935789463
0.875	53.5	-0.00214074910687204
1.125	53.5	-0.00214074877206748
1.375	53.5	-0.00214074835338873
1.625	53.5	-0.00214074785072064
1.875	53.5	-0.00214074726392527
2.125	53.5	-0.00214074659284198
2.375	53.5	-0.00214074583728755
2.625	53.5	-0.00214074499705627
2.875	53.5	-0.00214074407192003
3.125	53.5	-0.00214074306162824
3.375	53.5	-0.00214074196590773
3.625	53.5	-0.00214074078446228
3.875	53.5	-0.00214073951697177
4.125	53.5	-0.00214073816309056
4.375	53.5	-0.00214073672244463
4.625	53.5	-0.00214073519462657
4.875	53.5	-0.0021407335791873
5.125	53.5	-0.00214073187562184
5.375	53.5	-0.002140730083346
5.625	53.5	-0.00214072820165732
5.875	53.5	-0.00214072622967079
6.125	53.5	-0.00214072416621247
6.375	53.5	-0.0021407220096442
6.625	53.5	-0.00214071975757472
6.875	53.5	-0.00214071740638378
7.125	53.5	-0.00214071495043871
7.375	53.5	-0.00214071238080473
7.625	53.5	-0.0021407096831222
7.875	53.5	-0.00214070683411308
8.125	53.5	-0.00214070379583172
8.375	53.5	-0.00214070050620386
8.625	53.5	-0.00214069686345788
8.875	53.5	-0.00214069270050561
9.125	53.5	-0.00214068774278525
9.375	53.5	-0.00214068153889101
9.625	53.5	-0.00214067334642321
9.875	53.5	-0.00214066194415368
10.125	53.5	-0.00214064532294282
10.375	53.5	-0.00214062017714234
10.625	53.5	-0.00214058106769737
10.875	53.5	-0.00214051904502974
11.125	53.5	-0.00214041938299232
11.375	53.5	-0.00214025785009324
11.625	53.5	-0.00213999457380675
11.875	53.5	-0.00213956394433222
12.125	53.5	-0.00213885800133459
12.375	53.5	-0.00213769909712064
12.625	53.5	-0.00213579491471153
12.875	53.5	-0.00213266445231687
13.125	53.5	-0.00212751623688069
13.375	53.5	-0.00211904794103662
13.625	53.5	-0.00210511669776079
13.875	53.5	-0.00208219672500656
14.125	53.5	-0.00204448717725065
14.375	53.5	-0.00198244500952642
14.625	53.5	-0.00188037322644292
14.875	53.5	-0.0017124588988134
15.125	53.5	-0.00143627144614273
15.375	53.5	-0.000982111976782222
15.625	53.5	-0.000235617004044959
15.875	53.5	0.00099051846185432
16.125	53.5	0.00300213372139139
16.375	53.5	0.00629612077376446
16.625	53.5	0.0116731127360981
16.875	53.5	0.0204055455895143
17.125	53.5	0.0344698082474653
17.375	53.5	0.0568190201572615
17.625	53.5	0.0915801660216057
17.875	53.5	0.14386172754168
18.125	53.5	0.218588962904721
18.375	53.5	0.317811366067942
18.625	53.5	0.437123168589591
18.875	53.5	0.564297482941038
19.125	53.5	0.683437615990505
19.375	53.5	0.782393013648351
19.625	53.5	0.856846649766392
19.875	53.5	0.908900711064743
20.125	53.5	0.943494497279164
20.375	53.5	0.965729417225194
20.625	53.5	0.979719097271396
20.875	53.5	0.988404192960706
21.125	53.5	0.993751643975357
21.375	53.5	0.997027383773769
21.625	53.5	0.999027796828444
21.875	53.5	1.00024707971335
22.125	53.5	1.00098939091587
22.375	53.5	1.00144099798931
22.625	53.5	1.00171562801515
22.875	53.5	1.00188259093356
23.125	53.5	1.00198408014254
23.375	53.5	1.00204576413417
23.625	53.5	1.00208325201851
23.875	53.5	1.00210603339196
24.125	53.5	1.00211987660447
24.375	53.5	1.00212828768506
24.625	53.5	1.00213339749474
24.875	53.5	1.00213650106396
25.125	53.5	1.00213838543092
25.375	53.5	1.00213952890196
25.625	53.5	1.00214022215568
25.875	53.5	1.00214064184372
26.125	53.5	1.00214089532073
26.375	53.5	1.002141047828
26.625	53.5	1.00214113901368
26.875	53.5	1.00214119297245
27.125	53.5	1.00214122434687
27.375	53.5	1.00214124203524
27.625	53.5	1.002141251445
27.875	53.5	1.00214125586209
28.125	53.5	1.00214125728321
28.375	53.5	1.00214125692155
28.625	53.5	1.00214125551415
28.875	53.5	1.00214125350868
29.125	53.5	1.00214125117697
29.375	53.5	1.00214124868398
29.625	53.5	1.00214124612973
29.875	53.5	1.00214124357478
30.125	53.5	1.00214124105571
30.375	53.5	1.00214123859454
30.625	53.5	1.00214123620442
30.875	53.5	1.00214123389315
31.125	53.5	1.00214123166526
31.375	53.5	1.0021412295233
31.625	53.5	1.00214122746866
31.875	53.5	1.00214122550195
32.125	53.5	1.00214122362341
32.375	53.5	1.00214122183298
32.625	53.5	1.00214122013048
32.875	53.5	1.00214121851564
33.125	53.5	1.00214121698812
33.375	53.5	1.00214121554761
33.625	53.5	1.00214121419377
33.875	53.5	1.00214121292626
34.125	53.5	1.00214121174476
34.375	53.5	1.00214121064897
34.625	53.5	1.0021412096386
34.875	53.5	1.00214120871339
35.125	53.5	1.00214120787308
35.375	53.5	1.00214120711746
35.625	53.5	1.00214120644632
35.875	53.5	1.00214120585947
36.125	53.5	1.00214120535675
36.375	53.5	1.00214120493804
36.625	53.5	1.0021412046032
36.875	53.5	1.00214120435216
37.125	53.5	1.00214120418484
37.375	53.5	1.00214120410119
0.125	54.5	-0.00214074147198479
0.375	54.5	-0.00214074138807585
0.625	54.5	-0.00214074122024198
0.875	54.5	-0.00214074096845125
1.125	54.5	-0.00214074063265585
1.375	54.5	-0.00214074021279221
1.625	54.5	-0.00214073970878117
1.875	54.5	-0.00214073912052813
2.125	54.5	-0.00214073844792332
2.375	54.5	-0.00214073769084199
2.625	54.5	-0.00214073684914468
2.875	54.5	-0.0021407359226774
3.125	54.5	-0.00214073491127185
3.375	54.5	-0.00214073381474541
3.625	54.5	-0.00214073263290095
3.875	54.5	-0.0021407313655262
4.125	54.5	-0.00214073001239239
4.375	54.5	-0.00214072857325167
4.625	54.5	-0.00214072704783244
4.875	54.5	-0.00214072543583132
5.125	54.5	-0.00214072373689937
5.375	54.5	-0.00214072195061905
5.625	54.5	-0.00214072007646563
5.875	54.5	-0.0021407181137433
6.125	54.5	-0.00214071606147924
6.375	54.5	-0.0021407139182488
6.625	54.5	-0.00214071168188707
6.875	54.5	-0.00214070934901358
7.125	54.5	-0.00214070691424928
7.375	54.5	-0.00214070436892743
7.625	54.5	-0.0021407016989713
7.875	54.5	-0.00214069888140112
8.125	54.5	-0.00214069587858511
8.375	54.5	-0.00214069262877862
8.625	54.5	-0.00214068903055509
8.875	54.5	-0.00214068491718601
9.125	54.5	-0.00214068001448183
9.375	54.5	-0.00214067387141782
9.625	54.5	-0.00214066574597759
9.875	54.5	-0.00214065441730677
10.125	54.5	-0.00214063787661049
10.375	54.5	-0.00214061281852323
10.625	54.5	-0.002140573804156
10.875	54.5	-0.00214051188388879
11.125	54.5	-0.00214041233117462
11.375	54.5	-0.00214025091351594
11.625	54.5	-0.00213998775636669
11.875	54.5	-0.00213955724621837
12.125	54.5	-0.00213885141623229
12.375	54.5	-0.00213769260759193
12.625	54.5	-0.00213578848457421
12.875	54.5	-0.00213265801408509
13.125	54.5	-0.00212750967108112
13.375	54.5	-0.00211904104215951
13.625	54.5	-0.00210510911822827
13.875	54.5	-0.00208218788299015
14.125	54.5	-0.00204447610505667
14.375	54.5	-0.00198243010432093
14.625	54.5	-0.00188035184062476
14.875	54.5	-0.0017124266674413
15.125	54.5	-0.00143622118410724
15.375	54.5	-0.000982031874461408
15.625	54.5	-0.000235487685940454
15.875	54.5	0.000990728703043161
16.125	54.5	0.00300247656908972
16.375	54.5	0.00629667993951344
16.625	54.5	0.011674022402782
16.875	54.5	0.0204070171596825
17.125	54.5	0.0344721652787601
17.375	54.5	0.0568227340121191
17.625	54.5	0.0915858661591666
17.875	54.5	0.143870126302441
18.125	54.5	0.218600604168396
18.375	54.5	0.317826166618
18.625	54.5	0.437139992823986
18.875	54.5	0.564314294517165
19.125	54.5	0.683452384749645
19.375	54.5	0.782404616738088
19.625	54.5	0.856855014035498
19.875	54.5	0.908906384577637
20.125	54.5	0.943498192424341
20.375	54.5	0.965731761838056
20.625	54.5	0.979720560881148
20.875	54.5	0.988405097632394
21.125	54.5	0.993752200047869
21.375	54.5	0.99702772472175
21.625	54.5	0.99902800590929
21.875	54.5	1.00024720832556
22.125	54.5	1.00098947059026
22.375	54.5	1.00144104799291
22.625	54.5	1.00171566009123
22.875	54.5	1.00188261222675
23.125	54.5	1.00198409499313
23.375	54.5	1.00204577517477
23.625	54.5	1.00208326084285
23.875	54.5	1.00210604096219
24.125	54.5	1.00211988349906
24.375	54.5	1.00212829424955
24.625	54.5	1.00213340393341
24.875	54.5	1.00213650749553
25.125	54.5	1.00213839192242
25.375	54.5	1.00213953548932
25.625	54.5	1.00214022885616
25.875	54.5	1.00214064866355
26.125	54.5	1.00214090225966
26.375	54.5	1.0021410548821
26.625	54.5	1.00214114617702
26.875	54.5	1.00214120023811
27.125	54.5	1.00214123170751
27.375	54.5	1.00214124948351
27.625	54.5	1.00214125897369
27.875	54.5	1.0021412634643
28.125	54.5	1.00214126495237
28.375	54.5	1.00214126465147
28.625	54.5	1.00214126329901
28.875	54.5	1.00214126134305
29.125	54.5	1.0021412590558
29.375	54.5	1.00214125660258
29.625	54.5	1.00214125408374
29.875	54.5	1.00214125156017
30.125	54.5	1.00214124906878
30.375	54.5	1.00214124663187
30.625	54.5	1.00214124426289
30.875	54.5	1.00214124196989
31.125	54.5	1.00214123975767
31.375	54.5	1.00214123762902
31.625	54.5	1.00214123558554
31.875	54.5	1.00214123362807
32.125	54.5	1.00214123175703
32.375	54.5	1.00214122997257
32.625	54.5	1.00214122827467
32.875	54.5	1.00214122666324
33.125	54.5	1.0021412251381
33.375	54.5	1.00214122369907
33.625	54.5	1.00214122234595
33.875	54.5	1.00214122107853
34.125	54.5	1.00214121989662
34.375	54.5	1.00214121880001
34.625	54.5	1.00214121778851
34.875	54.5	1.00214121686196
35.125	54.5	1.00214121602018
35.375	54.5	1.00214121526302
35.625	54.5	1.00214121459034
35.875	54.5	1.00214121400203
36.125	54.5	1.00214121349797
36.375	54.5	1.00214121307806
36.625	54.5	1.00214121274223
36.875	54.5	1.00214121249042
37.125	54.5	1.00214121232257
37.375	54.5	1.00214121223865
0.125	55.5	-0.00214073469744129
0.375	55.5	-0.00214073461351788
0.625	55.5	-0.00214073444566151
0.875	55.5	-0.00214073419385311
1.125	55.5	-0.00214073385806424
1.375	55.5	-0.00214073343825722
1.625	55.5	-0.00214073293438534
1.875	55.5	-0.00214073234639316
2.125	55.5	-0.0021407316742168
2.375	55.5	-0.00214073091778428
2.625	55.5	-0.0021407300770159
2.875	55.5	-0.0021407291518246
3.125	55.5	-0.0021407281421163
3.375	55.5	-0.00214072704779005
3.625	55.5	-0.00214072586873812
3.875	55.5	-0.0021407246048455
4.125	55.5	-0.00214072325598881
4.375	55.5	-0.00214072182203398
4.625	55.5	-0.00214072030283183
4.875	55.5	-0.00214071869821032
5.125	55.5	-0.00214071700796114
5.375	55.5	-0.00214071523181692
5.625	55.5	-0.00214071336941307
5.875	55.5	-0.0021407114202242
6.125	55.5	-0.00214070938345863
6.375	55.5	-0.00214070725788399
6.625	55.5	-0.00214070504153918
6.875	55.5	-0.00214070273125955
7.125	55.5	-0.00214070032189436
7.375	55.5	-0.0021406978050181
7.625	55.5	-0.00214069516680865
7.875	55.5	-0.00214069238455459
8.125	55.5	-0.00214068942090662
8.375	55.5	-0.00214068621441674
8.625	55.5	-0.0021406826639691
8.875	55.5	-0.0021406786031592
9.125	55.5	-0.0021406737581333
9.375	55.5	-0.00214066767821117
9.625	55.5	-0.00214065962172412
9.875	55.5	-0.00214064836815918
10.125	55.5	-0.00214063190904034
10.375	55.5	-0.00214060693927111
10.625	55.5	-0.00214056802013636
10.875	55.5	-0.00214050620201952
11.125	55.5	-0.0021404067580821
11.375	55.5	-0.00214024545503462
11.625	55.5	-0.00213998241670012
11.875	55.5	-0.00213955202654228
12.125	55.5	-0.00213884631237924
12.375	55.5	-0.00213768760622427
12.625	55.5	-0.00213578355686935
12.875	55.5	-0.00213265310532774
13.125	55.5	-0.00212750468352173
13.375	55.5	-0.0021190358067957
13.625	55.5	-0.00210510334836711
13.875	55.5	-0.00208218109784967
14.125	55.5	-0.00204446750411249
14.375	55.5	-0.00198241836071747
14.625	55.5	-0.0018803347616984
14.875	55.5	-0.00171240063733665
15.125	55.5	-0.001436180249841
15.375	55.5	-0.000981966250648713
15.625	55.5	-0.000235381317301702
15.875	55.5	0.000990902091121918
16.125	55.5	0.00300275980517963
16.375	55.5	0.00629714239311875
16.625	55.5	0.0116747752672049
16.875	55.5	0.0204082356163838
17.125	55.5	0.0344741174448253
17.375	55.5	0.0568258104774017
17.625	55.5	0.0915905885071597
17.875	55.5	0.143877084772075
18.125	55.5	0.21861024937155
18.375	55.5	0.31783842950701
18.625	55.5	0.437153932337627
18.875	55.5	0.564328223317147
19.125	55.5	0.683464620731441
19.375	55.5	0.782414229631281
19.625	55.5	0.856861943311484
19.875	55.5	0.908911084390315
20.125	55.5	0.943501253053453
20.375	55.5	0.965733703492912
20.625	55.5	0.979721772600027
20.875	55.5	0.988405846269065
21.125	55.5	0.993752659883497
21.375	55.5	0.997028006350154
21.625	55.5	0.999028178315561
21.875	55.5	1.00024731409708
22.125	55.5	1.00098953585225
22.375	55.5	1.00144108870883
22.625	55.5	1.00171568599029
22.875	55.5	1.00188262922766
23.125	55.5	1.00198410669089
23.375	55.5	1.00204578374934
23.625	55.5	1.00208326761337
23.875	55.5	1.00210604672451
24.125	55.5	1.00211988873111
24.375	55.5	1.0021282992363
24.625	55.5	1.00213340884282
24.875	55.5	1.00213651242472
25.125	55.5	1.00213839692572
25.375	55.5	1.00213954059533
25.625	55.5	1.00214023407808
25.875	55.5	1.00214065400547
26.125	55.5	1.00214090772035
26.375	55.5	1.00214106045734
26.625	55.5	1.00214115186096
26.875	55.5	1.00214120602412
27.125	55.5	1.00214123758867
27.375	55.5	1.0021412554529
27.625	55.5	1.00214126502458
27.875	55.5	1.00214126959021
28.125	55.5	1.00214127114715
28.375	55.5	1.00214127090932
28.625	55.5	1.00214126961447
28.875	55.5	1.00214126771101
29.125	55.5	1.00214126547147
29.375	55.5	1.0021412630615
29.625	55.5	1.00214126058178
29.875	55.5	1.00214125809348
30.125	55.5	1.00214125563379
30.375	55.5	1.00214125322528
30.625	55.5	1.00214125088165
30.875	55.5	1.00214124861121
31.125	55.5	1.00214124641897
31.375	55.5	1.00214124430795
31.625	55.5	1.00214124227993
31.875	55.5	1.00214124033596
32.125	55.5	1.00214123847664
32.375	55.5	1.00214123670229
32.625	55.5	1.00214123501305
32.875	55.5	1.00214123340897
33.125	55.5	1.00214123189003
33.375	55.5	1.00214123045617
33.625	55.5	1.00214122910731
33.875	55.5	1.00214122784336
34.125	55.5	1.00214122666422
34.375	55.5	1.0021412255698
34.625	55.5	1.00214122455998
34.875	55.5	1.00214122363469
35.125	55.5	1.00214122279383
35.375	55.5	1.0021412220373
35.625	55.5	1.00214122136505
35.875	55.5	1.00214122077699
36.125	55.5	1.00214122027306
36.375	55.5	1.0021412198532
36.625	55.5	1.00214121951737
36.875	55.5	1.00214121926554
37.125	55.5	1.00214121909766
37.375	55.5	1.00214121901373
0.125	56.5	-0.00214072928422613
0.375	56.5	-0.00214072920043214
0.625	56.5	-0.00214072903284008
0.875	56.5	-0.00214072878144188
1.125	56.5	-0.00214072844622558
1.375	56.5	-0.00214072802717554
1.625	56.5	-0.00214072752427274
1.875	56.5	-0.00214072693749508
2.125	56.5	-0.00214072626681779
2.375	56.5	-0.00214072551221382
2.625	56.5	-0.00214072467365442
2.875	56.5	-0.0021407237511095
3.125	56.5	-0.0021407227445482
3.375	56.5	-0.00214072165393918
3.625	56.5	-0.00214072047925079
3.875	56.5	-0.00214071922045086
4.125	56.5	-0.00214071787750576
4.375	56.5	-0.00214071645037827
4.625	56.5	-0.00214071493902341
4.875	56.5	-0.00214071334338097
5.125	56.5	-0.00214071166336229
5.375	56.5	-0.00214070989882782
5.625	56.5	-0.00214070804954921
5.875	56.5	-0.00214070611514608
6.125	56.5	-0.00214070409498084
6.375	56.5	-0.00214070198798465
6.625	56.5	-0.00214069979236976
6.875	56.5	-0.00214069750515504
7.125	56.5	-0.00214069512138389
7.375	56.5	-0.00214069263283588
7.625	56.5	-0.00214069002590535
7.875	56.5	-0.00214068727810902
8.125	56.5	-0.00214068435233772
8.375	56.5	-0.0021406811873957
8.625	56.5	-0.00214067768243132
8.875	56.5	-0.00214067367131583
9.125	56.5	-0.00214066888048146
9.375	56.5	-0.00214066285954185
9.625	56.5	-0.00214065486712572
9.875	56.5	-0.00214064368301347
10.125	56.5	-0.00214062729900559
10.375	56.5	-0.00214060241024356
10.625	56.5	-0.00214056357817562
10.875	56.5	-0.00214050185321402
11.125	56.5	-0.00214040250831558
11.375	56.5	-0.00214024130958908
11.625	56.5	-0.00213997837958919
11.875	56.5	-0.00213954809940063
12.125	56.5	-0.00213884249262081
12.375	56.5	-0.00213768388399725
12.625	56.5	-0.00213577991003092
12.875	56.5	-0.00213264949116079
13.125	56.5	-0.00212750102509156
13.375	56.5	-0.00211903197048976
13.625	56.5	-0.00210509910693295
13.875	56.5	-0.00208217606958575
14.125	56.5	-0.00204446105285524
14.375	56.5	-0.00198240943141031
14.625	56.5	-0.00188032161019381
14.875	56.5	-0.00171238038676684
15.125	56.5	-0.00143614816321348
15.375	56.5	-0.000981914540769668
15.625	56.5	-0.000235297206819552
15.875	56.5	0.000991039512963115
16.125	56.5	0.0030029846240228
16.375	56.5	0.00629750981764055
16.625	56.5	0.0116753737918282
16.875	56.5	0.0204092046602437
17.125	56.5	0.0344756703882764
17.375	56.5	0.0568282581663602
17.625	56.5	0.091594346029442
17.875	56.5	0.143882621838683
18.125	56.5	0.21861792455118
18.375	56.5	0.317848187789791
18.625	56.5	0.437165024756671
18.875	56.5	0.564339307064453
19.125	56.5	0.683474357235173
19.375	56.5	0.782421878658609
19.625	56.5	0.856867456747963
19.875	56.5	0.908914823671716
20.125	56.5	0.943503687923944
20.375	56.5	0.965735247928109
20.625	56.5	0.97972273619001
20.875	56.5	0.988406441371636
21.125	56.5	0.993753025189053
21.375	56.5	0.99702822986786
21.625	56.5	0.999028314942919
21.875	56.5	1.00024739772449
22.125	56.5	1.00098958726954
22.375	56.5	1.001441120619
22.625	56.5	1.00171570613507
22.875	56.5	1.0018826423163
23.125	56.5	1.00198411558336
23.375	56.5	1.00204579017951
23.625	56.5	1.00208327263005
23.875	56.5	1.00210605096006
24.125	56.5	1.00211989256495
24.375	56.5	1.00212830289427
24.625	56.5	1.0021334124577
24.875	56.5	1.00213651607293
25.125	56.5	1.00213840064968
25.375	56.5	1.00213954441698
25.625	56.5	1.00214023800718
25.875	56.5	1.00214065804453
26.125	56.5	1.00214091186772
26.375	56.5	1.00214106470897
26.625	56.5	1.00214115621156
26.875	56.5	1.0021412104678
27.125	56.5	1.00214124211934
27.375	56.5	1.00214126006451
27.625	56.5	1.00214126971123
27.875	56.5	1.00214127434624
28.125	56.5	1.00214127596719
28.375	56.5	1.00214127578828
28.625	56.5	1.00214127454756
28.875	56.5	1.00214127269374
29.125	56.5	1.00214127049963
29.375	56.5	1.00214126813116
29.625	56.5	1.00214126568927
29.875	56.5	1.00214126323538
30.125	56.5	1.00214126080693
30.375	56.5	1.0021412584267
30.625	56.5	1.00214125610864
30.875	56.5	1.00214125386122
31.125	56.5	1.00214125168968
31.375	56.5	1.0021412495972
31.625	56.5	1.00214124758575
31.875	56.5	1.00214124565654
32.125	56.5	1.00214124381032
32.375	56.5	1.00214124204755
32.625	56.5	1.00214124036853
32.875	56.5	1.00214123877341
33.125	56.5	1.00214123726229
33.375	56.5	1.00214123583524
33.625	56.5	1.00214123449228
33.875	56.5	1.00214123323341
34.125	56.5	1.00214123205862
34.375	56.5	1.0021412309679
34.625	56.5	1.00214122996122
34.875	56.5	1.00214122903857
35.125	56.5	1.0021412281999
35.375	56.5	1.0021412274452
35.625	56.5	1.00214122677444
35.875	56.5	1.00214122618759
36.125	56.5	1.00214122568462
36.375	56.5	1.00214122526551
36.625	56.5	1.00214122493025
36.875	56.5	1.00214122467883
37.125	56.5	1.00214122451121
37.375	56.5	1.00214122442741
0.125	57.5	-0.00214072522919762
0.375	57.5	-0.00214072514558563
0.625	57.5	-0.00214072497836187
0.875	57.5	-0.00214072472752691
1.125	57.5	-0.00214072439308176
1.375	57.5	-0.00214072397502814
1.625	57.5	-0.00214072347336879
1.875	57.5	-0.00214072288810784
2.125	57.5	-0.00214072221925126
2.375	57.5	-0.00214072146680741
2.625	57.5	-0.00214072063078754
2.875	57.5	-0.00214071971120641
3.125	57.5	-0.00214071870808287
3.375	57.5	-0.00214071762144028
3.625	57.5	-0.00214071645130688
3.875	57.5	-0.0021407151977156
4.125	57.5	-0.00214071386070337
4.375	57.5	-0.00214071244030911
4.625	57.5	-0.0021407109365698
4.875	57.5	-0.00214070934951308
5.125	57.5	-0.00214070767914438
5.375	57.5	-0.00214070592542457
5.625	57.5	-0.00214070408823239
5.875	57.5	-0.0021407021673014
6.125	57.5	-0.00214070016211509
6.375	57.5	-0.00214069807173308
6.625	57.5	-0.00214069589450382
6.875	57.5	-0.00214069362759035
7.125	57.5	-0.00214069126618854
7.375	57.5	-0.00214068880223904
7.625	57.5	-0.00214068622230618
7.875	57.5	-0.00214068350408589
8.125	57.5	-0.00214068061065756
8.375	57.5	-0.00214067748102356
8.625	57.5	-0.00214067401453986
8.875	57.5	-0.00214067004529438
9.125	57.5	-0.00214066529994424
9.375	57.5	-0.00214065932833446
9.625	57.5	-0.00214065138932833
9.875	57.5	-0.00214064026293847
10.125	57.5	-0.00214062394118561
10.375	57.5	-0.00214059911940336
10.625	57.5	-0.00214056035917706
10.875	57.5	-0.00214049871095635
11.125	57.5	-0.00214039944756175
11.375	57.5	-0.00214023833466997
11.625	57.5	-0.00213997549390659
11.875	57.5	-0.00213954530459858
12.125	57.5	-0.002138839787211
12.375	57.5	-0.00213768126108573
12.625	57.5	-0.00213577735356609
12.875	57.5	-0.00213264696974817
13.125	57.5	-0.00212749848180588
13.375	57.5	-0.00211902930610269
13.625	57.5	-0.00210509615231137
13.875	57.5	-0.00208217254028193
14.125	57.5	-0.0020444564744218
14.375	57.5	-0.00198240301661161
14.625	57.5	-0.00188031205723819
14.875	57.5	-0.00171236554803416
15.125	57.5	-0.00143612450208447
15.375	57.5	-0.000981876242976352
15.625	57.5	-0.000235234731863756
15.875	57.5	0.000991141778873837
16.125	57.5	0.00300315213241466
16.375	57.5	0.00629778379253665
16.625	57.5	0.0116758203113613
16.875	57.5	0.0204099278270718
17.125	57.5	0.0344768295297885
17.375	57.5	0.0568300853833482
17.625	57.5	0.0915971512529549
17.875	57.5	0.143886755776537
18.125	57.5	0.218623654911322
18.375	57.5	0.317855473463453
18.625	57.5	0.437173306489088
18.875	57.5	0.564347582237857
19.125	57.5	0.683481626435836
19.375	57.5	0.782427589237838
19.625	57.5	0.856871572812473
19.875	57.5	0.90891761509809
20.125	57.5	0.943505505445165
20.375	57.5	0.96573640063404
20.625	57.5	0.979723455231583
20.875	57.5	0.988406885302805
21.125	57.5	0.993753297561268
21.375	57.5	0.997028396392203
21.625	57.5	0.999028416608032
21.875	57.5	1.00024745983421
22.125	57.5	1.00098962534618
22.375	57.5	1.00144114414683
22.625	57.5	1.00171572089396
22.875	57.5	1.00188265182187
23.125	57.5	1.00198412197045
23.375	57.5	1.00204579474215
23.625	57.5	1.00208327615074
23.875	57.5	1.0021060539104
24.125	57.5	1.00211989522762
24.375	57.5	1.00212830543736
24.625	57.5	1.00213341497979
24.875	57.5	1.00213651863057
25.125	57.5	1.00213840327402
25.375	57.5	1.00213954712395
25.625	57.5	1.00214024080358
25.875	57.5	1.0021406609318
26.125	57.5	1.00214091484419
26.375	57.5	1.00214106777123
26.625	57.5	1.00214115935527
26.875	57.5	1.00214121368818
27.125	57.5	1.00214124541151
27.375	57.5	1.0021412634236
27.625	57.5	1.00214127313252
27.875	57.5	1.0021412778252
28.125	57.5	1.00214127949951
28.375	57.5	1.00214127936988
28.625	57.5	1.0021412781746
28.875	57.5	1.00214127636261
29.125	57.5	1.00214127420694
29.375	57.5	1.00214127187373
29.625	57.5	1.00214126946414
29.875	57.5	1.00214126703979
30.125	57.5	1.0021412646383
30.375	57.5	1.00214126228264
30.625	57.5	1.00214125998691
30.875	57.5	1.00214125775977
31.125	57.5	1.00214125560659
31.375	57.5	1.0021412535307
31.625	57.5	1.0021412515342
31.875	57.5	1.00214124961844
32.125	57.5	1.00214124778429
32.375	57.5	1.00214124603232
32.625	57.5	1.00214124436293
32.875	57.5	1.00214124277637
33.125	57.5	1.00214124127286
33.375	57.5	1.00214123985253
33.625	57.5	1.00214123851549
33.875	57.5	1.00214123726181
34.125	57.5	1.00214123609157
34.375	57.5	1.0021412350048
34.625	57.5	1.00214123400156
34.875	57.5	1.00214123308186
35.125	57.5	1.00214123224572
35.375	57.5	1.00214123149318
35.625	57.5	1.00214123082423
35.875	57.5	1.00214123023888
36.125	57.5	1.00214122973715
36.375	57.5	1.00214122931904
36.625	57.5	1.00214122898455
36.875	57.5	1.00214122873368
37.125	57.5	1.00214122856643
37.375	57.5	1.00214122848281
0.125	58.5	-0.00214072252858502
0.375	58.5	-0.00214072244513577
0.625	58.5	-0.00214072227824048
0.875	58.5	-0.00214072202790566
1.125	58.5	-0.00214072169414126
1.375	58.5	-0.00214072127696098
1.625	58.5	-0.00214072077638253
1.875	58.5	-0.00214072019242814
2.125	58.5	-0.00214071952512498
2.375	58.5	-0.00214071877450578
2.625	58.5	-0.00214071794060939
2.875	58.5	-0.00214071702348147
3.125	58.5	-0.00214071602317513
3.375	58.5	-0.00214071493975146
3.625	58.5	-0.00214071377327991
3.875	58.5	-0.00214071252383831
4.125	58.5	-0.00214071119151221
4.375	58.5	-0.002140709776393
4.625	58.5	-0.00214070827857409
4.875	58.5	-0.0021407066981437
5.125	58.5	-0.00214070503517204
5.375	58.5	-0.00214070328968919
5.625	58.5	-0.00214070146164764
5.875	58.5	-0.00214069955085944
6.125	58.5	-0.00214069755689147
6.375	58.5	-0.00214069547889185
6.625	58.5	-0.00214069331530281
6.875	58.5	-0.00214069106338666
7.125	58.5	-0.00214068871844428
7.375	58.5	-0.00214068627252723
7.625	58.5	-0.00214068371231691
7.875	58.5	-0.00214068101563261
8.125	58.5	-0.00214067814568359
8.375	58.5	-0.00214067504160864
8.625	58.5	-0.00214067160290668
8.875	58.5	-0.00214066766381492
9.125	58.5	-0.00214066295114548
9.375	58.5	-0.00214065701490293
9.625	58.5	-0.00214064911411257
9.875	58.5	-0.00214063802894774
10.125	58.5	-0.00214062175158227
10.375	58.5	-0.00214059697748451
10.625	58.5	-0.00214055826833831
10.875	58.5	-0.00214049667462591
11.125	58.5	-0.00214039746908537
11.375	58.5	-0.00214023641711482
11.625	58.5	-0.00213997363973129
11.875	58.5	-0.00213954351510303
12.125	58.5	-0.00213883806162328
12.375	58.5	-0.00213767959505197
12.625	58.5	-0.00213577573665756
12.875	58.5	-0.00213264538135173
13.125	58.5	-0.00212749688435455
13.375	58.5	-0.00211902763393106
13.625	58.5	-0.00210509429331519
13.875	58.5	-0.00208217030574478
14.125	58.5	-0.00204445354938949
14.375	58.5	-0.00198239887830403
14.625	58.5	-0.00188030584098363
14.875	58.5	-0.00171235582715524
15.125	58.5	-0.00143610892699123
15.375	58.5	-0.000981850950712477
15.625	58.5	-0.000235193383619442
15.875	58.5	0.000991209557219742
16.125	58.5	0.00300326325147928
16.375	58.5	0.00629796564260305
16.625	58.5	0.0116761167963247
16.875	58.5	0.0204104081149516
17.125	58.5	0.0344775994804806
17.375	58.5	0.0568312992074942
17.625	58.5	0.0915990148704084
17.875	58.5	0.143889502195451
18.125	58.5	0.218627461987678
18.375	58.5	0.317860313867838
18.625	58.5	0.43717880863633
18.875	58.5	0.564353079987477
19.125	58.5	0.683486455795543
19.375	58.5	0.782431383051596
19.625	58.5	0.856874307247695
19.875	58.5	0.908919469464805
20.125	58.5	0.943506712768437
20.375	58.5	0.965737166269756
20.625	58.5	0.97972393275354
20.875	58.5	0.988407180052331
21.125	58.5	0.993753478336806
21.375	58.5	0.997028506851543
21.625	58.5	0.999028483983632
21.875	58.5	1.00024750093766
22.125	58.5	1.00098965049026
22.375	58.5	1.00144115963265
22.625	58.5	1.0017157305614
22.875	58.5	1.00188265800645
23.125	58.5	1.00198412609029
23.375	58.5	1.00204579765669
23.625	58.5	1.0020832783796
23.875	58.5	1.0021060557666
24.125	58.5	1.00211989689872
24.375	58.5	1.00212830703476
24.625	58.5	1.00213341656872
24.875	58.5	1.00213652024834
25.125	58.5	1.00213840494109
25.375	58.5	1.00213954885065
25.625	58.5	1.00214024259421
25.875	58.5	1.00214066278711
26.125	58.5	1.00214091676285
26.375	58.5	1.00214106975078
26.625	58.5	1.00214116139263
26.875	58.5	1.00214121578001
27.125	58.5	1.00214124755438
27.375	58.5	1.0021412656141
27.625	58.5	1.00214127536737
27.875	58.5	1.00214128010124
28.125	58.5	1.00214128181373
28.375	58.5	1.00214128171943
28.625	58.5	1.0021412805568
28.875	58.5	1.00214127877493
29.125	58.5	1.00214127664701
29.375	58.5	1.00214127433933
29.625	58.5	1.00214127195319
29.875	58.5	1.00214126955036
30.125	58.5	1.00214126716856
30.375	58.5	1.00214126483091
30.625	58.5	1.00214126255162
30.875	58.5	1.00214126033946
31.125	58.5	1.00214125819989
31.375	58.5	1.00214125613637
31.625	58.5	1.00214125415107
31.875	58.5	1.00214125224544
32.125	58.5	1.00214125042043
32.375	58.5	1.00214124867668
32.625	58.5	1.00214124701467
32.875	58.5	1.00214124543474
33.125	58.5	1.00214124393714
33.375	58.5	1.00214124252207
33.625	58.5	1.0021412411897
33.875	58.5	1.00214123994017
34.125	58.5	1.00214123877358
34.375	58.5	1.00214123769003
34.625	58.5	1.00214123668959
34.875	58.5	1.00214123577234
35.125	58.5	1.00214123493833
35.375	58.5	1.0021412341876
35.625	58.5	1.0021412335202
35.875	58.5	1.00214123293616
36.125	58.5	1.00214123243551
36.375	58.5	1.00214123201827
36.625	58.5	1.00214123168445
36.875	58.5	1.00214123143408
37.125	58.5	1.00214123126716
37.375	58.5	1.0021412311837
0.125	59.5	-0.00214072117918475
0.375	59.5	-0.0021407210958295
0.625	59.5	-0.00214072092912372
0.875	59.5	-0.00214072067907695
1.125	59.5	-0.00214072034570372
1.375	59.5	-0.00214071992902381
1.625	59.5	-0.0021407194290626
1.875	59.5	-0.00214071884585152
2.125	59.5	-0.00214071817942857
2.375	59.5	-0.0021407174298389
2.625	59.5	-0.00214071659713543
2.875	59.5	-0.00214071568137959
3.125	59.5	-0.00214071468264195
3.375	59.5	-0.00214071360100282
3.625	59.5	-0.0021407124365527
3.875	59.5	-0.00214071118939231
4.125	59.5	-0.00214070985963197
4.375	59.5	-0.00214070844738984
4.625	59.5	-0.0021407069527881
4.875	59.5	-0.00214070537594585
5.125	59.5	-0.00214070371696633
5.375	59.5	-0.00214070197591491
5.625	59.5	-0.00214070015278168
5.875	59.5	-0.00214069824741869
6.125	59.5	-0.00214069625943534
6.375	59.5	-0.00214069418802485
6.625	59.5	-0.00214069203167724
6.875	59.5	-0.00214068978770546
7.125	59.5	-0.00214068745146388
7.375	59.5	-0.00214068501506062
7.625	59.5	-0.00214068246523671
7.875	59.5	-0.00214067977987434
8.125	59.5	-0.00214067692224894
8.375	59.5	-0.00214067383156884
8.625	59.5	-0.00214067040740584
8.875	59.5	-0.00214066648407324
9.125	59.5	-0.00214066178846221
9.375	59.5	-0.00214065587065871
9.625	59.5	-0.00214064798977075
9.875	59.5	-0.00214063692605385
10.125	59.5	-0.00214062067176028
10.375	59.5	-0.00214059592242778
10.625	59.5	-0.00214055723979163
10.875	59.5	-0.00214049567435272
11.125	59.5	-0.00214039649881044
11.375	59.5	-0.00214023547842648
11.625	59.5	-0.002139972733917
11.875	59.5	-0.00213954264287484
12.125	59.5	-0.00213883722266244
12.375	59.5	-0.00213767878725545
12.625	59.5	-0.00213577495489432
12.875	59.5	-0.00213264461541219
13.125	59.5	-0.00212749611557295
13.375	59.5	-0.00211902682962475
13.625	59.5	-0.0021050933976333
13.875	59.5	-0.00208216922461277
14.125	59.5	-0.00204445212574771
14.375	59.5	-0.00198239685139818
14.625	59.5	-0.00188030277947124
14.875	59.5	-0.00171235101927778
15.125	59.5	-0.00143610120049744
15.375	59.5	-0.000981838378249214
15.625	59.5	-0.000235172802497365
15.875	59.5	0.000991243323116143
16.125	59.5	0.00300331863964963
16.375	59.5	0.00629805631935367
16.625	59.5	0.011676264667357
16.875	59.5	0.0204106476913313
17.125	59.5	0.0344779835803321
17.375	59.5	0.0568319047728856
17.625	59.5	0.0915999446426168
17.875	59.5	0.143890872429938
18.125	59.5	0.218629361420401
18.375	59.5	0.317862728858168
18.625	59.5	0.437181553782283
18.875	59.5	0.564355822927417
19.125	59.5	0.683488865245439
19.375	59.5	0.782433275831275
19.625	59.5	0.856875671470674
19.875	59.5	0.908920394596458
20.125	59.5	0.94350731507272
20.375	59.5	0.965737548205046
20.625	59.5	0.97972417094244
20.875	59.5	0.98840732705283
21.125	59.5	0.993753568474571
21.375	59.5	0.997028561908816
21.625	59.5	0.999028517547547
21.875	59.5	1.00024752139604
22.125	59.5	1.00098966298844
22.375	59.5	1.00144116731441
22.625	59.5	1.00171573534252
22.875	59.5	1.00188266105213
23.125	59.5	1.00198412810797
23.375	59.5	1.00204579907511
23.625	59.5	1.00208327945793
23.875	59.5	1.00210605666093
24.125	59.5	1.00211989770254
24.375	59.5	1.00212830780356
24.625	59.5	1.00213341733497
24.875	59.5	1.00213652103058
25.125	59.5	1.00213840574945
25.375	59.5	1.00213954969022
25.625	59.5	1.00214024346706
25.875	59.5	1.00214066369354
26.125	59.5	1.00214091770214
26.375	59.5	1.00214107072163
26.625	59.5	1.00214116239346
26.875	59.5	1.00214121680909
27.125	59.5	1.00214124860994
27.375	59.5	1.00214126669441
27.625	59.5	1.00214127647072
27.875	59.5	1.00214128122602
28.125	59.5	1.00214128295839
28.375	59.5	1.00214128288251
28.625	59.5	1.00214128173692
28.875	59.5	1.00214127997079
29.125	59.5	1.0021412778574
29.375	59.5	1.00214127556311
29.625	59.5	1.00214127318928
29.875	59.5	1.00214127079775
30.125	59.5	1.00214126842633
30.375	59.5	1.00214126609818
30.625	59.5	1.00214126382758
30.875	59.5	1.00214126162335
31.125	59.5	1.00214125949102
31.375	59.5	1.00214125743407
31.625	59.5	1.00214125545476
31.875	59.5	1.00214125355455
32.125	59.5	1.00214125173444
32.375	59.5	1.00214124999512
32.625	59.5	1.00214124833709
32.875	59.5	1.00214124676074
33.125	59.5	1.00214124526635
33.375	59.5	1.00214124385416
33.625	59.5	1.00214124252435
33.875	59.5	1.00214124127709
34.125	59.5	1.00214124011252
34.375	59.5	1.00214123903075
34.625	59.5	1.00214123803188
34.875	59.5	1.00214123711599
35.125	59.5	1.00214123628317
35.375	59.5	1.00214123553347
35.625	59.5	1.00214123486694
35.875	59.5	1.00214123428365
36.125	59.5	1.00214123378361
36.375	59.5	1.00214123336687
36.625	59.5	1.00214123303344
36.875	59.5	1.00214123278336
37.125	59.5	1.00214123261663
37.375	59.5	1.00214123253326
