$\phi$
x	y	$\phi$
0.125	0.5	-0.00218332222269961
0.375	0.5	-0.00218336218133628
0.625	0.5	-0.0021834421421963
0.875	0.5	-0.00218356219251336
1.125	0.5	-0.00218372246328858
1.375	0.5	-0.00218392312947141
1.625	0.5	-0.00218416441020125
1.875	0.5	-0.00218444656911023
2.125	0.5	-0.00218476991468758
2.375	0.5	-0.00218513480070617
2.625	0.5	-0.00218554162671196
2.875	0.5	-0.00218599083857713
3.125	0.5	-0.00218648292911766
3.375	0.5	-0.00218701843877636
3.625	0.5	-0.00218759795637239
3.875	0.5	-0.00218822211991821
4.125	0.5	-0.00218889161750522
4.375	0.5	-0.00218960718825917
4.625	0.5	-0.00219036962336632
4.875	0.5	-0.00219117976717117
5.125	0.5	-0.00219203851834615
5.375	0.5	-0.0021929468311328
5.625	0.5	-0.00219390571665269
5.875	0.5	-0.002194916244284
6.125	0.5	-0.00219597954309566
6.375	0.5	-0.00219709680332486
6.625	0.5	-0.00219826927787262
6.875	0.5	-0.00219949828377458
7.125	0.5	-0.00220078520357511
7.375	0.5	-0.00220213148648433
7.625	0.5	-0.00220353864911879
7.875	0.5	-0.00220500827549564
8.125	0.5	-0.00220654201573567
8.375	0.5	-0.0022081415825769
8.625	0.5	-0.002209808744219
8.875	0.5	-0.00221154531106157
9.125	0.5	-0.00221335311232527
9.375	0.5	-0.00221523395595416
9.625	0.5	-0.00221718956093633
9.875	0.5	-0.00221922144416872
10.125	0.5	-0.00222133073245743
10.375	0.5	-0.00222351785126817
10.625	0.5	-0.00222578201062088
10.875	0.5	-0.00222812035715856
11.125	0.5	-0.00223052657691472
11.375	0.5	-0.00223298859427507
11.625	0.5	-0.00223548478389423
11.875	0.5	-0.00223797773600952
12.125	0.5	-0.0022404039964641
12.375	0.5	-0.00224265718415156
12.625	0.5	-0.00224456021279836
12.875	0.5	-0.00224581958705802
13.125	0.5	-0.00224595020749411
13.375	0.5	-0.00224415165850092
13.625	0.5	-0.00223910468256816
13.875	0.5	-0.00222863636668407
14.125	0.5	-0.00220916939911918
14.375	0.5	-0.00217481626779933
14.625	0.5	-0.00211588985132621
14.875	0.5	-0.0020164553487317
15.125	0.5	-0.0018503091265561
15.375	0.5	-0.00157438077407013
15.625	0.5	-0.00111792644628324
15.875	0.5	-0.000364881100304547
16.125	0.5	0.000874819891208041
16.375	0.5	0.00291146372847682
16.625	0.5	0.00624903850450685
16.875	0.5	0.0116993050034416
17.125	0.5	0.0205516400187854
17.375	0.5	0.0348069066079736
17.625	0.5	0.0574502666624905
17.875	0.5	0.0926426086546974
18.125	0.5	0.145509391335495
18.375	0.5	0.220937728305507
18.625	0.5	0.320839723482524
18.875	0.5	0.440582004764011
19.125	0.5	0.567745793325963
19.375	0.5	0.686439349947311
19.625	0.5	0.784709351021847
19.875	0.5	0.858464362061656
20.125	0.5	0.909939297104456
20.375	0.5	0.944108224048748
20.625	0.5	0.966054136049302
20.875	0.5	0.979856507695245
21.125	0.5	0.988424178597496
21.375	0.5	0.993699938648841
21.625	0.5	0.996933062191313
21.875	0.5	0.99890901438185
22.125	0.5	1.00011503879725
22.375	0.5	1.00085094059417
22.625	0.5	1.00130028889563
22.875	0.5	1.00157514839329
23.125	0.5	1.00174380898521
23.375	0.5	1.0018478400361
23.625	0.5	1.00191252933819
23.875	0.5	1.0019532545296
24.125	0.5	1.00197936513994
24.375	0.5	1.00199654539067
24.625	0.5	1.00200825138651
24.875	0.5	1.00201658495571
25.125	0.5	1.00202282483496
25.375	0.5	1.0020277495158
25.625	0.5	1.00203183344864
25.875	0.5	1.00203536627601
26.125	0.5	1.0020385252888
26.375	0.5	1.00204141945635
26.625	0.5	1.00204411618301
26.875	0.5	1.00204665756813
27.125	0.5	1.00204907028794
27.375	0.5	1.00205137160176
27.625	0.5	1.00205357300312
27.875	0.5	1.00205568243982
28.125	0.5	1.00205770566442
28.375	0.5	1.00205964705621
28.625	0.5	1.00206151012206
28.875	0.5	1.00206329780204
29.125	0.5	1.00206501265633
29.375	0.5	1.00206665698004
29.625	0.5	1.00206823287409
29.875	0.5	1.00206974228932
30.125	0.5	1.00207118705434
30.375	0.5	1.00207256889349
30.625	0.5	1.00207388943857
30.875	0.5	1.00207515023692
31.125	0.5	1.00207635275718
31.375	0.5	1.00207749839351
31.625	0.5	1.00207858846898
31.875	0.5	1.0020796242383
32.125	0.5	1.00208060689016
32.375	0.5	1.00208153754928
32.625	0.5	1.00208241727825
32.875	0.5	1.00208324707923
33.125	0.5	1.00208402789548
33.375	0.5	1.00208476061278
33.625	0.5	1.00208544606079
33.875	0.5	1.00208608501426
34.125	0.5	1.00208667819418
34.375	0.5	1.00208722626886
34.625	0.5	1.00208772985485
34.875	0.5	1.00208818951794
35.125	0.5	1.0020886057739
35.375	0.5	1.00208897908925
35.625	0.5	1.00208930988198
35.875	0.5	1.0020895985221
36.125	0.5	1.00208984533224
36.375	0.5	1.00209005058805
36.625	0.5	1.00209021451863
36.875	0.5	1.00209033730689
37.125	0.5	1.00209041908975
37.375	0.5	1.00209045995841
0.125	1.5	-0.00218267127694583
0.375	1.5	-0.0021827105164146
0.625	1.5	-0.00218278903794264
0.875	1.5	-0.00218290692676969
1.125	1.5	-0.00218306431090192
1.375	1.5	-0.002183261361288
1.625	1.5	-0.0021834982920543
1.875	1.5	-0.00218377536079957
2.125	1.5	-0.00218409286894955
2.375	1.5	-0.00218445116217217
2.625	1.5	-0.00218485063085393
2.875	1.5	-0.00218529171063824
3.125	1.5	-0.00218577488302655
3.375	1.5	-0.00218630067604321
3.625	1.5	-0.00218686966496489
3.875	1.5	-0.00218748247311585
4.125	1.5	-0.00218813977272988
4.375	1.5	-0.00218884228588025
4.625	1.5	-0.00218959078547838
4.875	1.5	-0.00219038609634228
5.125	1.5	-0.00219122909633481
5.375	1.5	-0.00219212071757142
5.625	1.5	-0.00219306194769554
5.875	1.5	-0.00219405383121724
6.125	1.5	-0.00219509747090739
6.375	1.5	-0.00219619402923245
6.625	1.5	-0.00219734472980474
6.875	1.5	-0.00219855085880496
7.125	1.5	-0.00219981376630446
7.375	1.5	-0.00220113486736627
7.625	1.5	-0.00220251564272419
7.875	1.5	-0.00220395763870808
8.125	1.5	-0.00220546246586742
8.375	1.5	-0.00220703179538959
8.625	1.5	-0.00220866735182487
8.875	1.5	-0.00221037089966717
9.125	1.5	-0.00221214421975678
9.375	1.5	-0.002213989068866
9.625	1.5	-0.00221590711154319
9.875	1.5	-0.00221789980623984
10.125	1.5	-0.00221996821614555
10.375	1.5	-0.00222211269607134
10.625	1.5	-0.0022243323753249
10.875	1.5	-0.00222662430486588
11.125	1.5	-0.00222898205204591
11.375	1.5	-0.00223139338642139
11.625	1.5	-0.00223383647009783
11.875	1.5	-0.00223627358761436
12.125	1.5	-0.00223864082774279
12.375	1.5	-0.00224083110520938
12.625	1.5	-0.00224266622506673
12.875	1.5	-0.00224385091990121
13.125	1.5	-0.00224389722900823
13.375	1.5	-0.00224200008595391
13.625	1.5	-0.002236832640956
13.875	1.5	-0.0022262095529725
14.125	1.5	-0.00220653313179083
14.375	1.5	-0.00217188241669141
14.625	1.5	-0.00211251535630398
14.875	1.5	-0.00201240693105952
15.125	1.5	-0.00184520536556106
15.375	1.5	-0.00156759716041157
15.625	1.5	-0.00110844009821209
15.875	1.5	-0.000351017746841978
16.125	1.5	0.000895795621147135
16.375	1.5	0.00294400489718327
16.625	1.5	0.00630034973918478
16.875	1.5	0.0117809215320316
17.125	1.5	0.0206817101271349
17.375	1.5	0.0350131533944973
17.625	1.5	0.057772958815416
17.875	1.5	0.0931352556933934
18.125	1.5	0.146231968423152
18.375	1.5	0.221934780218352
18.625	1.5	0.322101229328747
18.875	1.5	0.442008476117205
19.125	1.5	0.569163696190919
19.375	1.5	0.687679204965962
19.625	1.5	0.785680104131228
19.875	1.5	0.859162794663092
20.125	1.5	0.910412940274632
20.375	1.5	0.94441726278161
20.625	1.5	0.966251098396147
20.875	1.5	0.979980470124449
21.125	1.5	0.988501855652715
21.375	1.5	0.993748737223972
21.625	1.5	0.996964009464663
21.875	1.5	0.998928980041474
22.125	1.5	1.0001282599865
22.375	1.5	1.00086001535313
22.625	1.5	1.00130680487873
22.875	1.5	1.00158007415278
23.125	1.5	1.00174773508717
23.375	1.5	1.00185112676262
23.625	1.5	1.00191539684389
23.875	1.5	1.0019558377539
24.125	1.5	1.00198174720931
24.375	1.5	1.00199877792095
24.625	1.5	1.00201036681735
24.875	1.5	1.00201860404267
25.125	1.5	1.00202476120004
25.375	1.5	1.00202961241164
25.625	1.5	1.00203362943812
25.875	1.5	1.00203710025341
26.125	1.5	1.00204020110114
26.375	1.5	1.00204304028209
26.625	1.5	1.0020456847633
26.875	1.5	1.00204817634862
27.125	1.5	1.00205054150619
27.375	1.5	1.00205279734157
27.625	1.5	1.00205495522879
27.875	1.5	1.0020570230181
28.125	1.5	1.002059006379
28.375	1.5	1.00206090961765
28.625	1.5	1.00206273617481
28.875	1.5	1.00206448892975
29.125	1.5	1.00206617038606
29.375	1.5	1.00206778278576
29.625	1.5	1.00206932817965
29.875	1.5	1.00207080847117
30.125	1.5	1.00207222544405
30.375	1.5	1.00207358077997
30.625	1.5	1.00207487607029
30.875	1.5	1.002076112824
31.125	1.5	1.0020772924733
31.375	1.5	1.00207841637787
31.625	1.5	1.00207948582807
31.875	1.5	1.0020805020477
32.125	1.5	1.00208146619619
32.375	1.5	1.00208237937068
32.625	1.5	1.00208324260775
32.875	1.5	1.00208405688508
33.125	1.5	1.00208482312293
33.375	1.5	1.00208554218556
33.625	1.5	1.0020862148825
33.875	1.5	1.00208684196973
34.125	1.5	1.00208742415082
34.375	1.5	1.00208796207793
34.625	1.5	1.00208845635279
34.875	1.5	1.00208890752756
35.125	1.5	1.00208931610562
35.375	1.5	1.00208968254232
35.625	1.5	1.00209000724562
35.875	1.5	1.0020902905767
36.125	1.5	1.00209053285044
36.375	1.5	1.00209073433592
36.625	1.5	1.00209089525679
36.875	1.5	1.00209101579156
37.125	1.5	1.00209109607391
37.375	1.5	1.00209113619285
0.125	2.5	-0.00218138122442744
0.375	2.5	-0.00218141904203528
0.625	2.5	-0.00218149471787579
0.875	2.5	-0.00218160833325419
1.125	2.5	-0.00218176001026693
1.375	2.5	-0.00218194991196824
1.625	2.5	-0.00218217824259261
1.875	2.5	-0.00218244524783349
2.125	2.5	-0.00218275121517869
2.375	2.5	-0.00218309647430313
2.625	2.5	-0.00218348139751941
2.875	2.5	-0.00218390640028699
3.125	2.5	-0.00218437194178086
3.375	2.5	-0.00218487852552033
3.625	2.5	-0.00218542670005905
3.875	2.5	-0.0021860170597372
4.125	2.5	-0.00218665024549677
4.375	2.5	-0.0021873269457611
4.625	2.5	-0.00218804789737943
4.875	2.5	-0.00218881388663726
5.125	2.5	-0.00218962575033264
5.375	2.5	-0.00219048437691781
5.625	2.5	-0.00219139070770424
5.875	2.5	-0.0021923457381266
6.125	2.5	-0.00219335051905753
6.375	2.5	-0.00219440615815819
6.625	2.5	-0.00219551382123893
6.875	2.5	-0.00219667473358619
7.125	2.5	-0.0021978901811823
7.375	2.5	-0.00219916151169544
7.625	2.5	-0.00220049013503697
7.875	2.5	-0.00220187752315003
8.125	2.5	-0.00220332520847537
8.375	2.5	-0.00220483478018052
8.625	2.5	-0.0022064078766473
8.875	2.5	-0.00220804617173912
9.125	2.5	-0.00220975135076871
9.375	2.5	-0.00221152506945262
9.625	2.5	-0.00221336888480483
9.875	2.5	-0.00221528413979218
10.125	2.5	-0.00221727177184376
10.375	2.5	-0.00221933199600801
10.625	2.5	-0.00222146378180087
10.875	2.5	-0.00222366399055276
11.125	2.5	-0.0022259259541231
11.375	2.5	-0.00222823713446286
11.625	2.5	-0.00223057527089023
11.875	2.5	-0.00223290203924054
12.125	2.5	-0.00223515261741846
12.375	2.5	-0.00223721851600108
12.625	2.5	-0.00223891932832187
12.875	2.5	-0.00223995625077256
13.125	2.5	-0.00223983561177751
13.375	2.5	-0.00223774306094359
13.625	2.5	-0.00223233659143342
13.875	2.5	-0.0022214060495592
14.125	2.5	-0.00220131305749707
14.375	2.5	-0.00216606986890233
14.625	2.5	-0.00210582475325413
14.875	2.5	-0.00200437254778589
15.125	2.5	-0.00183506567332338
15.375	2.5	-0.00155410524092989
15.625	2.5	-0.00108955358973227
15.875	2.5	-0.000323393680165295
16.125	2.5	0.0009376187391374
16.375	2.5	0.0030089175786037
16.625	2.5	0.00640273427057768
16.875	2.5	0.0119438003449535
17.125	2.5	0.0209412910696821
17.375	2.5	0.0354247125429886
17.625	2.5	0.0584166988625309
17.875	2.5	0.0941175393787689
18.125	2.5	0.147671528099938
18.375	2.5	0.22391874254798
18.625	2.5	0.324607216925802
18.875	2.5	0.444836358541419
19.125	2.5	0.571968432463513
19.375	2.5	0.690126805541992
19.625	2.5	0.787593370570778
19.875	2.5	0.860537734222641
20.125	2.5	0.911344630829592
20.375	2.5	0.945024868673593
20.625	2.5	0.966638241117163
20.875	2.5	0.98022409431412
21.125	2.5	0.988654511431465
21.375	2.5	0.993844646045721
21.625	2.5	0.997024843331623
21.875	2.5	0.998968237629308
22.125	2.5	1.00015426628557
22.375	2.5	1.00087787465118
22.625	2.5	1.00131963633572
22.875	2.5	1.00158978062372
23.125	2.5	1.00175547683885
23.375	2.5	1.00185761164806
23.625	2.5	1.00192105741996
23.875	2.5	1.00196093915965
24.125	2.5	1.00198645278739
24.375	2.5	1.0020031891038
24.625	2.5	1.00201454736018
24.875	2.5	1.0020225947432
25.125	2.5	1.00202858883917
25.375	2.5	1.00203329518459
25.625	2.5	1.00203718025464
25.875	2.5	1.00204052874421
26.125	2.5	1.00204351483886
26.375	2.5	1.00204624552536
26.625	2.5	1.00204878691128
26.875	2.5	1.00205118021959
27.125	2.5	1.00205345150934
27.375	2.5	1.00205561758382
27.625	2.5	1.00205768958201
27.875	2.5	1.00205967516238
28.125	2.5	1.00206157983106
28.375	2.5	1.00206340775028
28.625	2.5	1.0020651622308
28.875	2.5	1.00206684603228
29.125	2.5	1.00206846154695
29.375	2.5	1.00207001091232
29.625	2.5	1.00207149608062
29.875	2.5	1.00207291886201
30.125	2.5	1.0020742809518
30.375	2.5	1.00207558394781
30.625	2.5	1.00207682936179
30.875	2.5	1.00207801862717
31.125	2.5	1.00207915310451
31.375	2.5	1.00208023408553
31.625	2.5	1.00208126279628
31.875	2.5	1.00208224039962
32.125	2.5	1.00208316799746
32.375	2.5	1.00208404663257
32.625	2.5	1.00208487729033
32.875	2.5	1.00208566090021
33.125	2.5	1.00208639833723
33.375	2.5	1.00208709042323
33.625	2.5	1.00208773792808
33.875	2.5	1.00208834157082
34.125	2.5	1.0020889020207
34.375	2.5	1.00208941989813
34.625	2.5	1.00208989577559
34.875	2.5	1.00209033017842
35.125	2.5	1.00209072358562
35.375	2.5	1.0020910764305
35.625	2.5	1.00209138910129
35.875	2.5	1.00209166194172
36.125	2.5	1.00209189525149
36.375	2.5	1.0020920892867
36.625	2.5	1.00209224426023
36.875	2.5	1.002092360342
37.125	2.5	1.00209243765925
37.375	2.5	1.00209247629671
0.125	3.5	-0.00217947547102398
0.375	3.5	-0.00217951119658489
0.625	3.5	-0.00217958268544904
0.875	3.5	-0.00217969001315192
1.125	3.5	-0.00217983329312381
1.375	3.5	-0.00218001267684227
1.625	3.5	-0.00218022835403595
1.875	3.5	-0.00218048055293986
2.125	3.5	-0.00218076954060265
2.375	3.5	-0.00218109562324632
2.625	3.5	-0.0021814591466789
2.875	3.5	-0.00218186049676098
3.125	3.5	-0.00218230009992648
3.375	3.5	-0.00218277842375873
3.625	3.5	-0.00218329597762246
3.875	3.5	-0.00218385331335279
4.125	3.5	-0.00218445102600201
4.375	3.5	-0.00218508975464507
4.625	3.5	-0.00218577018324459
4.875	3.5	-0.00218649304157597
5.125	3.5	-0.00218725910621251
5.375	3.5	-0.00218806920156994
5.625	3.5	-0.00218892420100804
5.875	3.5	-0.00218982502798478
6.125	3.5	-0.00219077265725432
6.375	3.5	-0.0021917681160936
6.625	3.5	-0.00219281248553111
6.875	3.5	-0.00219390690153306
7.125	3.5	-0.00219505255607205
7.375	3.5	-0.00219625069795347
7.625	3.5	-0.00219750263319291
7.875	3.5	-0.00219880972460299
8.125	3.5	-0.00220017339002573
8.375	3.5	-0.00220159509828159
8.625	3.5	-0.00220307636130441
8.875	3.5	-0.00220461871994273
9.125	3.5	-0.00220622371927985
9.375	3.5	-0.0022078928666472
9.625	3.5	-0.00220962756109979
9.875	3.5	-0.00221142897587397
10.125	3.5	-0.0022132978634226
10.375	3.5	-0.00221523423300346
10.625	3.5	-0.00221723681851862
10.875	3.5	-0.00221930220119874
11.125	3.5	-0.0022214233643585
11.375	3.5	-0.00222358731371072
11.625	3.5	-0.00222577116024442
11.875	3.5	-0.00222793567360571
12.125	3.5	-0.00223001467382099
12.375	3.5	-0.00223189757610346
12.625	3.5	-0.00223340067094118
12.875	3.5	-0.00223421987138211
13.125	3.5	-0.00223385297052547
13.375	3.5	-0.00223147173928303
13.625	3.5	-0.0022257115089056
13.875	3.5	-0.00221432502342858
14.125	3.5	-0.00219361306043286
14.375	3.5	-0.00215748799642429
14.625	3.5	-0.00209593407056185
14.875	3.5	-0.00199247670022654
15.125	3.5	-0.00182002589936572
15.375	3.5	-0.00153405682605177
15.625	3.5	-0.00106144217276943
15.875	3.5	-0.000282219849514223
16.125	3.5	0.00100002228658082
16.375	3.5	0.00310584463356895
16.625	3.5	0.00655568610341031
16.875	3.5	0.0121871830399312
17.125	3.5	0.021329183047843
17.375	3.5	0.0360395857633731
17.625	3.5	0.0593779984973344
17.875	3.5	0.0955831463055389
18.125	3.5	0.149816491223721
18.375	3.5	0.226868899770803
18.625	3.5	0.328323334724561
18.875	3.5	0.449015635532213
19.125	3.5	0.576098573581495
19.375	3.5	0.693719145275527
19.625	3.5	0.790394045961266
19.875	3.5	0.86254656089778
20.125	3.5	0.91270412830434
20.375	3.5	0.94591076815433
20.625	3.5	0.967202445422237
20.875	3.5	0.980579064808572
21.125	3.5	0.988876929213395
21.375	3.5	0.993984400540466
21.625	3.5	0.997113512001247
21.875	3.5	0.999025482958274
22.125	3.5	1.00019221266917
22.375	3.5	1.0009039553072
22.625	3.5	1.00133839347108
22.875	3.5	1.00160398523813
23.125	3.5	1.00176681859281
23.375	3.5	1.00186712140812
23.625	3.5	1.00192936516587
23.875	3.5	1.00196843106999
24.125	3.5	1.00199336679503
24.375	3.5	1.0020096729783
24.625	3.5	1.00202069399734
24.875	3.5	1.00202846360155
25.125	3.5	1.00203421896097
25.375	3.5	1.00203871310593
25.625	3.5	1.0020424048122
25.875	3.5	1.00204557399776
26.125	3.5	1.00204839184975
26.375	3.5	1.00205096344043
26.625	3.5	1.00205335362491
26.875	3.5	1.00205560277964
27.125	3.5	1.00205773636737
27.375	3.5	1.00205977075069
27.625	3.5	1.00206171672593
27.875	3.5	1.0020635816718
28.125	3.5	1.00206537085614
28.375	3.5	1.00206708823125
28.625	3.5	1.00206873691814
28.875	3.5	1.00207031950193
29.125	3.5	1.00207183821236
29.375	3.5	1.00207329503436
29.625	3.5	1.00207469177627
29.875	3.5	1.00207603011207
30.125	3.5	1.00207731160799
30.375	3.5	1.00207853773936
30.625	3.5	1.00207970990168
30.875	3.5	1.00208082941805
31.125	3.5	1.00208189754437
31.375	3.5	1.00208291547313
31.625	3.5	1.00208388433636
31.875	3.5	1.00208480520798
32.125	3.5	1.00208567910578
32.375	3.5	1.00208650699316
32.625	3.5	1.00208728978063
32.875	3.5	1.00208802832727
33.125	3.5	1.00208872344192
33.375	3.5	1.00208937588445
33.625	3.5	1.0020899863668
33.875	3.5	1.00209055555399
34.125	3.5	1.00209108406511
34.375	3.5	1.00209157247415
34.625	3.5	1.00209202131081
34.875	3.5	1.00209243106128
35.125	3.5	1.00209280216887
35.375	3.5	1.00209313503468
35.625	3.5	1.00209343001809
35.875	3.5	1.00209368743734
36.125	3.5	1.00209390756992
36.375	3.5	1.00209409065295
36.625	3.5	1.00209423688356
36.875	3.5	1.00209434641911
37.125	3.5	1.00209441937743
37.375	3.5	1.00209445583699
0.125	4.5	-0.00217698845262659
0.375	4.5	-0.00217702146361989
0.625	4.5	-0.00217708751962669
0.875	4.5	-0.00217718668873223
1.125	4.5	-0.00217731907317635
1.375	4.5	-0.00217748480948792
1.625	4.5	-0.00217768406866451
1.875	4.5	-0.0021779170563974
2.125	4.5	-0.00217818401334244
2.375	4.5	-0.00217848521543713
2.625	4.5	-0.0021788209742644
2.875	4.5	-0.00217919163746381
3.125	4.5	-0.00217959758919061
3.375	4.5	-0.00218003925062351
3.625	4.5	-0.00218051708052174
3.875	4.5	-0.00218103157583227
4.125	4.5	-0.00218158327234791
4.375	4.5	-0.00218217274541715
4.625	4.5	-0.00218280061070613
4.875	4.5	-0.00218346752501346
5.125	4.5	-0.00218417418713735
5.375	4.5	-0.00218492133879432
5.625	4.5	-0.00218570976558695
5.875	4.5	-0.00218654029801558
6.125	4.5	-0.00218741381252508
6.375	4.5	-0.00218833123257067
6.625	4.5	-0.00218929352967555
6.875	4.5	-0.00219030172443433
7.125	4.5	-0.00219135688738549
7.375	4.5	-0.00219246013962488
7.625	4.5	-0.00219361265294904
7.875	4.5	-0.00219481564917868
8.125	4.5	-0.00219607039808617
8.375	4.5	-0.00219737821297753
8.625	4.5	-0.00219874044236463
8.875	4.5	-0.0022001584551532
9.125	4.5	-0.00220163361510871
9.375	4.5	-0.00220316723762639
9.625	4.5	-0.00220476051733036
9.875	4.5	-0.00220641440762109
10.125	4.5	-0.00220812942110679
10.375	4.5	-0.00220990529980918
10.625	4.5	-0.00221174047105625
10.875	4.5	-0.00221363115071821
11.125	4.5	-0.00221556986617986
11.375	4.5	-0.00221754302458468
11.625	4.5	-0.00221952691027168
11.875	4.5	-0.00222148109781689
12.125	4.5	-0.00222333761310053
12.375	4.5	-0.0022249830988704
12.625	4.5	-0.0022262294711353
12.875	4.5	-0.00222676564060229
13.125	4.5	-0.00222607808276047
13.375	4.5	-0.00222332016002879
13.625	4.5	-0.00221709713889771
13.875	4.5	-0.00220511253395066
14.125	4.5	-0.00218358638232805
14.375	4.5	-0.00214629851427685
14.625	4.5	-0.00208301547377879
14.875	4.5	-0.00197690510058216
15.125	4.5	-0.00180029022842591
15.375	4.5	-0.00150768250193621
15.625	4.5	-0.00102437571598166
15.875	4.5	-0.000227826511942506
16.125	4.5	0.00108258070368304
16.375	4.5	0.00323420672463254
16.625	4.5	0.00675837250876616
16.875	4.5	0.0125098098416814
17.125	4.5	0.0218433876486682
17.375	4.5	0.0368544595642854
17.625	4.5	0.0606511388824099
17.875	4.5	0.0975218976949328
18.125	4.5	0.152648553040943
18.375	4.5	0.230753160428949
18.625	4.5	0.33319738356856
18.875	4.5	0.45447162898304
19.125	4.5	0.58146379392242
19.375	4.5	0.698364714359867
19.625	4.5	0.794002824902299
19.875	4.5	0.865128320420652
20.125	4.5	0.914448358599642
20.375	4.5	0.947046155840341
20.625	4.5	0.967925098320871
20.875	4.5	0.98103359185887
21.125	4.5	0.98916171391287
21.375	4.5	0.994163371671466
21.625	4.5	0.997227104065288
21.875	4.5	0.999098863242445
22.125	4.5	1.00024089655104
22.375	4.5	1.0009374539207
22.625	4.5	1.00136251854674
22.875	4.5	1.00162228227128
23.125	4.5	1.00178144957602
23.375	4.5	1.00187940545037
23.625	4.5	1.00194010845545
23.875	4.5	1.00197812784785
24.125	4.5	1.00200232161034
24.375	4.5	1.00201807500313
24.625	4.5	1.00202866218074
24.875	4.5	1.00203607409969
25.125	4.5	1.00204152179971
25.375	4.5	1.0020457423038
25.625	4.5	1.00204918453213
25.875	4.5	1.0020521222876
26.125	4.5	1.00205472291867
26.375	4.5	1.00205708904633
26.625	4.5	1.00205928392198
26.875	4.5	1.00206134683794
27.125	4.5	1.00206330249321
27.375	4.5	1.00206516668584
27.625	4.5	1.00206694977307
27.875	4.5	1.00206865877506
28.125	4.5	1.00207029865426
28.375	4.5	1.00207187309375
28.625	4.5	1.00207338497127
28.875	4.5	1.00207483664809
29.125	4.5	1.00207623014546
29.375	4.5	1.00207756725259
29.625	4.5	1.00207884959318
29.875	4.5	1.00208007866647
30.125	4.5	1.00208125587298
30.375	4.5	1.00208238253083
30.625	4.5	1.00208345988628
30.875	4.5	1.00208448912076
31.125	4.5	1.00208547135579
31.375	4.5	1.0020864076564
31.625	4.5	1.00208729903391
31.875	4.5	1.00208814644794
32.125	4.5	1.00208895080826
32.375	4.5	1.00208971297625
32.625	4.5	1.00209043376629
32.875	4.5	1.00209111394692
33.125	4.5	1.00209175424202
33.375	4.5	1.00209235533177
33.625	4.5	1.00209291785363
33.875	4.5	1.00209344240322
34.125	4.5	1.00209392953512
34.375	4.5	1.00209437976366
34.625	4.5	1.00209479356356
34.875	4.5	1.00209517137064
35.125	4.5	1.00209551358234
35.375	4.5	1.00209582055831
35.625	4.5	1.00209609262089
35.875	4.5	1.00209633005549
36.125	4.5	1.00209653311104
36.375	4.5	1.00209670200028
36.625	4.5	1.00209683690007
36.875	4.5	1.00209693795161
37.125	4.5	1.00209700526064
37.375	4.5	1.00209703889756
0.125	5.5	-0.00217396484793191
0.375	5.5	-0.00217399458337852
0.625	5.5	-0.00217405408383001
0.875	5.5	-0.00217414340844055
1.125	5.5	-0.00217426264603528
1.375	5.5	-0.00217441191522315
1.625	5.5	-0.00217459136454759
1.875	5.5	-0.00217480117267524
2.125	5.5	-0.00217504154862314
2.375	5.5	-0.00217531273202468
2.625	5.5	-0.00217561499343475
2.875	5.5	-0.00217594863467452
3.125	5.5	-0.00217631398921651
3.375	5.5	-0.00217671142261034
3.625	5.5	-0.00217714133294987
3.875	5.5	-0.00217760415138225
4.125	5.5	-0.00217810034265965
4.375	5.5	-0.00217863040573405
4.625	5.5	-0.00217919487439569
4.875	5.5	-0.00217979431795513
5.125	5.5	-0.00218042934196874
5.375	5.5	-0.00218110058900613
5.625	5.5	-0.0021818087394568
5.875	5.5	-0.00218255451237058
6.125	5.5	-0.00218333866632236
6.375	5.5	-0.00218416200028422
6.625	5.5	-0.00218502535447691
6.875	5.5	-0.00218592961115291
7.125	5.5	-0.00218687569523188
7.375	5.5	-0.00218786457465703
7.625	5.5	-0.00218889726025479
7.875	5.5	-0.00218997480473894
8.125	5.5	-0.00219109830026723
8.375	5.5	-0.0021922688735755
8.625	5.5	-0.00219348767708365
8.875	5.5	-0.0021947558733306
9.125	5.5	-0.0021960746083884
9.375	5.5	-0.00219744496709776
9.625	5.5	-0.00219886789834734
9.875	5.5	-0.00220034409101838
10.125	5.5	-0.00220187376871162
10.375	5.5	-0.00220345635080028
10.625	5.5	-0.00220508989350553
10.875	5.5	-0.00220677016900492
11.125	5.5	-0.00220848914896753
11.375	5.5	-0.00221023250818001
11.625	5.5	-0.0022119755159426
11.875	5.5	-0.00221367627492252
12.125	5.5	-0.00221526459591524
12.375	5.5	-0.0022166236926395
12.625	5.5	-0.00221756006387706
12.875	5.5	-0.00221775394136325
13.125	5.5	-0.00221667776493129
13.375	5.5	-0.00221346205854969
13.625	5.5	-0.00220667477900128
13.875	5.5	-0.0021939583369623
14.125	5.5	-0.00217143254100913
14.375	5.5	-0.00213271266734854
14.625	5.5	-0.00206729497660482
14.875	5.5	-0.00195790333094398
15.125	5.5	-0.00177613148772256
15.375	5.5	-0.00147529474008742
15.625	5.5	-0.000978726514378708
15.875	5.5	-0.000160678853073714
16.125	5.5	0.00118468131892494
16.375	5.5	0.00339315268162552
16.625	5.5	0.00700955006433311
16.875	5.5	0.0129097805505004
17.125	5.5	0.0224808821084529
17.375	5.5	0.0378643476551609
17.625	5.5	0.0622276243470077
17.875	5.5	0.0999189636446643
18.125	5.5	0.156141669680178
18.375	5.5	0.235527008826371
18.625	5.5	0.339158743429131
18.875	5.5	0.461105640638023
19.125	5.5	0.587947149096443
19.375	5.5	0.703947001572096
19.625	5.5	0.798319981911836
19.875	5.5	0.86820701597504
20.125	5.5	0.916523914233295
20.375	5.5	0.948395437261159
20.625	5.5	0.968783244569177
20.875	5.5	0.981573148900322
21.125	5.5	0.989499755629206
21.375	5.5	0.994375854641632
21.625	5.5	0.997362027861322
21.875	5.5	0.99918608889793
22.125	5.5	1.00029882811331
22.375	5.5	1.00097737182336
22.625	5.5	1.00139131531053
22.875	5.5	1.001644162756
23.125	5.5	1.00179897794548
23.375	5.5	1.00189414629285
23.625	5.5	1.00195301806866
23.875	5.5	1.00198979256266
24.125	5.5	1.00201310277164
24.375	5.5	1.0020281971027
24.625	5.5	1.0020382664105
24.875	5.5	1.00204525088628
25.125	5.5	1.00205033056923
25.375	5.5	1.00205422349013
25.625	5.5	1.00205736687506
25.875	5.5	1.0020600272706
26.125	5.5	1.00206236746987
26.375	5.5	1.00206448718477
26.625	5.5	1.00206644776329
26.875	5.5	1.002068287211
27.125	5.5	1.00207002932027
27.375	5.5	1.00207168921892
27.625	5.5	1.00207327674288
27.875	5.5	1.00207479848653
28.125	5.5	1.00207625904953
28.375	5.5	1.0020776617952
28.625	5.5	1.0020790093122
28.875	5.5	1.00208030369576
29.125	5.5	1.00208154671931
29.375	5.5	1.00208273993941
29.625	5.5	1.00208388476018
29.875	5.5	1.00208498247302
30.125	5.5	1.00208603428139
30.375	5.5	1.00208704131633
30.625	5.5	1.00208800464654
30.875	5.5	1.00208892528487
31.125	5.5	1.00208980419284
31.375	5.5	1.00209064228382
31.625	5.5	1.00209144042533
31.875	5.5	1.00209219944096
32.125	5.5	1.00209292011179
32.375	5.5	1.00209360317772
32.625	5.5	1.00209424933858
32.875	5.5	1.00209485925509
33.125	5.5	1.00209543354985
33.375	5.5	1.00209597280811
33.625	5.5	1.00209647757859
33.875	5.5	1.00209694837415
34.125	5.5	1.00209738567253
34.375	5.5	1.00209778991689
34.625	5.5	1.00209816151642
34.875	5.5	1.00209850084688
35.125	5.5	1.00209880825103
35.375	5.5	1.00209908403912
35.625	5.5	1.00209932848925
35.875	5.5	1.00209954184775
36.125	5.5	1.00209972432947
36.375	5.5	1.00209987611805
36.625	5.5	1.0020999973662
36.875	5.5	1.00210008819583
37.125	5.5	1.00210014869826
37.375	5.5	1.00210017893428
0.125	6.5	-0.00217045856210941
0.375	6.5	-0.00217048453479249
0.625	6.5	-0.0021705365046348
0.875	6.5	-0.00217061452061799
1.125	6.5	-0.00217071865628798
1.375	6.5	-0.00217084900984299
1.625	6.5	-0.00217100570425129
1.875	6.5	-0.00217118888739866
2.125	6.5	-0.00217139873226581
2.375	6.5	-0.00217163543713615
2.625	6.5	-0.00217189922583407
2.875	6.5	-0.00217219034799423
3.125	6.5	-0.00217250907936221
3.375	6.5	-0.00217285572212687
3.625	6.5	-0.00217323060528497
3.875	6.5	-0.00217363408503845
4.125	6.5	-0.00217406654522469
4.375	6.5	-0.00217452839778033
4.625	6.5	-0.00217502008323861
4.875	6.5	-0.00217554207126019
5.125	6.5	-0.0021760948611968
5.375	6.5	-0.00217667898268603
5.625	6.5	-0.00217729499627398
5.875	6.5	-0.00217794349406001
6.125	6.5	-0.00217862510035323
6.375	6.5	-0.00217934047232324
6.625	6.5	-0.00218009030061544
6.875	6.5	-0.00218087530988158
7.125	6.5	-0.00218169625914337
7.375	6.5	-0.00218255394185321
7.625	6.5	-0.00218344918542739
7.875	6.5	-0.00218438284988144
8.125	6.5	-0.00218535582495721
8.375	6.5	-0.00218636902473634
8.625	6.5	-0.00218742337808519
8.875	6.5	-0.00218851981220726
9.125	6.5	-0.0021896592248202
9.375	6.5	-0.00219084243758098
9.625	6.5	-0.00219207011862229
9.875	6.5	-0.00219334265423026
10.125	6.5	-0.00219465993680805
10.375	6.5	-0.00219602101506865
10.625	6.5	-0.00219742351752063
10.875	6.5	-0.00219886270292459
11.125	6.5	-0.00220032989698525
11.375	6.5	-0.00220180991921266
11.625	6.5	-0.00220327684832876
11.875	6.5	-0.002204687054145
12.125	6.5	-0.00220596773209956
12.375	6.5	-0.0022069980385897
12.625	6.5	-0.00220757805292971
12.875	6.5	-0.00220737771157553
13.125	6.5	-0.0022058527932075
13.375	6.5	-0.00220210669848302
13.625	6.5	-0.00219466306046288
13.875	6.5	-0.00218109168276596
14.125	6.5	-0.00215739325833558
14.375	6.5	-0.00211698747891216
14.625	6.5	-0.00204904932773171
14.875	6.5	-0.00193577489556154
15.125	6.5	-0.0017478912361495
15.375	6.5	-0.00143729146061078
15.625	6.5	-0.000924978690197568
15.875	6.5	-8.13960997514424e-05
16.125	6.5	0.00130548920546305
16.375	6.5	0.0035814980992995
16.625	6.5	0.00730746064908717
16.875	6.5	0.0133843823764333
17.125	6.5	0.0232373405247198
17.375	6.5	0.0390621516774299
17.625	6.5	0.0640955179442081
17.875	6.5	0.102753924418748
18.125	6.5	0.160260887822246
18.375	6.5	0.241132385570207
18.625	6.5	0.346117968768842
18.875	6.5	0.468796134887709
19.125	6.5	0.595408226300158
19.375	6.5	0.710328976389452
19.625	6.5	0.803230021385876
19.875	6.5	0.871695562346905
20.125	6.5	0.918870015043939
20.375	6.5	0.949918274959297
20.625	6.5	0.969750932455585
20.875	6.5	0.982181331833667
21.125	6.5	0.989880769149514
21.375	6.5	0.994615404901878
21.625	6.5	0.99751422043087
21.875	6.5	0.999284564051128
22.125	6.5	1.00036431266608
22.375	6.5	1.00102256796526
22.625	6.5	1.00142398384122
22.875	6.5	1.00166903825707
23.125	6.5	1.00181894773341
23.375	6.5	1.00191097225894
23.625	6.5	1.00196777720468
23.875	6.5	1.00200314527678
24.125	6.5	1.00202545612045
24.375	6.5	1.00203980402449
24.625	6.5	1.00204928602762
24.875	6.5	1.00205578514283
25.125	6.5	1.00206044649001
25.375	6.5	1.00206396670567
25.625	6.5	1.002066769842
25.875	6.5	1.00206911427074
26.125	6.5	1.00207115765293
26.375	6.5	1.00207299642306
26.625	6.5	1.00207468978485
26.875	6.5	1.00207627429428
27.125	6.5	1.00207777272247
27.375	6.5	1.0020791994423
27.625	6.5	1.00208056370246
27.875	6.5	1.00208187161777
28.125	6.5	1.00208312737917
28.375	6.5	1.00208433398972
28.625	6.5	1.00208549371231
28.875	6.5	1.00208660834234
29.125	6.5	1.00208767937387
29.375	6.5	1.00208870810109
29.625	6.5	1.00208969568051
29.875	6.5	1.00209064316908
30.125	6.5	1.00209155154788
30.375	6.5	1.00209242173689
30.625	6.5	1.00209325460434
30.875	6.5	1.00209405097276
31.125	6.5	1.00209481162305
31.375	6.5	1.00209553729723
31.625	6.5	1.00209622870045
31.875	6.5	1.00209688650256
32.125	6.5	1.00209751133925
32.375	6.5	1.00209810381312
32.625	6.5	1.00209866449451
32.875	6.5	1.00209919392228
33.125	6.5	1.00209969260449
33.375	6.5	1.00210016101905
33.625	6.5	1.00210059961429
33.875	6.5	1.00210100880952
34.125	6.5	1.00210138899549
34.375	6.5	1.00210174053489
34.625	6.5	1.00210206376275
34.875	6.5	1.00210235898687
35.125	6.5	1.00210262648812
35.375	6.5	1.00210286652084
35.625	6.5	1.00210307931309
35.875	6.5	1.00210326506691
36.125	6.5	1.00210342395859
36.375	6.5	1.00210355613887
36.625	6.5	1.00210366173307
36.875	6.5	1.00210374084129
37.125	6.5	1.00210379353849
37.375	6.5	1.00210381987462
0.125	7.5	-0.00216653150872634
0.375	7.5	-0.00216655331542765
0.625	7.5	-0.0021665969477402
0.875	7.5	-0.00216666244350425
1.125	7.5	-0.00216674985953112
1.375	7.5	-0.00216685927166433
1.625	7.5	-0.00216699077486128
1.875	7.5	-0.00216714448329552
2.125	7.5	-0.00216732053047983
2.375	7.5	-0.00216751906941034
2.625	7.5	-0.00216774027273168
2.875	7.5	-0.00216798433292367
3.125	7.5	-0.00216825146250963
3.375	7.5	-0.00216854189428657
3.625	7.5	-0.00216885588157765
3.875	7.5	-0.00216919369850694
4.125	7.5	-0.00216955564029694
4.375	7.5	-0.00216994202358877
4.625	7.5	-0.00217035318678498
4.875	7.5	-0.00217078949041467
5.125	7.5	-0.00217125131751973
5.375	7.5	-0.00217173907406022
5.625	7.5	-0.00217225318933527
5.875	7.5	-0.00217279411641298
6.125	7.5	-0.00217336233255825
6.375	7.5	-0.0021739583396401
6.625	7.5	-0.00217458266448729
6.875	7.5	-0.00217523585914077
7.125	7.5	-0.0021759185009175
7.375	7.5	-0.00217663119214451
7.625	7.5	-0.00217737455933051
7.875	7.5	-0.00217814925139146
8.125	7.5	-0.00217895593629842
8.375	7.5	-0.00217979529510753
8.625	7.5	-0.00218066801166037
8.875	7.5	-0.00218157475513731
9.125	7.5	-0.00218251615082792
9.375	7.5	-0.00218349273149049
9.625	7.5	-0.00218450485674965
9.875	7.5	-0.002185552579882
10.125	7.5	-0.00218663542801449
10.375	7.5	-0.00218775203983714
10.625	7.5	-0.0021888995688624
10.875	7.5	-0.0021900727009215
11.125	7.5	-0.00219126203695482
11.375	7.5	-0.00219245143152331
11.625	7.5	-0.00219361361319095
11.875	7.5	-0.00219470297812959
12.125	7.5	-0.00219564373295049
12.375	7.5	-0.00219631038586696
12.625	7.5	-0.00219649564907198
12.875	7.5	-0.00219585762987697
13.125	7.5	-0.00219383294814614
13.375	7.5	-0.00218949379833625
13.625	7.5	-0.00218131279901215
13.875	7.5	-0.00216677616538527
14.125	7.5	-0.00214174743482978
14.375	7.5	-0.00209942106466531
14.625	7.5	-0.00202860202199389
14.875	7.5	-0.00191087852354744
15.125	7.5	-0.00171597934258196
15.375	7.5	-0.00139415951002931
15.625	7.5	-0.000863738241642943
15.875	7.5	9.22748295609091e-06
16.125	7.5	0.0014439081042401
16.375	7.5	0.00379765666648458
16.625	7.5	0.00764971486538529
16.875	7.5	0.0139298970642064
17.125	7.5	0.0241068226397717
17.375	7.5	0.0404381746222233
17.625	7.5	0.0662387160677309
17.875	7.5	0.105999772921583
18.125	7.5	0.164961166594777
18.375	7.5	0.247496711326598
18.625	7.5	0.353966803867126
18.875	7.5	0.477400653458239
19.125	7.5	0.603687175922839
19.375	7.5	0.717358354353928
19.625	7.5	0.808606885057305
19.875	7.5	0.875500086576688
20.125	7.5	0.921421670933888
20.375	7.5	0.951571750605161
20.625	7.5	0.970800626955532
20.875	7.5	0.982840758305026
21.125	7.5	0.990293857809131
21.375	7.5	0.994875189390008
21.625	7.5	0.997679366279176
21.875	7.5	0.999391523568409
22.125	7.5	1.00043553752039
22.375	7.5	1.00107181507036
22.625	7.5	1.0014596578814
22.875	7.5	1.00169626663464
23.125	7.5	1.00184085745613
23.375	7.5	1.00192947161731
23.625	7.5	1.00198403278757
23.875	7.5	1.00201787251354
24.125	7.5	1.00203909604149
24.375	7.5	1.00205263072563
24.625	7.5	1.00206147197935
24.875	7.5	1.00206744087321
25.125	7.5	1.00207164469599
25.375	7.5	1.00207475690472
25.625	7.5	1.00207718727818
25.875	7.5	1.00207918533105
26.125	7.5	1.00208090316432
26.375	7.5	1.00208243366223
26.625	7.5	1.0020838337061
26.875	7.5	1.00208513828237
27.125	7.5	1.0020863690567
27.375	7.5	1.00208753958505
27.625	7.5	1.00208865848086
27.875	7.5	1.00208973134021
28.125	7.5	1.00209076191205
28.375	7.5	1.00209175280978
28.625	7.5	1.00209270594394
28.875	7.5	1.00209362278554
29.125	7.5	1.00209450452636
29.375	7.5	1.00209535217665
29.625	7.5	1.00209616662482
29.875	7.5	1.00209694867398
30.125	7.5	1.00209769906436
30.375	7.5	1.00209841848725
30.625	7.5	1.00209910759367
30.875	7.5	1.00209976699985
31.125	7.5	1.00210039729084
31.375	7.5	1.00210099902289
31.625	7.5	1.00210157272501
31.875	7.5	1.00210211890027
32.125	7.5	1.0021026380266
32.375	7.5	1.00210313055757
32.625	7.5	1.00210359692299
32.875	7.5	1.00210403752936
33.125	7.5	1.0021044527604
33.375	7.5	1.00210484297743
33.625	7.5	1.00210520851974
33.875	7.5	1.00210554970496
34.125	7.5	1.00210586682937
34.375	7.5	1.00210616016817
34.625	7.5	1.00210642997582
34.875	7.5	1.00210667648623
35.125	7.5	1.002106899913
35.375	7.5	1.00210710044968
35.625	7.5	1.0021072782699
35.875	7.5	1.00210743352758
36.125	7.5	1.00210756635707
36.375	7.5	1.00210767687327
36.625	7.5	1.00210776517178
36.875	7.5	1.00210783132895
37.125	7.5	1.00210787540199
37.375	7.5	1.00210789742898
0.125	8.5	-0.00216225222275175
0.375	8.5	-0.00216226955223058
0.625	8.5	-0.00216230422419661
0.875	8.5	-0.00216235626467752
1.125	8.5	-0.00216242571274204
1.375	8.5	-0.0021625126205326
1.625	8.5	-0.00216261705330895
1.875	8.5	-0.00216273908950272
2.125	8.5	-0.00216287882078311
2.375	8.5	-0.00216303635213366
2.625	8.5	-0.00216321180194023
2.875	8.5	-0.00216340530209036
3.125	8.5	-0.00216361699808399
3.375	8.5	-0.00216384704915566
3.625	8.5	-0.0021640956284083
3.875	8.5	-0.0021643629229586
4.125	8.5	-0.00216464913409392
4.375	8.5	-0.00216495447744061
4.625	8.5	-0.00216527918314331
4.875	8.5	-0.00216562349605454
5.125	8.5	-0.00216598767593307
5.375	8.5	-0.00216637199764872
5.625	8.5	-0.00216677675138934
5.875	8.5	-0.00216720224286278
6.125	8.5	-0.00216764879348223
6.375	8.5	-0.00216811674051488
6.625	8.5	-0.00216860643716156
6.875	8.5	-0.00216911825251315
7.125	8.5	-0.00216965257129469
7.375	8.5	-0.00217020979325047
7.625	8.5	-0.00217079033192805
7.875	8.5	-0.00217139461246289
8.125	8.5	-0.0021720230677081
8.375	8.5	-0.00217267613162999
8.625	8.5	-0.00217335422819392
8.875	8.5	-0.00217405775281823
9.125	8.5	-0.00217478704158866
9.375	8.5	-0.00217554232032247
9.625	8.5	-0.00217632362046709
9.875	8.5	-0.00217713064041907
10.125	8.5	-0.00217796251703106
10.375	8.5	-0.00217881744934012
10.625	8.5	-0.00217969207914628
10.875	8.5	-0.00218058047153046
11.125	8.5	-0.0021814724371515
11.375	8.5	-0.00218235077157988
11.625	8.5	-0.00218318671285467
11.875	8.5	-0.00218393246753256
12.125	8.5	-0.00218450891362782
12.375	8.5	-0.00218478536829638
12.625	8.5	-0.00218454630008458
12.875	8.5	-0.00218343656207504
13.125	8.5	-0.0021808712878949
13.375	8.5	-0.00217588765367942
13.625	8.5	-0.00216690100812344
13.875	8.5	-0.0021513037019192
14.125	8.5	-0.00212480522469805
14.375	8.5	-0.00208034702318785
14.625	8.5	-0.00200631837497044
14.875	8.5	-0.00188362454194791
15.125	8.5	-0.00168087267610174
15.375	8.5	-0.00134647735141243
15.625	8.5	-0.000795742502000382
15.875	8.5	0.000110201828634737
16.125	8.5	0.00159854098102078
16.375	8.5	0.00403957017808468
16.625	8.5	0.00803317276371636
16.875	8.5	0.0145414036433001
17.125	8.5	0.0250814571511005
17.375	8.5	0.0419796312640344
17.625	8.5	0.0686362344108135
17.875	8.5	0.109621973614252
18.125	8.5	0.170186365841281
18.375	8.5	0.254532287497073
18.625	8.5	0.362578862732822
18.875	8.5	0.486758602300272
19.125	8.5	0.612609553252815
19.375	8.5	0.724873377170717
19.625	8.5	0.814319365345288
19.875	8.5	0.879524246558866
20.125	8.5	0.924112789517329
20.375	8.5	0.953312461468583
20.625	8.5	0.971904569470437
20.875	8.5	0.983533929519136
21.125	8.5	0.990728053064788
21.375	8.5	0.995148322808565
21.625	8.5	0.997853107298494
21.875	8.5	0.99950416510801
22.125	8.5	1.00051065625324
22.375	8.5	1.00112385461356
22.625	8.5	1.00149744184095
22.875	8.5	1.00172517797392
23.125	8.5	1.00186417917144
23.375	8.5	1.00194920732516
23.625	8.5	1.00200140745409
23.875	8.5	1.00203363744134
24.125	8.5	1.0020537144262
24.375	8.5	1.00206639047543
24.625	8.5	1.00207455428424
24.875	8.5	1.00207996187248
25.125	8.5	1.00208368079759
25.375	8.5	1.00208636017252
25.625	8.5	1.00208839478585
25.875	8.5	1.0020900248513
26.125	8.5	1.00209139663221
26.375	8.5	1.00209259928639
26.625	8.5	1.00209368725861
26.875	8.5	1.00209469388951
27.125	8.5	1.00209563968642
27.375	8.5	1.00209653734992
27.625	8.5	1.00209739482875
27.875	8.5	1.00209821717647
28.125	8.5	1.00209900767998
28.375	8.5	1.00209976854538
28.625	8.5	1.00210050131491
28.875	8.5	1.00210120712051
29.125	8.5	1.00210188683788
29.375	8.5	1.00210254118035
29.625	8.5	1.00210317075589
29.875	8.5	1.00210377610197
30.125	8.5	1.00210435770674
30.375	8.5	1.00210491602205
30.625	8.5	1.00210545147142
30.875	8.5	1.00210596445498
31.125	8.5	1.00210645535256
31.375	8.5	1.00210692452564
31.625	8.5	1.0021073723186
31.875	8.5	1.00210779905957
32.125	8.5	1.002108205061
32.375	8.5	1.0021085906201
32.625	8.5	1.00210895601914
32.875	8.5	1.00210930152575
33.125	8.5	1.00210962739305
33.375	8.5	1.00210993385994
33.625	8.5	1.00211022115117
33.875	8.5	1.00211048947755
34.125	8.5	1.00211073903609
34.375	8.5	1.00211097001008
34.625	8.5	1.00211118256924
34.875	8.5	1.00211137686983
35.125	8.5	1.00211155305474
35.375	8.5	1.00211171125358
35.625	8.5	1.00211185158276
35.875	8.5	1.00211197414557
36.125	8.5	1.00211207903226
36.375	8.5	1.00211216632005
36.625	8.5	1.00211223607325
36.875	8.5	1.00211228834323
37.125	8.5	1.00211232316851
37.375	8.5	1.00211234057473
0.125	9.5	-0.00215769434198378
0.375	9.5	-0.00215770698048979
0.625	9.5	-0.00215773226443032
0.875	9.5	-0.00215777020766366
1.125	9.5	-0.00215782083098014
1.375	9.5	-0.0021578841621057
1.625	9.5	-0.00215796023570651
1.875	9.5	-0.00215804909339473
2.125	9.5	-0.00215815078373539
2.375	9.5	-0.00215826536225432
2.625	9.5	-0.00215839289144706
2.875	9.5	-0.00215853344078881
3.125	9.5	-0.00215868708674523
3.375	9.5	-0.00215885391278402
3.625	9.5	-0.00215903400938721
3.875	9.5	-0.00215922747406382
4.125	9.5	-0.00215943441136283
4.375	9.5	-0.0021596549328857
4.625	9.5	-0.00215988915729808
4.875	9.5	-0.0021601372103393
5.125	9.5	-0.00216039922482807
5.375	9.5	-0.00216067534066134
5.625	9.5	-0.00216096570480154
5.875	9.5	-0.00216127047124454
6.125	9.5	-0.00216158980095545
6.375	9.5	-0.00216192386175132
6.625	9.5	-0.00216227282809632
6.875	9.5	-0.00216263688075277
7.125	9.5	-0.00216301620619488
7.375	9.5	-0.00216341099563201
7.625	9.5	-0.00216382144338951
7.875	9.5	-0.00216424774423269
8.125	9.5	-0.00216469008895176
8.375	9.5	-0.00216514865708603
8.625	9.5	-0.00216562360494125
8.875	9.5	-0.00216611504586312
9.125	9.5	-0.00216662301777021
9.375	9.5	-0.00216714742972513
9.625	9.5	-0.00216768797401808
9.875	9.5	-0.00216824398150856
10.125	9.5	-0.00216881418361098
10.375	9.5	-0.00216939632068322
10.625	9.5	-0.0021699864977044
10.875	9.5	-0.00217057812417145
11.125	9.5	-0.00217116016991693
11.375	9.5	-0.00217171429542144
11.625	9.5	-0.00217221013034843
11.875	9.5	-0.00217259750537923
12.125	9.5	-0.00217279367137385
12.375	9.5	-0.00217266227131617
12.625	9.5	-0.00217197874344852
12.875	9.5	-0.00217037340049805
13.125	9.5	-0.00216723778164162
13.375	9.5	-0.00216157058319682
13.625	9.5	-0.00215172419468055
13.875	9.5	-0.00213498774565343
14.125	9.5	-0.00210690128539675
14.375	9.5	-0.00206012792574858
14.625	9.5	-0.00198259959701464
14.875	9.5	-0.00185447010940849
15.125	9.5	-0.00164311245591137
15.375	9.5	-0.00129491611306525
15.625	9.5	-0.00072186749233282
15.875	9.5	0.000220323149792277
16.125	9.5	0.00176765462478073
16.375	9.5	0.00430464459047671
16.625	9.5	0.00845383406973045
16.875	9.5	0.0152125969007303
17.125	9.5	0.0261511524414573
17.375	9.5	0.0436702089244083
17.625	9.5	0.0712615901509204
17.875	9.5	0.113577708225235
18.125	9.5	0.175868586512012
18.375	9.5	0.262136300531136
18.625	9.5	0.371811171089252
18.875	9.5	0.496694959013833
19.125	9.5	0.621991799210659
19.375	9.5	0.732708779365116
19.625	9.5	0.820236364319276
19.875	9.5	0.883673260857754
20.125	9.5	0.926879001665077
20.375	9.5	0.955098396240944
20.625	9.5	0.973035983161092
20.875	9.5	0.984243990558581
21.125	9.5	0.991172789806584
21.375	9.5	0.99542816417756
21.625	9.5	0.998031228549417
21.875	9.5	0.999619766714196
22.125	9.5	1.00058786445363
22.375	9.5	1.00117744688907
22.625	9.5	1.00153644507317
22.875	9.5	1.0017550990981
23.125	9.5	1.00188837690234
23.375	9.5	1.00196973160178
23.625	9.5	1.00201951164353
23.875	9.5	1.00205009031588
24.125	9.5	1.00206898998129
24.375	9.5	1.0020807833482
24.625	9.5	1.00208824990824
24.875	9.5	1.00209307911252
25.125	9.5	1.00209629785929
25.375	9.5	1.00209853034967
25.625	9.5	1.00210015603401
25.875	9.5	1.00210140561113
26.125	9.5	1.0021024193745
26.375	9.5	1.0021032826732
26.625	9.5	1.00210404746353
26.875	9.5	1.00210474540703
27.125	9.5	1.00210539583066
27.375	9.5	1.0021060105645
27.625	9.5	1.00210659688168
27.875	9.5	1.00210715928498
28.125	9.5	1.00210770059248
28.375	9.5	1.00210822259727
28.625	9.5	1.0021087264682
28.875	9.5	1.00210921299341
29.125	9.5	1.00210968272813
29.375	9.5	1.00211013608451
29.625	9.5	1.00211057338603
29.875	9.5	1.00211099490055
30.125	9.5	1.0021114008603
30.375	9.5	1.00211179147398
30.625	9.5	1.00211216693399
30.875	9.5	1.00211252742084
31.125	9.5	1.00211287310572
31.375	9.5	1.00211320415205
31.625	9.5	1.00211352071637
31.875	9.5	1.00211382294879
32.125	9.5	1.00211411099333
32.375	9.5	1.00211438498799
32.625	9.5	1.0021146450648
32.875	9.5	1.00211489134984
33.125	9.5	1.00211512396322
33.375	9.5	1.00211534301901
33.625	9.5	1.00211554862521
33.875	9.5	1.00211574088371
34.125	9.5	1.00211591989025
34.375	9.5	1.00211608573436
34.625	9.5	1.00211623849932
34.875	9.5	1.00211637826214
35.125	9.5	1.00211650509352
35.375	9.5	1.00211661905781
35.625	9.5	1.00211672021301
35.875	9.5	1.00211680861072
36.125	9.5	1.00211688429613
36.375	9.5	1.00211694730802
36.625	9.5	1.00211699767871
36.875	9.5	1.00211703543407
37.125	9.5	1.00211706059352
37.375	9.5	1.00211707317001
0.125	10.5	-0.0021529349977004
0.375	10.5	-0.00215294283188403
0.625	10.5	-0.00215295850108229
0.875	10.5	-0.00215298200694875
1.125	10.5	-0.00215301335194262
1.375	10.5	-0.00215305253930337
1.625	10.5	-0.00215309957301669
1.875	10.5	-0.00215315445777179
2.125	10.5	-0.00215321719890996
2.375	10.5	-0.00215328780236413
2.625	10.5	-0.00215336627458935
2.875	10.5	-0.00215345262248392
3.125	10.5	-0.00215354685330101
3.375	10.5	-0.00215364897455043
3.625	10.5	-0.00215375899389014
3.875	10.5	-0.00215387691900727
4.125	10.5	-0.00215400275748787
4.375	10.5	-0.00215413651667479
4.625	10.5	-0.00215427820351262
4.875	10.5	-0.0021544278243783
5.125	10.5	-0.00215458538489506
5.375	10.5	-0.00215475088972637
5.625	10.5	-0.00215492434234453
5.875	10.5	-0.00215510574476548
6.125	10.5	-0.00215529509723591
6.375	10.5	-0.0021554923978506
6.625	10.5	-0.00215569764206352
6.875	10.5	-0.00215591082203327
7.125	10.5	-0.00215613192570548
7.375	10.5	-0.00215636093547208
7.625	10.5	-0.0021565978261448
7.875	10.5	-0.00215684256181078
8.125	10.5	-0.00215709509086007
8.375	10.5	-0.00215735533801683
8.625	10.5	-0.00215762319145259
8.875	10.5	-0.0021578984818203
9.125	10.5	-0.00215818094800879
9.375	10.5	-0.00215847018106125
9.625	10.5	-0.00215876553218088
9.875	10.5	-0.00215906596166314
10.125	10.5	-0.00215936979064869
10.375	10.5	-0.00215967429300147
10.625	10.5	-0.00215997502415844
10.875	10.5	-0.00216026471723136
11.125	10.5	-0.00216053146711934
11.375	10.5	-0.0021607557431927
11.625	10.5	-0.00216090547462834
11.875	10.5	-0.00216092796467764
12.125	10.5	-0.00216073658757958
12.375	10.5	-0.00216018890139805
12.625	10.5	-0.00215905063765674
12.875	10.5	-0.00215693645469927
13.125	10.5	-0.00215321246239007
13.375	10.5	-0.00214683585506796
13.625	10.5	-0.00213609108545082
13.875	10.5	-0.00211815586418049
14.125	10.5	-0.00208838730075398
14.375	10.5	-0.00203914794726461
14.625	10.5	-0.00195787581006344
14.875	10.5	-0.00182391308727946
15.125	10.5	-0.00160329975908164
15.375	10.5	-0.00124023803045485
15.625	10.5	-0.000643131435056052
15.875	10.5	0.000338161860588934
16.125	10.5	0.00194915336983055
16.375	10.5	0.00458970061721145
16.625	10.5	0.00890675197696849
16.875	10.5	0.015935644637195
17.125	10.5	0.0273033721177109
17.375	10.5	0.0454897381644225
17.625	10.5	0.0740823726255632
17.875	10.5	0.117815443552504
18.125	10.5	0.181928041653423
18.375	10.5	0.270191618789792
18.625	10.5	0.381506682307346
18.875	10.5	0.507024829336884
19.125	10.5	0.631647090853637
19.375	10.5	0.740701581644677
19.625	10.5	0.826231665384373
19.875	10.5	0.887857395943323
20.125	10.5	0.929660030557911
20.375	10.5	0.956890476784054
20.625	10.5	0.974170052179561
20.875	10.5	0.984955344538448
21.125	10.5	0.991618289755381
21.375	10.5	0.995708556565524
21.625	10.5	0.99820980930047
21.875	10.5	0.999735783335567
22.125	10.5	1.00066546276735
22.375	10.5	1.00123141347863
22.625	10.5	1.00157581164569
22.875	10.5	1.00178537544914
23.125	10.5	1.00191292355972
23.375	10.5	1.00199059968296
23.625	10.5	1.00203795527855
23.875	10.5	1.00206687875923
24.125	10.5	1.00208459752062
24.375	10.5	1.0020955047861
24.625	10.5	1.00210227076133
24.875	10.5	1.00210651827709
25.125	10.5	1.002109233542
25.375	10.5	1.00211101582911
25.625	10.5	1.0021122292437
25.875	10.5	1.00211309496881
26.125	10.5	1.00211374733103
26.375	10.5	1.00211426787591
26.625	10.5	1.00211470607776
26.875	10.5	1.00211509192607
27.125	10.5	1.00211544357472
27.375	10.5	1.00211577199049
27.625	10.5	1.00211608377788
27.875	10.5	1.0021163828955
28.125	10.5	1.00211667169893
28.375	10.5	1.00211695157414
28.625	10.5	1.00211722332211
28.875	10.5	1.0021174873923
29.125	10.5	1.00211774402423
29.375	10.5	1.00211799333329
29.625	10.5	1.00211823536253
29.875	10.5	1.00211847011402
30.125	10.5	1.00211869756755
30.375	10.5	1.00211891769184
30.625	10.5	1.00211913045115
30.875	10.5	1.00211933580907
31.125	10.5	1.00211953373067
31.375	10.5	1.0021197241836
31.625	10.5	1.00211990713865
31.875	10.5	1.00212008256988
32.125	10.5	1.0021202504546
32.375	10.5	1.00212041077321
32.625	10.5	1.00212056350899
32.875	10.5	1.00212070864784
33.125	10.5	1.00212084617802
33.375	10.5	1.00212097608992
33.625	10.5	1.00212109837578
33.875	10.5	1.00212121302948
34.125	10.5	1.00212132004631
34.375	10.5	1.00212141942277
34.625	10.5	1.00212151115637
34.875	10.5	1.00212159524546
35.125	10.5	1.00212167168907
35.375	10.5	1.00212174048678
35.625	10.5	1.00212180163856
35.875	10.5	1.00212185514466
36.125	10.5	1.00212190100555
36.375	10.5	1.00212193922178
36.625	10.5	1.0021219697939
36.875	10.5	1.00212199272247
37.125	10.5	1.00212200800791
37.375	10.5	1.00212201565055
0.125	11.5	-0.00214805315759443
0.375	11.5	-0.00214805617475666
0.625	11.5	-0.00214806220395618
0.875	11.5	-0.00214807123492544
1.125	11.5	-0.00214808325221884
1.375	11.5	-0.00214809823515953
1.625	11.5	-0.00214811615776824
1.875	11.5	-0.00214813698867401
2.125	11.5	-0.00214816069100667
2.375	11.5	-0.00214818722227068
2.625	11.5	-0.00214821653420022
2.875	11.5	-0.00214824857259494
3.125	11.5	-0.00214828327713623
3.375	11.5	-0.00214832058118331
3.625	11.5	-0.00214836041154875
3.875	11.5	-0.00214840268825269
4.125	11.5	-0.00214844732425491
4.375	11.5	-0.00214849422516388
4.625	11.5	-0.00214854328892128
4.875	11.5	-0.00214859440546027
5.125	11.5	-0.00214864745633485
5.375	11.5	-0.00214870231431649
5.625	11.5	-0.00214875884295192
5.875	11.5	-0.00214881689607314
6.125	11.5	-0.00214887631724461
6.375	11.5	-0.0021489369391242
6.625	11.5	-0.0021489985826995
6.875	11.5	-0.00214906105633713
7.125	11.5	-0.00214912415454304
7.375	11.5	-0.00214918765626664
7.625	11.5	-0.00214925132247459
7.875	11.5	-0.00214931489254378
8.125	11.5	-0.00214937807873318
8.375	11.5	-0.00214944055751739
8.625	11.5	-0.00214950195578006
8.875	11.5	-0.00214956182857444
9.125	11.5	-0.00214961962303428
9.375	11.5	-0.00214967461952371
9.625	11.5	-0.0021497258353647
9.875	11.5	-0.00214977186702015
10.125	11.5	-0.00214981063104458
10.375	11.5	-0.00214983893850299
10.625	11.5	-0.00214985179541851
10.875	11.5	-0.0021498412524748
11.125	11.5	-0.00214979451311966
11.375	11.5	-0.00214969082151671
11.625	11.5	-0.00214949634296265
11.875	11.5	-0.00214915574126367
12.125	11.5	-0.0021485783215423
12.375	11.5	-0.00214761523145308
12.625	11.5	-0.00214602195076701
12.875	11.5	-0.00214339657623132
13.125	11.5	-0.00213907828397183
13.375	11.5	-0.00213198027746397
13.625	11.5	-0.00212031496136594
13.875	11.5	-0.00210114184318365
14.125	11.5	-0.00206962390598126
14.375	11.5	-0.00201780470783838
14.625	11.5	-0.00193259797363941
14.875	11.5	-0.00179248433857622
15.125	11.5	-0.00156208867999137
15.375	11.5	-0.00118329127988673
15.625	11.5	-0.000560692604500985
15.875	11.5	0.000462059524732398
16.125	11.5	0.00214056735863558
16.375	11.5	0.00489094793368694
16.625	11.5	0.00938598549012127
16.875	11.5	0.0167011081418433
17.125	11.5	0.028523014531308
17.375	11.5	0.0474140345914645
17.625	11.5	0.077060093944458
17.875	11.5	0.122274947480194
18.125	11.5	0.188273606435213
18.375	11.5	0.278568502024559
18.625	11.5	0.391497764689569
18.875	11.5	0.517558655164284
19.125	11.5	0.641391219219416
19.375	11.5	0.748696359171825
19.625	11.5	0.832187946802666
19.875	11.5	0.891994732831243
20.125	11.5	0.932401495657263
20.375	11.5	0.9586537011943
20.625	11.5	0.975284636362664
20.875	11.5	0.985654097507789
21.125	11.5	0.992055838899347
21.375	11.5	0.995984001334695
21.625	11.5	0.998385333897596
21.875	11.5	0.999849918800875
22.125	11.5	1.00074190497171
22.375	11.5	1.0012846705867
22.625	11.5	1.00161474452907
22.875	11.5	1.00181538954404
23.125	11.5	1.00193731575208
23.375	11.5	1.00201138226066
23.625	11.5	1.00205635861823
23.875	11.5	1.00208365750948
24.125	11.5	1.00210021691173
24.375	11.5	1.00211025393118
24.625	11.5	1.00211633153557
24.875	11.5	1.0021200071848
25.125	11.5	1.0021222271643
25.375	11.5	1.00212356629301
25.625	11.5	1.002124373628
25.875	11.5	1.00212486102587
26.125	11.5	1.00212515697017
26.375	11.5	1.00212533928671
26.625	11.5	1.00212545502697
26.875	11.5	1.00212553255217
27.125	11.5	1.00212558887714
27.375	11.5	1.00212563413312
27.625	11.5	1.0021256742795
27.875	11.5	1.00212571275137
28.125	11.5	1.00212575146029
28.375	11.5	1.00212579140193
28.625	11.5	1.00212583302495
28.875	11.5	1.00212587645458
29.125	11.5	1.00212592162813
29.375	11.5	1.00212596837683
29.625	11.5	1.00212601647518
29.875	11.5	1.00212606567054
30.125	11.5	1.00212611570073
30.375	11.5	1.00212616630435
30.625	11.5	1.00212621722673
30.875	11.5	1.00212626822324
31.125	11.5	1.00212631906095
31.375	11.5	1.00212636951942
31.625	11.5	1.00212641939085
31.875	11.5	1.00212646847996
32.125	11.5	1.00212651660367
32.375	11.5	1.00212656359067
32.625	11.5	1.00212660928096
32.875	11.5	1.00212665352538
33.125	11.5	1.00212669618516
33.375	11.5	1.00212673713142
33.625	11.5	1.00212677624477
33.875	11.5	1.00212681341487
34.125	11.5	1.0021268485401
34.375	11.5	1.00212688152714
34.625	11.5	1.00212691229068
34.875	11.5	1.00212694075311
35.125	11.5	1.00212696684423
35.375	11.5	1.00212699050101
35.625	11.5	1.00212701166736
35.875	11.5	1.00212703029392
36.125	11.5	1.00212704633789
36.375	11.5	1.00212705976286
36.625	11.5	1.00212707053871
36.875	11.5	1.00212707864147
37.125	11.5	1.00212708405321
37.375	11.5	1.00212708676206
0.125	12.5	-0.00214312796502074
0.375	12.5	-0.00214312625072545
0.625	12.5	-0.00214312281134859
0.875	12.5	-0.00214311762529134
1.125	12.5	-0.0021431106600897
1.375	12.5	-0.00214310187233552
1.625	12.5	-0.00214309120757086
1.875	12.5	-0.00214307860015554
2.125	12.5	-0.00214306397310751
2.375	12.5	-0.0021430472379158
2.625	12.5	-0.00214302829432552
2.875	12.5	-0.00214300703009452
3.125	12.5	-0.00214298332072103
3.375	12.5	-0.00214295702914177
3.625	12.5	-0.00214292800539974
3.875	12.5	-0.00214289608628073
4.125	12.5	-0.00214286109491761
4.375	12.5	-0.00214282284036112
4.625	12.5	-0.00214278111711543
4.875	12.5	-0.00214273570463635
5.125	12.5	-0.0021426863667892
5.375	12.5	-0.00214263285126197
5.625	12.5	-0.00214257488892723
5.875	12.5	-0.00214251219314293
6.125	12.5	-0.0021424444589762
6.375	12.5	-0.00214237136232531
6.625	12.5	-0.00214229255889944
6.875	12.5	-0.00214220768299076
7.125	12.5	-0.00214211634593216
7.375	12.5	-0.00214201813406622
7.625	12.5	-0.00214191260593905
7.875	12.5	-0.00214179928824971
8.125	12.5	-0.00214167766978331
8.375	12.5	-0.0021415471920599
8.625	12.5	-0.00214140723461356
8.875	12.5	-0.0021412570914719
9.125	12.5	-0.00214109593319374
9.375	12.5	-0.00214092274518333
9.625	12.5	-0.00214073622700995
9.875	12.5	-0.00214053462760849
10.125	12.5	-0.00214031547502223
10.375	12.5	-0.00214007513267226
10.625	12.5	-0.00213980807024226
10.875	12.5	-0.0021395056650443
11.125	12.5	-0.00213915423089502
11.375	12.5	-0.00213873177600263
11.625	12.5	-0.00213820266964747
11.875	12.5	-0.00213750886809894
12.125	12.5	-0.00213655547926793
12.375	12.5	-0.0021351870126212
12.625	12.5	-0.00213314830326475
12.875	12.5	-0.00213002022036739
13.125	12.5	-0.0021251138892993
13.375	12.5	-0.00211729666124562
13.625	12.5	-0.00210470580345241
13.875	12.5	-0.00208427750638395
14.125	12.5	-0.00205097217636978
14.375	12.5	-0.00199650043223629
14.625	12.5	-0.00190722873011633
14.875	12.5	-0.00176073829641562
15.125	12.5	-0.00152017669683407
15.375	12.5	-0.00112500027860761
15.625	12.5	-0.000475839788531088
15.875	12.5	0.000590137878865314
16.125	12.5	0.00233906057128434
16.375	12.5	0.00520399175896198
16.625	12.5	0.00988460477827931
16.875	12.5	0.0174979492950687
17.125	12.5	0.0297924332537551
17.375	12.5	0.0494149679648953
17.625	12.5	0.0801503994224815
17.875	12.5	0.12688785337985
18.125	12.5	0.194804142091209
18.375	12.5	0.287127249291671
18.625	12.5	0.401610531134758
18.875	12.5	0.528107769299642
19.125	12.5	0.651048122802143
19.375	12.5	0.756549684151134
19.625	12.5	0.837999854718926
19.875	12.5	0.896013122112659
20.125	12.5	0.935056111562942
20.375	12.5	0.960357871848296
20.625	12.5	0.976360714888924
20.875	12.5	0.986328331393646
21.125	12.5	0.992477957662749
21.375	12.5	0.996249766100321
21.625	12.5	0.998554761855797
21.875	12.5	0.999960172729973
22.125	12.5	1.00081583060721
22.375	12.5	1.00133625280597
22.625	12.5	1.00165252379696
22.875	12.5	1.00184457562708
23.125	12.5	1.00196108612647
23.375	12.5	1.00203167627303
23.625	12.5	1.00207436196734
23.875	12.5	1.00210009734206
24.125	12.5	1.00211554139357
24.375	12.5	1.00212474145761
24.625	12.5	1.00213015712902
24.875	12.5	1.00213328285691
25.125	12.5	1.00213502645064
25.375	12.5	1.00213593916843
25.625	12.5	1.00213635557615
25.875	12.5	1.0021364785565
26.125	12.5	1.00213643097791
26.375	12.5	1.00213628709822
26.625	12.5	1.00213609165092
26.875	12.5	1.00213587144481
27.125	12.5	1.00213564241329
27.375	12.5	1.00213541389802
27.625	12.5	1.0021351912516
27.875	12.5	1.00213497741875
28.125	12.5	1.0021347738965
28.375	12.5	1.00213458131705
28.625	12.5	1.00213439980137
28.875	12.5	1.0021342291734
29.125	12.5	1.00213406908965
29.375	12.5	1.00213391911738
29.625	12.5	1.00213377878147
29.875	12.5	1.00213364759247
30.125	12.5	1.00213352506307
30.375	12.5	1.00213341071766
30.625	12.5	1.00213330409768
30.875	12.5	1.00213320476441
31.125	12.5	1.00213311230031
31.375	12.5	1.0021330263094
31.625	12.5	1.00213294641717
31.875	12.5	1.00213287227015
32.125	12.5	1.00213280353533
32.375	12.5	1.00213273989954
32.625	12.5	1.00213268106874
32.875	12.5	1.00213262676736
33.125	12.5	1.00213257673763
33.375	12.5	1.00213253073894
33.625	12.5	1.00213248854727
33.875	12.5	1.00213244995457
34.125	12.5	1.0021324147683
34.375	12.5	1.00213238281088
34.625	12.5	1.00213235391926
34.875	12.5	1.0021323279445
35.125	12.5	1.00213230475139
35.375	12.5	1.00213228421808
35.625	12.5	1.00213226623581
35.875	12.5	1.00213225070858
36.125	12.5	1.00213223755293
36.375	12.5	1.00213222669773
36.625	12.5	1.00213221808398
36.875	12.5	1.00213221166465
37.125	12.5	1.00213220740458
37.375	12.5	1.00213220528038
0.125	13.5	-0.00213823711819764
0.375	13.5	-0.00213823085135262
0.625	13.5	-0.00213821830165139
0.875	13.5	-0.00213819943703762
1.125	13.5	-0.00213817420934199
1.375	13.5	-0.00213814255418017
1.625	13.5	-0.00213810439081655
1.875	13.5	-0.00213805962199326
2.125	13.5	-0.00213800813372426
2.375	13.5	-0.00213794979505397
2.625	13.5	-0.00213788445777995
2.875	13.5	-0.00213781195613903
3.125	13.5	-0.00213773210645613
3.375	13.5	-0.00213764470675512
3.625	13.5	-0.00213754953633059
3.875	13.5	-0.00213744635527968
4.125	13.5	-0.00213733490399254
4.375	13.5	-0.00213721490259997
4.625	13.5	-0.00213708605037632
4.875	13.5	-0.00213694802509522
5.125	13.5	-0.0021368004823346
5.375	13.5	-0.0021366430547264
5.625	13.5	-0.00213647535114389
5.875	13.5	-0.00213629695581581
6.125	13.5	-0.00213610742735079
6.375	13.5	-0.00213590629764566
6.625	13.5	-0.00213569307063529
6.875	13.5	-0.00213546722081556
7.125	13.5	-0.00213522819142802
7.375	13.5	-0.00213497539212411
7.625	13.5	-0.00213470819581077
7.875	13.5	-0.0021344259341883
8.125	13.5	-0.00213412789117682
8.375	13.5	-0.002133813292911
8.625	13.5	-0.00213348129213206
8.875	13.5	-0.00213313094340646
9.125	13.5	-0.00213276116329829
9.375	13.5	-0.00213237066583346
9.625	13.5	-0.00213195785735979
9.875	13.5	-0.00213152066464949
10.125	13.5	-0.00213105625321261
10.375	13.5	-0.00213056056501824
10.625	13.5	-0.00213002755912464
10.875	13.5	-0.00212944796353023
11.125	13.5	-0.00212880722284056
11.375	13.5	-0.00212808212278053
11.625	13.5	-0.00212723523763416
11.875	13.5	-0.00212620579557555
12.125	13.5	-0.00212489465006002
12.375	13.5	-0.00212313955346006
12.625	13.5	-0.00212067447438053
12.875	13.5	-0.00211706266149969
13.125	13.5	-0.00211158651295168
13.375	13.5	-0.00210306638194682
13.625	13.5	-0.00208956247720125
13.875	13.5	-0.00206788447065741
14.125	13.5	-0.00203278487808157
14.375	13.5	-0.00197563258346734
14.625	13.5	-0.00188223224685057
14.875	13.5	-0.00172924174044412
15.125	13.5	-0.0014782919441461
15.375	13.5	-0.00106635074465173
15.625	13.5	-0.000389973975788615
15.875	13.5	0.000720322441489037
16.125	13.5	0.00254146297601391
16.375	13.5	0.00552387915379687
16.625	13.5	0.0103947616110179
16.875	13.5	0.0183136436338491
17.125	13.5	0.0310916283381295
17.375	13.5	0.0514608019219781
17.625	13.5	0.0833036941212644
17.875	13.5	0.131578830132312
18.125	13.5	0.201410615204714
18.375	13.5	0.295721703299487
18.625	13.5	0.411669765541738
18.875	13.5	0.538489926170495
19.125	13.5	0.660454728688743
19.375	13.5	0.764133530051121
19.625	13.5	0.843576055240694
19.875	13.5	0.899851321934802
20.125	13.5	0.937584303560128
20.375	13.5	0.961977933440342
20.625	13.5	0.97738257892105
20.875	13.5	0.986968218911396
21.125	13.5	0.992878472794977
21.375	13.5	0.996501931934915
21.625	13.5	0.998715560446299
21.875	13.5	1.00006486423567
22.125	13.5	1.00088608315296
22.375	13.5	1.00138532777668
22.625	13.5	1.00168851899047
22.875	13.5	1.00187243048955
23.125	13.5	1.00198381310861
23.375	13.5	1.00205111385636
23.625	13.5	1.0020916340246
23.875	13.5	1.00211589293301
24.125	13.5	1.00213028503287
24.375	13.5	1.00213869667379
24.625	13.5	1.00214348943081
24.875	13.5	1.00214609801236
25.125	13.5	1.00214739375736
25.375	13.5	1.00214790560103
25.625	13.5	1.00214795438905
25.875	13.5	1.00214773451729
26.125	13.5	1.00214736355298
26.375	13.5	1.00214691239402
26.625	13.5	1.00214642359895
26.875	13.5	1.00214592252683
27.125	13.5	1.00214542410713
27.375	13.5	1.00214493695333
27.625	13.5	1.00214446586227
27.875	13.5	1.00214401333222
28.125	13.5	1.00214358048469
28.375	13.5	1.0021431676238
28.625	13.5	1.00214277457543
28.875	13.5	1.00214240089258
29.125	13.5	1.00214204597939
29.375	13.5	1.00214170916583
29.625	13.5	1.00214138975239
29.875	13.5	1.00214108703661
30.125	13.5	1.00214080032855
30.375	13.5	1.00214052895966
30.625	13.5	1.00214027228759
30.875	13.5	1.00214002969856
31.125	13.5	1.00213980060836
31.375	13.5	1.00213958446246
31.625	13.5	1.0021393807356
31.875	13.5	1.0021391889312
32.125	13.5	1.00213900858055
32.375	13.5	1.00213883924195
32.625	13.5	1.00213868049984
32.875	13.5	1.00213853196401
33.125	13.5	1.00213839326869
33.375	13.5	1.00213826407182
33.625	13.5	1.00213814405431
33.875	13.5	1.00213803291932
34.125	13.5	1.0021379303916
34.375	13.5	1.00213783621692
34.625	13.5	1.00213775016148
34.875	13.5	1.0021376720114
35.125	13.5	1.00213760157224
35.375	13.5	1.00213753866859
35.625	13.5	1.00213748314366
35.875	13.5	1.00213743485895
36.125	13.5	1.00213739369393
36.375	13.5	1.00213735954579
36.625	13.5	1.00213733232919
36.875	13.5	1.00213731197608
37.125	13.5	1.00213729843556
37.375	13.5	1.00213729167376
0.125	14.5	-0.00213345533125227
0.375	14.5	-0.00213344477684479
0.625	14.5	-0.00213342364735634
0.875	14.5	-0.0021333919013995
1.125	14.5	-0.00213334947679218
1.375	14.5	-0.00213329629043617
1.625	14.5	-0.0021332322381549
1.875	14.5	-0.00213315719449003
2.125	14.5	-0.00213307101245629
2.375	14.5	-0.00213297352325431
2.625	14.5	-0.00213286453594058
2.875	14.5	-0.00213274383705402
3.125	14.5	-0.00213261119019824
3.375	14.5	-0.00213246633557862
3.625	14.5	-0.00213230898949308
3.875	14.5	-0.00213213884377544
4.125	14.5	-0.00213195556518974
4.375	14.5	-0.00213175879477395
4.625	14.5	-0.00213154814713089
4.875	14.5	-0.0021313232096635
5.125	14.5	-0.00213108354175095
5.375	14.5	-0.00213082867386027
5.625	14.5	-0.00213055810658609
5.875	14.5	-0.00213027130960702
6.125	14.5	-0.00212996772054131
6.375	14.5	-0.0021296467436739
6.625	14.5	-0.00212930774851085
6.875	14.5	-0.00212895006808946
7.125	14.5	-0.00212857299692819
7.375	14.5	-0.00212817578842657
7.625	14.5	-0.00212775765140499
7.875	14.5	-0.00212731774527532
8.125	14.5	-0.00212685517300688
8.375	14.5	-0.0021263689705147
8.625	14.5	-0.00212585809021286
8.875	14.5	-0.00212532137502079
9.125	14.5	-0.00212475751671656
9.375	14.5	-0.00212416498859233
9.625	14.5	-0.00212354193588565
9.875	14.5	-0.00212288599679589
10.125	14.5	-0.0021221940093465
10.375	14.5	-0.00212146153047878
10.625	14.5	-0.00212068204625013
10.875	14.5	-0.00211984567382903
11.125	14.5	-0.00211893702733693
11.375	14.5	-0.00211793170791255
11.625	14.5	-0.00211679053007752
11.875	14.5	-0.00211545002338532
12.125	14.5	-0.00211380680536115
12.375	14.5	-0.00211169187019673
12.625	14.5	-0.00210882828487951
12.875	14.5	-0.00210476158449869
13.125	14.5	-0.00209874524912901
13.375	14.5	-0.00208955227958104
13.625	14.5	-0.002075165198918
13.875	14.5	-0.00205226608026453
14.125	14.5	-0.00201539771725185
14.375	14.5	-0.00195558418493994
14.625	14.5	-0.00185806322411331
14.875	14.5	-0.00169856086461777
15.125	14.5	-0.00143717732233978
15.375	14.5	-0.00100836918438026
15.625	14.5	-0.000304580491762138
15.875	14.5	0.000850382223765987
16.125	14.5	0.00274432952560839
16.375	14.5	0.00584518968981697
16.625	14.5	0.010907832506833
16.875	14.5	0.0191344113152264
17.125	14.5	0.0323986257975917
17.375	14.5	0.0535168267716691
17.625	14.5	0.0864662068163142
17.875	14.5	0.136267358135983
18.125	14.5	0.207978948751651
18.375	14.5	0.304203424149063
18.625	14.5	0.421504114808184
18.875	14.5	0.548534427010837
19.125	14.5	0.669464826853359
19.375	14.5	0.771337534807054
19.625	14.5	0.848840285073591
19.875	14.5	0.903459386523243
20.125	14.5	0.93995430979707
20.375	14.5	0.96349397631342
20.625	14.5	0.978337811951503
20.875	14.5	0.987566005822014
21.125	14.5	0.993252506976593
21.375	14.5	0.996737389639805
21.625	14.5	0.998865705687411
21.875	14.5	1.00016263589742
22.125	14.5	1.00095171574237
22.375	14.5	1.00143120283688
22.625	14.5	1.00172219620356
22.875	14.5	1.00189852069132
23.125	14.5	1.00200512808678
23.375	14.5	1.00206936939287
23.625	14.5	1.00210787874121
23.875	14.5	1.00213076950167
24.125	14.5	1.00214418913972
24.375	14.5	1.0021518737087
24.625	14.5	1.00215609328084
24.875	14.5	1.00215822680644
25.125	14.5	1.00215911159721
25.375	14.5	1.00215925577314
25.625	14.5	1.00215896739881
25.875	14.5	1.00215843297611
26.125	14.5	1.00215776515284
26.375	14.5	1.00215703171957
26.625	14.5	1.00215627323308
26.875	14.5	1.00215551372688
27.125	14.5	1.00215476721988
27.375	14.5	1.00215404167134
27.625	14.5	1.00215334138352
27.875	14.5	1.00215266846101
28.125	14.5	1.00215202369659
28.375	14.5	1.00215140710878
28.625	14.5	1.00215081826755
28.875	14.5	1.00215025649139
29.125	14.5	1.00214972096627
29.375	14.5	1.00214921081708
29.625	14.5	1.0021487251503
29.875	14.5	1.0021482630792
30.125	14.5	1.00214782373844
30.375	14.5	1.00214740629228
30.625	14.5	1.00214700993896
30.875	14.5	1.00214663391272
31.125	14.5	1.00214627748451
31.375	14.5	1.00214593996186
31.625	14.5	1.00214562068828
31.875	14.5	1.00214531904247
32.125	14.5	1.00214503443732
32.375	14.5	1.00214476631893
32.625	14.5	1.00214451416558
32.875	14.5	1.00214427748678
33.125	14.5	1.00214405582227
33.375	14.5	1.00214384874116
33.625	14.5	1.00214365584103
33.875	14.5	1.00214347674717
34.125	14.5	1.00214331111179
34.375	14.5	1.00214315861334
34.625	14.5	1.00214301895589
34.875	14.5	1.00214289186847
35.125	14.5	1.0021427771046
35.375	14.5	1.00214267444172
35.625	14.5	1.00214258368081
35.875	14.5	1.00214250464595
36.125	14.5	1.00214243718397
36.375	14.5	1.00214238116416
36.625	14.5	1.00214233647797
36.875	14.5	1.00214230303885
37.125	14.5	1.00214228078202
37.375	14.5	1.00214226966438
0.125	15.5	-0.00212885291591514
0.375	15.5	-0.00212883841566305
0.625	15.5	-0.00212880939049222
0.875	15.5	-0.0021287657910238
1.125	15.5	-0.00212870754307583
1.375	15.5	-0.00212863454752657
1.625	15.5	-0.00212854668013193
1.875	15.5	-0.00212844379129641
2.125	15.5	-0.00212832570579725
2.375	15.5	-0.00212819222246123
2.625	15.5	-0.00212804311379328
2.875	15.5	-0.00212787812555628
3.125	15.5	-0.00212769697630107
3.375	15.5	-0.00212749935684569
3.625	15.5	-0.0021272849297026
3.875	15.5	-0.00212705332845269
4.125	15.5	-0.00212680415706423
4.375	15.5	-0.00212653698915519
4.625	15.5	-0.00212625136719636
4.875	15.5	-0.00212594680165237
5.125	15.5	-0.00212562277005677
5.375	15.5	-0.00212527871601559
5.625	15.5	-0.00212491404813135
5.875	15.5	-0.00212452813883584
6.125	15.5	-0.00212412032311309
6.375	15.5	-0.00212368989708381
6.625	15.5	-0.00212323611640505
6.875	15.5	-0.00212275819441107
7.125	15.5	-0.00212225529987426
7.375	15.5	-0.00212172655418969
7.625	15.5	-0.00212117102766077
7.875	15.5	-0.00212058773435783
8.125	15.5	-0.00211997562468246
8.375	15.5	-0.00211933357421255
8.625	15.5	-0.00211866036648552
8.875	15.5	-0.00211795466586764
9.125	15.5	-0.00211721497417262
9.375	15.5	-0.00211643956060561
9.625	15.5	-0.00211562634788178
9.875	15.5	-0.00211477272630111
10.125	15.5	-0.00211387524934828
10.375	15.5	-0.00211292913441777
10.625	15.5	-0.00211192744295098
10.875	15.5	-0.00211085973312685
11.125	15.5	-0.00210970984472356
11.375	15.5	-0.00210845225605753
11.625	15.5	-0.00210704609137652
11.875	15.5	-0.0021054252622014
12.125	15.5	-0.00210348224727075
12.375	15.5	-0.00210104140515578
12.625	15.5	-0.0020978150636378
12.875	15.5	-0.00209333127003499
13.125	15.5	-0.00208681491407856
13.375	15.5	-0.00207699213674302
13.625	15.5	-0.00206176853587565
13.875	15.5	-0.00203769978283411
14.125	15.5	-0.00199912085942605
14.375	15.5	-0.00193671410959986
14.625	15.5	-0.00183515534794348
14.875	15.5	-0.0016692469060352
15.125	15.5	-0.00139757168699662
15.375	15.5	-0.000952096994080421
15.625	15.5	-0.000221191665773615
15.875	15.5	0.000977985638675806
16.125	15.5	0.00294402638080434
16.375	15.5	0.00616217128102982
16.625	15.5	0.0114146358637377
16.875	15.5	0.0199455674719364
17.125	15.5	0.0336900456769627
17.375	15.5	0.0555462802621964
17.625	15.5	0.0895814693546529
17.875	15.5	0.140870047207696
18.125	15.5	0.214393456628996
18.375	15.5	0.312426260695708
18.625	15.5	0.430951176815551
18.875	15.5	0.558086504113204
19.125	15.5	0.677951811821374
19.375	15.5	0.778070133776927
19.625	15.5	0.853731504499407
19.875	15.5	0.906798425727826
20.125	15.5	0.942141870898029
20.375	15.5	0.9648909780702
20.625	15.5	0.97921710678567
20.875	15.5	0.988115891922922
21.125	15.5	0.9935964057345
21.375	15.5	0.996953797094053
21.625	15.5	0.999003658998706
21.875	15.5	1.00025244233552
22.125	15.5	1.00101198695699
22.375	15.5	1.0014733251146
22.625	15.5	1.00175312068417
22.875	15.5	1.00192248658497
23.125	15.5	1.00202472020455
23.375	15.5	1.00208616468025
23.625	15.5	1.00212284063429
23.875	15.5	1.00214448813092
24.125	15.5	1.00215702751537
24.375	15.5	1.00216405664239
24.625	15.5	1.00216776145893
24.875	15.5	1.00216946966697
25.125	15.5	1.00216998731813
25.375	15.5	1.00216980342515
25.625	15.5	1.00216921433522
25.875	15.5	1.00216839932769
26.125	15.5	1.00216746656301
26.375	15.5	1.00216648101017
26.625	15.5	1.00216548141998
26.875	15.5	1.0021644906405
27.125	15.5	1.00216352188549
27.375	15.5	1.00216258254324
27.625	15.5	1.00216167649042
27.875	15.5	1.0021608054973
28.125	15.5	1.00215997008068
28.375	15.5	1.00215917002138
28.625	15.5	1.00215840467759
28.875	15.5	1.00215767317448
29.125	15.5	1.00215697451846
29.375	15.5	1.00215630766579
29.625	15.5	1.00215567156335
29.875	15.5	1.00215506517275
30.125	15.5	1.00215448748409
30.375	15.5	1.00215393752371
30.625	15.5	1.00215341435816
30.875	15.5	1.00215291709596
31.125	15.5	1.00215244488808
31.375	15.5	1.00215199692763
31.625	15.5	1.00215157244914
31.875	15.5	1.00215117072757
32.125	15.5	1.00215079107723
32.375	15.5	1.0021504328507
32.625	15.5	1.00215009543764
32.875	15.5	1.00214977826379
33.125	15.5	1.00214948078986
33.375	15.5	1.00214920251057
33.625	15.5	1.00214894295369
33.875	15.5	1.00214870167919
34.125	15.5	1.00214847827839
34.375	15.5	1.00214827237321
34.625	15.5	1.00214808361544
34.875	15.5	1.00214791168614
35.125	15.5	1.00214775629497
35.375	15.5	1.0021476171797
35.625	15.5	1.00214749410571
35.875	15.5	1.00214738686552
36.125	15.5	1.00214729527844
36.375	15.5	1.00214721919022
36.625	15.5	1.00214715847275
36.875	15.5	1.00214711302382
37.125	15.5	1.00214708276695
37.375	15.5	1.00214706765123
0.125	16.5	-0.00212449451834296
0.375	16.5	-0.00212447647958844
0.625	16.5	-0.00212444037417223
0.875	16.5	-0.00212438614623094
1.125	16.5	-0.00212431371184692
1.375	16.5	-0.00212422295890099
1.625	16.5	-0.00212411374687556
1.875	16.5	-0.00212398590660789
2.125	16.5	-0.00212383923999272
2.375	16.5	-0.00212367351963397
2.625	16.5	-0.00212348848844459
2.875	16.5	-0.00212328385919375
3.125	16.5	-0.00212305931400059
3.375	16.5	-0.00212281450377318
3.625	16.5	-0.00212254904759165
3.875	16.5	-0.002122262532034
4.125	16.5	-0.0021219545104429
4.375	16.5	-0.00212162450213147
4.625	16.5	-0.00212127199152564
4.875	16.5	-0.00212089642724003
5.125	16.5	-0.00212049722108304
5.375	16.5	-0.00212007374698564
5.625	16.5	-0.00211962533984539
5.875	16.5	-0.00211915129427343
6.125	16.5	-0.00211865086322534
6.375	16.5	-0.00211812325648584
6.625	16.5	-0.00211756763895972
6.875	16.5	-0.00211698312869181
7.125	16.5	-0.00211636879449114
7.375	16.5	-0.00211572365295521
7.625	16.5	-0.00211504666456085
7.875	16.5	-0.00211433672827475
8.125	16.5	-0.00211359267378556
8.375	16.5	-0.00211281324988247
8.625	16.5	-0.00211199710655494
8.875	16.5	-0.0021111427668252
9.125	16.5	-0.00211024858175305
9.375	16.5	-0.00210931265782023
9.625	16.5	-0.00210833273893703
9.875	16.5	-0.00210730601385357
10.125	16.5	-0.00210622880090008
10.375	16.5	-0.00210509603094831
10.625	16.5	-0.0021039003984218
10.875	16.5	-0.00210263096615489
11.125	16.5	-0.0021012708716295
11.375	16.5	-0.00209979355459165
11.625	16.5	-0.00209815655165205
11.875	16.5	-0.00209629128740636
12.125	16.5	-0.00209408627788872
12.375	16.5	-0.00209135949416194
12.625	16.5	-0.00208781288934293
12.875	16.5	-0.00208295757686561
13.125	16.5	-0.0020759907191451
13.375	16.5	-0.0020655929663586
13.625	16.5	-0.00204959518977536
13.875	16.5	-0.00202443021914991
14.125	16.5	-0.00198423102064582
14.375	16.5	-0.0019193476771335
14.625	16.5	-0.00181390958544402
14.875	16.5	-0.00164182081555591
15.125	16.5	-0.00136018872528761
15.375	16.5	-0.000898559980724856
15.625	16.5	-0.000141341149385445
15.875	16.5	0.00110077097509428
16.125	16.5	0.00313684187605732
16.375	16.5	0.00646891724631164
16.625	16.5	0.011905716607707
16.875	16.5	0.0207319809016253
17.125	16.5	0.0349418390158974
17.375	16.5	0.0575115199242901
17.625	16.5	0.092592142802536
17.875	16.5	0.145303369037212
18.125	16.5	0.220540642217543
18.375	16.5	0.320250997790423
18.625	16.5	0.439862129346685
18.875	16.5	0.567010720686547
19.125	16.5	0.685810248595528
19.375	16.5	0.784258672172387
19.625	16.5	0.858203315733323
19.875	16.5	0.909839885689555
20.125	16.5	0.944129621185619
20.375	16.5	0.966158362230326
20.625	16.5	0.980013970616342
20.875	16.5	0.988613843324537
21.125	16.5	0.993907621857776
21.375	16.5	0.997149510042084
21.625	16.5	0.999128327010818
21.875	16.5	1.00033352788438
22.125	16.5	1.00106634936877
22.375	16.5	1.00151127662112
22.625	16.5	1.00178095583692
22.875	16.5	1.00194404362187
23.125	16.5	1.00204233899738
23.375	16.5	1.00210127231167
23.625	16.5	1.00213630855715
23.875	16.5	1.00215684971626
24.125	16.5	1.00216861045412
24.375	16.5	1.00217506348656
24.625	16.5	1.00217831860128
24.875	16.5	1.00217965712232
25.125	16.5	1.00217985683016
25.375	16.5	1.00217938947522
25.625	16.5	1.00217854083627
25.875	16.5	1.00217748369521
26.125	16.5	1.00217632219164
26.375	16.5	1.0021751187812
26.625	16.5	1.00217391061983
26.875	16.5	1.00217271952108
27.125	16.5	1.00217155800694
27.375	16.5	1.00217043298434
27.625	16.5	1.00216934797849
27.875	16.5	1.0021683044892
28.125	16.5	1.00216730281404
28.375	16.5	1.00216634254762
28.625	16.5	1.00216542288393
28.875	16.5	1.00216454279919
29.125	16.5	1.00216370116195
29.375	16.5	1.0021628967991
29.625	16.5	1.00216212853517
29.875	16.5	1.00216139521531
30.125	16.5	1.0021606957185
30.375	16.5	1.00216002896486
30.625	16.5	1.00215939391928
30.875	16.5	1.00215878959307
31.125	16.5	1.00215821504422
31.375	16.5	1.002157669377
31.625	16.5	1.00215715174111
31.875	16.5	1.00215666133066
32.125	16.5	1.00215619738295
32.375	16.5	1.00215575917736
32.625	16.5	1.00215534603413
32.875	16.5	1.00215495731319
33.125	16.5	1.00215459241312
33.375	16.5	1.00215425077005
33.625	16.5	1.0021539318567
33.875	16.5	1.00215363518146
34.125	16.5	1.0021533602875
34.375	16.5	1.00215310675198
34.625	16.5	1.0021528741853
34.875	16.5	1.00215266223041
35.125	16.5	1.0021524705622
35.375	16.5	1.0021522988869
35.625	16.5	1.00215214694156
35.875	16.5	1.00215201449362
36.125	16.5	1.00215190134047
36.375	16.5	1.00215180730909
36.625	16.5	1.00215173225577
36.875	16.5	1.00215167606586
37.125	16.5	1.00215163865352
37.375	16.5	1.00215161996162
0.125	17.5	-0.00212043804012173
0.375	17.5	-0.00212041692334941
0.625	17.5	-0.00212037465946789
0.875	17.5	-0.00212031118775241
1.125	17.5	-0.00212022641698847
1.375	17.5	-0.00212012022531882
1.625	17.5	-0.00211999246003887
1.875	17.5	-0.00211984293734034
2.125	17.5	-0.00211967144200235
2.375	17.5	-0.00211947772702955
2.625	17.5	-0.00211926151323652
2.875	17.5	-0.00211902248877749
3.125	17.5	-0.00211876030862059
3.375	17.5	-0.00211847459396529
3.625	17.5	-0.00211816493160206
3.875	17.5	-0.00211783087321248
4.125	17.5	-0.00211747193460829
4.375	17.5	-0.00211708759490734
4.625	17.5	-0.00211667729564379
4.875	17.5	-0.00211624043980958
5.125	17.5	-0.00211577639082273
5.375	17.5	-0.00211528447141673
5.625	17.5	-0.00211476396244248
5.875	17.5	-0.00211421410156983
6.125	17.5	-0.00211363408186945
6.375	17.5	-0.00211302305024371
6.625	17.5	-0.00211238010565766
6.875	17.5	-0.0021117042970904
7.125	17.5	-0.002110994621078
7.375	17.5	-0.00211025001863733
7.625	17.5	-0.00210946937122663
7.875	17.5	-0.00210865149517789
8.125	17.5	-0.00210779513367452
8.375	17.5	-0.00210689894475075
8.625	17.5	-0.00210596148280932
8.875	17.5	-0.00210498116953938
9.125	17.5	-0.00210395624746119
9.375	17.5	-0.00210288470495396
9.625	17.5	-0.00210176415443192
9.875	17.5	-0.00210059163349996
10.125	17.5	-0.0020993632794469
10.375	17.5	-0.00209807379538978
10.625	17.5	-0.00209671557365053
10.875	17.5	-0.00209527725517277
11.125	17.5	-0.00209374136099457
11.375	17.5	-0.00209208039682192
11.625	17.5	-0.00209025044509315
11.875	17.5	-0.00208818062267544
12.125	17.5	-0.00208575573538788
12.375	17.5	-0.00208278773783634
12.625	17.5	-0.00207896877249671
12.875	17.5	-0.00207379389827432
13.125	17.5	-0.0020664339462187
13.375	17.5	-0.00205552631934105
13.625	17.5	-0.00203883079832192
13.875	17.5	-0.00201266329569968
14.125	17.5	-0.00197096444870424
14.375	17.5	-0.00190376795225998
14.625	17.5	-0.001794682830676
14.875	17.5	-0.00161675765994363
15.125	17.5	-0.00132569449987223
15.375	17.5	-0.000848734752176357
15.625	17.5	-6.65121020990962e-05
15.875	17.5	0.00121642796650945
16.125	17.5	0.00331911669170117
16.375	17.5	0.00675957564774925
16.625	17.5	0.0123716837111384
16.875	17.5	0.0214786169013365
17.125	17.5	0.036130153438773
17.375	17.5	0.0593753796762209
17.625	17.5	0.095442078582205
17.875	17.5	0.149486624428108
18.125	17.5	0.226313095324713
18.375	17.5	0.327549750149108
18.625	17.5	0.4481056070833
18.875	17.5	0.575193260572643
19.125	17.5	0.692956334301686
19.375	17.5	0.789848678218721
19.625	17.5	0.862222840220251
19.875	17.5	0.912564508147262
20.125	17.5	0.945906294002762
20.375	17.5	0.967289448853585
20.625	17.5	0.980724366168609
20.875	17.5	0.989057366043558
21.125	17.5	0.994184575850784
21.375	17.5	0.997323497657867
21.625	17.5	0.999239011418772
21.875	17.5	1.00040539752302
22.125	17.5	1.00111443332302
22.375	17.5	1.00154476582349
22.625	17.5	1.00180545949027
22.875	17.5	1.00196298142961
23.125	17.5	1.00205779513666
23.375	17.5	1.00211451739344
23.625	17.5	1.00214811797142
23.875	17.5	1.00216769753936
24.125	17.5	1.00217878746605
24.375	17.5	1.00218474896509
24.625	17.5	1.0021876239842
24.875	17.5	1.0021886525564
25.125	17.5	1.00218858731295
25.375	17.5	1.0021878846689
25.625	17.5	1.00218682103443
25.875	17.5	1.00218556345085
26.125	17.5	1.00218421252355
26.375	17.5	1.00218282851611
26.625	17.5	1.00218144720933
26.875	17.5	1.00218008953922
27.125	17.5	1.00217876745374
27.375	17.5	1.00217748747137
27.625	17.5	1.00217625284276
27.875	17.5	1.00217506486344
28.125	17.5	1.00217392367049
28.375	17.5	1.00217282872573
28.625	17.5	1.0021717791083
28.875	17.5	1.00217077369148
29.125	17.5	1.00216981124923
29.375	17.5	1.00216889051998
29.625	17.5	1.00216801024454
29.875	17.5	1.00216716918832
30.125	17.5	1.00216636615399
30.375	17.5	1.00216559998845
30.625	17.5	1.00216486958635
30.875	17.5	1.00216417389151
31.125	17.5	1.00216351189715
31.375	17.5	1.00216288264543
31.625	17.5	1.00216228522654
31.875	17.5	1.00216171877765
32.125	17.5	1.00216118248169
32.375	17.5	1.00216067556615
32.625	17.5	1.00216019730192
32.875	17.5	1.00215974700206
33.125	17.5	1.00215932402071
33.375	17.5	1.00215892775204
33.625	17.5	1.00215855762922
33.875	17.5	1.0021582131235
34.125	17.5	1.00215789374331
34.375	17.5	1.00215759903348
34.625	17.5	1.00215732857441
34.875	17.5	1.00215708198145
35.125	17.5	1.00215685890418
35.375	17.5	1.00215665902589
35.625	17.5	1.00215648206302
35.875	17.5	1.00215632776469
36.125	17.5	1.0021561959123
36.375	17.5	1.00215608631912
36.625	17.5	1.00215599883005
36.875	17.5	1.00215593332128
37.125	17.5	1.00215588970018
37.375	17.5	1.00215586790503
0.125	18.5	-0.0021167337661651
0.375	18.5	-0.00211671007156719
0.625	18.5	-0.00211666265044672
0.875	18.5	-0.00211659143890311
1.125	18.5	-0.00211649634095745
1.375	18.5	-0.00211637722839874
1.625	18.5	-0.00211623394057825
1.875	18.5	-0.00211606628415188
2.125	18.5	-0.00211587403276978
2.375	18.5	-0.0021156569267127
2.625	18.5	-0.00211541467247445
2.875	18.5	-0.00211514694228953
3.125	18.5	-0.00211485337360502
3.375	18.5	-0.00211453356849566
3.625	18.5	-0.00211418709302081
3.875	18.5	-0.00211381347652194
4.125	18.5	-0.00211341221085889
4.375	18.5	-0.00211298274958291
4.625	18.5	-0.00211252450704398
4.875	18.5	-0.00211203685742924
5.125	18.5	-0.00211151913372827
5.375	18.5	-0.00211097062661915
5.625	18.5	-0.00211039058326685
5.875	18.5	-0.00210977820602073
6.125	18.5	-0.0021091326509912
6.375	18.5	-0.00210845302647375
6.625	18.5	-0.00210773839117001
6.875	18.5	-0.00210698775212395
7.125	18.5	-0.00210620006224081
7.375	18.5	-0.00210537421717226
7.625	18.5	-0.00210450905121344
7.875	18.5	-0.00210360333163122
8.125	18.5	-0.00210265575046957
8.375	18.5	-0.00210166491226487
8.625	18.5	-0.0021006293150942
8.875	18.5	-0.00209954732071862
9.125	18.5	-0.00209841710684964
9.375	18.5	-0.00209723659006906
9.625	18.5	-0.00209600330052984
9.875	18.5	-0.0020947141773843
10.125	18.5	-0.00209336523384027
10.375	18.5	-0.00209195100775876
10.625	18.5	-0.00209046365942255
10.875	18.5	-0.00208889148877612
11.125	18.5	-0.0020872164974377
11.375	18.5	-0.00208541037888495
11.625	18.5	-0.00208342792215395
11.875	18.5	-0.00208119615936016
12.125	18.5	-0.00207859650948141
12.375	18.5	-0.00207543539722556
12.625	18.5	-0.00207139590745271
12.875	18.5	-0.0020659582339724
13.125	18.5	-0.00205826878197985
13.375	18.5	-0.00204692478919481
13.625	18.5	-0.00202961996147748
13.875	18.5	-0.00200256149043659
14.125	18.5	-0.0019595111123008
14.375	18.5	-0.00189020816740096
14.625	18.5	-0.0017777774928136
14.875	18.5	-0.00159447161884453
15.125	18.5	-0.00129468496519824
15.375	18.5	-0.000803514003209247
15.625	18.5	1.91754717093451e-06
15.875	18.5	0.00132278530602171
16.125	18.5	0.00348738489985456
16.375	18.5	0.00702857735053041
16.625	18.5	0.0128035784888586
16.875	18.5	0.0221711282773688
17.125	18.5	0.0372322691195919
17.375	18.5	0.0611026175553433
17.625	18.5	0.0980784697118945
17.875	18.5	0.153344932300132
18.125	18.5	0.23161320766884
18.375	18.5	0.33420980762143
18.625	18.5	0.455570628807767
18.875	18.5	0.582543102286851
19.125	18.5	0.699327415973417
19.375	18.5	0.794802516512733
19.625	18.5	0.865769251917295
19.875	18.5	0.91496111531312
20.125	18.5	0.947465840896893
20.375	18.5	0.968280861614421
20.625	18.5	0.981346329502068
20.875	18.5	0.989445266079995
21.125	18.5	0.994426507894198
21.375	18.5	0.997475252345215
21.625	18.5	0.999335354642073
21.875	18.5	1.00046778456417
22.125	18.5	1.0011560280823
22.375	18.5	1.00157361697508
22.625	18.5	1.00182647819378
22.875	18.5	1.00197916111446
23.125	18.5	1.00207095954448
23.375	18.5	1.00212577774752
23.625	18.5	1.00215815179745
23.875	18.5	1.00217691849939
24.125	18.5	1.00218744872718
24.375	18.5	1.00219300608474
24.625	18.5	1.00219557315563
24.875	18.5	1.00219635386466
25.125	18.5	1.00219607887434
25.375	18.5	1.00219519122703
25.625	18.5	1.0021939591858
25.875	18.5	1.00219254482141
26.125	18.5	1.00219104569957
26.375	18.5	1.00218952021789
26.625	18.5	1.00218800300456
26.875	18.5	1.00218651427667
27.125	18.5	1.00218506552693
27.375	18.5	1.00218366297888
27.625	18.5	1.00218230968583
27.875	18.5	1.00218100680545
28.125	18.5	1.0021797543733
28.375	18.5	1.00217855177201
28.625	18.5	1.00217739801533
28.875	18.5	1.00217629191985
29.125	18.5	1.00217523220839
29.375	18.5	1.00217421757198
29.625	18.5	1.00217324670666
29.875	18.5	1.002172318335
30.125	18.5	1.00217143121841
30.375	18.5	1.00217058416391
30.625	18.5	1.00216977602752
30.875	18.5	1.00216900571562
31.125	18.5	1.00216827218516
31.375	18.5	1.00216757444322
31.625	18.5	1.00216691154607
31.875	18.5	1.00216628259817
32.125	18.5	1.00216568675098
32.375	18.5	1.00216512320174
32.625	18.5	1.00216459119233
32.875	18.5	1.00216409000811
33.125	18.5	1.00216361897681
33.375	18.5	1.00216317746748
33.625	18.5	1.00216276488951
33.875	18.5	1.00216238069171
34.125	18.5	1.00216202436143
34.375	18.5	1.00216169542374
34.625	18.5	1.00216139344072
34.875	18.5	1.0021611180107
35.125	18.5	1.00216086876772
35.375	18.5	1.00216064538085
35.625	18.5	1.00216044755375
35.875	18.5	1.00216027502417
36.125	18.5	1.00216012756352
36.375	18.5	1.00216000497654
36.625	18.5	1.00215990710099
36.875	18.5	1.00215983380737
37.125	18.5	1.00215978499873
37.375	18.5	1.00215976061054
0.125	19.5	-0.00211342371521108
0.375	19.5	-0.00211339796874642
0.625	19.5	-0.00211334644315038
0.875	19.5	-0.00211326907303956
1.125	19.5	-0.00211316576021427
1.375	19.5	-0.00211303637350874
1.625	19.5	-0.00211288074859109
1.875	19.5	-0.00211269868771244
2.125	19.5	-0.00211248995940492
2.375	19.5	-0.00211225429812784
2.625	19.5	-0.00211199140386145
2.875	19.5	-0.00211170094164743
3.125	19.5	-0.00211138254107532
3.375	19.5	-0.00211103579571374
3.625	19.5	-0.00211066026248536
3.875	19.5	-0.00211025546098403
4.125	19.5	-0.00210982087273275
4.375	19.5	-0.00210935594038025
4.625	19.5	-0.00210886006683396
4.875	19.5	-0.00210833261432618
5.125	19.5	-0.00210777290340925
5.375	19.5	-0.00210718021187372
5.625	19.5	-0.00210655377358093
5.875	19.5	-0.00210589277719676
6.125	19.5	-0.00210519636480626
6.375	19.5	-0.00210446363037675
6.625	19.5	-0.00210369361801804
6.875	19.5	-0.00210288531995603
7.125	19.5	-0.00210203767408417
7.375	19.5	-0.00210114956087093
7.625	19.5	-0.00210021979926038
7.875	19.5	-0.00209924714097017
8.125	19.5	-0.00209823026220914
8.375	19.5	-0.00209716775120693
8.625	19.5	-0.00209605808891298
8.875	19.5	-0.00209489961851776
9.125	19.5	-0.00209369049664534
9.375	19.5	-0.00209242861445163
9.625	19.5	-0.002091111469269
9.875	19.5	-0.00208973595494152
10.125	19.5	-0.00208829801843052
10.375	19.5	-0.00208679209642859
10.625	19.5	-0.00208521019002949
10.875	19.5	-0.00208354034385579
11.125	19.5	-0.00208176414523283
11.375	19.5	-0.00207985261081853
11.625	19.5	-0.00207775941969767
11.875	19.5	-0.00207540977989578
12.125	19.5	-0.00207268210937338
12.375	19.5	-0.00206937789280634
12.625	19.5	-0.00206517208115468
12.875	19.5	-0.00205953147436191
13.125	19.5	-0.00205158042224589
13.375	19.5	-0.00203987984599569
13.625	19.5	-0.00202206365688429
13.875	19.5	-0.00199424060619667
14.125	19.5	-0.00195001039186351
14.375	19.5	-0.00187884569114107
14.625	19.5	-0.00176343265521646
14.875	19.5	-0.00157530254369284
15.125	19.5	-0.001267664977939
15.375	19.5	-0.000763673129785355
15.625	19.5	6.27288342832424e-05
15.875	19.5	0.00141789772315895
16.125	19.5	0.00363851547793843
16.375	19.5	0.00727086584348059
16.625	19.5	0.013193246116134
16.875	19.5	0.0227964500968759
17.125	19.5	0.0382275344752269
17.375	19.5	0.0626613450493743
17.625	19.5	0.100453929808827
17.875	19.5	0.156812018598215
18.125	19.5	0.236356445964811
18.375	19.5	0.3401367032883
18.625	19.5	0.462168484801638
18.875	19.5	0.58899217406877
19.125	19.5	0.704880778604477
19.375	19.5	0.799097646973019
19.625	19.5	0.868832145621861
19.875	19.5	0.917025344418123
20.125	19.5	0.948806545133241
20.375	19.5	0.969131941869459
20.625	19.5	0.981879595744207
20.875	19.5	0.989777415194391
21.125	19.5	0.994633333084369
21.375	19.5	0.997604700975574
21.625	19.5	0.999417285697918
21.875	19.5	1.00052061780062
22.125	19.5	1.00119106198767
22.375	19.5	1.00159775822378
22.625	19.5	1.00184394017613
22.875	19.5	1.00199251118091
23.125	19.5	1.00208176112474
23.375	19.5	1.0021349827541
23.625	19.5	1.00216633994203
23.875	19.5	1.00218444306586
24.125	19.5	1.00219452529859
24.375	19.5	1.00219976652297
24.625	19.5	1.00220209843176
24.875	19.5	1.00220269402221
25.125	19.5	1.00220226516654
25.375	19.5	1.00220124349493
25.625	19.5	1.00219989034265
25.875	19.5	1.00219836357763
26.125	19.5	1.0021967582182
26.375	19.5	1.00219513111974
26.625	19.5	1.00219351597825
26.875	19.5	1.0021919324484
27.125	19.5	1.00219039168435
27.375	19.5	1.00218889970637
27.625	19.5	1.00218745944588
27.875	19.5	1.00218607198744
28.125	19.5	1.00218473732252
28.375	19.5	1.00218345480668
28.625	19.5	1.00218222343644
28.875	19.5	1.00218104201666
29.125	19.5	1.00217990926136
29.375	19.5	1.00217882385418
29.625	19.5	1.0021777844843
29.875	19.5	1.00217678986748
30.125	19.5	1.0021758387581
30.375	19.5	1.00217492995586
30.625	19.5	1.00217406230905
30.875	19.5	1.002173234716
31.125	19.5	1.00217244612531
31.375	19.5	1.00217169553543
31.625	19.5	1.00217098199384
31.875	19.5	1.00217030459606
32.125	19.5	1.00216966248453
32.375	19.5	1.0021690548475
32.625	19.5	1.00216848091787
32.875	19.5	1.00216793997214
33.125	19.5	1.00216743132933
33.375	19.5	1.00216695434999
33.625	19.5	1.00216650843527
33.875	19.5	1.00216609302599
34.125	19.5	1.00216570760187
34.375	19.5	1.0021653516807
34.625	19.5	1.00216502481766
34.875	19.5	1.00216472660465
35.125	19.5	1.00216445666965
35.375	19.5	1.00216421467623
35.625	19.5	1.00216400032297
35.875	19.5	1.00216381334311
36.125	19.5	1.00216365350404
36.375	19.5	1.00216352060706
36.625	19.5	1.002163414487
36.875	19.5	1.00216333501206
37.125	19.5	1.00216328208352
37.375	19.5	1.00216325563567
0.125	20.5	-0.00211054122119754
0.375	20.5	-0.00211051396059903
0.625	20.5	-0.00211045940681586
0.875	20.5	-0.00211037749462872
1.125	20.5	-0.00211026812609115
1.375	20.5	-0.00211013117038855
1.625	20.5	-0.00210996646364964
1.875	20.5	-0.00210977380871015
2.125	20.5	-0.00210955297482843
2.375	20.5	-0.0021093036973522
2.625	20.5	-0.00210902567733609
2.875	20.5	-0.00210871858110916
3.125	20.5	-0.00210838203979159
3.375	20.5	-0.00210801564875958
3.625	20.5	-0.00210761896705749
3.875	20.5	-0.00210719151675581
4.125	20.5	-0.00210673278225364
4.375	20.5	-0.00210624220952368
4.625	20.5	-0.00210571920529767
4.875	20.5	-0.0021051631361891
5.125	20.5	-0.00210457332774919
5.375	20.5	-0.00210394906345035
5.625	20.5	-0.0021032895835884
5.875	20.5	-0.00210259408409042
6.125	20.5	-0.00210186171520774
6.375	20.5	-0.00210109158006131
6.625	20.5	-0.00210028273298724
6.875	20.5	-0.0020994341775973
7.125	20.5	-0.00209854486441633
7.375	20.5	-0.00209761368787008
7.625	20.5	-0.00209663948225312
7.875	20.5	-0.00209562101606845
8.125	20.5	-0.00209455698373982
8.375	20.5	-0.00209344599305433
8.625	20.5	-0.00209228654563476
8.875	20.5	-0.00209107700599905
9.125	20.5	-0.00208981555189854
9.375	20.5	-0.00208850009390977
9.625	20.5	-0.0020871281444928
9.875	20.5	-0.00208569660395566
10.125	20.5	-0.00208420140974433
10.375	20.5	-0.0020826369608851
10.625	20.5	-0.00208099517248011
10.875	20.5	-0.00207926392147616
11.125	20.5	-0.00207742449076363
11.375	20.5	-0.00207544736496781
11.625	20.5	-0.00207328531381285
11.875	20.5	-0.00207086201193526
12.125	20.5	-0.00206805331351715
12.375	20.5	-0.00206465643983729
12.625	20.5	-0.0020603392768411
12.875	20.5	-0.00205455694339903
13.125	20.5	-0.00204641450500639
13.375	20.5	-0.00203444107787341
13.625	20.5	-0.00201621815395454
13.875	20.5	-0.00198776813215595
14.125	20.5	-0.00194254851551339
14.375	20.5	-0.00186979792222462
14.625	20.5	-0.0017518174092525
14.875	20.5	-0.0015595050514206
15.125	20.5	-0.00124503038255752
15.375	20.5	-0.000729840754340756
15.625	20.5	0.000114910258745822
15.875	20.5	0.00150012568652741
16.125	20.5	0.00376984293413463
16.375	20.5	0.00748211029767297
16.625	20.5	0.0135336803713896
16.875	20.5	0.0233433502041598
17.125	20.5	0.0390982264672667
17.375	20.5	0.064024324573607
17.625	20.5	0.102528338773439
17.875	20.5	0.159832599921049
18.125	20.5	0.240473968821435
18.375	20.5	0.34525636105021
18.625	20.5	0.467833595678156
18.875	20.5	0.594494657460381
19.125	20.5	0.709591934792396
19.375	20.5	0.802724694594162
19.625	20.5	0.871409887381775
19.875	20.5	0.918758426900023
20.125	20.5	0.949930188207699
20.375	20.5	0.969844205416207
20.625	20.5	0.982325254421997
20.875	20.5	0.99005453556518
21.125	20.5	0.994805507998379
21.375	20.5	0.997712122498747
21.625	20.5	0.999484969330892
21.875	20.5	1.00056398999902
22.125	20.5	1.00121958282245
22.375	20.5	1.00161720925088
22.625	20.5	1.00185784745113
22.875	20.5	1.00200302239135
23.125	20.5	1.0020901833315
23.375	20.5	1.00214211099118
23.625	20.5	1.00217265761944
23.875	20.5	1.00219024404246
24.125	20.5	1.0021999881861
24.375	20.5	1.00220499989262
24.625	20.5	1.00220716830957
24.875	20.5	1.00220764060808
25.125	20.5	1.00220711299862
25.375	20.5	1.00220600762759
25.625	20.5	1.00220458010043
25.875	20.5	1.00220298483532
26.125	20.5	1.00220131478485
26.375	20.5	1.00219962557792
26.625	20.5	1.00219795019229
26.875	20.5	1.0021963078714
27.125	20.5	1.00219470954303
27.375	20.5	1.00219316111169
27.625	20.5	1.00219166545869
27.875	20.5	1.00219022365687
28.125	20.5	1.00218883570789
28.375	20.5	1.00218750098946
28.625	20.5	1.00218621852632
28.875	20.5	1.00218498715401
29.125	20.5	1.00218380561773
29.375	20.5	1.00218267263147
29.625	20.5	1.00218158691339
29.875	20.5	1.00218054720648
30.125	20.5	1.00217955229053
30.375	20.5	1.00217860098867
30.625	20.5	1.0021776921708
30.875	20.5	1.00217682475508
31.125	20.5	1.00217599770822
31.375	20.5	1.00217521004521
31.625	20.5	1.0021744608286
31.875	20.5	1.00217374916755
32.125	20.5	1.00217307421691
32.375	20.5	1.00217243517614
32.625	20.5	1.00217183128826
32.875	20.5	1.00217126183889
33.125	20.5	1.00217072615524
33.375	20.5	1.00217022360523
33.625	20.5	1.00216975359657
33.875	20.5	1.00216931557595
34.125	20.5	1.00216890902832
34.375	20.5	1.00216853347609
34.625	20.5	1.00216818847854
34.875	20.5	1.00216787363116
35.125	20.5	1.00216758856509
35.375	20.5	1.00216733294663
35.625	20.5	1.00216710647676
35.875	20.5	1.00216690889072
36.125	20.5	1.00216673995764
36.375	20.5	1.00216659948022
36.625	20.5	1.00216648729448
36.875	20.5	1.00216640326949
37.125	20.5	1.00216634730723
37.375	20.5	1.0021663193424
0.125	21.5	-0.00210811074625243
0.375	21.5	-0.00210808250742697
0.625	21.5	-0.00210802599804497
0.875	21.5	-0.00210794115460144
1.125	21.5	-0.00210782788173209
1.375	21.5	-0.00210768605208496
1.625	21.5	-0.00210751550614906
1.875	21.5	-0.00210731605203947
2.125	21.5	-0.00210708746523875
2.375	21.5	-0.00210682948829415
2.625	21.5	-0.00210654183046999
2.875	21.5	-0.0021062241673549
3.125	21.5	-0.00210587614042284
3.375	21.5	-0.00210549735654751
3.625	21.5	-0.0021050873874688
3.875	21.5	-0.00210464576921051
4.125	21.5	-0.00210417200144786
4.375	21.5	-0.00210366554682315
4.625	21.5	-0.00210312583020755
4.875	21.5	-0.00210255223790623
5.125	21.5	-0.00210194411680287
5.375	21.5	-0.00210130077343797
5.625	21.5	-0.00210062147301242
5.875	21.5	-0.00209990543830334
6.125	21.5	-0.00209915184847156
6.375	21.5	-0.00209835983772793
6.625	21.5	-0.0020975284938055
6.875	21.5	-0.0020966568561515
7.125	21.5	-0.00209574391369871
7.375	21.5	-0.00209478860198641
7.625	21.5	-0.00209378979925411
7.875	21.5	-0.00209274632088918
8.125	21.5	-0.00209165691121176
8.375	21.5	-0.00209052023092523
8.625	21.5	-0.00208933483748276
8.875	21.5	-0.00208809915384716
9.125	21.5	-0.00208681141820251
9.375	21.5	-0.00208546960237318
9.625	21.5	-0.00208407127880199
9.875	21.5	-0.00208261340293172
10.125	21.5	-0.00208109195642887
10.375	21.5	-0.00207950136146191
10.625	21.5	-0.00207783351827591
10.875	21.5	-0.00207607622290605
11.125	21.5	-0.00207421056487924
11.375	21.5	-0.00207220664640018
11.625	21.5	-0.00207001653936698
11.875	21.5	-0.00206756269693355
12.125	21.5	-0.00206471888504666
12.375	21.5	-0.00206127880490527
12.625	21.5	-0.00205690445998619
12.875	21.5	-0.00205104119218263
13.125	21.5	-0.0020427778732088
13.375	21.5	-0.0020306168568055
13.625	21.5	-0.00201209547051932
13.875	21.5	-0.0019831633031245
14.125	21.5	-0.00193715790708386
14.375	21.5	-0.0018631204048066
14.625	21.5	-0.00174302687290887
14.875	21.5	-0.00154724101864229
15.125	21.5	-0.00122705462645128
15.375	21.5	-0.000702475589089788
15.625	21.5	0.000157697018366323
15.875	21.5	0.00156820107554742
16.125	21.5	0.00387927610432081
16.375	21.5	0.00765888401039409
16.625	21.5	0.0138193127836259
16.875	21.5	0.0238028897686039
17.125	21.5	0.0398302649536107
17.375	21.5	0.0651700312291162
17.625	21.5	0.104270314052586
17.875	21.5	0.16236419569522
18.125	21.5	0.243914439950648
18.375	21.5	0.349516267884503
18.625	21.5	0.472523433852396
18.875	21.5	0.599025641672646
19.125	21.5	0.713452633426863
19.375	21.5	0.805685497746655
19.625	21.5	0.873508055440514
19.875	21.5	0.920166076844152
20.125	21.5	0.950841306875563
20.375	21.5	0.970420863788589
20.625	21.5	0.982685447288738
20.875	21.5	0.990278011062097
21.125	21.5	0.994943913295214
21.375	21.5	0.997798074836242
21.625	21.5	0.999538760223955
21.875	21.5	1.00059812890609
22.125	21.5	1.00124173913921
22.375	21.5	1.00163206895235
22.625	21.5	1.00186826742827
22.875	21.5	1.00201074182494
23.125	21.5	1.0020962597716
23.375	21.5	1.0021471868273
23.625	21.5	1.00217712259512
23.875	21.5	1.00219433425264
24.125	21.5	1.00220384633811
24.375	21.5	1.00220871197064
24.625	21.5	1.00221078587485
24.875	21.5	1.00221119435891
25.125	21.5	1.00221062101336
25.375	21.5	1.00220948037396
25.625	21.5	1.00220802347817
25.875	21.5	1.00220640202309
26.125	21.5	1.00220470736003
26.375	21.5	1.00220299419451
26.625	21.5	1.00220129499015
26.875	21.5	1.00219962872237
27.125	21.5	1.00219800619791
27.375	21.5	1.00219643328713
27.625	21.5	1.00219491288769
27.875	21.5	1.00219344611719
28.125	21.5	1.00219203303726
28.375	21.5	1.00219067309283
28.625	21.5	1.00218936537832
28.875	21.5	1.00218810879875
29.125	21.5	1.00218690216688
29.375	21.5	1.00218574426164
29.625	21.5	1.00218463386289
29.875	21.5	1.00218356977202
30.125	21.5	1.00218255082381
30.375	21.5	1.00218157589311
30.625	21.5	1.00218064389831
30.875	21.5	1.00217975380293
31.125	21.5	1.00217890461617
31.375	21.5	1.00217809539266
31.625	21.5	1.00217732523193
31.875	21.5	1.00217659327767
32.125	21.5	1.00217589871683
32.375	21.5	1.00217524077872
32.625	21.5	1.00217461873412
32.875	21.5	1.00217403189436
33.125	21.5	1.00217347961048
33.375	21.5	1.0021729612724
33.625	21.5	1.00217247630814
33.875	21.5	1.00217202418308
34.125	21.5	1.00217160439929
34.375	21.5	1.00217121649486
34.625	21.5	1.00217086004334
34.875	21.5	1.00217053465316
35.125	21.5	1.00217023996712
35.375	21.5	1.00216997566195
35.625	21.5	1.0021697414479
35.875	21.5	1.00216953706833
36.125	21.5	1.0021693622994
36.375	21.5	1.00216921694979
36.625	21.5	1.00216910086044
36.875	21.5	1.00216901390434
37.125	21.5	1.00216895598638
37.375	21.5	1.00216892704322
0.125	22.5	-0.0021061479186626
0.375	22.5	-0.00210611922290022
0.625	22.5	-0.00210606180120314
0.875	22.5	-0.00210597559318928
1.125	22.5	-0.0021058605081922
1.375	22.5	-0.00210571642514903
1.625	22.5	-0.00210554319245078
1.875	22.5	-0.00210534062775476
2.125	22.5	-0.00210510851775887
2.375	22.5	-0.00210484661793737
2.625	22.5	-0.00210455465223779
2.875	22.5	-0.00210423231273839
3.125	22.5	-0.00210387925926574
3.375	22.5	-0.00210349511897168
3.625	22.5	-0.00210307948586888
3.875	22.5	-0.0021026319203242
4.125	22.5	-0.00210215194850859
4.375	22.5	-0.00210163906180223
4.625	22.5	-0.00210109271615297
4.875	22.5	-0.00210051233138563
5.125	22.5	-0.00209989729045836
5.375	22.5	-0.0020992469386609
5.625	22.5	-0.00209856058274617
5.875	22.5	-0.00209783748998271
6.125	22.5	-0.0020970768871071
6.375	22.5	-0.00209627795914383
6.625	22.5	-0.00209543984803918
6.875	22.5	-0.0020945616510223
7.125	22.5	-0.00209364241855165
7.375	22.5	-0.00209268115161428
7.625	22.5	-0.00209167679799611
7.875	22.5	-0.00209062824689627
8.125	22.5	-0.00208953432085485
8.375	22.5	-0.00208839376329876
8.625	22.5	-0.00208720521891765
8.875	22.5	-0.00208596720228243
9.125	22.5	-0.00208467804715853
9.375	22.5	-0.00208333582409372
9.625	22.5	-0.00208193820584248
9.875	22.5	-0.00208048224699367
10.125	22.5	-0.00207896402245386
10.375	22.5	-0.00207737803370348
10.625	22.5	-0.00207571623293512
10.875	22.5	-0.00207396641840577
11.125	22.5	-0.002072109595073
11.375	22.5	-0.00207011563249778
11.625	22.5	-0.00206793612069942
11.875	22.5	-0.00206549261490324
12.125	22.5	-0.00206265729218182
12.375	22.5	-0.00205922112110489
12.625	22.5	-0.00205484148310866
12.875	22.5	-0.00204895598098189
13.125	22.5	-0.00204064060936947
13.375	22.5	-0.00202837638074956
13.625	22.5	-0.00200966534344066
13.875	22.5	-0.0019803988632406
14.125	22.5	-0.00193381851422385
14.375	22.5	-0.00185880733816586
14.625	22.5	-0.00173708124504748
14.875	22.5	-0.00153857612469232
15.125	22.5	-0.00121388104839108
15.375	22.5	-0.000681851601785799
15.625	22.5	0.000190597661812716
15.875	22.5	0.00162127328450397
16.125	22.5	0.00396537597614031
16.375	22.5	0.00779879330103747
16.625	22.5	0.0140462221585442
16.875	22.5	0.0241687560675632
17.125	22.5	0.0404137237352817
17.375	22.5	0.0660833968994217
17.625	22.5	0.105658202076252
17.875	22.5	0.16437825765588
18.125	22.5	0.246644964708829
18.375	22.5	0.352885694866858
18.625	22.5	0.476217650121723
18.875	22.5	0.60257933270864
19.125	22.5	0.716468769315974
19.375	22.5	0.807991257120902
19.625	22.5	0.875138041268311
19.875	22.5	0.921257525364233
20.125	22.5	0.951546559746552
20.375	22.5	0.970866420209528
20.625	22.5	0.982963114252904
20.875	22.5	0.990449728392179
21.125	22.5	0.995049754332523
21.375	22.5	0.997863332312657
21.625	22.5	0.999579163120622
21.875	22.5	1.00062337134001
22.125	22.5	1.00125776296381
22.375	22.5	1.00164250347527
22.625	22.5	1.00187532427585
22.875	22.5	1.00201576634097
23.125	22.5	1.00210006901737
23.375	22.5	1.00215027612321
23.625	22.5	1.00217979149245
23.875	22.5	1.00219676327547
24.125	22.5	1.00220614370049
24.375	22.5	1.00221094200206
24.625	22.5	1.00221298630984
24.875	22.5	1.00221338684989
25.125	22.5	1.00221281752053
25.375	22.5	1.00221168704735
25.625	22.5	1.0022102430144
25.875	22.5	1.00220863509455
26.125	22.5	1.00220695348009
26.375	22.5	1.00220525223995
26.625	22.5	1.00220356351524
26.875	22.5	1.00220190614638
27.125	22.5	1.00220029091589
27.375	22.5	1.00219872373414
27.625	22.5	1.00219720757484
27.875	22.5	1.00219574365079
28.125	22.5	1.00219433212771
28.375	22.5	1.00219297255749
28.625	22.5	1.00219166414082
28.875	22.5	1.00219040588626
29.125	22.5	1.00218919670625
29.375	22.5	1.00218803547494
29.625	22.5	1.00218692106276
29.875	22.5	1.00218585235694
30.125	22.5	1.00218482827342
30.375	22.5	1.00218384776364
30.625	22.5	1.00218290981822
30.875	22.5	1.00218201346872
31.125	22.5	1.00218115778832
31.375	22.5	1.00218034189181
31.625	22.5	1.0021795649352
31.875	22.5	1.00217882611515
32.125	22.5	1.00217812466827
32.375	22.5	1.00217745987033
32.625	22.5	1.00217683103553
32.875	22.5	1.00217623751575
33.125	22.5	1.00217567869976
33.375	22.5	1.0021751540126
33.625	22.5	1.00217466291485
33.875	22.5	1.00217420490202
34.125	22.5	1.00217377950398
34.375	22.5	1.00217338628437
34.625	22.5	1.00217302484014
34.875	22.5	1.00217269480101
35.125	22.5	1.00217239582909
35.375	22.5	1.00217212761844
35.625	22.5	1.00217188989475
35.875	22.5	1.00217168241498
36.125	22.5	1.00217150496711
36.375	22.5	1.00217135736986
36.625	22.5	1.00217123947247
36.875	22.5	1.00217115115459
37.125	22.5	1.00217109232603
37.375	22.5	1.00217106292675
0.125	23.5	-0.0021046597822699
0.375	23.5	-0.00210463112463536
0.625	23.5	-0.00210457378136649
0.875	23.5	-0.00210448769643263
1.125	23.5	-0.00210437278571023
1.375	23.5	-0.0021042289368898
1.625	23.5	-0.00210405600935162
1.875	23.5	-0.00210385383401001
2.125	23.5	-0.0021036222131261
2.375	23.5	-0.00210336092008866
2.625	23.5	-0.00210306969916288
2.875	23.5	-0.00210274826520662
3.125	23.5	-0.00210239630335384
3.375	23.5	-0.00210201346866461
3.625	23.5	-0.00210159938574125
3.875	23.5	-0.00210115364830977
4.125	23.5	-0.00210067581876585
4.375	23.5	-0.00210016542768402
4.625	23.5	-0.00209962197328871
4.875	23.5	-0.00209904492088459
5.125	23.5	-0.00209843370224319
5.375	23.5	-0.00209778771494037
5.625	23.5	-0.00209710632163695
5.875	23.5	-0.00209638884928975
6.125	23.5	-0.00209563458827292
6.375	23.5	-0.00209484279137661
6.625	23.5	-0.00209401267262997
6.875	23.5	-0.00209314340586092
7.125	23.5	-0.00209223412285013
7.375	23.5	-0.00209128391084468
7.625	23.5	-0.00209029180904625
7.875	23.5	-0.00208925680344103
8.125	23.5	-0.00208817781893016
8.375	23.5	-0.00208705370704871
8.625	23.5	-0.00208588322645606
8.875	23.5	-0.00208466501156269
9.125	23.5	-0.00208339752166657
9.375	23.5	-0.00208207895804851
9.625	23.5	-0.00208070712837322
9.875	23.5	-0.00207927922440831
10.125	23.5	-0.00207779145712922
10.375	23.5	-0.00207623845716523
10.625	23.5	-0.00207461228911241
10.875	23.5	-0.00207290083043831
11.125	23.5	-0.00207108510475837
11.375	23.5	-0.00206913489440622
11.625	23.5	-0.00206700152136404
11.875	23.5	-0.00206460596837294
12.125	23.5	-0.00206181933175955
12.375	23.5	-0.00205843065531772
12.625	23.5	-0.00205409399876075
12.875	23.5	-0.00204824133596386
13.125	23.5	-0.00203993922728155
13.375	23.5	-0.00202765298006082
13.625	23.5	-0.00200885861014309
13.875	23.5	-0.0019794044507956
14.125	23.5	-0.00193246107119577
14.375	23.5	-0.00185679450362137
14.625	23.5	-0.00173392803647088
14.875	23.5	-0.00153348078642566
15.125	23.5	-0.00120552152242776
15.375	23.5	-0.00066805273134089
15.625	23.5	0.000213405977511236
15.875	23.5	0.00165893204674541
16.125	23.5	0.0040273963489065
16.375	23.5	0.00790054672138591
16.625	23.5	0.0142122482402404
16.875	23.5	0.0244374422658312
17.125	23.5	0.040843100948894
17.375	23.5	0.0667561858286474
17.625	23.5	0.106680530573995
17.875	23.5	0.165860568120974
18.125	23.5	0.248651149533428
18.375	23.5	0.355355052219571
18.625	23.5	0.478916570231778
18.875	23.5	0.605166998128983
19.125	23.5	0.718658328826044
19.375	23.5	0.809660861334522
19.625	23.5	0.876315845410397
19.875	23.5	0.922044714317377
20.125	23.5	0.95205420775605
20.375	23.5	0.971186341214934
20.625	23.5	0.983161787448339
20.875	23.5	0.990571947987635
21.125	23.5	0.995124479724615
21.375	23.5	0.997908833640133
21.625	23.5	0.999606798943578
21.875	23.5	1.00064014049666
22.125	23.5	1.00126795403072
22.375	23.5	1.00164873477548
22.625	23.5	1.00187919020582
22.875	23.5	1.00201823561393
23.125	23.5	1.00210172879259
23.375	23.5	1.00215148119946
23.625	23.5	1.00218075531318
23.875	23.5	1.00219761337613
24.125	23.5	1.00220695546635
24.375	23.5	1.00221175921051
24.625	23.5	1.00221383362557
24.875	23.5	1.00221427742216
25.125	23.5	1.00221375760003
25.375	23.5	1.00221267878979
25.625	23.5	1.00221128618114
25.875	23.5	1.00220972808235
26.125	23.5	1.00220809394304
26.375	23.5	1.00220643746334
26.625	23.5	1.00220479063883
26.875	23.5	1.00220317229625
27.125	23.5	1.00220159328082
27.375	23.5	1.00220005960839
27.625	23.5	1.00219857438075
27.875	23.5	1.00219713894918
28.125	23.5	1.00219575362107
28.375	23.5	1.00219441808889
28.625	23.5	1.00219313169044
28.875	23.5	1.00219189356644
29.125	23.5	1.00219070275596
29.375	23.5	1.00218955825391
29.625	23.5	1.0021884590455
29.875	23.5	1.00218740412689
30.125	23.5	1.00218639251718
30.375	23.5	1.00218542326547
30.625	23.5	1.00218449545467
30.875	23.5	1.00218360820349
31.125	23.5	1.00218276066735
31.375	23.5	1.00218195203858
31.625	23.5	1.00218118154622
31.875	23.5	1.00218044845564
32.125	23.5	1.00217975206802
32.375	23.5	1.00217909171975
32.625	23.5	1.00217846678184
32.875	23.5	1.00217787665934
33.125	23.5	1.00217732079072
33.375	23.5	1.0021767986473
33.625	23.5	1.00217630973275
33.875	23.5	1.00217585358256
34.125	23.5	1.00217542976352
34.375	23.5	1.00217503787334
34.625	23.5	1.00217467754017
34.875	23.5	1.00217434842227
35.125	23.5	1.00217405020759
35.375	23.5	1.00217378261349
35.625	23.5	1.00217354538642
35.875	23.5	1.00217333830168
36.125	23.5	1.00217316116316
36.375	23.5	1.00217301380314
36.625	23.5	1.00217289608214
36.875	23.5	1.00217280788872
37.125	23.5	1.00217274913944
37.375	23.5	1.00217271977869
0.125	24.5	-0.00210364523754988
0.375	24.5	-0.00210361707677305
0.625	24.5	-0.00210356072990098
0.875	24.5	-0.00210347614627271
1.125	24.5	-0.00210336324983663
1.375	24.5	-0.00210322193907835
1.625	24.5	-0.00210305208692434
1.875	24.5	-0.00210285354062135
2.125	24.5	-0.00210262612159143
2.375	24.5	-0.00210236962526242
2.625	24.5	-0.00210208382087375
2.875	24.5	-0.00210176845125737
3.125	24.5	-0.00210142323259355
3.375	24.5	-0.00210104785414125
3.625	24.5	-0.00210064197794268
3.875	24.5	-0.00210020523850156
4.125	24.5	-0.00209973724243446
4.375	24.5	-0.00209923756809435
4.625	24.5	-0.00209870576516491
4.875	24.5	-0.00209814135422384
5.125	24.5	-0.00209754382627196
5.375	24.5	-0.00209691264222346
5.625	24.5	-0.00209624723234967
5.875	24.5	-0.00209554699566395
6.125	24.5	-0.00209481129922802
6.375	24.5	-0.00209403947734702
6.625	24.5	-0.00209323083060025
6.875	24.5	-0.00209238462462029
7.125	24.5	-0.00209150008847722
7.375	24.5	-0.00209057641243263
7.625	24.5	-0.00208961274467629
7.875	24.5	-0.0020886081864088
8.125	24.5	-0.00208756178422299
8.375	24.5	-0.0020864725180609
8.625	24.5	-0.00208533928191075
8.875	24.5	-0.00208416085257839
9.125	24.5	-0.00208293583885495
9.375	24.5	-0.00208166259844564
9.625	24.5	-0.00208033910186662
9.875	24.5	-0.00207896270909168
10.125	24.5	-0.00207752980263731
10.375	24.5	-0.00207603518441621
10.625	24.5	-0.00207447108385665
10.875	24.5	-0.00207282552632054
11.125	24.5	-0.00207107964881622
11.375	24.5	-0.00206920328334909
11.625	24.5	-0.00206714768944443
11.875	24.5	-0.00206483359527346
12.125	24.5	-0.00206213151854217
12.375	24.5	-0.00205882938296718
12.625	24.5	-0.00205457922873211
12.875	24.5	-0.00204880952148969
13.125	24.5	-0.00204058085511526
13.375	24.5	-0.00202834851721801
13.625	24.5	-0.0020095718273046
13.875	24.5	-0.00198007143211941
14.125	24.5	-0.0019329721337569
14.375	24.5	-0.00185696446872301
14.625	24.5	-0.00173344738277647
14.875	24.5	-0.00153183547166374
15.125	24.5	-0.00120186158716522
15.375	24.5	-0.000660977526326789
15.625	24.5	0.000226197340537333
15.875	24.5	0.00168120553689108
16.125	24.5	0.00406528482275681
16.375	24.5	0.00796396041810639
16.625	24.5	0.014317002898811
16.875	24.5	0.0246082642918324
17.125	24.5	0.0411173353322815
17.375	24.5	0.0671869865699124
17.625	24.5	0.107335912520292
17.875	24.5	0.166810920885959
18.125	24.5	0.249936346674786
18.375	24.5	0.356934504216705
18.625	24.5	0.480639225135478
18.875	24.5	0.60681479089303
19.125	24.5	0.720049457866522
19.375	24.5	0.810719424258053
19.625	24.5	0.877061074674392
19.875	24.5	0.922541645013428
20.125	24.5	0.952373702064995
20.375	24.5	0.971386798502419
20.625	24.5	0.983285429605085
20.875	24.5	0.99064720217001
21.125	24.5	0.995169716360953
21.375	24.5	0.997935639624838
21.625	24.5	0.999622376488226
21.875	24.5	1.00064892630034
22.125	24.5	1.00127266552902
22.375	24.5	1.00165102976315
22.625	24.5	1.00188007679637
22.875	24.5	1.0020183248831
23.125	24.5	1.00210138968702
23.375	24.5	1.00215093522988
23.625	24.5	1.00218013433149
23.875	24.5	1.00219699478746
24.125	24.5	1.0022063836726
24.375	24.5	1.00221125866178
24.625	24.5	1.00221341675967
24.875	24.5	1.00221394949154
25.125	24.5	1.00221351960406
25.375	24.5	1.00221252925385
25.625	24.5	1.00221122223406
25.875	24.5	1.00220974610699
26.125	24.5	1.00220818996721
26.375	24.5	1.002206607393
26.625	24.5	1.00220503039543
26.875	24.5	1.00220347789593
27.125	24.5	1.00220196087843
27.375	24.5	1.00220048552029
27.625	24.5	1.00219905509485
27.875	24.5	1.00219767112742
28.125	24.5	1.00219633409741
28.375	24.5	1.00219504386479
28.625	24.5	1.00219379992888
28.875	24.5	1.00219260158528
29.125	24.5	1.00219144802098
29.375	24.5	1.00219033837174
29.625	24.5	1.00218927175677
29.875	24.5	1.00218824729939
30.125	24.5	1.00218726413937
30.375	24.5	1.00218632144012
30.625	24.5	1.00218541839281
30.875	24.5	1.00218455421858
31.125	24.5	1.00218372816968
31.375	24.5	1.00218293952986
31.625	24.5	1.00218218761449
31.875	24.5	1.00218147177027
32.125	24.5	1.00218079137496
32.375	24.5	1.002180145837
32.625	24.5	1.00217953459503
32.875	24.5	1.0021789571175
33.125	24.5	1.0021784129022
33.375	24.5	1.00217790147589
33.625	24.5	1.00217742239383
33.875	24.5	1.00217697523947
34.125	24.5	1.00217655962401
34.375	24.5	1.00217617518612
34.625	24.5	1.0021758215916
34.875	24.5	1.00217549853308
35.125	24.5	1.00217520572976
35.375	24.5	1.00217494292714
35.625	24.5	1.00217470989683
35.875	24.5	1.00217450643631
36.125	24.5	1.00217433236877
36.375	24.5	1.00217418754295
36.625	24.5	1.00217407183301
36.875	24.5	1.00217398513842
37.125	24.5	1.00217392738384
37.375	24.5	1.00217389851909
0.125	25.5	-0.00210309564938694
0.375	25.5	-0.00210306839950035
0.625	25.5	-0.00210301387748349
0.875	25.5	-0.00210293203883217
1.125	25.5	-0.00210282281674822
1.375	25.5	-0.00210268612208928
1.625	25.5	-0.00210252184330186
1.875	25.5	-0.00210232984633756
2.125	25.5	-0.00210210997455251
2.375	25.5	-0.00210186204858993
2.625	25.5	-0.00210158586624581
2.875	25.5	-0.00210128120231769
3.125	25.5	-0.00210094780843629
3.375	25.5	-0.00210058541288015
3.625	25.5	-0.00210019372037287
3.875	25.5	-0.00209977241186275
4.125	25.5	-0.00209932114428452
4.375	25.5	-0.00209883955030245
4.625	25.5	-0.00209832723803378
4.875	25.5	-0.00209778379075091
5.125	25.5	-0.00209720876655961
5.375	25.5	-0.00209660169804884
5.625	25.5	-0.00209596209190485
5.875	25.5	-0.0020952894284779
6.125	25.5	-0.00209458316128178
6.375	25.5	-0.00209384271639422
6.625	25.5	-0.00209306749170524
6.875	25.5	-0.00209225685592649
7.125	25.5	-0.00209141014721837
7.375	25.5	-0.00209052667119948
7.625	25.5	-0.00208960569795061
7.875	25.5	-0.00208864645737528
8.125	25.5	-0.0020876481318669
8.375	25.5	-0.00208660984455437
8.625	25.5	-0.00208553064028266
8.875	25.5	-0.00208440945464804
9.125	25.5	-0.00208324506338642
9.375	25.5	-0.00208203599943985
9.625	25.5	-0.00208078041684273
9.875	25.5	-0.00207947586710112
10.125	25.5	-0.0020781189315756
10.375	25.5	-0.00207670461690447
10.625	25.5	-0.00207522536048245
10.875	25.5	-0.00207366939423531
11.125	25.5	-0.00207201805238489
11.375	25.5	-0.00207024134140911
11.625	25.5	-0.00206829065021964
11.875	25.5	-0.00206608675422003
12.125	25.5	-0.00206350007493103
12.375	25.5	-0.00206031819544869
12.625	25.5	-0.00205619240457558
12.875	25.5	-0.00205054973222217
13.125	25.5	-0.00204244820235849
13.375	25.5	-0.00203033865933771
13.625	25.5	-0.00201167289166412
13.875	25.5	-0.00198225893279077
14.125	25.5	-0.00193520061452185
14.375	25.5	-0.00185915377241668
14.625	25.5	-0.00173546011041101
14.875	25.5	-0.00153344001819817
15.125	25.5	-0.00120267162279
15.375	25.5	-0.000660353170846207
15.625	25.5	0.000229310207494922
15.875	25.5	0.00168853469337617
16.125	25.5	0.00407964548519967
16.375	25.5	0.00798990175871274
16.625	25.5	0.0143617822994805
16.875	25.5	0.0246832207882775
17.125	25.5	0.0412395792136378
17.375	25.5	0.0673808406500632
17.625	25.5	0.107632439981269
17.875	25.5	0.167242153629051
18.125	25.5	0.250520195238785
18.375	25.5	0.357651991277889
18.625	25.5	0.481421062061427
18.875	25.5	0.607561553894235
19.125	25.5	0.720678694889402
19.375	25.5	0.811197036523294
19.625	25.5	0.877396126548017
19.875	25.5	0.922763865416853
20.125	25.5	0.952515365912789
20.375	25.5	0.97147447148108
20.625	25.5	0.983338310488519
20.875	25.5	0.990678216707336
21.125	25.5	0.995187218558273
21.375	25.5	0.997944899258543
21.625	25.5	0.999626668968409
21.875	25.5	1.00065026845027
22.125	25.5	1.00127229123601
22.375	25.5	1.00164969004646
22.625	25.5	1.00187822644008
22.875	25.5	1.00201623754754
23.125	25.5	1.00209922855347
23.375	25.5	1.00214879622571
23.625	25.5	1.00217807252949
23.875	25.5	1.00219504051003
24.125	25.5	1.00220455230737
24.375	25.5	1.00220955663984
24.625	25.5	1.00221184519353
24.875	25.5	1.00221250638654
25.125	25.5	1.00221220120021
25.375	25.5	1.00221133083792
25.625	25.5	1.00221013862893
25.875	25.5	1.00220877196454
26.125	25.5	1.00220731994163
26.375	25.5	1.00220583624144
26.625	25.5	1.0022043530346
26.875	25.5	1.00220288943198
27.125	25.5	1.00220145662079
27.375	25.5	1.00220006098589
27.625	25.5	1.00219870600674
27.875	25.5	1.00219739340998
28.125	25.5	1.00219612386981
28.375	25.5	1.00219489743349
28.625	25.5	1.00219371377964
28.875	25.5	1.00219257237509
29.125	25.5	1.00219147257004
29.375	25.5	1.00219041365562
29.625	25.5	1.00218939489876
29.875	25.5	1.00218841556315
30.125	25.5	1.00218747492184
30.375	25.5	1.00218657226466
30.625	25.5	1.00218570690266
30.875	25.5	1.00218487817054
31.125	25.5	1.00218408542804
31.375	25.5	1.00218332806061
31.625	25.5	1.00218260547966
31.875	25.5	1.0021819171226
32.125	25.5	1.0021812624527
32.375	25.5	1.00218064095888
32.625	25.5	1.00218005215551
32.875	25.5	1.00217949558207
33.125	25.5	1.00217897080294
33.375	25.5	1.00217847740711
33.625	25.5	1.00217801500789
33.875	25.5	1.00217758324269
34.125	25.5	1.00217718177278
34.375	25.5	1.00217681028302
34.625	25.5	1.00217646848171
34.875	25.5	1.00217615610033
35.125	25.5	1.00217587289339
35.375	25.5	1.00217561863828
35.625	25.5	1.00217539313505
35.875	25.5	1.00217519620634
36.125	25.5	1.00217502769722
36.375	25.5	1.00217488747511
36.625	25.5	1.00217477542964
36.875	25.5	1.00217469147263
37.125	25.5	1.00217463553798
37.375	25.5	1.00217460758166
0.125	26.5	-0.00210299559245108
0.375	26.5	-0.00210296961634707
0.625	26.5	-0.0021029176452423
0.875	26.5	-0.00210283964133383
1.125	26.5	-0.00210273554789374
1.375	26.5	-0.0021026052892411
1.625	26.5	-0.00210244877070459
1.875	26.5	-0.00210226587857591
2.125	26.5	-0.00210205648005387
2.375	26.5	-0.00210182042317944
2.625	26.5	-0.00210155753676176
2.875	26.5	-0.00210126763029509
3.125	26.5	-0.00210095049386692
3.375	26.5	-0.00210060589805727
3.625	26.5	-0.00210023359382911
3.875	26.5	-0.00209983331241
4.125	26.5	-0.00209940476516463
4.375	26.5	-0.00209894764345803
4.625	26.5	-0.00209846161850859
4.875	26.5	-0.00209794634122965
5.125	26.5	-0.00209740144205716
5.375	26.5	-0.00209682653075942
5.625	26.5	-0.00209622119622207
5.875	26.5	-0.00209558500619674
6.125	26.5	-0.00209491750699432
6.375	26.5	-0.00209421822309119
6.625	26.5	-0.00209348665659598
6.875	26.5	-0.00209272228649047
7.125	26.5	-0.00209192456750198
7.375	26.5	-0.00209109292837239
7.625	26.5	-0.00209022676913662
7.875	26.5	-0.00208932545677349
8.125	26.5	-0.00208838831817959
8.375	26.5	-0.00208741462873936
8.625	26.5	-0.00208640359364882
8.875	26.5	-0.00208535431731465
9.125	26.5	-0.00208426575312921
9.375	26.5	-0.00208313662095023
9.625	26.5	-0.00208196527143231
9.875	26.5	-0.00208074946289244
10.125	26.5	-0.0020794859942348
10.375	26.5	-0.00207817010099602
10.625	26.5	-0.0020767944615674
10.875	26.5	-0.00207534756190398
11.125	26.5	-0.00207381100453285
11.375	26.5	-0.00207215508026488
11.625	26.5	-0.00207033148097028
11.875	26.5	-0.00206826130765297
12.125	26.5	-0.0020658153364765
12.375	26.5	-0.00206278154463899
12.625	26.5	-0.00205881167168729
12.875	26.5	-0.00205333328349642
13.125	26.5	-0.00204540507297458
13.375	26.5	-0.00203347876636998
13.625	26.5	-0.00201500738112035
13.875	26.5	-0.00198580075139346
14.125	26.5	-0.00193896545788841
14.375	26.5	-0.00186316166276832
14.625	26.5	-0.00173973802513819
14.875	26.5	-0.00153802626796658
15.125	26.5	-0.00120762313168838
15.375	26.5	-0.000665757544582179
15.625	26.5	0.000223314777536959
15.875	26.5	0.00168172686594507
16.125	26.5	0.00407166817842413
16.375	26.5	0.00798017901441032
16.625	26.5	0.0143493925883019
16.875	26.5	0.0246667163297452
17.125	26.5	0.0412167605705774
17.375	26.5	0.0673485589602625
17.625	26.5	0.107586645742498
17.875	26.5	0.16717864366173
18.125	26.5	0.250436602417161
18.375	26.5	0.357550813171103
18.625	26.5	0.481311459946981
18.875	26.5	0.607456668528318
19.125	26.5	0.720589377321628
19.375	26.5	0.811127710767762
19.625	26.5	0.877345533553757
19.875	26.5	0.922728072213256
20.125	26.5	0.952490153131272
20.375	26.5	0.971456398917277
20.625	26.5	0.983324914008228
20.875	26.5	0.990667851211397
21.125	26.5	0.995178828628607
21.375	26.5	0.997937822628444
21.625	26.5	0.999620494556548
21.875	26.5	1.00064474173687
22.125	26.5	1.0012672538715
22.375	26.5	1.0016450422609
22.625	26.5	1.00187390399486
22.875	26.5	1.00201219773513
23.125	26.5	1.00209544174362
23.375	26.5	1.00214524078001
23.625	26.5	1.00217473174907
23.875	26.5	1.00219190080527
24.125	26.5	1.0022016020999
24.375	26.5	1.00220678570224
24.625	26.5	1.00220924425049
24.875	26.5	1.00221006687163
25.125	26.5	1.0022099151055
25.375	26.5	1.00220919061889
25.625	26.5	1.00220813714231
25.875	26.5	1.00220690242593
26.125	26.5	1.00220557589497
26.375	26.5	1.00220421153574
26.625	26.5	1.00220284180509
26.875	26.5	1.00220148608418
27.125	26.5	1.00220015581636
27.375	26.5	1.00219885762986
27.625	26.5	1.00219759523562
27.875	26.5	1.00219637058063
28.125	26.5	1.00219518454895
28.375	26.5	1.00219403738764
28.625	26.5	1.00219292896561
28.875	26.5	1.00219185893085
29.125	26.5	1.00219082680598
29.375	26.5	1.0021898320462
29.625	26.5	1.00218887407445
29.875	26.5	1.00218795230277
30.125	26.5	1.00218706614514
30.375	26.5	1.00218621502527
30.625	26.5	1.00218539838122
30.875	26.5	1.00218461566818
31.125	26.5	1.00218386636007
31.375	26.5	1.00218314995045
31.625	26.5	1.00218246595302
31.875	26.5	1.00218181390183
32.125	26.5	1.00218119335138
32.375	26.5	1.00218060387658
32.625	26.5	1.00218004507272
32.875	26.5	1.00217951655534
33.125	26.5	1.00217901796014
33.375	26.5	1.00217854894282
33.625	26.5	1.002178109179
33.875	26.5	1.00217769836409
34.125	26.5	1.00217731621313
34.375	26.5	1.00217696246072
34.625	26.5	1.00217663686089
34.875	26.5	1.00217633918699
35.125	26.5	1.00217606923162
35.375	26.5	1.0021758268065
35.625	26.5	1.00217561174246
35.875	26.5	1.00217542388926
36.125	26.5	1.00217526311562
36.375	26.5	1.00217512930912
36.625	26.5	1.00217502237614
36.875	26.5	1.00217494224184
37.125	26.5	1.00217488885013
37.375	26.5	1.00217486216362
0.125	27.5	-0.00210332370223444
0.375	27.5	-0.00210329930723478
0.625	27.5	-0.00210325050183583
0.875	27.5	-0.002103177255236
1.125	27.5	-0.00210307952122727
1.375	27.5	-0.00210295723818862
1.625	27.5	-0.00210281032907733
1.875	27.5	-0.0021026387014184
2.125	27.5	-0.00210244224729197
2.375	27.5	-0.00210222084331926
2.625	27.5	-0.00210197435064688
2.875	27.5	-0.00210170261492999
3.125	27.5	-0.00210140546631428
3.375	27.5	-0.00210108271941726
3.625	27.5	-0.00210073417330882
3.875	27.5	-0.0021003596114914
4.125	27.5	-0.00209995880187966
4.375	27.5	-0.00209953149677969
4.625	27.5	-0.00209907743286706
4.875	27.5	-0.00209859633116288
5.125	27.5	-0.00209808789700557
5.375	27.5	-0.00209755182001478
5.625	27.5	-0.00209698777404086
5.875	27.5	-0.00209639541708879
6.125	27.5	-0.00209577439119805
6.375	27.5	-0.00209512432224703
6.625	27.5	-0.00209444481963048
6.875	27.5	-0.0020937354757241
7.125	27.5	-0.00209299586499477
7.375	27.5	-0.00209222554252269
7.625	27.5	-0.00209142404155026
7.875	27.5	-0.0020905908694232
8.125	27.5	-0.00208972550087872
8.375	27.5	-0.00208882736696039
8.625	27.5	-0.00208789583672729
8.875	27.5	-0.0020869301870958
9.125	27.5	-0.00208592955314124
9.375	27.5	-0.00208489284623216
9.625	27.5	-0.00208381861921611
9.875	27.5	-0.00208270484445773
10.125	27.5	-0.00208154854844881
10.375	27.5	-0.00208034521037333
10.625	27.5	-0.00207908777221319
10.875	27.5	-0.00207776500957942
11.125	27.5	-0.00207635885052356
11.375	27.5	-0.00207483996311514
11.625	27.5	-0.00207316049407557
11.875	27.5	-0.00207124211919024
12.125	27.5	-0.0020689563788562
12.375	27.5	-0.00206609231832662
12.625	27.5	-0.00206230323738647
12.875	27.5	-0.00205701906476147
13.125	27.5	-0.00204930217061032
13.375	27.5	-0.00203761011670371
13.625	27.5	-0.00201940530566842
13.875	27.5	-0.00199051280024906
14.125	27.5	-0.001944064032891
14.375	27.5	-0.00186875986535237
14.625	27.5	-0.00174601574470493
14.875	27.5	-0.00154527308970458
15.125	27.5	-0.00121630879579399
15.375	27.5	-0.00067664734044711
15.625	27.5	0.000208971855678824
15.875	27.5	0.0016618935543398
16.125	27.5	0.00404303193316465
16.375	27.5	0.00793738925446106
16.625	27.5	0.0142839085706669
16.875	27.5	0.0245651788887884
17.125	27.5	0.0410589826220797
17.375	27.5	0.0671057993950007
17.625	27.5	0.107222138616683
17.875	27.5	0.166654407100252
18.125	27.5	0.249731326525359
18.375	27.5	0.356686923825521
18.625	27.5	0.480371149157582
18.875	27.5	0.606557980925835
19.125	27.5	0.719830206882682
19.375	27.5	0.810548486809568
19.625	27.5	0.876935433710989
19.875	27.5	0.922451801219562
20.125	27.5	0.952309464810241
20.375	27.5	0.971339867565744
20.625	27.5	0.983249868384625
20.875	27.5	0.990619053728483
21.125	27.5	0.995146446102283
21.375	27.5	0.997915659057918
21.625	27.5	0.999604700051105
21.875	27.5	1.00063294319792
22.125	27.5	1.00125799450599
22.375	27.5	1.00163742897336
22.625	27.5	1.00186738871831
22.875	27.5	1.00200644297793
23.125	27.5	1.00209023834273
23.375	27.5	1.00214045774614
23.625	27.5	1.00217028573899
23.875	27.5	1.00218773756083
24.125	27.5	1.00219768516915
24.375	27.5	1.00220308958681
24.625	27.5	1.00220575024113
24.875	27.5	1.00220676051574
25.125	27.5	1.00220678466517
25.375	27.5	1.00220622612999
25.625	27.5	1.00220532983836
25.875	27.5	1.00220424438341
26.125	27.5	1.00220305981313
26.375	27.5	1.00220183059813
26.625	27.5	1.00220058959085
26.875	27.5	1.00219935650966
27.125	27.5	1.00219814309538
27.375	27.5	1.0021969562454
27.625	27.5	1.00219579991854
27.875	27.5	1.00219467629297
28.125	27.5	1.00219358647004
28.375	27.5	1.00219253090207
28.625	27.5	1.00219150965253
28.875	27.5	1.0021905225542
29.125	27.5	1.00218956930531
29.375	27.5	1.00218864952812
29.625	27.5	1.00218776280454
29.875	27.5	1.00218690869775
30.125	27.5	1.0021860867655
30.375	27.5	1.00218529656812
30.625	27.5	1.00218453767351
30.875	27.5	1.00218380966007
31.125	27.5	1.00218311211865
31.375	27.5	1.00218244465362
31.625	27.5	1.00218180688362
31.875	27.5	1.00218119844196
32.125	27.5	1.00218061897692
32.375	27.5	1.00218006815191
32.625	27.5	1.00217954564557
32.875	27.5	1.00217905115185
33.125	27.5	1.00217858438002
33.375	27.5	1.00217814505472
33.625	27.5	1.00217773291595
33.875	27.5	1.00217734771908
34.125	27.5	1.00217698923485
34.375	27.5	1.00217665724935
34.625	27.5	1.00217635156402
34.875	27.5	1.00217607199563
35.125	27.5	1.00217581837629
35.375	27.5	1.00217559055342
35.625	27.5	1.00217538838973
35.875	27.5	1.00217521176323
36.125	27.5	1.00217506056719
36.375	27.5	1.00217493471016
36.625	27.5	1.00217483411596
36.875	27.5	1.00217475872362
37.125	27.5	1.00217470848745
37.375	27.5	1.00217468337699
0.125	28.5	-0.00210405359829033
0.375	28.5	-0.00210403103374068
0.625	28.5	-0.0021039858927708
0.875	28.5	-0.00210391815164384
1.125	28.5	-0.00210382777476557
1.375	28.5	-0.00210371471469782
1.625	28.5	-0.00210357891217656
1.875	28.5	-0.0021034202961348
2.125	28.5	-0.00210323878373056
2.375	28.5	-0.00210303428038008
2.625	28.5	-0.00210280667979654
2.875	28.5	-0.00210255586403479
3.125	28.5	-0.0021022817035422
3.375	28.5	-0.00210198405721612
3.625	28.5	-0.00210166277246831
3.875	28.5	-0.00210131768529666
4.125	28.5	-0.00210094862036435
4.375	28.5	-0.0021005553910867
4.625	28.5	-0.00210013779972524
4.875	28.5	-0.00209969563748834
5.125	28.5	-0.00209922868463656
5.375	28.5	-0.00209873671058919
5.625	28.5	-0.00209821947402594
5.875	28.5	-0.00209767672297303
6.125	28.5	-0.00209710819485549
6.375	28.5	-0.00209651361648497
6.625	28.5	-0.00209589270393223
6.875	28.5	-0.00209524516219919
7.125	28.5	-0.00209457068455062
7.375	28.5	-0.00209386895127338
7.625	28.5	-0.00209313962748111
7.875	28.5	-0.00209238235933414
8.125	28.5	-0.00209159676763675
8.375	28.5	-0.0020907824371025
8.625	28.5	-0.0020899388984738
8.875	28.5	-0.00208906559886386
9.125	28.5	-0.00208816185269742
9.375	28.5	-0.00208722676070353
9.625	28.5	-0.00208625907631135
9.875	28.5	-0.00208525698546799
10.125	28.5	-0.00208421774395667
10.375	28.5	-0.00208313708018934
10.625	28.5	-0.00208200821203412
10.875	28.5	-0.0020808202284684
11.125	28.5	-0.00207955542596046
11.375	28.5	-0.00207818492473049
11.625	28.5	-0.00207666145437801
11.875	28.5	-0.00207490748146037
12.125	28.5	-0.00207279567193465
12.375	28.5	-0.00207011674025689
12.625	28.5	-0.00206652654299556
12.875	28.5	-0.00206145901980365
13.125	28.5	-0.00205398293933384
13.375	28.5	-0.00204256618728044
13.625	28.5	-0.00202468794910868
13.875	28.5	-0.00199620070212324
14.125	28.5	-0.00195028079538612
14.375	28.5	-0.0018757028141479
14.625	28.5	-0.00175400331909383
14.875	28.5	-0.00155482273170864
15.125	28.5	-0.00122826476416379
15.375	28.5	-0.000692389898869112
15.625	28.5	0.000187185555964794
15.875	28.5	0.00163037799139792
16.125	28.5	0.00399579176251196
16.375	28.5	0.00786473919641336
16.625	28.5	0.0141703889587941
16.875	28.5	0.0243866088420147
17.125	28.5	0.0407788186808258
17.375	28.5	0.0666719918160823
17.625	28.5	0.106568033074103
17.875	28.5	0.165710954533107
18.125	28.5	0.248459327934129
18.375	28.5	0.355126079049483
18.625	28.5	0.47866961607523
18.875	28.5	0.604929820509603
19.125	28.5	0.718453947481538
19.375	28.5	0.809498658081405
19.625	28.5	0.876193132264239
19.875	28.5	0.921953180086661
20.125	28.5	0.951985006390461
20.375	28.5	0.971132326360272
20.625	28.5	0.983117892258092
20.875	28.5	0.990534825208657
21.125	28.5	0.995092003056885
21.375	28.5	0.997879679022906
21.625	28.5	0.999580146885246
21.875	28.5	1.00061548073394
22.125	28.5	1.00124496288552
22.375	28.5	1.00162720016816
22.625	28.5	1.00185896657635
22.875	28.5	1.00199921713205
23.125	28.5	1.00208383356705
23.375	28.5	1.00213464202621
23.625	28.5	1.00216491427706
23.875	28.5	1.00218271870721
24.125	28.5	1.00219295970709
24.375	28.5	1.00219861814039
24.625	28.5	1.00220150562107
24.875	28.5	1.00220272306549
25.125	28.5	1.0022029394296
25.375	28.5	1.002202561131
25.625	28.5	1.00220183502287
25.875	28.5	1.00220091097971
26.125	28.5	1.00219987993529
26.375	28.5	1.00219879700127
26.625	28.5	1.00219769551806
26.875	28.5	1.00219659559481
27.125	28.5	1.00219550929995
27.375	28.5	1.00219444381614
27.625	28.5	1.00219340335798
27.875	28.5	1.00219239033782
28.125	28.5	1.00219140607448
28.375	28.5	1.00219045122428
28.625	28.5	1.00218952604317
28.875	28.5	1.00218863054629
29.125	28.5	1.00218776460505
29.375	28.5	1.00218692800639
29.625	28.5	1.00218612048887
29.875	28.5	1.00218534176484
30.125	28.5	1.00218459153395
30.375	28.5	1.00218386949158
30.625	28.5	1.00218317533398
30.875	28.5	1.00218250876161
31.125	28.5	1.00218186948117
31.375	28.5	1.00218125720699
31.625	28.5	1.0021806716619
31.875	28.5	1.00218011257791
32.125	28.5	1.00217957969661
32.375	28.5	1.00217907276955
32.625	28.5	1.00217859155848
32.875	28.5	1.00217813583556
33.125	28.5	1.00217770538355
33.375	28.5	1.00217729999598
33.625	28.5	1.00217691947723
33.875	28.5	1.00217656364273
34.125	28.5	1.00217623231897
34.375	28.5	1.00217592534365
34.625	28.5	1.00217564256579
34.875	28.5	1.00217538384571
35.125	28.5	1.0021751490552
35.375	28.5	1.00217493807752
35.625	28.5	1.00217475080745
35.875	28.5	1.00217458715138
36.125	28.5	1.00217444702728
36.375	28.5	1.00217433036481
36.625	28.5	1.0021742371053
36.875	28.5	1.00217416720179
37.125	28.5	1.00217412061903
37.375	28.5	1.00217409733353
0.125	29.5	-0.00210515484603757
0.375	29.5	-0.00210513430286206
0.625	29.5	-0.00210509320809122
0.875	29.5	-0.00210503154489576
1.125	29.5	-0.00210494928805766
1.375	29.5	-0.00210484640400152
1.625	29.5	-0.00210472285083662
1.875	29.5	-0.00210457857840979
2.125	29.5	-0.00210441352836948
2.375	29.5	-0.00210422763424129
2.625	29.5	-0.00210402082151531
2.875	29.5	-0.00210379300774572
3.125	29.5	-0.00210354410266307
3.375	29.5	-0.00210327400829967
3.625	29.5	-0.00210298261912874
3.875	29.5	-0.00210266982221755
4.125	29.5	-0.00210233549739514
4.375	29.5	-0.00210197951743481
4.625	29.5	-0.00210160174825119
4.875	29.5	-0.00210120204911144
5.125	29.5	-0.0021007802728589
5.375	29.5	-0.00210033626614606
5.625	29.5	-0.00209986986967095
5.875	29.5	-0.00209938091840661
6.125	29.5	-0.00209886924180592
6.375	29.5	-0.00209833466395169
6.625	29.5	-0.00209777700360166
6.875	29.5	-0.0020971960740449
7.125	29.5	-0.00209659168263064
7.375	29.5	-0.00209596362974038
7.625	29.5	-0.00209531170682461
7.875	29.5	-0.00209463569288015
8.125	29.5	-0.00209393534833967
8.375	29.5	-0.00209321040467998
8.625	29.5	-0.00209246054696068
8.875	29.5	-0.0020916853847032
9.125	29.5	-0.00209088440355549
9.375	29.5	-0.00209005688530824
9.625	29.5	-0.00208920177580004
9.875	29.5	-0.00208831746703597
10.125	29.5	-0.00208740143810249
10.375	29.5	-0.00208644966368283
10.625	29.5	-0.00208545564010199
10.875	29.5	-0.00208440878194633
11.125	29.5	-0.0020832917828762
11.375	29.5	-0.00208207627190412
11.625	29.5	-0.0020807156647133
11.875	29.5	-0.00207913339922227
12.125	29.5	-0.00207720357569472
12.375	29.5	-0.00207471909830847
12.625	29.5	-0.00207133925037257
12.875	29.5	-0.00206650342847747
13.125	29.5	-0.00205928919481751
13.375	29.5	-0.00204817871690267
13.625	29.5	-0.00203067449372621
13.875	29.5	-0.00200266718202574
14.125	29.5	-0.00195739577857431
14.375	29.5	-0.00188373777956111
14.625	29.5	-0.00176339887590539
14.875	29.5	-0.00156629742567328
15.125	29.5	-0.00124299357868267
15.375	29.5	-0.000712296330922966
15.625	29.5	0.000158953636155771
15.875	29.5	0.00158867858607598
16.125	29.5	0.00393225844207738
16.375	29.5	0.00776585445113013
16.625	29.5	0.0140145728401826
16.875	29.5	0.0241400983893616
17.125	29.5	0.0403905621211254
17.375	29.5	0.0660691988189484
17.625	29.5	0.105657295512204
17.875	29.5	0.164395055108367
18.125	29.5	0.246682047447948
18.375	29.5	0.352940966252069
18.625	29.5	0.476282559790596
18.875	29.5	0.602641117049055
19.125	29.5	0.716516227387098
19.375	29.5	0.8080190826917
19.625	29.5	0.875146723109214
19.875	29.5	0.921250720235441
20.125	29.5	0.951528669712447
20.375	29.5	0.970841316279943
20.625	29.5	0.982933750627064
20.875	29.5	0.990418190169405
21.125	29.5	0.995017443392713
21.375	29.5	0.997831158625811
21.625	29.5	0.999547698833166
21.875	29.5	1.00059296288657
22.125	29.5	1.00122860858452
22.375	29.5	1.00161470534879
22.625	29.5	1.00184892303095
22.875	29.5	1.00199076368658
23.125	29.5	1.00207644248863
23.375	29.5	1.0021279886433
23.625	29.5	1.00215879754378
23.875	29.5	1.00217701286092
24.125	29.5	1.00218758486775
24.375	29.5	1.00219352243605
24.625	29.5	1.00219665432189
24.875	29.5	1.0021980919777
25.125	29.5	1.00219851087786
25.375	29.5	1.0021983215134
25.625	29.5	1.00219777332137
25.875	29.5	1.00219701785091
26.125	29.5	1.00219614715403
26.375	29.5	1.00219521711839
26.625	29.5	1.00219426164859
26.875	29.5	1.00219330128539
27.125	29.5	1.00219234844456
27.375	29.5	1.00219141060127
27.625	29.5	1.00219049222582
27.875	29.5	1.00218959596054
28.125	29.5	1.00218872333536
28.375	29.5	1.00218787520309
28.625	29.5	1.0021870520043
28.875	29.5	1.00218625392856
29.125	29.5	1.0021854810128
29.375	29.5	1.00218473320126
29.625	29.5	1.00218401038227
29.875	29.5	1.00218331241078
30.125	29.5	1.00218263912229
30.375	29.5	1.0021819903415
30.625	29.5	1.00218136588784
30.875	29.5	1.00218076557888
31.125	29.5	1.00218018923271
31.375	29.5	1.00217963666942
31.625	29.5	1.00217910771224
31.875	29.5	1.0021786021883
32.125	29.5	1.00217811992928
32.375	29.5	1.00217766077186
32.625	29.5	1.00217722455815
32.875	29.5	1.00217681113603
33.125	29.5	1.00217642035946
33.375	29.5	1.00217605208873
33.625	29.5	1.00217570619074
33.875	29.5	1.00217538253919
34.125	29.5	1.00217508101478
34.375	29.5	1.00217480150541
34.625	29.5	1.00217454390636
34.875	29.5	1.00217430812039
35.125	29.5	1.00217409405793
35.375	29.5	1.00217390163718
35.625	29.5	1.00217373078419
35.875	29.5	1.00217358143302
36.125	29.5	1.00217345352578
36.375	29.5	1.00217334701272
36.625	29.5	1.00217326185227
36.875	29.5	1.00217319801113
37.125	29.5	1.00217315546429
37.375	29.5	1.00217313419504
0.125	30.5	-0.00210659392459938
0.375	30.5	-0.00210657553667983
0.625	30.5	-0.00210653875569502
0.875	30.5	-0.00210648357136891
1.125	30.5	-0.00210640996832605
1.375	30.5	-0.00210631792613824
1.625	30.5	-0.00210620741938681
1.875	30.5	-0.00210607841774117
2.125	30.5	-0.0021059308860535
2.375	30.5	-0.00210576478447027
2.625	30.5	-0.00210558006856087
2.875	30.5	-0.0021053766894638
3.125	30.5	-0.00210515459405104
3.375	30.5	-0.00210491372511108
3.625	30.5	-0.00210465402155123
3.875	30.5	-0.00210437541861972
4.125	30.5	-0.00210407784814826
4.375	30.5	-0.00210376123881518
4.625	30.5	-0.00210342551642942
4.875	30.5	-0.00210307060423482
5.125	30.5	-0.00210269642323329
5.375	30.5	-0.00210230289252399
5.625	30.5	-0.00210188992965276
5.875	30.5	-0.00210145745096188
6.125	30.5	-0.00210100537192279
6.375	30.5	-0.00210053360742214
6.625	30.5	-0.00210004207195181
6.875	30.5	-0.00209953067962035
7.125	30.5	-0.00209899934384885
7.375	30.5	-0.00209844797652474
7.625	30.5	-0.00209787648623957
7.875	30.5	-0.00209728477499397
8.125	30.5	-0.00209667273235317
8.375	30.5	-0.00209604022537918
8.625	30.5	-0.00209538708158275
8.875	30.5	-0.00209471306035753
9.125	30.5	-0.002094017805427
9.375	30.5	-0.00209330076601136
9.625	30.5	-0.00209256106648354
9.875	30.5	-0.00209179729122105
10.125	30.5	-0.00209100712986573
10.375	30.5	-0.00209018679283227
10.625	30.5	-0.00208933004870201
10.875	30.5	-0.00208842663936021
11.125	30.5	-0.00208745967112883
11.375	30.5	-0.00208640132080169
11.625	30.5	-0.00208520576873145
11.875	30.5	-0.00208379756888971
12.125	30.5	-0.00208205251032044
12.375	30.5	-0.00207976612310283
12.625	30.5	-0.00207660185357555
12.875	30.5	-0.00207200578654182
13.125	30.5	-0.00206506632468468
13.375	30.5	-0.00205428330758326
13.625	30.5	-0.00203718814930545
13.875	30.5	-0.00200971892642249
14.125	30.5	-0.00196519250975353
14.375	30.5	-0.0018926143754878
14.625	30.5	-0.00177390058858483
14.875	30.5	-0.00157931524302045
15.125	30.5	-0.00125998625884369
15.375	30.5	-0.000735653668632705
15.625	30.5	0.000125319002368381
15.875	30.5	0.00153837384512791
16.125	30.5	0.00385488026956038
16.375	30.5	0.00764459157978701
16.625	30.5	0.0138225803652041
16.875	30.5	0.0238353575943377
17.125	30.5	0.0399094870801874
17.375	30.5	0.0653209942239115
17.625	30.5	0.104525119827427
17.875	30.5	0.162756547910376
18.125	30.5	0.244464756425582
18.375	30.5	0.35020843137553
18.625	30.5	0.473289460251138
18.875	30.5	0.599763622387188
19.125	30.5	0.71407442281837
19.375	30.5	0.806151549576532
19.625	30.5	0.873824744659362
19.875	30.5	0.920363129702817
20.125	30.5	0.950952427794966
20.375	30.5	0.970474408119187
20.625	30.5	0.982702215833781
20.875	30.5	0.990272170693077
21.125	30.5	0.994924704396709
21.375	30.5	0.997771365709824
21.625	30.5	0.999508210948248
21.875	30.5	1.00056598958619
22.125	30.5	1.00120937295502
22.375	30.5	1.0016002863188
22.625	30.5	1.00183753642431
22.875	30.5	1.00198131960796
23.125	30.5	1.00206827424891
23.375	30.5	1.00212068726471
23.625	30.5	1.00215211091528
23.875	30.5	1.00217078435891
24.125	30.5	1.00218171602285
24.375	30.5	1.00218795023408
24.625	30.5	1.00219133740487
24.875	30.5	1.00219300225516
25.125	30.5	1.00219362842618
25.375	30.5	1.00219363147308
25.625	30.5	1.00219326400823
25.875	30.5	1.00219267960494
26.125	30.5	1.00219197163627
26.375	30.5	1.00219119688032
26.625	30.5	1.00219038986694
26.875	30.5	1.00218957159768
27.125	30.5	1.00218875484593
27.375	30.5	1.00218794737855
27.625	30.5	1.00218715391449
27.875	30.5	1.00218637731552
28.125	30.5	1.00218561931046
28.375	30.5	1.00218488093572
28.625	30.5	1.00218416280347
28.875	30.5	1.00218346526504
29.125	30.5	1.00218278851059
29.375	30.5	1.00218213263001
29.625	30.5	1.00218149765029
29.875	30.5	1.00218088355856
30.125	30.5	1.00218029031631
30.375	30.5	1.00217971786841
30.625	30.5	1.00217916614873
30.875	30.5	1.00217863508392
31.125	30.5	1.00217812459587
31.375	30.5	1.00217763460337
31.625	30.5	1.00217716502344
31.875	30.5	1.00217671577221
32.125	30.5	1.00217628676571
32.375	30.5	1.00217587792043
32.625	30.5	1.00217548915391
32.875	30.5	1.00217512038515
33.125	30.5	1.00217477153506
33.375	30.5	1.00217444252679
33.625	30.5	1.00217413328611
33.875	30.5	1.00217384374167
34.125	30.5	1.00217357382534
34.375	30.5	1.00217332347243
34.625	30.5	1.00217309262191
34.875	30.5	1.0021728812167
35.125	30.5	1.00217268920376
35.375	30.5	1.00217251653439
35.625	30.5	1.00217236316426
35.875	30.5	1.00217222905366
36.125	30.5	1.00217211416755
36.375	30.5	1.00217201847572
36.625	30.5	1.00217194195284
36.875	30.5	1.00217188457857
37.125	30.5	1.00217184633758
37.375	30.5	1.00217182721965
0.125	31.5	-0.00210833517042712
0.375	31.5	-0.00210831901761017
0.625	31.5	-0.00210828670984427
0.875	31.5	-0.00210823824288487
1.125	31.5	-0.00210817361041393
1.375	31.5	-0.00210809280409868
1.625	31.5	-0.00210799581367028
1.875	31.5	-0.00210788262702266
2.125	31.5	-0.00210775323033175
2.375	31.5	-0.00210760760819569
2.625	31.5	-0.00210744574379627
2.875	31.5	-0.00210726761908228
3.125	31.5	-0.00210707321497524
3.375	31.5	-0.00210686251159815
3.625	31.5	-0.0021066354885279
3.875	31.5	-0.00210639212507201
4.125	31.5	-0.00210613240057022
4.375	31.5	-0.00210585629472136
4.625	31.5	-0.00210556378793576
4.875	31.5	-0.00210525486171274
5.125	31.5	-0.00210492949904189
5.375	31.5	-0.00210458768482546
5.625	31.5	-0.00210422940631623
5.875	31.5	-0.00210385465356132
6.125	31.5	-0.00210346341983463
6.375	31.5	-0.00210305570202925
6.625	31.5	-0.00210263150096092
6.875	31.5	-0.00210219082150133
7.125	31.5	-0.00210173367240624
7.375	31.5	-0.00210126006561524
7.625	31.5	-0.00210077001465404
7.875	31.5	-0.00210026353153102
8.125	31.5	-0.00209974062112515
8.375	31.5	-0.00209920127141365
8.625	31.5	-0.00209864543681959
8.875	31.5	-0.00209807301020233
9.125	31.5	-0.00209748377612127
9.375	31.5	-0.00209687733324441
9.625	31.5	-0.00209625296594139
9.875	31.5	-0.00209560943221331
10.125	31.5	-0.00209494461390529
10.375	31.5	-0.00209425494025123
10.625	31.5	-0.00209353443837811
10.875	31.5	-0.00209277316990686
11.125	31.5	-0.00209195465730257
11.375	31.5	-0.00209105164777559
11.625	31.5	-0.00209001914153302
11.875	31.5	-0.00208878291842889
12.125	31.5	-0.00208722065716789
12.375	31.5	-0.00208513086561259
12.625	31.5	-0.00208218175469473
12.875	31.5	-0.00207782711105732
13.125	31.5	-0.00207116787071761
13.375	31.5	-0.0020607243568421
13.625	31.5	-0.00204406155151617
13.875	31.5	-0.00201717263392856
14.125	31.5	-0.00197346501504171
14.375	31.5	-0.00190209300985076
14.625	31.5	-0.00178521737725517
14.875	31.5	-0.0015935043646125
15.125	31.5	-0.00127874230300343
15.375	31.5	-0.000761754142925354
15.625	31.5	8.73253541695364e-05
15.875	31.5	0.00148105348763228
16.125	31.5	0.00376613434402839
16.375	31.5	0.00750486504276087
16.625	31.5	0.0136006369114317
16.875	31.5	0.0234822773495677
17.125	31.5	0.0393511664352973
17.375	31.5	0.0644514278778059
17.625	31.5	0.103207426756068
17.875	31.5	0.160846317496252
18.125	31.5	0.241874101100109
18.375	31.5	0.347006902856419
18.625	31.5	0.469771312845669
18.875	31.5	0.596370248522178
19.125	31.5	0.711186610282971
19.375	31.5	0.803938180429858
19.625	31.5	0.872255853038692
19.875	31.5	0.919309134336088
20.125	31.5	0.950268233934491
20.375	31.5	0.970039142823459
20.625	31.5	0.98242803033116
20.875	31.5	0.990099761824706
21.125	31.5	0.994815699496486
21.375	31.5	0.997701547029382
21.625	31.5	0.999462519461118
21.875	31.5	1.0005351437842
22.125	31.5	1.00118768189835
22.375	31.5	1.0015842707318
22.625	31.5	1.00182507208516
22.875	31.5	1.00197110986438
23.125	31.5	1.00205952691361
23.375	31.5	1.00211291733081
23.625	31.5	1.00214502032841
23.875	31.5	1.00216418883417
24.125	31.5	1.00217550052915
24.375	31.5	1.00218204192703
24.625	31.5	1.00218568917241
24.875	31.5	1.00218758271511
25.125	31.5	1.00218841584534
25.375	31.5	1.00218861006939
25.625	31.5	1.00218842170094
25.875	31.5	1.00218800664467
26.125	31.5	1.00218745976968
26.375	31.5	1.00218683883964
26.625	31.5	1.00218617905696
26.875	31.5	1.0021855019028
27.125	31.5	1.00218482051011
27.375	31.5	1.00218414292986
27.625	31.5	1.00218347411654
27.875	31.5	1.00218281713557
28.125	31.5	1.00218217389756
28.375	31.5	1.00218154560507
28.625	31.5	1.00218093302469
28.875	31.5	1.00218033665278
29.125	31.5	1.00217975681669
29.375	31.5	1.00217919373668
29.625	31.5	1.00217864756391
29.875	31.5	1.00217811840394
30.125	31.5	1.00217760633135
30.375	31.5	1.00217711139892
30.625	31.5	1.00217663364356
30.875	31.5	1.00217617309018
31.125	31.5	1.00217572975433
31.375	31.5	1.00217530364402
31.625	31.5	1.00217489476114
31.875	31.5	1.00217450310248
32.125	31.5	1.00217412866061
32.375	31.5	1.00217377142455
32.625	31.5	1.00217343138047
32.875	31.5	1.00217310851216
33.125	31.5	1.00217280280157
33.375	31.5	1.00217251422925
33.625	31.5	1.00217224277476
33.875	31.5	1.00217198841706
34.125	31.5	1.00217175113483
34.375	31.5	1.00217153090682
34.625	31.5	1.00217132771214
34.875	31.5	1.00217114153048
35.125	31.5	1.00217097234245
35.375	31.5	1.00217082012969
35.625	31.5	1.00217068487516
35.875	31.5	1.00217056656327
36.125	31.5	1.00217046518003
36.375	31.5	1.00217038071321
36.625	31.5	1.00217031315244
36.875	31.5	1.00217026248932
37.125	31.5	1.00217022871747
37.375	31.5	1.00217021183263
0.125	32.5	-0.00211034166976086
0.375	32.5	-0.00211032778224623
0.625	32.5	-0.0021103000077716
0.875	32.5	-0.00211025834746863
1.125	32.5	-0.002110202803091
1.375	32.5	-0.00211013337708203
1.625	32.5	-0.00211005007266519
1.875	32.5	-0.00210995289395773
2.125	32.5	-0.00210984184610775
2.375	32.5	-0.00210971693545517
2.625	32.5	-0.00210957816971698
2.875	32.5	-0.00210942555819745
3.125	32.5	-0.00210925911202366
3.375	32.5	-0.00210907884440724
3.625	32.5	-0.00210888477093279
3.875	32.5	-0.00210867690987366
4.125	32.5	-0.00210845528253585
4.375	32.5	-0.00210821991363028
4.625	32.5	-0.00210797083167379
4.875	32.5	-0.00210770806941848
5.125	32.5	-0.00210743166430823
5.375	32.5	-0.0021071416589596
5.625	32.5	-0.00210683810166192
5.875	32.5	-0.00210652104688682
6.125	32.5	-0.00210619055579072
6.375	32.5	-0.00210584669668158
6.625	32.5	-0.00210548954540215
6.875	32.5	-0.00210511918554959
7.125	32.5	-0.00210473570839865
7.375	32.5	-0.00210433921230845
7.625	32.5	-0.0021039298012496
7.875	32.5	-0.00210350758185234
8.125	32.5	-0.0021030726579881
8.375	32.5	-0.00210262512125769
8.625	32.5	-0.00210216503470737
8.875	32.5	-0.00210169240536311
9.125	32.5	-0.00210120713832484
9.375	32.5	-0.00210070896047524
9.625	32.5	-0.0021001972941443
9.875	32.5	-0.0020996710483788
10.125	32.5	-0.00209912827458053
10.375	32.5	-0.00209856559891011
10.625	32.5	-0.00209797728730229
10.875	32.5	-0.00209735370588387
11.125	32.5	-0.00209667878646398
11.375	32.5	-0.00209592585480724
11.625	32.5	-0.00209505076480663
11.875	32.5	-0.00209398059947321
12.125	32.5	-0.00209259507714026
12.375	32.5	-0.00209069595427867
12.625	32.5	-0.0020879566773599
12.875	32.5	-0.00208383953633993
13.125	32.5	-0.00207745934705659
13.375	32.5	-0.00206735916048082
13.625	32.5	-0.00205114124859497
13.875	32.5	-0.0020248600460583
14.125	32.5	-0.00198202365441434
14.375	32.5	-0.00191195194874033
14.625	32.5	-0.00179707789746982
14.875	32.5	-0.00160851513448155
15.125	32.5	-0.00129878667751721
15.375	32.5	-0.000789920173888401
15.625	32.5	4.59791782925692e-05
15.875	32.5	0.00141825925022625
16.125	32.5	0.0036684329517373
16.375	32.5	0.00735049798223549
16.625	32.5	0.0133548349748845
16.875	32.5	0.0230905517056045
17.125	32.5	0.0387308815897052
17.375	32.5	0.0634841278830615
17.625	32.5	0.101739557992072
17.875	32.5	0.158714522799539
18.125	32.5	0.238975937199299
18.375	32.5	0.343414095248166
18.625	32.5	0.465808581026668
18.875	32.5	0.592533541438636
19.125	32.5	0.707910587124514
19.375	32.5	0.801420859570454
19.625	32.5	0.870468504315473
19.875	32.5	0.918107300889999
20.125	32.5	0.949487920713924
20.375	32.5	0.96954297157667
20.625	32.5	0.982115869523745
20.875	32.5	0.989903907384533
21.125	32.5	0.994692301673079
21.375	32.5	0.997622916225242
21.625	32.5	0.999411432555459
21.875	32.5	1.00050098398847
22.125	32.5	1.00116393953625
22.375	32.5	1.00156696652021
22.625	32.5	1.00181177728382
22.875	32.5	1.00196034276425
23.125	32.5	1.00205038310517
23.375	32.5	1.00210484392456
23.625	32.5	1.00213767835041
23.875	32.5	1.00215736946056
24.125	32.5	1.00216907413106
24.375	32.5	1.00217592708743
24.625	32.5	1.00217983385105
24.875	32.5	1.00218195279964
25.125	32.5	1.00218298819181
25.375	32.5	1.00218336827114
25.625	32.5	1.00218335351553
25.875	32.5	1.00218310242809
26.125	32.5	1.0021827115228
26.375	32.5	1.00218223962656
26.625	32.5	1.00218172264944
26.875	32.5	1.002181182562
27.125	32.5	1.00218063285195
27.375	32.5	1.00218008184103
27.625	32.5	1.00217953470156
27.875	32.5	1.00217899468256
28.125	32.5	1.00217846385558
28.375	32.5	1.00217794356845
28.625	32.5	1.00217743472167
28.875	32.5	1.00217693793688
29.125	32.5	1.00217645365968
29.375	32.5	1.0021759822226
29.625	32.5	1.00217552388384
29.875	32.5	1.00217507885118
30.125	32.5	1.0021746472969
30.375	32.5	1.00217422936724
30.625	32.5	1.00217382518843
30.875	32.5	1.00217343487078
31.125	32.5	1.00217305851137
31.375	32.5	1.00217269619603
31.625	32.5	1.00217234800079
31.875	32.5	1.00217201399305
32.125	32.5	1.00217169423247
32.375	32.5	1.00217138877178
32.625	32.5	1.00217109765749
32.875	32.5	1.00217082093046
33.125	32.5	1.00217055862649
33.375	32.5	1.00217031077684
33.625	32.5	1.00217007740863
33.875	32.5	1.00216985854536
34.125	32.5	1.00216965420722
34.375	32.5	1.00216946441151
34.625	32.5	1.00216928917297
34.875	32.5	1.00216912850406
35.125	32.5	1.00216898241524
35.375	32.5	1.00216885091525
35.625	32.5	1.00216873401133
35.875	32.5	1.00216863170939
36.125	32.5	1.00216854401425
36.375	32.5	1.00216847092971
36.625	32.5	1.00216841245879
36.875	32.5	1.00216836860373
37.125	32.5	1.00216833936616
37.375	32.5	1.00216832474712
0.125	33.5	-0.00211257607710522
0.375	33.5	-0.00211256444093218
0.625	33.5	-0.00211254117145187
0.875	33.5	-0.00211250627442008
1.125	33.5	-0.00211245975853122
1.375	33.5	-0.00211240163549147
1.625	33.5	-0.00211233192011654
1.875	33.5	-0.00211225063045438
2.125	33.5	-0.00211215778793323
2.375	33.5	-0.00211205341753526
2.625	33.5	-0.00211193754799634
2.875	33.5	-0.00211181021203253
3.125	33.5	-0.0021116714465937
3.375	33.5	-0.00211152129314506
3.625	33.5	-0.00211135979797715
3.875	33.5	-0.00211118701254494
4.125	33.5	-0.00211100299383672
4.375	33.5	-0.00211080780477307
4.625	33.5	-0.00211060151463631
4.875	33.5	-0.0021103841995299
5.125	33.5	-0.00211015594286674
5.375	33.5	-0.00210991683588363
5.625	33.5	-0.00210966697817665
5.875	33.5	-0.00210940647824798
6.125	33.5	-0.00210913545404781
6.375	33.5	-0.00210885403348325
6.625	33.5	-0.00210856235484702
6.875	33.5	-0.00210826056708726
7.125	33.5	-0.00210794882978777
7.375	33.5	-0.00210762731264214
7.625	33.5	-0.00210729619406463
7.875	33.5	-0.00210695565834826
8.125	33.5	-0.00210660589039871
8.375	33.5	-0.00210624706644391
8.625	33.5	-0.002105879338085
8.875	33.5	-0.00210550280535149
9.125	33.5	-0.00210511747162256
9.375	33.5	-0.00210472316866652
9.625	33.5	-0.00210431943246523
9.875	33.5	-0.00210390529800871
10.125	33.5	-0.00210347896070644
10.375	33.5	-0.00210303721826631
10.625	33.5	-0.00210257455128078
10.875	33.5	-0.0021020816092536
11.125	33.5	-0.00210154271822769
11.375	33.5	-0.00210093177841224
11.625	33.5	-0.00210020551252264
11.875	33.5	-0.00209929235472279
12.125	33.5	-0.00209807416626694
12.375	33.5	-0.00209635614776572
12.625	33.5	-0.00209381732978618
12.875	33.5	-0.00208992910715021
13.125	33.5	-0.00208382119444279
13.375	33.5	-0.0020740610769538
13.625	33.5	-0.00205829115478288
13.875	33.5	-0.00203263181778359
14.125	33.5	-0.00199069961822532
14.375	33.5	-0.00192199278060418
14.625	33.5	-0.0018092375321959
14.875	33.5	-0.00162402949850534
15.125	33.5	-0.00131968320952936
15.375	33.5	-0.000819524188293216
15.625	33.5	2.21946531229678e-06
15.875	33.5	0.00135143755240076
16.125	33.5	0.00356404851478354
16.375	33.5	0.00718510236272057
16.625	33.5	0.0130909425923009
16.875	33.5	0.0226693734558678
17.125	33.5	0.0380631455664856
17.375	33.5	0.0624415724233212
17.625	33.5	0.100155210636978
17.875	33.5	0.156409138537646
18.125	33.5	0.235833522145366
18.375	33.5	0.339505055930795
18.625	33.5	0.461479413866187
18.875	33.5	0.588324316977184
19.125	33.5	0.704302971277202
19.375	33.5	0.798640694895287
19.625	33.5	0.868490645946096
19.875	33.5	0.916775861424207
20.125	33.5	0.948623098316915
20.375	33.5	0.968993195223396
20.625	33.5	0.981770304450106
20.875	33.5	0.989687476100051
21.125	33.5	0.994556327528916
21.375	33.5	0.997536642657924
21.625	33.5	0.999355722109214
21.875	33.5	1.00046403780839
22.125	33.5	1.00113852289724
22.375	33.5	1.00154865732187
22.625	33.5	1.00179787715518
22.875	33.5	1.00194920622583
23.125	33.5	1.00204100652658
23.375	33.5	1.00209661449169
23.625	33.5	1.00213022105863
23.875	33.5	1.00215045396818
24.125	33.5	1.00216255809575
24.375	33.5	1.0021697217113
24.625	33.5	1.00217388293533
24.875	33.5	1.00217622001353
25.125	33.5	1.00217744933436
25.375	33.5	1.00217800656777
25.625	33.5	1.00217815675843
25.875	33.5	1.00217806123731
26.125	33.5	1.00217781828809
26.375	33.5	1.00217748786295
26.625	33.5	1.0021771066042
26.875	33.5	1.00217669697431
27.125	33.5	1.0021762728054
27.375	33.5	1.00217584267259
27.625	33.5	1.00217541194476
27.875	33.5	1.00217498403164
28.125	33.5	1.0021745611422
28.375	33.5	1.00217414474631
28.625	33.5	1.00217373585572
28.875	33.5	1.00217333519545
29.125	33.5	1.00217294330842
29.375	33.5	1.00217256061954
29.625	33.5	1.00217218747511
29.875	33.5	1.00217182416714
30.125	33.5	1.00217147094863
30.375	33.5	1.00217112804318
30.625	33.5	1.00217079565119
30.875	33.5	1.00217047395399
31.125	33.5	1.0021701631167
31.375	33.5	1.00216986329022
31.625	33.5	1.00216957461274
31.875	33.5	1.00216929721097
32.125	33.5	1.00216903120109
32.375	33.5	1.00216877668959
32.625	33.5	1.00216853377401
32.875	33.5	1.00216830254358
33.125	33.5	1.00216808307981
33.375	33.5	1.00216787545706
33.625	33.5	1.002167679743
33.875	33.5	1.00216749599911
34.125	33.5	1.00216732428107
34.375	33.5	1.00216716463916
34.625	33.5	1.00216701711863
34.875	33.5	1.00216688176004
35.125	33.5	1.00216675859952
35.375	33.5	1.00216664766908
35.625	33.5	1.00216654899685
35.875	33.5	1.00216646260727
36.125	33.5	1.00216638852133
36.375	33.5	1.0021663267567
36.625	33.5	1.00216627732789
36.875	33.5	1.00216624024638
37.125	33.5	1.00216621552067
37.375	33.5	1.00216620315641
0.125	34.5	-0.00211500134162893
0.375	34.5	-0.00211499190495557
0.625	34.5	-0.0021149730363807
0.875	34.5	-0.00211494474547296
1.125	34.5	-0.00211490704664789
1.375	34.5	-0.0021148599592431
1.625	34.5	-0.00211480350761893
1.875	34.5	-0.00211473772128467
2.125	34.5	-0.00211466263505071
2.375	34.5	-0.00211457828920698
2.625	34.5	-0.00211448472972818
2.875	34.5	-0.00211438200850615
3.125	34.5	-0.00211427018361004
3.375	34.5	-0.00211414931957483
3.625	34.5	-0.00211401948771872
3.875	34.5	-0.00211388076649012
4.125	34.5	-0.00211373324184463
4.375	34.5	-0.00211357700765257
4.625	34.5	-0.00211341216613704
4.875	34.5	-0.00211323882834224
5.125	34.5	-0.00211305711463079
5.375	34.5	-0.00211286715520726
5.625	34.5	-0.00211266909066283
5.875	34.5	-0.00211246307253164
6.125	34.5	-0.0021122492638425
6.375	34.5	-0.0021120278396386
6.625	34.5	-0.00211179898741838
6.875	34.5	-0.00211156290742042
7.125	34.5	-0.00211131981262374
7.375	34.5	-0.00211106992825062
7.625	34.5	-0.00211081349042111
7.875	34.5	-0.00211055074337973
8.125	34.5	-0.00211028193434012
8.375	34.5	-0.0021100073043757
8.625	34.5	-0.00210972707276817
8.875	34.5	-0.00210944141055362
9.125	34.5	-0.0021091503962542
9.375	34.5	-0.00210885394225561
9.625	34.5	-0.00210855167283982
9.875	34.5	-0.00210824272262287
10.125	34.5	-0.0021079254039739
10.375	34.5	-0.002107596658797
10.625	34.5	-0.00210725115543611
10.875	34.5	-0.00210687980158613
11.125	34.5	-0.00210646729620299
11.375	34.5	-0.00210598810005944
11.625	34.5	-0.00210539980417795
11.875	34.5	-0.00210463221651593
12.125	34.5	-0.00210356940318481
12.375	34.5	-0.00210202013673772
12.625	34.5	-0.00209966926921301
12.875	34.5	-0.00209599771910047
13.125	34.5	-0.002090150818046
13.375	34.5	-0.00208072169750155
13.625	34.5	-0.002065394909776
13.875	34.5	-0.00204036015973607
14.125	34.5	-0.00199934800551593
14.375	34.5	-0.00193204418254225
14.625	34.5	-0.00182148325986558
14.875	34.5	-0.00163976765376456
15.125	34.5	-0.00134104413292896
15.375	34.5	-0.000850002890313654
15.625	34.5	-4.31042762054866e-05
15.875	34.5	0.00128190492122327
16.125	34.5	0.00345505852726216
16.375	34.5	0.00701199074014593
16.625	34.5	0.0128142619179924
16.875	34.5	0.0222272087392243
17.125	34.5	0.0373613484825904
17.375	34.5	0.0613445452060725
17.625	34.5	0.0984856329415096
17.875	34.5	0.153974838718414
18.125	34.5	0.23250610287759
18.375	34.5	0.335350597324933
18.625	34.5	0.456858167829492
18.875	34.5	0.583810488786704
19.125	34.5	0.700418400111109
19.375	34.5	0.795637522124971
19.625	34.5	0.866349424753471
19.875	34.5	0.915332543406591
20.125	34.5	0.947685054826233
20.375	34.5	0.968396904677528
20.625	34.5	0.981395765343719
20.875	34.5	0.989453238724546
21.125	34.5	0.994409522453906
21.375	34.5	0.997443841405914
21.625	34.5	0.999296116623713
21.875	34.5	1.00042479667995
22.125	34.5	1.00111177775521
22.375	34.5	1.00152959902045
22.625	34.5	1.00178357169087
22.875	34.5	1.00193786506924
23.125	34.5	1.00203153946033
23.375	34.5	1.0020883564895
23.625	34.5	1.00212276580379
23.875	34.5	1.002143552499
24.125	34.5	1.00215605714681
24.375	34.5	1.00216352622071
24.625	34.5	1.00216793325278
24.875	34.5	1.00217047804724
25.125	34.5	1.00217189013183
25.375	34.5	1.00217261319895
25.625	34.5	1.00217291720587
25.875	34.5	1.0021729665058
26.125	34.5	1.00217286125526
26.375	34.5	1.00217266258017
26.625	34.5	1.00217240787093
26.875	34.5	1.00217212007873
27.125	34.5	1.00217181336593
27.375	34.5	1.00217149654079
27.625	34.5	1.00217117514549
27.875	34.5	1.00217085272581
28.125	34.5	1.00217053160335
28.375	34.5	1.00217021334545
28.625	34.5	1.00216989905131
28.875	34.5	1.00216958952645
29.125	34.5	1.00216928538921
29.375	34.5	1.00216898713595
29.625	34.5	1.00216869518118
29.875	34.5	1.00216840988233
30.125	34.5	1.00216813155523
30.375	34.5	1.0021678604839
30.625	34.5	1.00216759692691
30.875	34.5	1.00216734112151
31.125	34.5	1.00216709328654
31.375	34.5	1.00216685362448
31.625	34.5	1.002166622323
31.875	34.5	1.00216639955614
32.125	34.5	1.00216618548534
32.375	34.5	1.00216598026028
32.625	34.5	1.0021657840196
32.875	34.5	1.0021655968916
33.125	34.5	1.00216541899484
33.375	34.5	1.00216525043867
33.625	34.5	1.00216509132374
33.875	34.5	1.00216494174252
34.125	34.5	1.00216480177968
34.375	34.5	1.00216467151251
34.625	34.5	1.00216455101132
34.875	34.5	1.00216444033971
35.125	34.5	1.00216433955495
35.375	34.5	1.00216424870823
35.625	34.5	1.00216416784489
35.875	34.5	1.00216409700469
36.125	34.5	1.00216403622199
36.375	34.5	1.00216398552591
36.625	34.5	1.00216394494052
36.875	34.5	1.00216391448489
37.125	34.5	1.00216389417327
37.375	34.5	1.0021638840151
0.125	35.5	-0.00211758132849097
0.375	35.5	-0.00211757400835319
0.625	35.5	-0.00211755937433936
0.875	35.5	-0.00211753743899753
1.125	35.5	-0.00211750822121155
1.375	35.5	-0.00211747174627524
1.625	35.5	-0.00211742804599164
1.875	35.5	-0.00211737715879748
2.125	35.5	-0.00211731912991318
2.375	35.5	-0.00211725401151861
2.625	35.5	-0.00211718186295516
2.875	35.5	-0.00211710275095442
3.125	35.5	-0.00211701674989399
3.375	35.5	-0.00211692394208098
3.625	35.5	-0.00211682441806363
3.875	35.5	-0.00211671827697161
4.125	35.5	-0.00211660562688555
4.375	35.5	-0.00211648658523587
4.625	35.5	-0.0021163612792312
4.875	35.5	-0.0021162298463158
5.125	35.5	-0.00211609243465461
5.375	35.5	-0.00211594920364328
5.625	35.5	-0.00211580032443782
5.875	35.5	-0.0021156459804946
6.125	35.5	-0.00211548636810456
6.375	35.5	-0.00211532169689444
6.625	35.5	-0.00211515219024911
6.875	35.5	-0.00211497808557897
7.125	35.5	-0.00211479963430591
7.375	35.5	-0.00211461710135899
7.625	35.5	-0.00211443076383488
7.875	35.5	-0.00211424090825448
8.125	35.5	-0.00211404782547874
8.375	35.5	-0.00211385180174077
8.625	35.5	-0.00211365310325401
8.875	35.5	-0.00211345195021527
9.125	35.5	-0.00211324847332103
9.375	35.5	-0.00211304264147211
9.625	35.5	-0.00211283414203026
9.875	35.5	-0.00211262218295954
10.125	35.5	-0.00211240516638893
10.375	35.5	-0.00211218015055877
10.625	35.5	-0.0021119419635143
10.875	35.5	-0.00211168174371466
11.125	35.5	-0.00211138453760489
11.375	35.5	-0.00211102534541051
11.625	35.5	-0.00211056261350281
11.875	35.5	-0.00210992752517695
12.125	35.5	-0.00210900637792007
12.375	35.5	-0.00210761158495688
12.625	35.5	-0.00210543395907371
12.875	35.5	-0.00210196419880602
13.125	35.5	-0.00209636370278458
13.375	35.5	-0.00208725201758856
13.625	35.5	-0.00207235714172077
13.875	35.5	-0.002047940252099
14.125	35.5	-0.00200784948748873
14.375	35.5	-0.00194196399673842
14.625	35.5	-0.00183363641338217
14.875	35.5	-0.00165549193402578
15.125	35.5	-0.00136253582974182
15.375	35.5	-0.000880866055137178
15.625	35.5	-8.92458229697653e-05
15.875	35.5	0.00121082598614325
16.125	35.5	0.00334331016841549
16.375	35.5	0.00683411915734418
16.625	35.5	0.012529537166133
16.875	35.5	0.0217716494859322
17.125	35.5	0.0366375238311421
17.375	35.5	0.0602117728658218
17.625	35.5	0.0967590807219691
17.875	35.5	0.151452225208486
18.125	35.5	0.229047909646025
18.375	35.5	0.331016134996137
18.625	35.5	0.452014260943548
18.875	35.5	0.579056117659845
19.125	35.5	0.696308853087413
19.375	35.5	0.792449470588071
19.625	35.5	0.864070923888619
19.875	35.5	0.913794413634682
20.125	35.5	0.946684663652764
20.375	35.5	0.967760925533336
20.625	35.5	0.980996508067296
20.875	35.5	0.989203847378083
21.125	35.5	0.994253547658607
21.375	35.5	0.997345564911898
21.625	35.5	0.999233295649619
21.875	35.5	1.00038371197323
22.125	35.5	1.00108401575822
22.375	35.5	1.00151001749721
22.625	35.5	1.0017690338738
22.875	35.5	1.00192645938862
23.125	35.5	1.00202210129049
23.375	35.5	1.002080176006
23.625	35.5	1.0021154098943
23.875	35.5	1.00213675633702
24.125	35.5	1.00214965822886
24.375	35.5	1.0021574242558
24.625	35.5	1.00216206577932
24.875	35.5	1.00216480561325
25.125	35.5	1.00216638728877
25.375	35.5	1.00216726302895
25.625	35.5	1.00216770799627
25.875	35.5	1.00216788972848
26.125	35.5	1.00216791033884
26.375	35.5	1.00216783216388
26.625	35.5	1.00216769335113
26.875	35.5	1.00216751733324
27.125	35.5	1.0021673185863
27.375	35.5	1.00216710613012
27.625	35.5	1.00216688565614
27.875	35.5	1.0021666608212
28.125	35.5	1.0021664340344
28.375	35.5	1.00216620693596
28.625	35.5	1.00216598068865
28.875	35.5	1.00216575615553
29.125	35.5	1.00216553400837
29.375	35.5	1.00216531479404
29.625	35.5	1.00216509897535
29.875	35.5	1.00216488695616
30.125	35.5	1.00216467909716
30.375	35.5	1.00216447572578
30.625	35.5	1.00216427714259
30.875	35.5	1.00216408362548
31.125	35.5	1.0021638954326
31.375	35.5	1.00216371280435
31.625	35.5	1.00216353596497
31.875	35.5	1.00216336512373
32.125	35.5	1.00216320047588
32.375	35.5	1.00216304220353
32.625	35.5	1.00216289047633
32.875	35.5	1.00216274545219
33.125	35.5	1.00216260727781
33.375	35.5	1.00216247608926
33.625	35.5	1.00216235201249
33.875	35.5	1.00216223516377
34.125	35.5	1.00216212565011
34.375	35.5	1.00216202356971
34.625	35.5	1.00216192901226
34.875	35.5	1.00216184205931
35.125	35.5	1.00216176278456
35.375	35.5	1.00216169125415
35.625	35.5	1.00216162752692
35.875	35.5	1.00216157165459
36.125	35.5	1.00216152368201
36.375	35.5	1.00216148364729
36.625	35.5	1.00216145158199
36.875	35.5	1.00216142751118
37.125	35.5	1.00216141145361
37.375	35.5	1.00216140342172
0.125	36.5	-0.00212028132731558
0.375	36.5	-0.00212027601655889
0.625	36.5	-0.00212026540238708
0.875	36.5	-0.00212024949950668
1.125	36.5	-0.00212022833003604
1.375	36.5	-0.00212020192357576
1.625	36.5	-0.00212017031730275
1.875	36.5	-0.00212013355608828
2.125	36.5	-0.00212009169264003
2.375	36.5	-0.00212004478766862
2.625	36.5	-0.00211999291007882
2.875	36.5	-0.00211993613718588
3.125	36.5	-0.00211987455495732
3.375	36.5	-0.00211980825828063
3.625	36.5	-0.00211973735125735
3.875	36.5	-0.00211966194752382
4.125	36.5	-0.00211958217059911
4.375	36.5	-0.00211949815426011
4.625	36.5	-0.00211941004294391
4.875	36.5	-0.00211931799217669
5.125	36.5	-0.00211922216902778
5.375	36.5	-0.00211912275258596
5.625	36.5	-0.00211901993445269
5.875	36.5	-0.00211891391924294
6.125	36.5	-0.00211880492507763
6.375	36.5	-0.00211869318404072
6.625	36.5	-0.00211857894255574
6.875	36.5	-0.00211846246160697
7.125	36.5	-0.00211834401668089
7.375	36.5	-0.00211822389722278
7.625	36.5	-0.00211810240526996
7.875	36.5	-0.00211797985270362
8.125	36.5	-0.00211785655620007
8.375	36.5	-0.00211773282836786
8.625	36.5	-0.00211760896257943
8.875	36.5	-0.00211748520739612
9.125	36.5	-0.00211736172383794
9.375	36.5	-0.00211723851439146
9.625	36.5	-0.0021171153054797
9.875	36.5	-0.00211699135331967
10.125	36.5	-0.00211686512368091
10.375	36.5	-0.00211673376411501
10.625	36.5	-0.00211659223466654
10.875	36.5	-0.00211643187659069
11.125	36.5	-0.00211623805629721
11.375	36.5	-0.00211598628758564
11.625	36.5	-0.00211563584995113
11.875	36.5	-0.00211511928678511
12.125	36.5	-0.00211432512418655
12.375	36.5	-0.00211306943480361
12.625	36.5	-0.00211104904727934
12.875	36.5	-0.00210776455600169
13.125	36.5	-0.00210239364298668
13.375	36.5	-0.00209358265229903
13.625	36.5	-0.00207910368402424
13.875	36.5	-0.00205529049093756
14.125	36.5	-0.00201611063197045
14.375	36.5	-0.00195163971539729
14.625	36.5	-0.00184555346322098
14.875	36.5	-0.00167100811937117
15.125	36.5	-0.00138388104298222
15.375	36.5	-0.00091170026400544
15.625	36.5	-0.00013556850810236
15.875	36.5	0.00113920301591137
16.125	36.5	0.00323040295321471
16.375	36.5	0.00665405854666308
16.625	36.5	0.0122409077625238
16.875	36.5	0.0213093372284959
17.125	36.5	0.0359022258070976
17.375	36.5	0.0590597304506235
17.625	36.5	0.095000516633454
17.875	36.5	0.148877382269973
18.125	36.5	0.225507541663977
18.375	36.5	0.326560930207951
18.625	36.5	0.447011373321772
18.875	36.5	0.57412070597097
19.125	36.5	0.6920231230875
19.375	36.5	0.789112611198065
19.625	36.5	0.86167994384348
19.875	36.5	0.912177746168338
20.125	36.5	0.945632304686168
20.375	36.5	0.967091771024763
20.625	36.5	0.980576585983389
20.875	36.5	0.988941818677047
21.125	36.5	0.994089970023427
21.375	36.5	0.997242796847788
21.625	36.5	0.99916788605039
21.875	36.5	1.00034119268374
22.125	36.5	1.00105551296444
22.375	36.5	1.00149010766096
22.625	36.5	1.00175440899166
22.875	36.5	1.00191510402312
23.125	36.5	1.00201278805626
23.375	36.5	1.00207215735164
23.625	36.5	1.00210823020049
23.875	36.5	1.00213013751045
24.125	36.5	1.00214343009964
24.375	36.5	1.00215148225297
24.625	36.5	1.00215634520188
24.875	36.5	1.00215926599282
25.125	36.5	1.00216100288704
25.375	36.5	1.00216201706388
25.625	36.5	1.00216258913437
25.875	36.5	1.00216288995405
26.125	36.5	1.00216302365994
26.375	36.5	1.00216305382654
26.625	36.5	1.00216301936249
26.875	36.5	1.00216294417216
27.125	36.5	1.00216284302795
27.375	36.5	1.0021627251397
27.625	36.5	1.00216259632451
27.875	36.5	1.00216246032604
28.125	36.5	1.00216231961672
28.375	36.5	1.00216217588594
28.625	36.5	1.00216203033711
28.875	36.5	1.00216188386875
29.125	36.5	1.00216173718495
29.375	36.5	1.00216159086293
29.625	36.5	1.00216144539455
29.875	36.5	1.00216130121187
30.125	36.5	1.00216115870308
30.375	36.5	1.00216101822253
30.625	36.5	1.00216088009716
30.875	36.5	1.00216074463071
31.125	36.5	1.0021606121066
31.375	36.5	1.00216048278991
31.625	36.5	1.00216035692893
31.875	36.5	1.00216023475631
32.125	36.5	1.00216011648997
32.375	36.5	1.00216000233393
32.625	36.5	1.002159892479
32.875	36.5	1.0021597871034
33.125	36.5	1.00215968637331
33.375	36.5	1.00215959044341
33.625	36.5	1.00215949945733
33.875	36.5	1.00215941354812
34.125	36.5	1.00215933283862
34.375	36.5	1.00215925744187
34.625	36.5	1.00215918746141
34.875	36.5	1.00215912299167
35.125	36.5	1.00215906411817
35.375	36.5	1.00215901091786
35.625	36.5	1.00215896345931
35.875	36.5	1.00215892180297
36.125	36.5	1.00215888600129
36.375	36.5	1.00215885609895
36.625	36.5	1.00215883213297
36.875	36.5	1.00215881413282
37.125	36.5	1.00215880212051
37.375	36.5	1.00215879611071
0.125	37.5	-0.0021230684451483
0.375	37.5	-0.00212306501924452
0.625	37.5	-0.00212305817547008
0.875	37.5	-0.00212304792991255
1.125	37.5	-0.00212303430675673
1.375	37.5	-0.00212301733834879
1.625	37.5	-0.00212299706528209
1.875	37.5	-0.00212297353650467
2.125	37.5	-0.00212294680944865
2.375	37.5	-0.0021229169501818
2.625	37.5	-0.00212288403358148
2.875	37.5	-0.0021228481435312
3.125	37.5	-0.00212280937314024
3.375	37.5	-0.00212276782498651
3.625	37.5	-0.00212272361138307
3.875	37.5	-0.00212267685466844
4.125	37.5	-0.00212262768752117
4.375	37.5	-0.00212257625329842
4.625	37.5	-0.00212252270639849
4.875	37.5	-0.00212246721264649
5.125	37.5	-0.00212240994970161
5.375	37.5	-0.00212235110748287
5.625	37.5	-0.002122290888608
5.875	37.5	-0.00212222950883605
6.125	37.5	-0.00212216719749785
6.375	37.5	-0.00212210419788757
6.625	37.5	-0.00212204076757093
6.875	37.5	-0.00212197717853621
7.125	37.5	-0.00212191371706608
7.375	37.5	-0.00212185068312874
7.625	37.5	-0.00212178838895612
7.875	37.5	-0.00212172715626186
8.125	37.5	-0.00212166731119769
8.375	37.5	-0.00212160917556408
8.625	37.5	-0.00212155305183268
8.875	37.5	-0.00212149919796028
9.125	37.5	-0.0021214477853786
9.375	37.5	-0.00212139882927288
9.625	37.5	-0.00212135207323477
9.875	37.5	-0.00212130679881067
10.125	37.5	-0.00212126151143939
10.375	37.5	-0.00212121342296364
10.625	37.5	-0.00212115759938284
10.875	37.5	-0.00212108555774696
11.125	37.5	-0.00212098295661027
11.375	37.5	-0.00212082579495962
11.625	37.5	-0.00212057415689868
11.875	37.5	-0.00212016191800903
12.125	37.5	-0.00211947980692618
12.375	37.5	-0.00211834753347877
12.625	37.5	-0.00211646792701334
12.875	37.5	-0.00211335147498708
13.125	37.5	-0.00210819216092691
13.375	37.5	-0.00209966317920746
13.625	37.5	-0.0020855808412833
13.875	37.5	-0.00206235167849577
14.125	37.5	-0.00202406302374287
14.375	37.5	-0.00196098754398281
14.625	37.5	-0.00185712504823319
14.875	37.5	-0.00168616447836464
15.125	37.5	-0.00140485800498347
15.375	37.5	-0.000942168243772189
15.625	37.5	-0.000181544978846954
15.875	37.5	0.00106787540115237
16.125	37.5	0.00311768688846452
16.375	37.5	0.00647399060667257
16.625	37.5	0.0119519003043542
16.875	37.5	0.0208459482486385
17.125	37.5	0.0351645023721612
17.375	37.5	0.0579025926908234
17.625	37.5	0.0932315222259112
17.875	37.5	0.146281721398269
18.125	37.5	0.221927710551762
18.375	37.5	0.322037715281855
18.625	37.5	0.441906991826587
18.875	37.5	0.56905875109995
19.125	37.5	0.687606456846372
19.375	37.5	0.785660705935219
19.625	37.5	0.859199842530296
19.875	37.5	0.910497924777277
20.125	37.5	0.944537806074676
20.375	37.5	0.966395607704886
20.625	37.5	0.980139829957853
20.875	37.5	0.98866952228226
21.125	37.5	0.993920255729955
21.375	37.5	0.99713644875734
21.625	37.5	0.999100460414618
21.875	37.5	1.00029760487015
22.125	37.5	1.00102650985917
22.375	37.5	1.00147003377783
22.625	37.5	1.00173981512073
22.875	37.5	1.00190388910131
23.125	37.5	1.00200367300249
23.375	37.5	1.00206436358519
23.625	37.5	1.00210128363891
23.875	37.5	1.00212374922618
24.125	37.5	1.00213742371128
24.375	37.5	1.00214574977232
24.625	37.5	1.00215082019329
24.875	37.5	1.00215390726046
25.125	37.5	1.00215578456233
25.375	37.5	1.0021569225831
25.625	37.5	1.00215760758037
25.875	37.5	1.00215801383462
26.125	37.5	1.00215824755904
26.375	37.5	1.00215837358597
26.625	37.5	1.00215843158562
26.875	37.5	1.00215844592341
27.125	37.5	1.00215843165102
27.375	37.5	1.00215839814796
27.625	37.5	1.0021583513351
27.875	37.5	1.00215829502046
28.125	37.5	1.00215823171754
28.375	37.5	1.00215816314306
28.625	37.5	1.00215809051995
28.875	37.5	1.00215801476187
29.125	37.5	1.00215793658575
29.375	37.5	1.00215785658053
29.625	37.5	1.00215777524939
29.875	37.5	1.00215769303566
30.125	37.5	1.00215761033894
30.375	37.5	1.00215752752522
30.625	37.5	1.00215744493327
30.875	37.5	1.0021573628789
31.125	37.5	1.00215728165771
31.375	37.5	1.00215720154712
31.625	37.5	1.00215712280774
31.875	37.5	1.00215704568451
32.125	37.5	1.00215697040757
32.375	37.5	1.00215689719302
32.625	37.5	1.00215682624351
32.875	37.5	1.00215675774886
33.125	37.5	1.00215669188657
33.375	37.5	1.00215662882224
33.625	37.5	1.00215656871006
33.875	37.5	1.00215651169319
34.125	37.5	1.00215645790411
34.375	37.5	1.002156407465
34.625	37.5	1.00215636048802
34.875	37.5	1.00215631707562
35.125	37.5	1.00215627732081
35.375	37.5	1.00215624130736
35.625	37.5	1.00215620911008
35.875	37.5	1.00215618079499
36.125	37.5	1.00215615641944
36.375	37.5	1.00215613603237
36.625	37.5	1.00215611967431
36.875	37.5	1.0021561073776
37.125	37.5	1.0021560991664
37.375	37.5	1.00215609505679
0.125	38.5	-0.00212591188601313
0.375	38.5	-0.00212591020950447
0.625	38.5	-0.00212590686485839
0.875	38.5	-0.00212590186883605
1.125	38.5	-0.00212589524662584
1.375	38.5	-0.00212588703189953
1.625	38.5	-0.00212587726688715
1.875	38.5	-0.00212586600247085
2.125	38.5	-0.00212585329829782
2.375	38.5	-0.00212583922291244
2.625	38.5	-0.00212582385390776
2.875	38.5	-0.00212580727809664
3.125	38.5	-0.00212578959170267
3.375	38.5	-0.00212577090057104
3.625	38.5	-0.0021257513203997
3.875	38.5	-0.00212573097699078
4.125	38.5	-0.00212571000652239
4.375	38.5	-0.00212568855584084
4.625	38.5	-0.00212566678277259
4.875	38.5	-0.00212564485645523
5.125	38.5	-0.00212562295768567
5.375	38.5	-0.00212560127928231
5.625	38.5	-0.00212558002645579
5.875	38.5	-0.00212555941717861
6.125	38.5	-0.00212553968253812
6.375	38.5	-0.00212552106704618
6.625	38.5	-0.0021255038288616
6.875	38.5	-0.00212548823985288
7.125	38.5	-0.00212547458538113
7.375	38.5	-0.00212546316360546
7.625	38.5	-0.00212545428398487
7.875	38.5	-0.00212544826443992
8.125	38.5	-0.0021254454262903
8.375	38.5	-0.00212544608551382
8.625	38.5	-0.00212545053793243
8.875	38.5	-0.00212545903438567
9.125	38.5	-0.00212547173940774
9.375	38.5	-0.00212548866273958
9.625	38.5	-0.00212550954612062
9.875	38.5	-0.00212553367647313
10.125	38.5	-0.00212555957794728
10.375	38.5	-0.00212558450461528
10.625	38.5	-0.00212560360512202
10.875	38.5	-0.0021256085475368
11.125	38.5	-0.00212558525597653
11.375	38.5	-0.00212551018568361
11.625	38.5	-0.00212534419320882
11.875	38.5	-0.00212502244949388
12.125	38.5	-0.00212443784184444
12.375	38.5	-0.00212341366245589
12.625	38.5	-0.00212165866914309
12.875	38.5	-0.00211869314204553
13.125	38.5	-0.00211372721986794
13.375	38.5	-0.00210546072550661
13.625	38.5	-0.00209175383562246
13.875	38.5	-0.0020690853085525
14.125	38.5	-0.00203166136012948
14.375	38.5	-0.00196995026419485
14.625	38.5	-0.00186827354005579
14.875	38.5	-0.00170084892981049
15.125	38.5	-0.0014252970295417
15.375	38.5	-0.000972004619112925
15.625	38.5	-0.000226751669850134
15.875	38.5	0.000997527170713594
16.125	38.5	0.0030062731172899
16.375	38.5	0.00629572336018727
16.625	38.5	0.0116654517237078
16.875	38.5	0.0203862281173672
17.125	38.5	0.0344319457103612
17.375	38.5	0.0567523039489581
17.625	38.5	0.0914703853078074
17.875	38.5	0.1436920698976
18.125	38.5	0.218345292789151
18.375	38.5	0.317492662882798
18.625	38.5	0.436752280069775
18.875	38.5	0.563919558899585
19.125	38.5	0.683100376668417
19.375	38.5	0.782125073420557
19.625	38.5	0.856652446866753
19.875	38.5	0.908769388999554
20.125	38.5	0.943410412746076
20.375	38.5	0.9656782377449
20.625	38.5	0.97968983889562
20.875	38.5	0.988389176297435
21.125	38.5	0.993745768500024
21.375	38.5	0.997027359929421
21.625	38.5	0.999031537844734
21.875	38.5	1.00025327293088
22.125	38.5	1.00099721286609
22.375	38.5	1.00144993106822
22.625	38.5	1.0017253447223
22.875	38.5	1.00189288158803
23.125	38.5	1.00199480805049
23.375	38.5	1.00205683789523
23.625	38.5	1.00209460845938
23.875	38.5	1.00211762706136
24.125	38.5	1.00213167330845
24.375	38.5	1.0021402605058
24.625	38.5	1.00214552433444
24.875	38.5	1.00214876312452
25.125	38.5	1.00215076626779
25.375	38.5	1.00215201383029
25.625	38.5	1.00215279787277
25.875	38.5	1.00215329618439
26.125	38.5	1.00215361709464
26.375	38.5	1.00215382670758
26.625	38.5	1.00215396545352
26.875	38.5	1.00215405814847
27.125	38.5	1.00215412010792
27.375	38.5	1.00215416086295
27.625	38.5	1.00215418641887
27.875	38.5	1.00215420062838
28.125	38.5	1.00215420602643
28.375	38.5	1.00215420433796
28.625	38.5	1.00215419678687
28.875	38.5	1.00215418428408
29.125	38.5	1.00215416754219
29.375	38.5	1.00215414714547
29.625	38.5	1.00215412359271
29.875	38.5	1.00215409732354
30.125	38.5	1.0021540687347
30.375	38.5	1.00215403819019
30.625	38.5	1.00215400602774
30.875	38.5	1.0021539725629
31.125	38.5	1.00215393809181
31.375	38.5	1.00215390289311
31.625	38.5	1.00215386722923
31.875	38.5	1.00215383134748
32.125	38.5	1.00215379548083
32.375	38.5	1.00215375984854
32.625	38.5	1.00215372465676
32.875	38.5	1.00215369009905
33.125	38.5	1.00215365635677
33.375	38.5	1.00215362359955
33.625	38.5	1.00215359198565
33.875	38.5	1.00215356166229
34.125	38.5	1.00215353276599
34.375	38.5	1.00215350542286
34.625	38.5	1.00215347974889
34.875	38.5	1.0021534558502
35.125	38.5	1.00215343382324
35.375	38.5	1.00215341375505
35.625	38.5	1.00215339572344
35.875	38.5	1.00215337979711
36.125	38.5	1.00215336603587
36.375	38.5	1.00215335449076
36.625	38.5	1.00215334520409
36.875	38.5	1.00215333820965
37.125	38.5	1.00215333353269
37.375	38.5	1.00215333119001
0.125	39.5	-0.00212878312346661
0.375	39.5	-0.00212878305581896
0.625	39.5	-0.00212878292892487
0.875	39.5	-0.00212878275960232
1.125	39.5	-0.00212878257311712
1.375	39.5	-0.00212878240322953
1.625	39.5	-0.00212878229225653
1.875	39.5	-0.00212878229114979
2.125	39.5	-0.00212878245958935
2.375	39.5	-0.00212878286609317
2.625	39.5	-0.00212878358814264
2.875	39.5	-0.00212878471232406
3.125	39.5	-0.00212878633448642
3.375	39.5	-0.00212878855991522
3.625	39.5	-0.00212879150352274
3.875	39.5	-0.00212879529005461
4.125	39.5	-0.0021288000543125
4.375	39.5	-0.00212880594139285
4.625	39.5	-0.00212881310694091
4.875	39.5	-0.00212882171741912
5.125	39.5	-0.00212883195038776
5.375	39.5	-0.00212884399479465
5.625	39.5	-0.00212885805126813
5.875	39.5	-0.00212887433240399
6.125	39.5	-0.00212889306303026
6.375	39.5	-0.00212891448042393
6.625	39.5	-0.00212893883443611
6.875	39.5	-0.00212896638745412
7.125	39.5	-0.00212899741408273
7.375	39.5	-0.00212903220035019
7.625	39.5	-0.00212907104211951
7.875	39.5	-0.00212911424217833
8.125	39.5	-0.00212916210514132
8.375	39.5	-0.002129214928739
8.625	39.5	-0.00212927298914695
8.875	39.5	-0.00212933651649419
9.125	39.5	-0.00212940565419782
9.375	39.5	-0.00212948039166976
9.625	39.5	-0.00212956045319421
9.875	39.5	-0.00212964511467157
10.125	39.5	-0.00212973290165634
10.375	39.5	-0.00212982109205648
10.625	39.5	-0.00212990489740128
10.875	39.5	-0.00212997611520001
11.125	39.5	-0.00213002091100207
11.375	39.5	-0.00213001616842786
11.625	39.5	-0.00212992348288635
11.875	39.5	-0.00212967927814811
12.125	39.5	-0.00212917854339137
12.375	39.5	-0.00212824807333378
12.625	39.5	-0.00212660243687778
12.875	39.5	-0.00212377152801351
13.125	39.5	-0.0021189813608677
13.375	39.5	-0.00211095794103151
13.625	39.5	-0.00209760459098487
13.875	39.5	-0.00207547112584164
14.125	39.5	-0.00203888073118268
14.375	39.5	-0.0019784941507177
14.625	39.5	-0.00187894946319583
14.875	39.5	-0.00171498475234018
15.125	39.5	-0.0014450751646904
15.375	39.5	-0.00100100894494945
15.625	39.5	-0.000270859297249369
15.875	39.5	0.000928700527309912
16.125	39.5	0.00289705388994475
16.375	39.5	0.00612072138609783
16.625	39.5	0.0113839557166099
16.875	39.5	0.0199340631388954
17.125	39.5	0.0337108007855376
17.375	39.5	0.055618738058623
17.625	39.5	0.0897323220334548
17.875	39.5	0.141130951032592
18.125	39.5	0.214791633099445
18.375	39.5	0.31296564708388
18.625	39.5	0.431592239599622
18.875	39.5	0.558747304092102
19.125	39.5	0.678542684757407
19.375	39.5	0.778534577823739
19.625	39.5	0.854058043641712
19.875	39.5	0.907005630023404
20.125	39.5	0.942258786010083
20.375	39.5	0.964945100658233
20.625	39.5	0.979229982525251
20.875	39.5	0.988102850515703
21.125	39.5	0.993567772985471
21.375	39.5	0.996916300765026
21.625	39.5	0.998961587216553
21.875	39.5	1.00020848271482
22.125	39.5	1.00096779729103
22.375	39.5	1.00142990847813
22.625	39.5	1.00171106724288
22.875	39.5	1.0018821277185
23.125	39.5	1.00198622607279
23.375	39.5	1.00204960572316
23.625	39.5	1.0020882262239
23.875	39.5	1.00211179080641
24.125	39.5	1.00212619814278
24.375	39.5	1.00213503387035
24.625	39.5	1.00214047759314
24.875	39.5	1.00214385429841
25.125	39.5	1.00214596954378
25.375	39.5	1.00214731318778
25.625	39.5	1.00214818321278
25.875	39.5	1.00214876097964
26.125	39.5	1.00214915696358
26.375	39.5	1.0021494385499
26.625	39.5	1.00214964692669
26.875	39.5	1.00214980735134
27.125	39.5	1.00214993539019
27.375	39.5	1.00215004071077
27.625	39.5	1.00215012938683
27.875	39.5	1.00215020529947
28.125	39.5	1.00215027098892
28.375	39.5	1.00215032817247
28.625	39.5	1.00215037805959
28.875	39.5	1.00215042154359
29.125	39.5	1.00215045931845
29.375	39.5	1.00215049195004
29.625	39.5	1.00215051991961
29.875	39.5	1.0021505436505
30.125	39.5	1.00215056352457
30.375	39.5	1.0021505798924
30.625	39.5	1.00215059307967
30.875	39.5	1.00215060339126
31.125	39.5	1.00215061111393
31.375	39.5	1.00215061651807
31.625	39.5	1.00215061985901
31.875	39.5	1.00215062137789
32.125	39.5	1.00215062130241
32.375	39.5	1.00215061984742
32.625	39.5	1.00215061721533
32.875	39.5	1.00215061359663
33.125	39.5	1.00215060917019
33.375	39.5	1.00215060410364
33.625	39.5	1.00215059855366
33.875	39.5	1.00215059266632
34.125	39.5	1.00215058657728
34.375	39.5	1.00215058041208
34.625	39.5	1.00215057428635
34.875	39.5	1.00215056830604
35.125	39.5	1.0021505625676
35.375	39.5	1.00215055715814
35.625	39.5	1.00215055215564
35.875	39.5	1.00215054762904
36.125	39.5	1.00215054363839
36.375	39.5	1.00215054023496
36.625	39.5	1.00215053746132
36.875	39.5	1.00215053535145
37.125	39.5	1.00215053393077
37.375	39.5	1.00215053321621
0.125	40.5	-0.00213165597616179
0.375	40.5	-0.00213165737685519
0.625	40.5	-0.00213166018641774
0.875	40.5	-0.00213166442121304
1.125	40.5	-0.00213167010581683
1.375	40.5	-0.00213167727305337
1.625	40.5	-0.00213168596404402
1.875	40.5	-0.00213169622826793
2.125	40.5	-0.00213170812363501
2.375	40.5	-0.00213172171657104
2.625	40.5	-0.002131737082115
2.875	40.5	-0.00213175430402877
3.125	40.5	-0.00213177347491889
3.375	40.5	-0.00213179469637072
3.625	40.5	-0.00213181807909462
3.875	40.5	-0.0021318437430843
4.125	40.5	-0.00213187181778682
4.375	40.5	-0.00213190244228406
4.625	40.5	-0.00213193576548477
4.875	40.5	-0.00213197194632595
5.125	40.5	-0.00213201115398153
5.375	40.5	-0.00213205356807479
5.625	40.5	-0.00213209937888876
5.875	40.5	-0.00213214878756497
6.125	40.5	-0.00213220200627493
6.375	40.5	-0.00213225925833815
6.625	40.5	-0.00213232077824418
6.875	40.5	-0.00213238681150798
7.125	40.5	-0.00213245761424302
7.375	40.5	-0.00213253345226132
7.625	40.5	-0.00213261459938665
7.875	40.5	-0.0021327013344649
8.125	40.5	-0.00213279393622195
8.375	40.5	-0.00213289267457173
8.625	40.5	-0.00213299779607479
8.875	40.5	-0.00213310949976364
9.125	40.5	-0.00213322789710918
9.375	40.5	-0.00213335294588413
9.625	40.5	-0.00213348434106795
9.875	40.5	-0.00213362133505862
10.125	40.5	-0.00213376244155624
10.375	40.5	-0.00213390494802947
10.625	40.5	-0.00213404411321166
10.875	40.5	-0.00213417184632906
11.125	40.5	-0.00213427453355066
11.375	40.5	-0.00213432946124818
11.625	40.5	-0.0021342989304087
11.875	40.5	-0.00213412057201811
12.125	40.5	-0.00213369141146489
12.375	40.5	-0.00213284164755721
12.625	40.5	-0.00213129150811042
12.875	40.5	-0.00212858026046864
13.125	40.5	-0.00212394940835735
13.375	40.5	-0.00211615051495479
13.625	40.5	-0.00210312902934066
13.875	40.5	-0.00208150415504392
14.125	40.5	-0.00204571331005412
14.375	40.5	-0.00198660521114531
14.625	40.5	-0.00188912710633621
14.875	40.5	-0.00172852527991796
15.125	40.5	-0.00146410950624122
15.375	40.5	-0.00102903687857836
15.625	40.5	-0.000313620651334996
15.875	40.5	0.000861813447800667
16.125	40.5	0.00279072881140744
16.375	40.5	0.00595014591314596
16.625	40.5	0.0111093248192007
16.875	40.5	0.0194925766965133
17.125	40.5	0.0330061133783513
17.375	40.5	0.0545099199901717
17.625	40.5	0.0880297934819752
17.875	40.5	0.138617002522253
18.125	40.5	0.211293036505952
18.375	40.5	0.308490735334334
18.625	40.5	0.426466115411177
18.875	40.5	0.553581310670278
19.125	40.5	0.673967639516756
19.375	40.5	0.774915739410612
19.625	40.5	0.851435451338773
19.875	40.5	0.905219238644343
20.125	40.5	0.941091036074823
20.375	40.5	0.96420129568628
20.625	40.5	0.978763417169574
20.875	40.5	0.987812477898429
21.125	40.5	0.99338744346302
21.375	40.5	0.996803979650516
21.625	40.5	0.998891032838218
21.875	40.5	1.00016348634732
22.125	40.5	1.00093841155476
22.375	40.5	1.00141005247048
22.625	40.5	1.00169703256106
22.875	40.5	1.00187165616423
23.125	40.5	1.00197794382082
23.375	40.5	1.00204267748245
23.625	40.5	1.00208214433929
23.875	40.5	1.00210624682726
24.125	40.5	1.0021210046783
24.375	40.5	1.00213007706757
24.625	40.5	1.0021356882476
24.875	40.5	1.00213919029642
25.125	40.5	1.00214140519386
25.375	40.5	1.00214283273964
25.625	40.5	1.00214377692134
25.875	40.5	1.0021444227156
26.125	40.5	1.00214488276376
26.375	40.5	1.0021452257385
26.625	40.5	1.00214549358339
26.875	40.5	1.00214571199006
27.125	40.5	1.00214589676565
27.375	40.5	1.00214605770273
27.625	40.5	1.00214620093131
27.875	40.5	1.00214633034846
28.125	40.5	1.00214644848733
28.375	40.5	1.00214655704544
28.625	40.5	1.00214665720595
28.875	40.5	1.0021467498331
29.125	40.5	1.00214683559116
29.375	40.5	1.00214691501689
29.625	40.5	1.00214698856373
29.875	40.5	1.00214705662887
30.125	40.5	1.00214711956982
30.375	40.5	1.00214717771462
30.625	40.5	1.00214723136827
30.875	40.5	1.00214728081665
31.125	40.5	1.00214732632918
31.375	40.5	1.00214736816047
31.625	40.5	1.00214740655149
31.875	40.5	1.00214744173037
32.125	40.5	1.00214747391303
32.375	40.5	1.00214750330367
32.625	40.5	1.00214753009513
32.875	40.5	1.00214755446926
33.125	40.5	1.00214757659723
33.375	40.5	1.00214759663973
33.625	40.5	1.00214761474729
33.875	40.5	1.00214763106046
34.125	40.5	1.00214764571003
34.375	40.5	1.00214765881722
34.625	40.5	1.00214767049386
34.875	40.5	1.00214768084257
35.125	40.5	1.00214768995688
35.375	40.5	1.00214769792137
35.625	40.5	1.00214770481184
35.875	40.5	1.00214771069537
36.125	40.5	1.00214771563043
36.375	40.5	1.00214771966699
36.625	40.5	1.00214772284657
36.875	40.5	1.00214772520232
37.125	40.5	1.00214772675905
37.375	40.5	1.00214772753329
0.125	41.5	-0.0021345065992761
0.375	41.5	-0.00213450933201094
0.625	41.5	-0.00213451480523235
0.875	41.5	-0.00213452303445248
1.125	41.5	-0.00213453404296114
1.375	41.5	-0.00213454786185177
1.625	41.5	-0.00213456453005595
1.875	41.5	-0.00213458409438653
2.125	41.5	-0.00213460660958932
2.375	41.5	-0.00213463213840326
2.625	41.5	-0.00213466075162915
2.875	41.5	-0.00213469252820662
3.125	41.5	-0.00213472755529956
3.375	41.5	-0.00213476592838956
3.625	41.5	-0.00213480775137749
3.875	41.5	-0.0021348531366927
4.125	41.5	-0.00213490220540963
4.375	41.5	-0.0021349550873712
4.625	41.5	-0.002135011921318
4.875	41.5	-0.00213507285502208
5.125	41.5	-0.00213513804542281
5.375	41.5	-0.00213520765876139
5.625	41.5	-0.00213528187070802
5.875	41.5	-0.00213536086647207
6.125	41.5	-0.00213544484087963
6.375	41.5	-0.00213553399839264
6.625	41.5	-0.00213562855302746
6.875	41.5	-0.00213572872810342
7.125	41.5	-0.00213583475570765
7.375	41.5	-0.00213594687568892
7.625	41.5	-0.00213606533387251
7.875	41.5	-0.00213619037899007
8.125	41.5	-0.00213632225749144
8.375	41.5	-0.00213646120486834
8.625	41.5	-0.00213660743123584
8.875	41.5	-0.0021367610974629
9.125	41.5	-0.00213692227574993
9.375	41.5	-0.00213709088461333
9.625	41.5	-0.00213726658175722
9.875	41.5	-0.00213744858765089
10.125	41.5	-0.00213763539508707
10.375	41.5	-0.00213782429113044
10.625	41.5	-0.00213801057036864
10.875	41.5	-0.00213818624022604
11.125	41.5	-0.00213833789050624
11.375	41.5	-0.00213844318773879
11.625	41.5	-0.00213846510675027
11.875	41.5	-0.00213834243902384
12.125	41.5	-0.0021379741748396
12.375	41.5	-0.00213719380531619
12.625	41.5	-0.00213572703879921
12.875	41.5	-0.00213312222792488
13.125	41.5	-0.00212863589730604
13.375	41.5	-0.00212104440144387
13.625	41.5	-0.00210833405968451
13.875	41.5	-0.00208719140064498
14.125	41.5	-0.00205216468294778
14.375	41.5	-0.00199428501893208
14.625	41.5	-0.00189879965515519
14.875	41.5	-0.00174144800655368
15.125	41.5	-0.00148234974152142
15.375	41.5	-0.00105599029392295
15.625	41.5	-0.000354856864986647
15.875	41.5	0.000797179565298225
16.125	41.5	0.00268783460380411
16.375	41.5	0.00578490043614693
16.625	41.5	0.0108430612722828
16.875	41.5	0.0190642396845152
17.125	41.5	0.0323219007475644
17.375	41.5	0.053432283713408
17.625	41.5	0.0863728793879904
17.875	41.5	0.136165482624891
18.125	41.5	0.207871387064903
18.375	41.5	0.304096846350984
18.625	41.5	0.42140798983827
18.875	41.5	0.54845651344528
19.125	41.5	0.669406281543347
19.375	41.5	0.771292955645655
19.625	41.5	0.848802167838177
19.875	41.5	0.903422003007948
20.125	41.5	0.939914786375787
20.375	41.5	0.963451624227667
20.625	41.5	0.978293114080476
20.875	41.5	0.987519873948366
21.125	41.5	0.993205877537529
21.375	41.5	0.996691053065171
21.625	41.5	0.998820262254886
21.875	41.5	1.00011850853334
22.125	41.5	1.00090918249048
22.375	41.5	1.00139043162447
22.625	41.5	1.00168327508101
22.875	41.5	1.00186148174199
23.125	41.5	1.00196996532726
23.375	41.5	1.00203605170573
23.625	41.5	1.00207635898403
23.875	41.5	1.00210099079698
24.125	41.5	1.00211608914608
24.375	41.5	1.00212538747586
24.625	41.5	1.00213115512791
24.875	41.5	1.00213477153454
25.125	41.5	1.00213707525369
25.375	41.5	1.0021385761168
25.625	41.5	1.0021395841675
25.875	41.5	1.00214028802498
26.125	41.5	1.00214080250895
26.375	41.5	1.00214119758297
26.625	41.5	1.00214151594437
26.875	41.5	1.00214178371418
27.125	41.5	1.00214201693377
27.375	41.5	1.00214222551315
27.625	41.5	1.00214241563052
27.875	41.5	1.00214259119063
28.125	41.5	1.00214275471122
28.375	41.5	1.00214290786178
28.625	41.5	1.00214305179109
28.875	41.5	1.00214318732642
29.125	41.5	1.00214331509461
29.375	41.5	1.00214343559585
29.625	41.5	1.00214354924853
29.875	41.5	1.00214365641669
30.125	41.5	1.00214375742672
30.375	41.5	1.00214385257762
30.625	41.5	1.00214394214738
30.875	41.5	1.00214402639688
31.125	41.5	1.0021441055724
31.375	41.5	1.00214417990717
31.625	41.5	1.00214424962248
31.875	41.5	1.00214431492833
32.125	41.5	1.00214437602401
32.375	41.5	1.00214443309842
32.625	41.5	1.00214448633041
32.875	41.5	1.00214453588902
33.125	41.5	1.00214458193369
33.375	41.5	1.00214462461449
33.625	41.5	1.00214466407222
33.875	41.5	1.00214470043862
34.125	41.5	1.0021447338365
34.375	41.5	1.00214476437991
34.625	41.5	1.00214479217419
34.875	41.5	1.00214481731616
35.125	41.5	1.00214483989419
35.375	41.5	1.0021448599883
35.625	41.5	1.00214487767026
35.875	41.5	1.00214489300367
36.125	41.5	1.002144906044
36.375	41.5	1.0021449168387
36.625	41.5	1.00214492542724
36.875	41.5	1.00214493184112
37.125	41.5	1.00214493610394
37.375	41.5	1.00214493823142
0.125	42.5	-0.00213731340665851
0.375	42.5	-0.00213731734260751
0.625	42.5	-0.00213732522169293
0.875	42.5	-0.00213733705829487
1.125	42.5	-0.00213735287399662
1.375	42.5	-0.00213737269760042
1.625	42.5	-0.00213739656514828
1.875	42.5	-0.00213742451994807
2.125	42.5	-0.00213745661260449
2.375	42.5	-0.00213749290105509
2.625	42.5	-0.00213753345061099
2.875	42.5	-0.00213757833400244
3.125	42.5	-0.00213762763142868
3.375	42.5	-0.0021376814306122
3.625	42.5	-0.00213773982685695
3.875	42.5	-0.00213780292311015
4.125	42.5	-0.00213787083002722
4.375	42.5	-0.00213794366603916
4.625	42.5	-0.00213802155742124
4.875	42.5	-0.00213810463836156
5.125	42.5	-0.00213819305102705
5.375	42.5	-0.00213828694562314
5.625	42.5	-0.00213838648044104
5.875	42.5	-0.00213849182188326
6.125	42.5	-0.00213860314445128
6.375	42.5	-0.00213872063067038
6.625	42.5	-0.00213884447090964
6.875	42.5	-0.00213897486302899
7.125	42.5	-0.00213911201174147
7.375	42.5	-0.00213925612750666
7.625	42.5	-0.00213940742465337
7.875	42.5	-0.00213956611823474
8.125	42.5	-0.00213973241879899
8.375	42.5	-0.00213990652373218
8.625	42.5	-0.00214008860296282
8.875	42.5	-0.00214027877539203
9.125	42.5	-0.00214047707006673
9.375	42.5	-0.00214068336225275
9.625	42.5	-0.00214089726821214
9.875	42.5	-0.0021411179720372
10.125	42.5	-0.00214134394069471
10.375	42.5	-0.00214157245513586
10.625	42.5	-0.00214179883876359
10.875	42.5	-0.00214201518793312
11.125	42.5	-0.00214220828309461
11.375	42.5	-0.00214235615175461
11.625	42.5	-0.00214242241312016
11.875	42.5	-0.00214234697268997
12.125	42.5	-0.00214203071100728
12.375	42.5	-0.00214131029038832
12.625	42.5	-0.00213991670189509
12.875	42.5	-0.00213740705916426
13.125	42.5	-0.00213305237494711
13.375	42.5	-0.00212565291887547
13.625	42.5	-0.00211323443871595
13.875	42.5	-0.00209254841499662
14.125	42.5	-0.00205825004098275
14.375	42.5	-0.0020015463971685
14.625	42.5	-0.00190797415686904
14.875	42.5	-0.00175374849036688
15.125	42.5	-0.00149977043826364
15.375	42.5	-0.00108180705094582
15.625	42.5	-0.000394443188595803
15.875	42.5	0.000735028789953132
16.125	42.5	0.00258877601236593
16.375	42.5	0.00562567814791437
16.625	42.5	0.0105863308287799
16.875	42.5	0.0186509858019166
17.125	42.5	0.0316613304803282
17.375	42.5	0.0523909441100859
17.625	42.5	0.0847696762438003
17.875	42.5	0.133788818090979
18.125	42.5	0.204544835115842
18.375	42.5	0.299808509160926
18.625	42.5	0.416447503957539
18.875	42.5	0.54340405297081
19.125	42.5	0.664886877040789
19.375	42.5	0.767688813011551
19.625	42.5	0.8461745822942
19.875	42.5	0.901625049255938
20.125	42.5	0.938737265593094
20.375	42.5	0.96270064976456
20.625	42.5	0.977821898707301
20.875	42.5	0.987226762888781
21.125	42.5	0.993024114092432
21.375	42.5	0.996578138363242
21.625	42.5	0.998749635765951
21.875	42.5	1.00007375398597
22.125	42.5	1.0008802214084
22.375	42.5	1.00137110178323
22.625	42.5	1.00166981823982
22.875	42.5	1.00185160945338
23.125	42.5	1.00196228558698
23.375	42.5	1.00202971843732
23.625	42.5	1.00207085825863
23.875	42.5	1.00209601063575
24.125	42.5	1.00211144029657
24.375	42.5	1.00212095523212
24.625	42.5	1.00212687004044
24.875	42.5	1.00213059160862
25.125	42.5	1.00213297513245
25.375	42.5	1.00213454050992
25.625	42.5	1.00213560386032
25.875	42.5	1.00213635745577
26.125	42.5	1.00213691829894
26.375	42.5	1.00213735764542
26.625	42.5	1.00213771894527
26.875	42.5	1.00213802874654
27.125	42.5	1.00213830332167
27.375	42.5	1.0021385526944
27.625	42.5	1.0021387830871
27.875	42.5	1.00213899840805
28.125	42.5	1.00213920115529
28.375	42.5	1.00213939296593
28.625	42.5	1.00213957495005
28.875	42.5	1.00213974789358
29.125	42.5	1.00213991238167
29.375	42.5	1.00214006887368
29.625	42.5	1.00214021774878
29.875	42.5	1.00214035933373
30.125	42.5	1.00214049391977
30.375	42.5	1.00214062177293
30.625	42.5	1.00214074314034
30.875	42.5	1.00214085825411
31.125	42.5	1.00214096733372
31.375	42.5	1.00214107058752
31.625	42.5	1.00214116821367
31.875	42.5	1.00214126040074
32.125	42.5	1.00214134732818
32.375	42.5	1.00214142916655
32.625	42.5	1.00214150607774
32.875	42.5	1.00214157821519
33.125	42.5	1.00214164572397
33.375	42.5	1.00214170874089
33.625	42.5	1.00214176739466
33.875	42.5	1.00214182180593
34.125	42.5	1.00214187208741
34.375	42.5	1.00214191834391
34.625	42.5	1.00214196067247
34.875	42.5	1.00214199916237
35.125	42.5	1.00214203389523
35.375	42.5	1.00214206494508
35.625	42.5	1.00214209237836
35.875	42.5	1.00214211625402
36.125	42.5	1.00214213662355
36.375	42.5	1.002142153531
36.625	42.5	1.00214216701304
36.875	42.5	1.00214217709897
37.125	42.5	1.00214218381073
37.375	42.5	1.00214218716296
0.125	43.5	-0.00214005693968259
0.375	43.5	-0.00214006195977012
0.625	43.5	-0.0021400720064845
0.875	43.5	-0.00214008709290649
1.125	43.5	-0.00214010723866252
1.375	43.5	-0.00214013246993093
1.625	43.5	-0.00214016281945026
1.875	43.5	-0.00214019832652934
2.125	43.5	-0.00214023903705922
2.375	43.5	-0.00214028500352673
2.625	43.5	-0.00214033628502941
2.875	43.5	-0.00214039294729185
3.125	43.5	-0.00214045506268286
3.375	43.5	-0.00214052271023343
3.625	43.5	-0.00214059597565503
3.875	43.5	-0.00214067495135773
4.125	43.5	-0.0021407597364676
4.375	43.5	-0.00214085043684256
4.625	43.5	-0.0021409471650856
4.875	43.5	-0.0021410500405535
5.125	43.5	-0.0021411591893589
5.375	43.5	-0.00214127474436149
5.625	43.5	-0.00214139684514263
5.875	43.5	-0.00214152563795344
6.125	43.5	-0.00214166127562108
6.375	43.5	-0.0021418039173879
6.625	43.5	-0.00214195372864237
6.875	43.5	-0.00214211088047476
7.125	43.5	-0.00214227554894743
7.375	43.5	-0.00214244791389925
7.625	43.5	-0.00214262815698745
7.875	43.5	-0.00214281645847963
8.125	43.5	-0.00214301299199437
8.375	43.5	-0.00214321791587248
8.625	43.5	-0.0021434313590108
8.875	43.5	-0.00214365339759202
9.125	43.5	-0.00214388401684268
9.375	43.5	-0.0021441230481653
9.625	43.5	-0.00214437006576044
9.875	43.5	-0.00214462421660324
10.125	43.5	-0.00214488394077184
10.375	43.5	-0.00214514651137076
10.625	43.5	-0.0021454072776252
10.875	43.5	-0.00214565841958014
11.125	43.5	-0.00214588689919705
11.375	43.5	-0.00214607108919995
11.625	43.5	-0.00214617522627532
11.875	43.5	-0.00214614028443543
12.125	43.5	-0.00214586895807814
12.375	43.5	-0.00214520095311807
12.625	43.5	-0.00214387233112415
12.875	43.5	-0.00214144861487279
13.125	43.5	-0.00213721472311419
13.375	43.5	-0.00212999387900571
13.625	43.5	-0.00211784967213892
13.875	43.5	-0.00209759591941948
14.125	43.5	-0.00206399043998978
14.375	43.5	-0.00200840918881875
14.625	43.5	-0.00191666659532706
14.875	43.5	-0.00176543440104851
15.125	43.5	-0.00151636352377562
15.375	43.5	-0.001106451024942
15.625	43.5	-0.00043229513126923
15.875	43.5	0.000675527397961502
16.125	43.5	0.00249385592120803
16.375	43.5	0.00547300818257839
16.625	43.5	0.0103400347800596
16.875	43.5	0.0182543242504509
17.125	43.5	0.0310268958119905
17.375	43.5	0.0513899647897188
17.625	43.5	0.0832266924767764
17.875	43.5	0.131497154909868
18.125	43.5	0.201328501364294
18.375	43.5	0.295646662436688
18.625	43.5	0.411610644906553
18.875	43.5	0.538451950870943
19.125	43.5	0.660435438992582
19.375	43.5	0.764124462514607
19.625	43.5	0.843568233709376
19.875	43.5	0.899839014046938
20.125	43.5	0.93756542044967
20.375	43.5	0.96195277094586
20.625	43.5	0.977352498140869
20.875	43.5	0.98693480886225
21.125	43.5	0.992843154298372
21.375	43.5	0.996465828410034
21.625	43.5	0.998679497063371
21.875	43.5	1.00002941553302
22.125	43.5	1.00085163057232
22.375	43.5	1.00135211145472
22.625	43.5	1.0016566791744
22.875	43.5	1.00184203862969
23.125	43.5	1.00195489431236
23.375	43.5	1.00202366268323
23.625	43.5	1.00206562538521
23.875	43.5	1.00209128949654
24.125	43.5	1.0021070421969
24.375	43.5	1.00211676585912
24.625	43.5	1.00212282023944
24.875	43.5	1.0021266396216
25.125	43.5	1.0021290958052
25.375	43.5	1.00213071873521
25.625	43.5	1.00213183059564
25.875	43.5	1.00213262730561
26.125	43.5	1.00213322804778
26.375	43.5	1.00213370536836
26.625	43.5	1.00213410346958
26.875	43.5	1.0021344493264
27.125	43.5	1.00213475944226
27.375	43.5	1.00213504395461
27.625	43.5	1.00213530912983
27.875	43.5	1.0021355588794
28.125	43.5	1.00213579568119
28.375	43.5	1.00213602113933
28.625	43.5	1.00213623632438
28.875	43.5	1.00213644198004
29.125	43.5	1.0021366386487
29.375	43.5	1.00213682674771
29.625	43.5	1.00213700661578
29.875	43.5	1.00213717854104
30.125	43.5	1.00213734277816
30.375	43.5	1.0021374995587
30.625	43.5	1.00213764909746
30.875	43.5	1.0021377915962
31.125	43.5	1.00213792724606
31.375	43.5	1.0021380562289
31.625	43.5	1.00213817871817
31.875	43.5	1.00213829487947
32.125	43.5	1.00213840487082
32.375	43.5	1.00213850884291
32.625	43.5	1.00213860693918
32.875	43.5	1.00213869929598
33.125	43.5	1.00213878604256
33.375	43.5	1.00213886730116
33.625	43.5	1.00213894318702
33.875	43.5	1.00213901380845
34.125	43.5	1.00213907926681
34.375	43.5	1.00213913965659
34.625	43.5	1.0021391950654
34.875	43.5	1.00213924557401
35.125	43.5	1.00213929125636
35.375	43.5	1.0021393321796
35.625	43.5	1.0021393684041
35.875	43.5	1.00213939998348
36.125	43.5	1.00213942696459
36.375	43.5	1.00213944938758
36.625	43.5	1.00213946728589
36.875	43.5	1.00213948068624
37.125	43.5	1.00213948960869
37.375	43.5	1.00213949406657
0.125	44.5	-0.00214271969907581
0.375	44.5	-0.00214272569531333
0.625	44.5	-0.00214273769364816
0.875	44.5	-0.0021427557057993
1.125	44.5	-0.00214277974934358
1.375	44.5	-0.00214280984771361
1.625	44.5	-0.00214284603019486
1.875	44.5	-0.00214288833192185
2.125	44.5	-0.00214293679387324
2.375	44.5	-0.00214299146286559
2.625	44.5	-0.00214305239154576
2.875	44.5	-0.00214311963838144
3.125	44.5	-0.00214319326764978
3.375	44.5	-0.00214327334942346
3.625	44.5	-0.00214335995955409
3.875	44.5	-0.00214345317965213
4.125	44.5	-0.00214355309706279
4.375	44.5	-0.00214365980483701
4.625	44.5	-0.00214377340169626
4.875	44.5	-0.00214389399198946
5.125	44.5	-0.0021440216856394
5.375	44.5	-0.00214415659807482
5.625	44.5	-0.00214429885014207
5.875	44.5	-0.00214444856798668
6.125	44.5	-0.00214460588288953
6.375	44.5	-0.00214477093103269
6.625	44.5	-0.00214494385315453
6.875	44.5	-0.00214512479402787
7.125	44.5	-0.00214531390165325
7.375	44.5	-0.00214551132598969
7.625	44.5	-0.00214571721693193
7.875	44.5	-0.00214593172105544
8.125	44.5	-0.00214615497634269
8.375	44.5	-0.00214638710359709
8.625	44.5	-0.00214662819241687
8.875	44.5	-0.00214687827822896
9.125	44.5	-0.00214713730462478
9.375	44.5	-0.00214740506152448
9.625	44.5	-0.00214768108358275
9.875	44.5	-0.00214796448319045
10.125	44.5	-0.00214825367587463
10.375	44.5	-0.00214854592866591
10.625	44.5	-0.00214883661719001
10.875	44.5	-0.0021491180035062
11.125	44.5	-0.00214937722539063
11.375	44.5	-0.00214959298813151
11.625	44.5	-0.00214973012142648
11.875	44.5	-0.00214973062349195
12.125	44.5	-0.00214949892518919
12.375	44.5	-0.00214887764373348
12.625	44.5	-0.00214760768804332
12.875	44.5	-0.00214526261681296
13.125	44.5	-0.00214114063403933
13.375	44.5	-0.00213408688770852
13.625	44.5	-0.00212220110864096
13.875	44.5	-0.00210235664342758
14.125	44.5	-0.00206940931035834
14.375	44.5	-0.0020148963189512
14.625	44.5	-0.00192489731584865
14.875	44.5	-0.00177652000014533
15.125	44.5	-0.00153213132099822
15.375	44.5	-0.00112990288342739
15.625	44.5	-0.000468355648790895
15.875	44.5	0.000618796598716478
16.125	44.5	0.00240330318918589
16.375	44.5	0.00532729837317098
16.625	44.5	0.0101048766026522
16.875	44.5	0.0178754441558177
17.125	44.5	0.0304205784479577
17.375	44.5	0.0504326077839944
17.625	44.5	0.0817492192346678
17.875	44.5	0.129298880268461
18.125	44.5	0.198235154327416
18.375	44.5	0.291629440113135
18.625	44.5	0.406920540661411
18.875	44.5	0.533625811341996
19.125	44.5	0.65607628226059
19.375	44.5	0.760620026879697
19.625	44.5	0.840998094363052
19.875	44.5	0.898074234635965
20.125	44.5	0.936406040117168
20.375	44.5	0.961212302007197
20.625	44.5	0.97688759304071
20.875	44.5	0.986645649786334
21.125	44.5	0.992663984141498
21.375	44.5	0.996354707043212
21.625	44.5	0.998610184277977
21.875	44.5	0.999985682385093
22.125	44.5	1.00082350969533
22.375	44.5	1.00133350715251
22.625	44.5	1.00164387328686
22.875	44.5	1.00183276695597
23.125	44.5	1.00194777956195
23.375	44.5	1.00201786773629
23.625	44.5	1.00206064178792
23.875	44.5	1.00208680863969
24.125	44.5	1.00210287692601
24.375	44.5	1.00211280280017
24.625	44.5	1.0021189908154
24.875	44.5	1.00212290243653
25.125	44.5	1.00212542593967
25.375	44.5	1.00212710124284
25.625	44.5	1.0021282565529
25.875	44.5	1.00212909141338
26.125	44.5	1.00212972717578
26.375	44.5	1.00213023767248
26.625	44.5	1.0021306678573
26.875	44.5	1.0021310451336
27.125	44.5	1.00213138623845
27.375	44.5	1.0021317014261
27.625	44.5	1.00213199701015
27.875	44.5	1.00213227690842
28.125	44.5	1.00213254358157
28.375	44.5	1.00213279860342
28.625	44.5	1.00213304300745
28.875	44.5	1.00213327749726
29.125	44.5	1.00213350257436
29.375	44.5	1.00213371861576
29.625	44.5	1.00213392592102
29.875	44.5	1.00213412474085
30.125	44.5	1.00213431529431
30.375	44.5	1.00213449777929
30.625	44.5	1.00213467237884
30.875	44.5	1.00213483926488
31.125	44.5	1.00213499860051
31.375	44.5	1.00213515054133
31.625	44.5	1.00213529523622
31.875	44.5	1.00213543282778
32.125	44.5	1.00213556345259
32.375	44.5	1.00213568724132
32.625	44.5	1.00213580431881
32.875	44.5	1.00213591480406
33.125	44.5	1.00213601881026
33.375	44.5	1.00213611644474
33.625	44.5	1.002136207809
33.875	44.5	1.00213629299864
34.125	44.5	1.00213637210337
34.375	44.5	1.00213644520698
34.625	44.5	1.00213651238732
34.875	44.5	1.0021365737163
35.125	44.5	1.00213662925988
35.375	44.5	1.00213667907803
35.625	44.5	1.00213672322475
35.875	44.5	1.00213676174806
36.125	44.5	1.00213679468996
36.375	44.5	1.0021368220865
36.625	44.5	1.0021368439677
36.875	44.5	1.00213686035757
37.125	44.5	1.00213687127414
37.375	44.5	1.00213687672942
0.125	45.5	-0.00214528595548284
0.375	45.5	-0.00214529283143174
0.625	45.5	-0.00214530658852453
0.875	45.5	-0.0021453272371482
1.125	45.5	-0.00214535479287589
1.375	45.5	-0.00214538927645782
1.625	45.5	-0.00214543071380922
1.875	45.5	-0.0021454791359949
2.125	45.5	-0.00214553457921034
2.375	45.5	-0.00214559708475925
2.625	45.5	-0.00214566669902714
2.875	45.5	-0.00214574347345073
3.125	45.5	-0.00214582746448285
3.375	45.5	-0.00214591873355245
3.625	45.5	-0.00214601734701913
3.875	45.5	-0.00214612337612179
4.125	45.5	-0.00214623689692052
4.375	45.5	-0.00214635799023082
4.625	45.5	-0.00214648674154901
4.875	45.5	-0.00214662324096677
5.125	45.5	-0.00214676758307258
5.375	45.5	-0.00214691986683577
5.625	45.5	-0.00214708019546734
5.875	45.5	-0.0021472486762481
6.125	45.5	-0.0021474254203086
6.375	45.5	-0.00214761054233663
6.625	45.5	-0.00214780416017232
6.875	45.5	-0.00214800639422574
7.125	45.5	-0.00214821736661091
7.375	45.5	-0.00214843719982168
7.625	45.5	-0.00214866601466358
7.875	45.5	-0.00214890392697151
8.125	45.5	-0.0021491510423409
8.375	45.5	-0.00214940744760201
8.625	45.5	-0.00214967319694805
8.875	45.5	-0.00214994828928076
9.125	45.5	-0.00215023263111932
9.375	45.5	-0.00215052597577114
9.625	45.5	-0.00215082782346018
9.875	45.5	-0.00215113725723215
10.125	45.5	-0.00215145267320467
10.375	45.5	-0.00215177133699061
10.625	45.5	-0.00215208865412387
10.875	45.5	-0.00215239696991982
11.125	45.5	-0.00215268359507841
11.375	45.5	-0.00215292755732707
11.625	45.5	-0.00215309425688002
11.875	45.5	-0.00215312667280968
12.125	45.5	-0.00215293089424288
12.375	45.5	-0.00215235231357957
12.625	45.5	-0.0021511364550557
12.875	45.5	-0.00214886452277096
13.125	45.5	-0.00214484735399416
13.375	45.5	-0.00213795093863248
13.625	45.5	-0.0021263093560748
13.875	45.5	-0.00210685252158653
14.125	45.5	-0.00207452936925168
14.375	45.5	-0.00202103031853481
14.625	45.5	-0.00193268699374964
14.875	45.5	-0.00178702128397826
15.125	45.5	-0.00154708042577301
15.375	45.5	-0.00115215197981343
15.625	45.5	-0.000502583881924847
15.875	45.5	0.00056492886131053
16.125	45.5	0.0023172971400246
16.375	45.5	0.00518887289620176
16.625	45.5	0.00988142068923363
16.875	45.5	0.017515306709212
17.125	45.5	0.0298439925355147
17.375	45.5	0.0495215550648616
17.625	45.5	0.0803416610655616
17.875	45.5	0.127201091865757
18.125	45.5	0.195275826840985
18.375	45.5	0.287772898225845
18.625	45.5	0.402398210234561
18.875	45.5	0.528949497125876
19.125	45.5	0.651832568029856
19.375	45.5	0.757195005089169
19.625	45.5	0.838478853680552
19.875	45.5	0.896340940068722
20.125	45.5	0.935265881519882
20.375	45.5	0.960483553681548
20.625	45.5	0.976429869701008
20.875	45.5	0.986360931103391
21.125	45.5	0.992487596695399
21.375	45.5	0.996245364194569
21.625	45.5	0.998542040647055
21.875	45.5	0.999942748012952
22.125	45.5	1.00079596204892
22.375	45.5	1.00131533836298
22.625	45.5	1.00163141845409
22.875	45.5	1.00182379415974
23.125	45.5	1.00194093105471
23.375	45.5	1.00201231820761
23.625	45.5	1.00205588990009
23.875	45.5	1.00208255005374
24.125	45.5	1.00209892703477
24.375	45.5	1.00210904973623
24.625	45.5	1.00211536688216
24.875	45.5	1.00211936674387
25.125	45.5	1.00212195385195
25.375	45.5	1.00212367796781
25.625	45.5	1.00212487324731
25.875	45.5	1.00212574281804
26.125	45.5	1.00212641018006
26.375	45.5	1.00212695044352
26.625	45.5	1.00212740931231
26.875	45.5	1.00212781462063
27.125	45.5	1.00212818334368
27.375	45.5	1.00212852585805
27.625	45.5	1.00212884853054
27.875	45.5	1.00212915529126
28.125	45.5	1.00212944858944
28.375	45.5	1.00212972997409
28.625	45.5	1.00213000044675
28.875	45.5	1.00213026067566
29.125	45.5	1.00213051112581
29.375	45.5	1.00213075213787
29.625	45.5	1.00213098397595
29.875	45.5	1.00213120685661
30.125	45.5	1.00213142096634
30.375	45.5	1.00213162647209
30.625	45.5	1.00213182352759
30.875	45.5	1.00213201227716
31.125	45.5	1.00213219285783
31.375	45.5	1.00213236540074
31.625	45.5	1.00213253003176
31.875	45.5	1.00213268687193
32.125	45.5	1.00213283603763
32.375	45.5	1.00213297764063
32.625	45.5	1.00213311178811
32.875	45.5	1.00213323858263
33.125	45.5	1.00213335812204
33.375	45.5	1.00213347049945
33.625	45.5	1.00213357580316
33.875	45.5	1.00213367411656
34.125	45.5	1.00213376551812
34.375	45.5	1.00213385008131
34.625	45.5	1.00213392787453
34.875	45.5	1.00213399896109
35.125	45.5	1.00213406339917
35.375	45.5	1.00213412124176
35.625	45.5	1.00213417253663
35.875	45.5	1.00213421732633
36.125	45.5	1.00213425564812
36.375	45.5	1.002134287534
36.625	45.5	1.00213431301065
36.875	45.5	1.00213433209943
37.125	45.5	1.00213434481637
37.375	45.5	1.00213435117217
0.125	46.5	-0.00214774155330289
0.375	46.5	-0.00214774922377152
0.625	46.5	-0.00214776456929171
0.875	46.5	-0.00214778759902464
1.125	46.5	-0.00214781832670029
1.375	46.5	-0.00214785677060311
1.625	46.5	-0.00214790295355287
1.875	46.5	-0.00214795690288035
2.125	46.5	-0.00214801865039785
2.375	46.5	-0.00214808823236424
2.625	46.5	-0.00214816568944425
2.875	46.5	-0.00214825106666185
3.125	46.5	-0.00214834441334712
3.375	46.5	-0.00214844578307647
3.625	46.5	-0.00214855523360545
3.875	46.5	-0.00214867282679377
4.125	46.5	-0.00214879862852163
4.375	46.5	-0.00214893270859648
4.625	46.5	-0.00214907514064885
4.875	46.5	-0.00214922600201556
5.125	46.5	-0.00214938537360764
5.375	46.5	-0.00214955333975903
5.625	46.5	-0.00214972998805015
5.875	46.5	-0.00214991540909691
6.125	46.5	-0.00215010969629011
6.375	46.5	-0.00215031294546104
6.625	46.5	-0.00215052525443419
6.875	46.5	-0.00215074672240306
7.125	46.5	-0.00215097744902455
7.375	46.5	-0.00215121753306057
7.625	46.5	-0.00215146707028589
7.875	46.5	-0.00215172615020014
8.125	46.5	-0.00215199485078507
8.375	46.5	-0.00215227323005881
8.625	46.5	-0.00215256131237448
8.875	46.5	-0.0021528590660862
9.125	46.5	-0.00215316636702774
9.375	46.5	-0.00215348293866418
9.625	46.5	-0.0021538082538797
9.875	46.5	-0.00215414137366053
10.125	46.5	-0.00215448068196445
10.375	46.5	-0.0021548234497955
10.625	46.5	-0.00215516511827147
10.875	46.5	-0.00215549811933874
11.125	46.5	-0.00215580993574402
11.375	46.5	-0.0021560799092829
11.625	46.5	-0.00215627398945317
11.875	46.5	-0.00215633609322044
12.125	46.5	-0.00215617388865624
12.375	46.5	-0.00215563540355879
12.625	46.5	-0.00215447053752379
12.875	46.5	-0.00215226773455887
13.125	46.5	-0.00214834978658056
13.375	46.5	-0.00214160239663575
13.625	46.5	-0.00213019212251169
13.875	46.5	-0.00211110235761471
14.125	46.5	-0.00207937005347362
14.375	46.5	-0.002026830439479
14.625	46.5	-0.00194005329195923
14.875	46.5	-0.00179695195727967
15.125	46.5	-0.00156121662735173
15.375	46.5	-0.00117318961815706
15.625	46.5	-0.000534945781461347
15.875	46.5	0.000514001533081195
16.125	46.5	0.0022359880286258
16.375	46.5	0.00505800378333525
16.625	46.5	0.00967014158700883
16.875	46.5	0.0171747225415774
17.125	46.5	0.0292985058071234
17.375	46.5	0.0486590954755253
17.625	46.5	0.079007816172951
17.875	46.5	0.125209998232575
18.125	46.5	0.1924603467824
18.375	46.5	0.284091648145637
18.625	46.5	0.398063226174653
18.875	46.5	0.524445734091418
19.125	46.5	0.647726795587737
19.375	46.5	0.753868640293502
19.625	46.5	0.83602517753303
19.875	46.5	0.894649426248931
20.125	46.5	0.934151784149895
20.375	46.5	0.959770907271789
20.625	46.5	0.975982067599192
20.875	46.5	0.986082336475094
21.125	46.5	0.992315012257288
21.375	46.5	0.996138409457156
21.625	46.5	0.998475423998613
21.875	46.5	0.999900817083244
22.125	46.5	1.00076909979182
22.375	46.5	1.00129766184404
22.625	46.5	1.00161933864955
22.875	46.5	1.00181512517251
23.125	46.5	1.00193434300518
23.375	46.5	1.00200700261887
23.625	46.5	1.00205135556609
23.875	46.5	1.00207849870085
24.125	46.5	1.00209517765733
24.375	46.5	1.00210549257879
24.625	46.5	1.00211193546246
24.875	46.5	1.00211602084809
25.125	46.5	1.00211866920086
25.375	46.5	1.00212043993779
25.625	46.5	1.00212167305594
25.875	46.5	1.00212257520734
26.125	46.5	1.00212327200987
26.375	46.5	1.00212383983787
26.625	46.5	1.00212432514183
26.875	46.5	1.00212475618907
27.125	46.5	1.00212515019848
27.375	46.5	1.00212551767614
27.625	46.5	1.00212586504994
27.875	46.5	1.00212619627037
28.125	46.5	1.00212651378316
28.375	46.5	1.00212681912014
28.625	46.5	1.00212711325812
28.875	46.5	1.00212739683677
29.125	46.5	1.00212767029095
29.375	46.5	1.0021279339308
29.625	46.5	1.00212818799046
29.875	46.5	1.0021284326574
30.125	46.5	1.00212866809015
30.375	46.5	1.002128894429
30.625	46.5	1.00212911180235
30.875	46.5	1.00212932033045
31.125	46.5	1.00212952012767
31.375	46.5	1.00212971130366
31.625	46.5	1.0021298939641
31.875	46.5	1.002130068211
32.125	46.5	1.00213023414287
32.375	46.5	1.00213039185468
32.625	46.5	1.00213054143792
32.875	46.5	1.00213068298042
33.125	46.5	1.00213081656631
33.375	46.5	1.0021309422759
33.625	46.5	1.00213106018559
33.875	46.5	1.00213117036777
34.125	46.5	1.0021312728907
34.375	46.5	1.00213136781847
34.625	46.5	1.00213145521088
34.875	46.5	1.00213153512342
35.125	46.5	1.00213160760713
35.375	46.5	1.00213167270861
35.625	46.5	1.00213173046993
35.875	46.5	1.00213178092861
36.125	46.5	1.00213182411755
36.375	46.5	1.00213186006501
36.625	46.5	1.0021318887946
36.875	46.5	1.00213191032523
37.125	46.5	1.00213192467108
37.375	46.5	1.00213193184164
0.125	47.5	-0.00215007372053815
0.375	47.5	-0.00215008211064644
0.625	47.5	-0.00215009889491583
0.875	47.5	-0.00215012408144608
1.125	47.5	-0.00215015768237199
1.375	47.5	-0.00215019971384562
1.625	47.5	-0.00215025019601226
1.875	47.5	-0.00215030915298019
2.125	47.5	-0.00215037661278405
2.375	47.5	-0.00215045260734152
2.625	47.5	-0.00215053717240306
2.875	47.5	-0.00215063034749455
3.125	47.5	-0.00215073217585226
3.375	47.5	-0.00215084270434991
3.625	47.5	-0.00215096198341721
3.875	47.5	-0.00215109006694939
4.125	47.5	-0.00215122701220684
4.375	47.5	-0.00215137287970404
4.625	47.5	-0.00215152773308646
4.875	47.5	-0.0021516916389936
5.125	47.5	-0.00215186466690574
5.375	47.5	-0.00215204688897041
5.625	47.5	-0.00215223837980282
5.875	47.5	-0.00215243921625091
6.125	47.5	-0.00215264947711026
6.375	47.5	-0.00215286924276511
6.625	47.5	-0.002153098594717
6.875	47.5	-0.00215333761493805
7.125	47.5	-0.00215358638494619
7.375	47.5	-0.00215384498443386
7.625	47.5	-0.00215411348917377
7.875	47.5	-0.00215439196774749
8.125	47.5	-0.00215468047635062
8.375	47.5	-0.0021549790504472
8.625	47.5	-0.00215528769125479
8.875	47.5	-0.00215560634374013
9.125	47.5	-0.00215593486066297
9.375	47.5	-0.00215627294368141
9.625	47.5	-0.002156620046733
9.875	47.5	-0.00215697521736375
10.125	47.5	-0.00215733683597646
10.375	47.5	-0.0021577021871354
10.625	47.5	-0.00215806675455533
10.875	47.5	-0.00215842306145721
11.125	47.5	-0.00215875876288164
11.375	47.5	-0.00215905350717629
11.625	47.5	-0.00215927377227005
11.875	47.5	-0.00215936436962816
12.125	47.5	-0.00215923446515081
12.375	47.5	-0.00215873457817966
12.625	47.5	-0.00215761873587956
12.875	47.5	-0.00215548220262194
13.125	47.5	-0.00215165902206526
13.375	47.5	-0.00214505344049503
13.625	47.5	-0.0021338625551244
13.875	47.5	-0.00211512003267018
14.125	47.5	-0.002083945554704
14.375	47.5	-0.00203231044863
14.625	47.5	-0.00194700830336021
14.875	47.5	-0.00180632034417061
15.125	47.5	-0.00157454099469417
15.375	47.5	-0.00119300383545799
15.625	47.5	-0.000565406803437309
15.875	47.5	0.000466087508431628
16.125	47.5	0.00215951314809218
16.375	47.5	0.00493493581188859
16.625	47.5	0.00947146300193749
16.875	47.5	0.0168544131616268
17.125	47.5	0.0287853359904535
17.375	47.5	0.0478472738796248
17.625	47.5	0.0777511007753247
17.875	47.5	0.123331240664394
18.125	47.5	0.189797766373735
18.375	47.5	0.280599372147976
18.625	47.5	0.393934256839169
18.875	47.5	0.520136607030919
19.125	47.5	0.643781204920064
19.375	47.5	0.750660220087101
19.625	47.5	0.83365191934261
19.875	47.5	0.893010198221162
20.125	47.5	0.933070763243072
20.375	47.5	0.959078874659131
20.625	47.5	0.97554701782817
20.875	47.5	0.985811612516007
21.125	47.5	0.992147294509949
21.375	47.5	0.99603448292304
21.625	47.5	0.99841071428776
21.875	47.5	0.999860110940839
22.125	47.5	1.00074304816318
22.375	47.5	1.00128054499681
22.625	47.5	1.00160766677926
22.875	47.5	1.00180677260528
23.125	47.5	1.00192801634611
23.375	47.5	1.00200191543857
23.625	47.5	1.00204702993327
23.875	47.5	1.00207464429093
24.125	47.5	1.00209161818502
24.375	47.5	1.00210212105525
24.625	47.5	1.00210868699327
24.875	47.5	1.0021128560992
25.125	47.5	1.00211556435046
25.375	47.5	1.00211738057066
25.625	47.5	1.00211865045386
25.875	47.5	1.00211958409563
26.125	47.5	1.00212030918881
26.375	47.5	1.00212090335184
26.625	47.5	1.0021214137751
26.875	47.5	1.00212186916014
27.125	47.5	1.00212228697502
27.375	47.5	1.00212267786318
27.625	47.5	1.00212304832253
27.875	47.5	1.0021234023333
28.125	47.5	1.00212374234705
28.375	47.5	1.00212406988748
28.625	47.5	1.00212438591532
28.875	47.5	1.00212469104989
29.125	47.5	1.00212498570352
29.375	47.5	1.00212527016312
29.625	47.5	1.00212554463952
29.875	47.5	1.00212580929737
30.125	47.5	1.00212606427306
30.375	47.5	1.00212630968562
30.625	47.5	1.0021265456431
30.875	47.5	1.00212677224637
31.125	47.5	1.00212698959136
31.375	47.5	1.00212719777024
31.625	47.5	1.00212739687216
31.875	47.5	1.00212758698347
32.125	47.5	1.0021277681879
32.375	47.5	1.00212794056656
32.625	47.5	1.00212810419781
32.875	47.5	1.0021282591572
33.125	47.5	1.00212840551737
33.375	47.5	1.00212854334785
33.625	47.5	1.00212867271502
33.875	47.5	1.00212879368191
34.125	47.5	1.00212890630816
34.375	47.5	1.00212901064985
34.625	47.5	1.00212910675947
34.875	47.5	1.00212919468577
35.125	47.5	1.00212927447371
35.375	47.5	1.00212934616438
35.625	47.5	1.00212940979495
35.875	47.5	1.00212946539859
36.125	47.5	1.00212951300444
36.375	47.5	1.00212955263754
36.625	47.5	1.00212958431883
36.875	47.5	1.00212960806508
37.125	47.5	1.0021296238889
37.375	47.5	1.00212963179871
0.125	48.5	-0.002152270895137
0.375	48.5	-0.00215227993890072
0.625	48.5	-0.00215229803005229
0.875	48.5	-0.00215232517583351
1.125	48.5	-0.0021523613870907
1.375	48.5	-0.00215240667825502
1.625	48.5	-0.002152461067316
1.875	48.5	-0.00215252457578821
2.125	48.5	-0.00215259722867096
2.375	48.5	-0.0021526790544007
2.625	48.5	-0.00215277008479596
2.875	48.5	-0.0021528703549946
3.125	48.5	-0.00215297990338281
3.375	48.5	-0.00215309877151582
3.625	48.5	-0.00215322700402943
3.875	48.5	-0.00215336464854215
4.125	48.5	-0.00215351175554708
4.375	48.5	-0.00215366837829253
4.625	48.5	-0.00215383457265039
4.875	48.5	-0.00215401039697028
5.125	48.5	-0.00215419591191721
5.375	48.5	-0.00215439118028886
5.625	48.5	-0.00215459626680672
5.875	48.5	-0.00215481123787214
6.125	48.5	-0.00215503616127267
6.375	48.5	-0.00215527110581542
6.625	48.5	-0.00215551614084954
6.875	48.5	-0.00215577133561599
7.125	48.5	-0.00215603675832355
7.375	48.5	-0.0021563124747854
7.625	48.5	-0.00215659854634415
7.875	48.5	-0.00215689502663859
8.125	48.5	-0.00215720195647767
8.375	48.5	-0.00215751935561399
8.625	48.5	-0.00215784720943044
8.875	48.5	-0.0021581854472724
9.125	48.5	-0.00215853390705017
9.375	48.5	-0.00215889227726739
9.625	48.5	-0.00215926000192434
9.875	48.5	-0.00215963612435418
10.125	48.5	-0.00216001903059832
10.375	48.5	-0.0021604060275024
10.625	48.5	-0.00216079264887893
10.875	48.5	-0.00216117151424597
11.125	48.5	-0.0021615304513837
11.375	48.5	-0.00216184940757742
11.625	48.5	-0.00216209536774971
11.875	48.5	-0.0021622139930899
12.125	48.5	-0.00216211586352348
12.375	48.5	-0.00216165384125536
12.625	48.5	-0.00216058582489874
12.875	48.5	-0.00215851346556668
13.125	48.5	-0.00215478133224445
13.375	48.5	-0.00214831100556422
13.625	48.5	-0.00213732811877973
13.875	48.5	-0.0021189133009171
14.125	48.5	-0.00208826350140802
14.375	48.5	-0.00203747714621347
14.625	48.5	-0.00195355682445761
14.875	48.5	-0.0018151272840514
15.125	48.5	-0.00158704717681598
15.375	48.5	-0.00121157574995213
15.625	48.5	-0.000593926722343199
15.875	48.5	0.000421262901975859
16.125	48.5	0.00208800853482274
16.375	48.5	0.00481990473530652
16.625	48.5	0.00928578652917156
16.875	48.5	0.0165550563950267
17.125	48.5	0.028305622326043
17.375	48.5	0.0470880020659581
17.625	48.5	0.0765747162894012
17.875	48.5	0.121570133557003
18.125	48.5	0.187296682966075
18.375	48.5	0.277309207877851
18.625	48.5	0.390029467323082
18.875	48.5	0.5160439195775
19.125	48.5	0.640018061452312
19.375	48.5	0.747589283376345
19.625	48.5	0.831374262584148
19.875	48.5	0.891434064920842
20.125	48.5	0.932030071297548
20.375	48.5	0.958412137705404
20.625	48.5	0.975127668238899
20.875	48.5	0.98555058493525
21.125	48.5	0.991985561055674
21.375	48.5	0.99593426224723
21.625	48.5	0.998348318517147
21.875	48.5	0.999820871201389
22.125	48.5	1.00071794824594
22.375	48.5	1.00126406810384
22.625	48.5	1.00159644658025
22.875	48.5	1.00179875842005
23.125	48.5	1.00192196024215
23.375	48.5	1.0019970584806
23.625	48.5	1.00204291076146
23.875	48.5	1.00207098251893
24.125	48.5	1.002088243442
24.375	48.5	1.00209892983013
24.625	48.5	1.00210561639732
24.875	48.5	1.00210986791815
25.125	48.5	1.00211263535225
25.375	48.5	1.00211449661564
25.625	48.5	1.002115802916
25.875	48.5	1.00211676768813
26.125	48.5	1.00211752064314
26.375	48.5	1.00211814061538
26.625	48.5	1.00211867552393
26.875	48.5	1.00211915450329
27.125	48.5	1.00211959527507
27.375	48.5	1.00212000862759
27.625	48.5	1.00212040113789
27.875	48.5	1.00212077682573
28.125	48.5	1.00212113815839
28.375	48.5	1.00212148666115
28.625	48.5	1.00212182328804
28.875	48.5	1.00212214864691
29.125	48.5	1.00212246313605
29.375	48.5	1.002122767027
29.625	48.5	1.00212306051477
29.875	48.5	1.00212334374808
30.125	48.5	1.00212361684773
30.375	48.5	1.00212387991751
30.625	48.5	1.00212413305075
30.875	48.5	1.00212437633421
31.125	48.5	1.00212460985023
31.375	48.5	1.00212483367807
31.625	48.5	1.00212504789451
31.875	48.5	1.00212525257417
32.125	48.5	1.00212544778963
32.375	48.5	1.00212563361142
32.625	48.5	1.00212581010792
32.875	48.5	1.00212597734524
33.125	48.5	1.00212613538713
33.375	48.5	1.00212628429479
33.625	48.5	1.00212642412676
33.875	48.5	1.00212655493879
34.125	48.5	1.00212667678371
34.375	48.5	1.00212678971134
34.625	48.5	1.00212689376833
34.875	48.5	1.00212698899811
35.125	48.5	1.0021270754408
35.375	48.5	1.00212715313311
35.625	48.5	1.00212722210826
35.875	48.5	1.00212728239596
36.125	48.5	1.0021273340223
36.375	48.5	1.00212737700975
36.625	48.5	1.00212741137708
36.875	48.5	1.00212743713937
37.125	48.5	1.00212745430793
37.375	48.5	1.00212746289032
0.125	49.5	-0.00215432257576408
0.375	49.5	-0.00215433221435899
0.625	49.5	-0.00215435149485573
0.875	49.5	-0.00215438042386156
1.125	49.5	-0.00215441901127081
1.375	49.5	-0.00215446727024494
1.625	49.5	-0.00215452521718576
1.875	49.5	-0.0021545928717018
2.125	49.5	-0.00215467025656755
2.375	49.5	-0.00215475739767553
2.625	49.5	-0.00215485432398085
2.875	49.5	-0.00215496106743806
3.125	49.5	-0.00215507766293002
3.375	49.5	-0.00215520414818829
3.625	49.5	-0.00215534056370486
3.875	49.5	-0.00215548695263438
4.125	49.5	-0.00215564336068656
4.375	49.5	-0.0021558098360076
4.625	49.5	-0.00215598642904972
4.875	49.5	-0.00215617319242704
5.125	49.5	-0.00215637018075538
5.375	49.5	-0.00215657745047258
5.625	49.5	-0.0021567950596334
5.875	49.5	-0.00215702306767041
6.125	49.5	-0.00215726153510667
6.375	49.5	-0.00215751052319708
6.625	49.5	-0.00215777009346143
6.875	49.5	-0.0021580403070483
7.125	49.5	-0.00215832122383027
7.375	49.5	-0.00215861290106742
7.625	49.5	-0.00215891539137131
7.875	49.5	-0.00215922873952942
8.125	49.5	-0.00215955297746666
8.375	49.5	-0.00215988811615448
8.625	49.5	-0.0021602341325111
8.875	49.5	-0.0021605909480742
9.125	49.5	-0.00216095839415118
9.375	49.5	-0.0021613361547351
9.625	49.5	-0.00216172367285263
9.875	49.5	-0.00216211999675976
10.125	49.5	-0.00216252352717989
10.375	49.5	-0.00216293160173356
10.625	49.5	-0.00216333981149843
10.875	49.5	-0.00216374087682845
11.125	49.5	-0.00216412279798461
11.375	49.5	-0.00216446581253707
11.625	49.5	-0.00216473738940939
11.875	49.5	-0.00216488399236964
12.125	49.5	-0.00216481752789502
12.375	49.5	-0.00216439304660757
12.625	49.5	-0.00216337205328268
12.875	49.5	-0.00216136213744856
13.125	49.5	-0.00215771764324544
13.375	49.5	-0.00215137623817747
13.625	49.5	-0.00214059002525537
13.875	49.5	-0.00212248318199617
14.125	49.5	-0.00209232429510978
14.375	49.5	-0.00204232961345477
14.625	49.5	-0.00195969546049156
14.875	49.5	-0.00182336500521212
15.125	49.5	-0.00159871989828277
15.375	49.5	-0.00122887743759171
15.625	49.5	-0.000620456493854949
15.875	49.5	0.000379611844168123
16.125	49.5	0.00202161647004372
16.375	49.5	0.00471314917998781
16.625	49.5	0.00911351063609569
16.875	49.5	0.0162773166518909
17.125	49.5	0.027860473440955
17.375	49.5	0.046383133168056
17.625	49.5	0.0754817615198171
17.875	49.5	0.119931825182329
18.125	49.5	0.184965451744386
18.375	49.5	0.274233998178495
18.625	49.5	0.386366769368373
18.875	49.5	0.512189402430191
19.125	49.5	0.636459803768089
19.375	49.5	0.744675715111156
19.625	49.5	0.829207779060409
19.875	49.5	0.889932174736267
20.125	49.5	0.931037219869548
20.375	49.5	0.957775561732263
20.625	49.5	0.974727091891425
20.875	49.5	0.985301163946981
21.125	49.5	0.991830986988217
21.375	49.5	0.99583846510721
21.625	49.5	0.998288672521987
21.875	49.5	0.999783361125411
22.125	49.5	1.00069395808837
22.375	49.5	1.00124832529325
22.625	49.5	1.00158573348412
22.875	49.5	1.00179111472694
23.125	49.5	1.00191619284082
23.375	49.5	1.00199244162098
23.625	49.5	1.00203900311297
23.875	49.5	1.00206751573207
24.125	49.5	1.00208505433236
24.375	49.5	1.0020959191335
24.625	49.5	1.0021027236939
24.875	49.5	1.00210705639056
25.125	49.5	1.00210988252203
25.375	49.5	1.00211178871366
25.625	49.5	1.00211313146135
25.875	49.5	1.00211412740921
26.125	49.5	1.00211490821429
26.375	49.5	1.00211555388915
26.625	49.5	1.00211611306453
26.875	49.5	1.00211661530302
27.125	49.5	1.00211707858206
27.375	49.5	1.00211751384105
27.625	49.5	1.00211792774455
27.875	49.5	1.00211832436113
28.125	49.5	1.00211870618353
28.375	49.5	1.00211907474824
28.625	49.5	1.00211943101194
28.875	49.5	1.00211977558003
29.125	49.5	1.00212010884527
29.375	49.5	1.00212043107194
29.625	49.5	1.00212074244676
29.875	49.5	1.00212104310971
30.125	49.5	1.00212133317262
30.375	49.5	1.00212161273031
30.625	49.5	1.00212188186725
30.875	49.5	1.00212214066149
31.125	49.5	1.00212238918694
31.375	49.5	1.00212262751461
31.625	49.5	1.00212285571337
31.875	49.5	1.0021230738502
32.125	49.5	1.00212328199035
32.375	49.5	1.00212348019732
32.625	49.5	1.00212366853276
32.875	49.5	1.00212384705641
33.125	49.5	1.00212401582594
33.375	49.5	1.00212417489678
33.625	49.5	1.00212432432207
33.875	49.5	1.00212446415245
34.125	49.5	1.00212459443596
34.375	49.5	1.00212471521796
34.625	49.5	1.00212482654098
34.875	49.5	1.00212492844464
35.125	49.5	1.00212502096556
35.375	49.5	1.00212510413728
35.625	49.5	1.00212517799017
35.875	49.5	1.00212524255142
36.125	49.5	1.0021252978449
36.375	49.5	1.00212534389119
36.625	49.5	1.00212538070749
36.875	49.5	1.00212540830761
37.125	49.5	1.00212542670191
37.375	49.5	1.00212543589732
0.125	50.5	-0.00215621920223711
0.375	50.5	-0.00215622938210325
0.625	50.5	-0.00215624974493765
0.875	50.5	-0.00215628029693832
1.125	50.5	-0.00215632104738677
1.375	50.5	-0.00215637200862921
1.625	50.5	-0.00215643319605146
1.875	50.5	-0.00215650462804736
2.125	50.5	-0.00215658632598061
2.375	50.5	-0.00215667831413987
2.625	50.5	-0.00215678061968692
2.875	50.5	-0.00215689327259767
3.125	50.5	-0.00215701630559578
3.375	50.5	-0.0021571497540786
3.625	50.5	-0.00215729365603497
3.875	50.5	-0.00215744805195453
4.125	50.5	-0.00215761298472786
4.375	50.5	-0.00215778849953684
4.625	50.5	-0.0021579746437339
4.875	50.5	-0.00215817146670893
5.125	50.5	-0.00215837901974137
5.375	50.5	-0.00215859735583413
5.625	50.5	-0.00215882652952383
5.875	50.5	-0.0021590665966588
6.125	50.5	-0.00215931761413094
6.375	50.5	-0.00215957963953908
6.625	50.5	-0.0021598527307471
6.875	50.5	-0.00216013694527724
7.125	50.5	-0.00216043233944059
7.375	50.5	-0.00216073896704399
7.625	50.5	-0.00216105687740975
7.875	50.5	-0.00216138611227416
8.125	50.5	-0.00216172670085201
8.375	50.5	-0.00216207865189415
8.625	50.5	-0.00216244194080932
8.875	50.5	-0.00216281648867652
9.125	50.5	-0.00216320212792709
9.375	50.5	-0.00216359854610617
9.625	50.5	-0.00216400519357976
9.875	50.5	-0.00216442113193178
10.125	50.5	-0.0021648447847863
10.375	50.5	-0.00216527352809357
10.625	50.5	-0.00216570301628108
10.875	50.5	-0.00216612607380554
11.125	50.5	-0.0021665308716178
11.375	50.5	-0.00216689792701523
11.625	50.5	-0.00216719516747119
11.875	50.5	-0.00216736980888215
12.125	50.5	-0.00216733499217493
12.375	50.5	-0.00216694779521068
12.625	50.5	-0.00216597305352832
12.875	50.5	-0.0021640238311559
13.125	50.5	-0.00216046347270882
13.375	50.5	-0.0021542444460036
13.625	50.5	-0.00214364319455834
13.875	50.5	-0.00212582392841072
14.125	50.5	-0.00209612107444559
14.375	50.5	-0.00204685915641619
14.625	50.5	-0.00196541251981708
14.875	50.5	-0.0018310169201799
15.125	50.5	-0.00160953457260412
15.375	50.5	-0.00124487122604258
15.625	50.5	-0.000644937003170496
15.875	50.5	0.000341228648832573
16.125	50.5	0.00196048916477244
16.375	50.5	0.00461491681612112
16.625	50.5	0.00895504085589431
16.875	50.5	0.0160218615252056
17.125	50.5	0.0274509938974144
17.375	50.5	0.0457345030633063
17.625	50.5	0.0744752947432712
17.875	50.5	0.1184213851555
18.125	50.5	0.182812297090736
18.375	50.5	0.271386411480521
18.625	50.5	0.382963921340274
18.875	50.5	0.508594765508727
19.125	50.5	0.633129045551196
19.375	50.5	0.741939718453304
19.625	50.5	0.827168393325315
19.875	50.5	0.888515984289751
20.125	50.5	0.930099956229099
20.375	50.5	0.957174179451376
20.625	50.5	0.974348476484151
20.875	50.5	0.985065337490754
21.125	50.5	0.991684800605157
21.375	50.5	0.995747846512894
21.625	50.5	0.998232239292012
21.875	50.5	0.999747864579162
22.125	50.5	1.00067125206959
22.375	50.5	1.00123342416274
22.625	50.5	1.0015755944086
22.875	50.5	1.00178388368658
23.125	50.5	1.00191074125006
23.375	50.5	1.00198808282804
23.625	50.5	1.00203531942067
23.875	50.5	1.00206425302642
24.125	50.5	1.00208205795864
24.375	50.5	1.0020930948968
24.625	50.5	1.00210001414856
24.875	50.5	1.00210442642784
25.125	50.5	1.00210731061055
25.375	50.5	1.00210926157579
25.625	50.5	1.00211064083776
25.875	50.5	1.00211166809231
26.125	50.5	1.00211247685287
26.375	50.5	1.0021131482616
26.625	50.5	1.00211373163683
26.875	50.5	1.00211425695982
27.125	50.5	1.00211474246291
27.375	50.5	1.00211519924064
27.625	50.5	1.00211563405179
27.875	50.5	1.00211605102193
28.125	50.5	1.00211645267794
28.375	50.5	1.00211684057642
28.625	50.5	1.00211721568543
28.875	50.5	1.00211757861633
29.125	50.5	1.00211792976444
29.375	50.5	1.0021182693944
29.625	50.5	1.00211859769192
29.875	50.5	1.00211891479504
30.125	50.5	1.00211922081302
30.375	50.5	1.00211951583773
30.625	50.5	1.0021197999504
30.875	50.5	1.00212007322565
31.125	50.5	1.00212033573385
31.375	50.5	1.00212058754243
31.625	50.5	1.00212082871661
31.875	50.5	1.00212105931975
32.125	50.5	1.00212127941349
32.375	50.5	1.00212148905779
32.625	50.5	1.00212168831084
32.875	50.5	1.00212187722896
33.125	50.5	1.00212205586653
33.375	50.5	1.00212222427582
33.625	50.5	1.0021223825069
33.875	50.5	1.00212253060749
34.125	50.5	1.00212266862288
34.375	50.5	1.00212279659578
34.625	50.5	1.00212291456629
34.875	50.5	1.00212302257171
35.125	50.5	1.00212312064657
35.375	50.5	1.00212320882244
35.625	50.5	1.00212328712796
35.875	50.5	1.00212335558873
36.125	50.5	1.00212341422725
36.375	50.5	1.00212346306289
36.625	50.5	1.00212350211188
36.875	50.5	1.00212353138721
37.125	50.5	1.00212355089865
37.375	50.5	1.00212356065274
0.125	51.5	-0.00215795206818689
0.375	51.5	-0.00215796273912401
0.625	51.5	-0.00215798408400086
0.875	51.5	-0.00215801610881729
1.125	51.5	-0.00215805882255954
1.375	51.5	-0.00215811223718386
1.625	51.5	-0.00215817636759474
1.875	51.5	-0.00215825123161736
2.125	51.5	-0.0021583368499645
2.375	51.5	-0.00215843324619747
2.625	51.5	-0.00215854044668125
2.875	51.5	-0.00215865848053333
3.125	51.5	-0.00215878737956636
3.375	51.5	-0.00215892717822412
3.625	51.5	-0.00215907791351066
3.875	51.5	-0.00215923962491217
4.125	51.5	-0.00215941235431109
4.375	51.5	-0.00215959614589177
4.625	51.5	-0.00215979104603683
4.875	51.5	-0.00215999710321262
5.125	51.5	-0.00216021436784184
5.375	51.5	-0.00216044289215991
5.625	51.5	-0.00216068273004994
5.875	51.5	-0.00216093393684778
6.125	51.5	-0.00216119656910386
6.375	51.5	-0.00216147068427955
6.625	51.5	-0.00216175634034233
6.875	51.5	-0.00216205359520088
7.125	51.5	-0.00216236250588353
7.375	51.5	-0.00216268312730189
7.625	51.5	-0.00216301551033915
7.875	51.5	-0.00216335969883539
8.125	51.5	-0.00216371572476604
8.375	51.5	-0.00216408360045626
8.625	51.5	-0.00216446330592715
8.875	51.5	-0.00216485476824138
9.125	51.5	-0.00216525782769452
9.375	51.5	-0.00216567218237247
9.625	51.5	-0.00216609729712294
9.875	51.5	-0.00216653225398407
10.125	51.5	-0.00216697550629699
10.375	51.5	-0.00216742447434903
10.625	51.5	-0.00216787488027894
10.875	51.5	-0.00216831965396746
11.125	51.5	-0.00216874713302476
11.375	51.5	-0.00216913810127134
11.625	51.5	-0.0021694609160456
11.875	51.5	-0.00216966349080996
12.125	51.5	-0.00216966010337477
12.375	51.5	-0.00216930969007365
12.625	51.5	-0.0021683801308314
12.875	51.5	-0.0021664894838148
13.125	51.5	-0.00216300929411146
13.375	51.5	-0.00215690550348294
13.625	51.5	-0.0021464767031893
13.875	51.5	-0.00212892351741781
14.125	51.5	-0.00209964024985732
14.375	51.5	-0.00205104987988475
14.625	51.5	-0.00197068861870412
14.875	51.5	-0.00183805824540586
15.125	51.5	-0.00161945790806507
15.375	51.5	-0.00125951023718644
15.625	51.5	-0.000667299461147889
15.875	51.5	0.000306217700278514
16.125	51.5	0.00190478915237601
16.375	51.5	0.00452546561011585
16.625	51.5	0.00881079245165278
16.875	51.5	0.0157893666923035
17.125	51.5	0.0270782924806472
17.375	51.5	0.0451439434165562
17.625	51.5	0.073558352520996
17.875	51.5	0.117043827979559
18.125	51.5	0.180845334251724
18.375	51.5	0.268778945152494
18.625	51.5	0.37983848885028
18.875	51.5	0.505281600494785
19.125	51.5	0.630048433575147
19.375	51.5	0.739401662916847
19.625	51.5	0.825272250423854
19.875	51.5	0.887197157608501
20.125	51.5	0.929226192633744
20.375	51.5	0.956613143774154
20.625	51.5	0.97399509373988
20.875	51.5	0.984845151632771
21.125	51.5	0.991548270891756
21.375	51.5	0.995663190762945
21.625	51.5	0.998179503727883
21.875	51.5	0.999714682540859
22.125	51.5	1.00065001850342
22.375	51.5	1.00121948407826
22.625	51.5	1.00156610650303
22.875	51.5	1.0017771165491
23.125	51.5	1.00190564077592
23.375	51.5	1.00198400753966
23.625	51.5	1.00203187896725
23.875	51.5	1.00206120980406
24.125	51.5	1.00207926724099
24.375	51.5	1.00209046842334
24.625	51.5	1.00209749798736
24.875	51.5	1.00210198751942
25.125	51.5	1.00210492858933
25.375	51.5	1.00210692379926
25.625	51.5	1.00210833936513
25.875	51.5	1.00210939784783
26.125	51.5	1.00211023450903
26.375	51.5	1.00211093155983
26.625	51.5	1.00211153897406
26.875	51.5	1.00211208713666
27.125	51.5	1.00211259452999
27.375	51.5	1.00211307240479
27.625	51.5	1.00211352761845
27.875	51.5	1.00211396435979
28.125	51.5	1.00211438519695
28.375	51.5	1.00211479171411
28.625	51.5	1.00211518489823
28.875	51.5	1.00211556537398
29.125	51.5	1.00211593354629
29.375	51.5	1.00211628968698
29.625	51.5	1.00211663398711
29.875	51.5	1.00211696658887
30.125	51.5	1.00211728760469
30.375	51.5	1.00211759712885
30.625	51.5	1.00211789524441
30.875	51.5	1.00211818202733
31.125	51.5	1.00211845754889
31.375	51.5	1.00211872187708
31.625	51.5	1.00211897507741
31.875	51.5	1.00211921721325
32.125	51.5	1.00211944834606
32.375	51.5	1.00211966853543
32.625	51.5	1.00211987783902
32.875	51.5	1.00212007631254
33.125	51.5	1.00212026400961
33.375	51.5	1.00212044098172
33.625	51.5	1.00212060727805
33.875	51.5	1.00212076294545
34.125	51.5	1.00212090802829
34.375	51.5	1.00212104256838
34.625	51.5	1.00212116660491
34.875	51.5	1.00212128017431
35.125	51.5	1.00212138331027
35.375	51.5	1.00212147604357
35.625	51.5	1.00212155840212
35.875	51.5	1.00212163041082
36.125	51.5	1.0021216920916
36.375	51.5	1.00212174346329
36.625	51.5	1.00212178454166
36.875	51.5	1.00212181533934
37.125	51.5	1.00212183586585
37.375	51.5	1.00212184612751
0.125	52.5	-0.00215951326596836
0.375	52.5	-0.00215952437935708
0.625	52.5	-0.00215954660912917
0.875	52.5	-0.00215957996126968
1.125	52.5	-0.00215962444474538
1.375	52.5	-0.0021596800714918
1.625	52.5	-0.00215974685639584
1.875	52.5	-0.00215982481727392
2.125	52.5	-0.00215991397484573
2.375	52.5	-0.00216001435270325
2.625	52.5	-0.00216012597727522
2.875	52.5	-0.00216024887778678
3.125	52.5	-0.00216038308621415
3.375	52.5	-0.00216052863723424
3.625	52.5	-0.00216068556816889
3.875	52.5	-0.00216085391892353
4.125	52.5	-0.0021610337319198
4.375	52.5	-0.0021612250520215
4.625	52.5	-0.00216142792645323
4.875	52.5	-0.00216164240471026
5.125	52.5	-0.00216186853845769
5.375	52.5	-0.00216210638141589
5.625	52.5	-0.00216235598922697
5.875	52.5	-0.00216261741929447
6.125	52.5	-0.00216289073058271
6.375	52.5	-0.00216317598335456
6.625	52.5	-0.00216347323881212
6.875	52.5	-0.00216378255858241
7.125	52.5	-0.00216410400395307
7.375	52.5	-0.00216443763470155
7.625	52.5	-0.00216478350726106
7.875	52.5	-0.00216514167180043
8.125	52.5	-0.00216551216752277
8.375	52.5	-0.00216589501503949
8.625	52.5	-0.00216629020393791
8.875	52.5	-0.00216669767244723
9.125	52.5	-0.00216711727410928
9.375	52.5	-0.002167548723074
9.625	52.5	-0.00216799150423051
9.875	52.5	-0.00216844472548512
10.125	52.5	-0.00216890687485405
10.375	52.5	-0.00216937542094279
10.625	52.5	-0.00216984615573671
10.875	52.5	-0.00217031211338914
11.125	52.5	-0.00217076179134784
11.375	52.5	-0.00217117622353019
11.625	52.5	-0.00217152416462242
11.875	52.5	-0.00217175416635937
12.125	52.5	-0.0021717815397706
12.375	52.5	-0.00217146690266593
12.625	52.5	-0.0021705808813668
12.875	52.5	-0.002168746030772
13.125	52.5	-0.00216534127058799
13.375	52.5	-0.00215934464995633
13.625	52.5	-0.00214907465145018
13.875	52.5	-0.00213176459289731
14.125	52.5	-0.0021028625260974
14.375	52.5	-0.00205487979757917
14.625	52.5	-0.00197549788781326
14.875	52.5	-0.00184445731494074
15.125	52.5	-0.00162844934338026
15.375	52.5	-0.00127273996592677
15.625	52.5	-0.000687467158237481
15.875	52.5	0.000274691473775257
16.125	52.5	0.00185468700087781
16.375	52.5	0.00444506108944836
16.625	52.5	0.00868118699196294
16.875	52.5	0.0155805113686935
17.125	52.5	0.0267434757306908
17.375	52.5	0.0446132717558369
17.625	52.5	0.072733933288419
17.875	52.5	0.115804084118456
18.125	52.5	0.179072516409165
18.375	52.5	0.266423829675546
18.625	52.5	0.377007684387047
18.875	52.5	0.502271149802219
19.125	52.5	0.627240373595412
19.375	52.5	0.7370818160172
19.625	52.5	0.823535491241451
19.875	52.5	0.885987398002007
20.125	52.5	0.928423889475358
20.375	52.5	0.956097650216812
20.625	52.5	0.973670249191239
20.875	52.5	0.984642678447197
21.125	52.5	0.991422686995758
21.375	52.5	0.995585298219622
21.625	52.5	0.99813096397422
21.875	52.5	0.999684127274255
22.125	52.5	1.00063045558808
22.375	52.5	1.00120663324424
22.625	52.5	1.00155735493564
22.875	52.5	1.00177087191063
23.125	52.5	1.00190093349515
23.375	52.5	1.00198024745656
23.625	52.5	1.00202870683972
23.875	52.5	1.00205840685063
24.125	52.5	1.00207670009295
24.375	52.5	1.00208805564554
24.625	52.5	1.00209518972391
24.875	52.5	1.00209975312123
25.125	52.5	1.00210274909406
25.375	52.5	1.00210478736051
25.625	52.5	1.00210623847393
25.875	52.5	1.00210732764336
26.125	52.5	1.00210819175112
26.375	52.5	1.00210891400375
26.625	52.5	1.00210954498972
26.875	52.5	1.00211011547637
27.125	52.5	1.00211064418664
27.375	52.5	1.00211114252486
27.625	52.5	1.00211161744856
27.875	52.5	1.00211207321354
28.125	52.5	1.00211251243423
28.375	52.5	1.00211293672797
28.625	52.5	1.00211334710646
28.875	52.5	1.00211374421346
29.125	52.5	1.00211412846924
29.375	52.5	1.0021145001582
29.625	52.5	1.00211485948204
29.875	52.5	1.00211520659205
30.125	52.5	1.00211554160852
30.375	52.5	1.00211586463261
30.625	52.5	1.0021161757534
30.875	52.5	1.00211647505212
31.125	52.5	1.00211676260469
31.375	52.5	1.00211703848316
31.625	52.5	1.00211730275658
31.875	52.5	1.00211755549142
32.125	52.5	1.00211779675183
32.375	52.5	1.00211802659969
32.625	52.5	1.00211824509468
32.875	52.5	1.00211845229419
33.125	52.5	1.00211864825331
33.375	52.5	1.00211883302473
33.625	52.5	1.00211900665866
33.875	52.5	1.00211916920279
34.125	52.5	1.00211932070218
34.375	52.5	1.00211946119919
34.625	52.5	1.00211959073345
34.875	52.5	1.00211970934177
35.125	52.5	1.00211981705807
35.375	52.5	1.00211991391337
35.625	52.5	1.00211999993569
35.875	52.5	1.00212007515008
36.125	52.5	1.00212013957851
36.375	52.5	1.00212019323987
36.625	52.5	1.00212023614995
36.875	52.5	1.00212026832142
37.125	52.5	1.00212028976377
37.375	52.5	1.00212030048336
0.125	53.5	-0.00216089566160192
0.375	53.5	-0.00216090716886241
0.625	53.5	-0.00216093018644279
0.875	53.5	-0.00216096472045887
1.125	53.5	-0.00216101078007681
1.375	53.5	-0.00216106837750412
1.625	53.5	-0.00216113752797748
1.875	53.5	-0.00216121824974758
2.125	53.5	-0.0021613105640608
2.375	53.5	-0.00216141449513784
2.625	53.5	-0.00216153007014905
2.875	53.5	-0.00216165731918657
3.125	53.5	-0.00216179627523322
3.375	53.5	-0.00216194697412783
3.625	53.5	-0.00216210945452706
3.875	53.5	-0.00216228375786352
4.125	53.5	-0.00216246992829964
4.375	53.5	-0.00216266801267716
4.625	53.5	-0.00216287806046127
4.875	53.5	-0.0021631001236784
5.125	53.5	-0.00216333425684581
5.375	53.5	-0.00216358051688995
5.625	53.5	-0.00216383896304886
5.875	53.5	-0.00216410965675074
6.125	53.5	-0.00216439266145566
6.375	53.5	-0.00216468804243952
6.625	53.5	-0.00216499586648522
6.875	53.5	-0.00216531620142415
7.125	53.5	-0.00216564911543398
7.375	53.5	-0.00216599467593843
7.625	53.5	-0.00216635294785478
7.875	53.5	-0.00216672399077135
8.125	53.5	-0.00216710785436722
8.375	53.5	-0.00216750457094286
8.625	53.5	-0.00216791414320003
8.875	53.5	-0.00216833652420811
9.125	53.5	-0.00216877158451683
9.375	53.5	-0.00216921905812296
9.625	53.5	-0.00216967845364572
9.875	53.5	-0.00217014890825914
10.125	53.5	-0.00217062894743826
10.375	53.5	-0.00217111608973121
10.625	53.5	-0.00217160619653487
10.875	53.5	-0.00217209240229283
11.125	53.5	-0.00217256335430679
11.375	53.5	-0.00217300031656113
11.625	53.5	-0.00217337240435234
11.875	53.5	-0.00217362874327486
12.125	53.5	-0.00217368556743796
12.375	53.5	-0.00217340499055506
12.625	53.5	-0.0021725600754575
12.875	53.5	-0.00217077735915018
13.125	53.5	-0.00216744228427724
13.375	53.5	-0.00216154360095359
13.625	53.5	-0.00215141736388715
13.875	53.5	-0.00213432576373927
14.125	53.5	-0.0021057643097726
14.375	53.5	-0.00205832236387849
14.625	53.5	-0.00197980964925483
14.875	53.5	-0.00185017743389725
15.125	53.5	-0.00163646312486235
15.375	53.5	-0.00128450065503426
15.625	53.5	-0.000705358254927926
15.875	53.5	0.000246767139015715
16.125	53.5	0.00181035699992385
16.375	53.5	0.00437397060447998
16.625	53.5	0.00856664435119619
16.875	53.5	0.0153959666686795
17.125	53.5	0.026447630390425
17.375	53.5	0.0441442642593931
17.625	53.5	0.0720049543158518
17.875	53.5	0.114706931105822
18.125	53.5	0.17750152427944
18.375	53.5	0.264332855141074
18.625	53.5	0.37448811010308
18.875	53.5	0.499583965852813
19.125	53.5	0.624726644857133
19.375	53.5	0.73499997439977
19.625	53.5	0.82197394672072
19.875	53.5	0.884898220138937
20.125	53.5	0.927700897135299
20.375	53.5	0.955632831982257
20.625	53.5	0.973377214329538
20.875	53.5	0.984459972641938
21.125	53.5	0.991309330522701
21.375	53.5	0.995514967461837
21.625	53.5	0.998087119720871
21.875	53.5	0.999656514455604
22.125	53.5	1.00061276592073
22.375	53.5	1.00119500472029
22.625	53.5	1.00154942986899
22.875	53.5	1.00176521331337
23.125	53.5	1.00189666627407
23.375	53.5	1.00197683885271
23.625	53.5	1.00202583245135
23.875	53.5	1.00205586901821
24.125	53.5	1.00207437823245
24.375	53.5	1.00208587604217
24.625	53.5	1.00209310716773
24.875	53.5	1.00209773974421
25.125	53.5	1.00210078758508
25.375	53.5	1.00210286684113
25.625	53.5	1.00210435199116
25.875	53.5	1.00210547064502
26.125	53.5	1.00210636115837
26.375	53.5	1.00210710764641
26.625	53.5	1.00210776126218
26.875	53.5	1.00210835312753
27.125	53.5	1.00210890219138
27.375	53.5	1.0021094200051
27.625	53.5	1.00210991362451
27.875	53.5	1.00211038737331
28.125	53.5	1.00211084391474
28.375	53.5	1.00211128490267
28.625	53.5	1.00211171137729
28.875	53.5	1.00211212400544
29.125	53.5	1.00211252322667
29.375	53.5	1.00211290934186
29.625	53.5	1.00211328256714
29.875	53.5	1.00211364306646
30.125	53.5	1.00211399097146
30.375	53.5	1.00211432639345
30.625	53.5	1.00211464943063
30.875	53.5	1.00211496017243
31.125	53.5	1.00211525870219
31.375	53.5	1.00211554509864
31.625	53.5	1.00211581943684
31.875	53.5	1.00211608178867
32.125	53.5	1.00211633222314
32.375	53.5	1.00211657080651
32.625	53.5	1.00211679760236
32.875	53.5	1.00211701267159
33.125	53.5	1.00211721607241
33.375	53.5	1.00211740786028
33.625	53.5	1.00211758808789
33.875	53.5	1.00211775680512
34.125	53.5	1.00211791405896
34.375	53.5	1.00211805989349
34.625	53.5	1.00211819434983
34.875	53.5	1.00211831746609
35.125	53.5	1.00211842927734
35.375	53.5	1.00211852981559
35.625	53.5	1.00211861910971
35.875	53.5	1.00211869718546
36.125	53.5	1.00211876406543
36.375	53.5	1.00211881976901
36.625	53.5	1.00211886431239
36.875	53.5	1.00211889770856
37.125	53.5	1.00211891996726
37.375	53.5	1.00211893109499
0.125	54.5	-0.00216209289565886
0.375	54.5	-0.00216210474703125
0.625	54.5	-0.00216212845295076
0.875	54.5	-0.00216216401976525
1.125	54.5	-0.00216221145699243
1.375	54.5	-0.002162270777315
1.625	54.5	-0.00216234199657411
1.875	54.5	-0.00216242513376119
2.125	54.5	-0.00216252021100822
2.375	54.5	-0.00216262725357632
2.625	54.5	-0.00216274628984277
2.875	54.5	-0.00216287735128639
3.125	54.5	-0.00216302047247127
3.375	54.5	-0.00216317569102891
3.625	54.5	-0.00216334304763851
3.875	54.5	-0.00216352258600547
4.125	54.5	-0.00216371435283786
4.375	54.5	-0.00216391839782037
4.625	54.5	-0.00216413477358536
4.875	54.5	-0.00216436353567987
5.125	54.5	-0.00216460474252682
5.375	54.5	-0.00216485845537791
5.625	54.5	-0.00216512473825328
5.875	54.5	-0.00216540365786041
6.125	54.5	-0.00216569528347979
6.375	54.5	-0.00216599968679633
6.625	54.5	-0.00216631694164252
6.875	54.5	-0.00216664712359679
7.125	54.5	-0.00216699030934434
7.375	54.5	-0.00216734657564766
7.625	54.5	-0.00216771599767514
7.875	54.5	-0.002168098646274
8.125	54.5	-0.00216849458350642
8.375	54.5	-0.00216890385532798
8.625	54.5	-0.00216932647956424
8.875	54.5	-0.00216976242615059
9.125	54.5	-0.00217021158464167
9.375	54.5	-0.00217067371077346
9.625	54.5	-0.0021711483385575
9.875	54.5	-0.00217163463565977
10.125	54.5	-0.00217213116545732
10.375	54.5	-0.00217263549553792
10.625	54.5	-0.00217314355352987
10.875	54.5	-0.00217364856717731
11.125	54.5	-0.00217413932031426
11.375	54.5	-0.00217459728318833
11.625	54.5	-0.00217499189059083
11.875	54.5	-0.00217527277231215
12.125	54.5	-0.00217535696884165
12.375	54.5	-0.00217510789564322
12.625	54.5	-0.0021743007304072
12.875	54.5	-0.00217256546076257
13.125	54.5	-0.00216929317552699
13.375	54.5	-0.0021634818809167
13.625	54.5	-0.0021534828242644
13.875	54.5	-0.00213658315209325
14.125	54.5	-0.00210831938548337
14.375	54.5	-0.00206134829818508
14.625	54.5	-0.00198359041874116
14.875	54.5	-0.00185517910297768
15.125	54.5	-0.0016434508224824
15.375	54.5	-0.00129473021221721
15.625	54.5	-0.000720889275568768
15.875	54.5	0.000222562204847809
16.125	54.5	0.00177197148035774
16.375	54.5	0.00431245556557438
16.625	54.5	0.00846757162702218
16.875	54.5	0.0152363791864031
17.125	54.5	0.026191798377981
17.375	54.5	0.0437386168568177
17.625	54.5	0.0713741905993538
17.875	54.5	0.113756897361104
18.125	54.5	0.176139616080927
18.375	54.5	0.262517143430962
18.625	54.5	0.372295431583943
18.875	54.5	0.497239490275576
19.125	54.5	0.622527931094489
19.375	54.5	0.733175017720621
19.625	54.5	0.820602768513141
19.875	54.5	0.883940674643657
20.125	54.5	0.927064764781883
20.375	54.5	0.955223633068594
20.625	54.5	0.973119144546663
20.875	54.5	0.984299019123277
21.125	54.5	0.991209442067076
21.375	54.5	0.995452973745447
21.625	54.5	0.998048458098977
21.875	54.5	0.999632153692224
22.125	54.5	1.0005971498969
22.375	54.5	1.00118473162985
22.625	54.5	1.00154242282003
22.875	54.5	1.00176020635345
23.125	54.5	1.00189288837594
23.375	54.5	1.00197382052844
23.625	54.5	1.00202328774473
23.875	54.5	1.00205362361765
24.125	54.5	1.0020723257243
24.375	54.5	1.00208395130508
24.625	54.5	1.0020912701974
24.875	54.5	1.00209596582116
25.125	54.5	1.00209906129832
25.375	54.5	1.00210117845535
25.625	54.5	1.00210269523814
25.875	54.5	1.00210384138035
26.125	54.5	1.00210475654417
26.375	54.5	1.00210552565353
26.625	54.5	1.0021062003667
26.875	54.5	1.00210681212536
27.125	54.5	1.00210738008459
27.375	54.5	1.00210791593201
27.625	54.5	1.00210842681634
27.875	54.5	1.00210891712708
28.125	54.5	1.00210938957604
28.375	54.5	1.00210984585458
28.625	54.5	1.00211028703294
28.875	54.5	1.00211071380294
29.125	54.5	1.00211112662549
29.375	54.5	1.00211152582011
29.625	54.5	1.00211191161945
29.875	54.5	1.00211228420228
30.125	54.5	1.00211264371359
30.375	54.5	1.00211299027679
30.625	54.5	1.00211332400109
30.875	54.5	1.00211364498595
31.125	54.5	1.00211395332382
31.375	54.5	1.00211424910174
31.625	54.5	1.00211453240234
31.875	54.5	1.00211480330438
32.125	54.5	1.00211506188313
32.375	54.5	1.00211530821053
32.625	54.5	1.00211554235532
32.875	54.5	1.00211576438306
33.125	54.5	1.00211597435618
33.375	54.5	1.00211617233396
33.625	54.5	1.00211635837253
33.875	54.5	1.00211653252484
34.125	54.5	1.00211669484067
34.375	54.5	1.00211684536657
34.625	54.5	1.00211698414586
34.875	54.5	1.00211711121863
35.125	54.5	1.00211722662168
35.375	54.5	1.00211733038852
35.625	54.5	1.00211742254938
35.875	54.5	1.00211750313115
36.125	54.5	1.00211757215739
36.375	54.5	1.00211762964832
36.625	54.5	1.00211767562081
36.875	54.5	1.00211771008835
37.125	54.5	1.00211773306108
37.375	54.5	1.00211774454575
0.125	55.5	-0.00216309940460452
0.375	55.5	-0.00216311154830462
0.625	55.5	-0.00216313583902207
0.875	55.5	-0.00216317228339107
1.125	55.5	-0.00216322089136226
1.375	55.5	-0.00216328167620194
1.625	55.5	-0.00216335465449096
1.875	55.5	-0.00216343984612352
2.125	55.5	-0.00216353727430569
2.375	55.5	-0.00216364696555391
2.625	55.5	-0.0021637689496933
2.875	55.5	-0.002163903259856
3.125	55.5	-0.00216404993247948
3.375	55.5	-0.00216420900730492
3.625	55.5	-0.00216438052737559
3.875	55.5	-0.00216456453903523
4.125	55.5	-0.00216476109192634
4.375	55.5	-0.0021649702389881
4.625	55.5	-0.00216519203645338
4.875	55.5	-0.00216542654384409
5.125	55.5	-0.00216567382396315
5.375	55.5	-0.00216593394288059
5.625	55.5	-0.00216620696990924
5.875	55.5	-0.00216649297756265
6.125	55.5	-0.00216679204148284
6.375	55.5	-0.00216710424031742
6.625	55.5	-0.00216742965551245
6.875	55.5	-0.00216776837096504
7.125	55.5	-0.00216812047244406
7.375	55.5	-0.00216848604662735
7.625	55.5	-0.00216886517950625
7.875	55.5	-0.00216925795374688
8.125	55.5	-0.00216966444433275
8.375	55.5	-0.00217008471137659
8.625	55.5	-0.00217051878827179
8.875	55.5	-0.00217096666217215
9.125	55.5	-0.00217142824184518
9.375	55.5	-0.00217190330474545
9.625	55.5	-0.00217239140989196
9.875	55.5	-0.00217289175447363
10.125	55.5	-0.00217340293785811
10.375	55.5	-0.00217392257323319
10.625	55.5	-0.00217444664853123
10.875	55.5	-0.00217496847480742
11.125	55.5	-0.00217547695579112
11.375	55.5	-0.00217595374045996
11.625	55.5	-0.002176368537686
11.875	55.5	-0.00217667140667459
12.125	55.5	-0.00217678007125555
12.375	55.5	-0.00217655904626944
12.625	55.5	-0.00217578529143661
12.875	55.5	-0.00217409169762667
13.125	55.5	-0.00217087409954057
13.375	55.5	-0.00216513827870186
13.625	55.5	-0.00215524823938815
13.875	55.5	-0.00213851207766773
14.125	55.5	-0.00211050073698452
14.375	55.5	-0.00206392756610906
14.625	55.5	-0.00198680608091732
14.875	55.5	-0.00185942243992769
15.125	55.5	-0.00164936407863043
15.375	55.5	-0.00130336741526821
15.625	55.5	-0.000733978977616055
15.875	55.5	0.000202189649121342
16.125	55.5	0.00173969439464448
16.375	55.5	0.00426076257926281
16.625	55.5	0.00838435037346344
16.875	55.5	0.0151023519551435
17.125	55.5	0.025976947645319
17.375	55.5	0.0433978998793289
17.625	55.5	0.0708442037402918
17.875	55.5	0.112958150812686
18.125	55.5	0.174993455297481
18.375	55.5	0.26098688968988
18.625	55.5	0.370444012043581
18.875	55.5	0.495255586127534
19.125	55.5	0.620663300982035
19.375	55.5	0.731624414227555
19.625	55.5	0.819436018814938
19.875	55.5	0.883125041630736
20.125	55.5	0.926522527286849
20.375	55.5	0.954874666740084
20.625	55.5	0.972898987589833
20.875	55.5	0.984161674513878
21.125	55.5	0.991124183910536
21.375	55.5	0.995400045023579
21.625	55.5	0.998015438002713
21.875	55.5	0.99961133800133
22.125	55.5	1.00058379839986
22.375	55.5	1.00117594186259
22.625	55.5	1.00153642264105
22.875	55.5	1.00175591548989
23.125	55.5	1.00188964882099
23.375	55.5	1.00197123155047
23.625	55.5	1.00202110520524
23.875	55.5	1.00205169863822
24.125	55.5	1.00207056736273
24.375	55.5	1.00208230385609
24.625	55.5	1.00208969939238
24.875	55.5	1.00209445043958
25.125	55.5	1.0020975880688
25.375	55.5	1.00209973895618
25.625	55.5	1.00210128401268
25.875	55.5	1.00210245479083
26.125	55.5	1.00210339207402
26.375	55.5	1.00210418148245
26.625	55.5	1.0021048751114
26.875	55.5	1.00210550468101
27.125	55.5	1.0021060895276
27.375	55.5	1.00210664146004
27.625	55.5	1.00210716771106
27.875	55.5	1.00210767273075
28.125	55.5	1.0021081592766
28.375	55.5	1.00210862907585
28.625	55.5	1.00210908322811
28.875	55.5	1.00210952245002
29.125	55.5	1.00210994722397
29.375	55.5	1.00211035788848
29.625	55.5	1.00211075469317
29.875	55.5	1.00211113783216
30.125	55.5	1.00211150746439
30.375	55.5	1.00211186372597
30.625	55.5	1.00211220673773
30.875	55.5	1.00211253660977
31.125	55.5	1.00211285344428
31.375	55.5	1.00211315733721
31.625	55.5	1.00211344837936
31.875	55.5	1.00211372665695
32.125	55.5	1.00211399225208
32.375	55.5	1.00211424524293
32.625	55.5	1.00211448570391
32.875	55.5	1.00211471370578
33.125	55.5	1.00211492931567
33.375	55.5	1.00211513259715
33.625	55.5	1.00211532361022
33.875	55.5	1.00211550241136
34.125	55.5	1.0021156690535
34.375	55.5	1.00211582358605
34.625	55.5	1.0021159660549
34.875	55.5	1.00211609650241
35.125	55.5	1.00211621496742
35.375	55.5	1.00211632148523
35.625	55.5	1.00211641608765
35.875	55.5	1.00211649880292
36.125	55.5	1.00211656965578
36.375	55.5	1.00211662866743
36.625	55.5	1.00211667585554
36.875	55.5	1.00211671123425
37.125	55.5	1.00211673481417
37.375	55.5	1.00211674660236
0.125	56.5	-0.00216391045622288
0.375	56.5	-0.00216392283799526
0.625	56.5	-0.002163947605004
0.875	56.5	-0.00216398476417801
1.125	56.5	-0.0021640343259131
1.375	56.5	-0.0021640963040748
1.625	56.5	-0.00216417071600225
1.875	56.5	-0.00216425758251324
2.125	56.5	-0.00216435692791022
2.375	56.5	-0.00216446877998767
2.625	56.5	-0.00216459317004066
2.875	56.5	-0.00216473013287485
3.125	56.5	-0.00216487970681789
3.375	56.5	-0.0021650419337325
3.625	56.5	-0.00216521685903104
3.875	56.5	-0.00216540453169185
4.125	56.5	-0.00216560500427712
4.375	56.5	-0.0021658183329523
4.625	56.5	-0.0021660445775065
4.875	56.5	-0.00216628380137317
5.125	56.5	-0.00216653607164966
5.375	56.5	-0.00216680145911309
5.625	56.5	-0.00216708003822824
5.875	56.5	-0.00216737188714028
6.125	56.5	-0.00216767708764012
6.375	56.5	-0.00216799572508227
6.625	56.5	-0.0021683278882218
6.875	56.5	-0.00216867366891519
7.125	56.5	-0.00216903316159379
7.375	56.5	-0.00216940646235991
7.625	56.5	-0.00216979366745762
7.875	56.5	-0.00217019487071097
8.125	56.5	-0.0021706101592581
8.375	56.5	-0.00217103960647694
8.625	56.5	-0.00217148326028393
8.875	56.5	-0.00217194112381404
9.125	56.5	-0.00217241312355825
9.375	56.5	-0.00217289905685617
9.625	56.5	-0.00217339850541195
9.875	56.5	-0.00217391069289546
10.125	56.5	-0.00217443425053118
10.375	56.5	-0.00217496683127716
10.625	56.5	-0.00217550447485876
10.875	56.5	-0.0021760405628382
11.125	56.5	-0.00217656409910122
11.375	56.5	-0.00217705688034541
11.625	56.5	-0.00217748884011932
11.875	56.5	-0.0021778103875366
12.125	56.5	-0.00217793980090738
12.375	56.5	-0.00217774248457381
12.625	56.5	-0.00217699683731732
12.875	56.5	-0.00217533809151463
13.125	56.5	-0.00217216590631825
13.375	56.5	-0.0021664923255866
13.625	56.5	-0.00215669162466029
13.875	56.5	-0.00214008876310764
14.125	56.5	-0.00211228238908537
14.375	56.5	-0.00206603138167836
14.625	56.5	-0.00198942408714883
14.875	56.5	-0.0018628696268745
15.125	56.5	-0.00165415738957271
15.375	56.5	-0.00131035516236592
15.625	56.5	-0.000744552287803469
15.875	56.5	0.000185752944598451
16.125	56.5	0.00171367473156509
16.375	56.5	0.0042191143168517
16.625	56.5	0.00831732340039099
16.875	56.5	0.0149944247053748
17.125	56.5	0.0258039419097872
17.375	56.5	0.0431235109194332
17.625	56.5	0.0704172680338033
17.875	56.5	0.112314383303526
18.125	56.5	0.174068932367817
18.375	56.5	0.259751095595672
18.625	56.5	0.368946536127917
18.875	56.5	0.49364805744829
19.125	56.5	0.619149673767808
19.375	56.5	0.730363710649628
19.625	56.5	0.818486245771166
19.875	56.5	0.882460512605997
20.125	56.5	0.926080483655368
20.375	56.5	0.954590068213856
20.625	56.5	0.972719388240898
20.875	56.5	0.984049606269363
21.125	56.5	0.99105460121314
21.375	56.5	0.995356837025204
21.625	56.5	0.997988473819956
21.875	56.5	0.999594332913011
22.125	56.5	1.00057288524525
22.375	56.5	1.00116875261177
22.625	56.5	1.00153151138375
22.875	56.5	1.00175240076584
23.125	56.5	1.00188699367629
23.375	56.5	1.00196910893248
23.625	56.5	1.00201931582156
23.875	56.5	1.00205012091838
24.125	56.5	1.00206912700775
24.375	56.5	1.00208095531959
24.625	56.5	1.00208841462182
24.875	56.5	1.00209321203256
25.125	56.5	1.00209638511321
25.375	56.5	1.00209856450137
25.625	56.5	1.00210013353187
25.875	56.5	1.00210132524578
26.125	56.5	1.0021022813457
26.375	56.5	1.00210308802414
26.625	56.5	1.00210379773695
26.875	56.5	1.00210444243533
27.125	56.5	1.00210504160709
27.375	56.5	1.00210560716347
27.625	56.5	1.00210614640897
27.875	56.5	1.0021066638462
28.125	56.5	1.00210716227274
28.375	56.5	1.00210764344785
28.625	56.5	1.00210810849765
28.875	56.5	1.00210855816142
29.125	56.5	1.00210899294132
29.375	56.5	1.00210941319348
29.625	56.5	1.00210981918337
29.875	56.5	1.00211021111948
30.125	56.5	1.00211058917387
30.375	56.5	1.00211095349467
30.625	56.5	1.00211130421371
30.875	56.5	1.00211164145122
31.125	56.5	1.00211196531868
31.375	56.5	1.00211227592057
31.625	56.5	1.00211257335551
31.875	56.5	1.00211285771694
32.125	56.5	1.00211312909355
32.375	56.5	1.00211338756954
32.625	56.5	1.00211363322487
32.875	56.5	1.00211386613534
33.125	56.5	1.00211408637271
33.375	56.5	1.00211429400474
33.625	56.5	1.00211448909526
33.875	56.5	1.00211467170422
34.125	56.5	1.00211484188769
34.375	56.5	1.00211499969793
34.625	56.5	1.00211514518336
34.875	56.5	1.00211527838866
35.125	56.5	1.00211539935468
35.375	56.5	1.00211550811855
35.625	56.5	1.00211560471364
35.875	56.5	1.00211568916961
36.125	56.5	1.00211576151236
36.375	56.5	1.00211582176409
36.625	56.5	1.0021158699433
36.875	56.5	1.00211590606477
37.125	56.5	1.0021159301396
37.375	56.5	1.00211594217517
0.125	57.5	-0.00216452219239293
0.375	57.5	-0.00216453475545183
0.625	57.5	-0.00216455988516392
0.875	57.5	-0.00216459758871975
1.125	57.5	-0.00216464787691006
1.375	57.5	-0.00216471076413164
1.625	57.5	-0.00216478626839536
1.875	57.5	-0.00216487441133614
2.125	57.5	-0.00216497521822528
2.375	57.5	-0.00216508871798499
2.625	57.5	-0.00216521494320537
2.875	57.5	-0.00216535393016395
3.125	57.5	-0.00216550571884781
3.375	57.5	-0.00216567035297866
3.625	57.5	-0.00216584788004067
3.875	57.5	-0.00216603835131146
4.125	57.5	-0.00216624182189599
4.375	57.5	-0.00216645835076349
4.625	57.5	-0.00216668800078693
4.875	57.5	-0.00216693083878444
5.125	57.5	-0.00216718693556128
5.375	57.5	-0.00216745636594997
5.625	57.5	-0.00216773920884443
5.875	57.5	-0.00216803554722101
6.125	57.5	-0.00216834546813439
6.375	57.5	-0.00216866906266852
6.625	57.5	-0.00216900642580937
6.875	57.5	-0.00216935765618475
7.125	57.5	-0.00216972285558051
7.375	57.5	-0.00217010212808388
7.625	57.5	-0.00217049557860759
7.875	57.5	-0.0021709033103893
8.125	57.5	-0.00217132542079849
8.375	57.5	-0.00217176199435155
8.625	57.5	-0.00217221309112575
8.875	57.5	-0.00217267872759433
9.125	57.5	-0.0021731588449826
9.375	57.5	-0.00217365325708132
9.625	57.5	-0.00217416156424867
9.875	57.5	-0.00217468301176699
10.125	57.5	-0.00217521625662768
10.375	57.5	-0.00217575898362792
10.625	57.5	-0.00217630727350659
10.875	57.5	-0.00217685456306161
11.125	57.5	-0.00217738993388234
11.375	57.5	-0.00217789529634201
11.625	57.5	-0.00217834075578947
11.875	57.5	-0.00217867698764315
12.125	57.5	-0.0021788226908078
12.375	57.5	-0.00217864394280358
12.625	57.5	-0.00217792022982364
12.875	57.5	-0.00217628855177971
13.125	57.5	-0.00217315145286807
13.375	57.5	-0.00216752569901243
13.625	57.5	-0.00215779330821829
13.875	57.5	-0.00214129195006421
14.125	57.5	-0.00211364115140533
14.375	57.5	-0.00206763410131652
14.625	57.5	-0.0019914155332415
14.875	57.5	-0.00186548722320745
15.125	57.5	-0.0016577907341864
15.375	57.5	-0.00131564354533525
15.625	57.5	-0.000752544027297715
15.875	57.5	0.000173341345468009
16.125	57.5	0.00169404026655953
16.375	57.5	0.00418770083537588
16.625	57.5	0.0082667822102144
16.875	57.5	0.0149130550559528
17.125	57.5	0.0256735117943679
17.375	57.5	0.0429166298614743
17.625	57.5	0.0700952999387624
17.875	57.5	0.111828700268774
18.125	57.5	0.173370994505827
18.375	57.5	0.258817314785701
18.625	57.5	0.367813650651936
18.875	57.5	0.492430189549805
19.125	57.5	0.618001306195694
19.375	57.5	0.729406040391569
19.625	57.5	0.817764072597857
19.875	57.5	0.881954881789309
20.125	57.5	0.925743981627866
20.375	57.5	0.954373351304115
20.625	57.5	0.972582595519667
20.875	57.5	0.98396423341323
21.125	57.5	0.9910015842567
21.375	57.5	0.995323909032719
21.625	57.5	0.997967919641247
21.875	57.5	0.999581365912457
22.125	57.5	1.00056455987641
22.375	57.5	1.00116326510461
22.625	57.5	1.00152776031787
22.875	57.5	1.00174971465787
23.125	57.5	1.00188496345494
23.375	57.5	1.00196748541083
23.625	57.5	1.00201794713034
23.875	57.5	1.00204891439169
24.125	57.5	1.00206802598907
24.375	57.5	1.002079925056
24.625	57.5	1.00208743368837
24.875	57.5	1.00209226711948
25.125	57.5	1.00209546785734
25.375	57.5	1.00209766955995
25.625	57.5	1.00209925741129
25.875	57.5	1.00210046558904
26.125	57.5	1.00210143649866
26.375	57.5	1.00210225677117
26.625	57.5	1.0021029791395
26.875	57.5	1.00210363573317
27.125	57.5	1.00210424615758
27.375	57.5	1.00210482240401
27.625	57.5	1.00210537183361
27.875	57.5	1.0021058989908
28.125	57.5	1.00210640670548
28.375	57.5	1.00210689676293
28.625	57.5	1.00210737031098
28.875	57.5	1.0021078281076
29.125	57.5	1.00210827067139
29.375	57.5	1.00210869837318
29.625	57.5	1.00210911149168
29.875	57.5	1.00210951024748
30.125	57.5	1.00210989482369
30.375	57.5	1.00211026537857
30.625	57.5	1.00211062205329
30.875	57.5	1.00211096497665
31.125	57.5	1.002111294268
31.375	57.5	1.00211161003912
31.625	57.5	1.0021119123953
31.875	57.5	1.00211220143611
32.125	57.5	1.00211247725589
32.375	57.5	1.00211273994404
32.625	57.5	1.00211298958527
32.875	57.5	1.00211322625971
33.125	57.5	1.00211345004311
33.375	57.5	1.00211366100688
33.625	57.5	1.00211385921814
33.875	57.5	1.00211404473986
34.125	57.5	1.00211421763085
34.375	57.5	1.00211437794584
34.625	57.5	1.00211452573548
34.875	57.5	1.00211466104643
35.125	57.5	1.00211478392136
35.375	57.5	1.00211489439897
35.625	57.5	1.00211499251403
35.875	57.5	1.0021150782974
36.125	57.5	1.00211515177604
36.375	57.5	1.00211521297303
36.625	57.5	1.0021152619076
36.875	57.5	1.00211529859509
37.125	57.5	1.00211532304703
37.375	57.5	1.00211533527108
0.125	58.5	-0.00216493167265457
0.375	58.5	-0.00216494435797451
0.625	58.5	-0.00216496973230563
0.875	58.5	-0.00216500780303304
1.125	58.5	-0.00216505858124115
1.375	58.5	-0.00216512208172162
1.625	58.5	-0.00216519832298423
1.875	58.5	-0.00216528732727057
2.125	58.5	-0.00216538912057061
2.375	58.5	-0.00216550373264243
2.625	58.5	-0.00216563119703515
2.875	58.5	-0.00216577155111513
3.125	58.5	-0.00216592483609584
3.375	58.5	-0.00216609109707124
3.625	58.5	-0.00216627038305315
3.875	58.5	-0.00216646274701249
4.125	58.5	-0.00216666824592453
4.375	58.5	-0.00216688694081822
4.625	58.5	-0.0021671188968291
4.875	58.5	-0.00216736418325538
5.125	58.5	-0.0021676228736157
5.375	58.5	-0.00216789504570644
5.625	58.5	-0.00216818078165433
5.875	58.5	-0.0021684801679574
6.125	58.5	-0.00216879329550247
6.375	58.5	-0.00216912025953935
6.625	58.5	-0.00216946115957876
6.875	58.5	-0.00216981609915952
7.125	58.5	-0.00217018518539479
7.375	58.5	-0.00217056852814843
7.625	58.5	-0.00217096623859642
7.875	58.5	-0.00217137842676886
8.125	58.5	-0.00217180519740733
8.375	58.5	-0.00217224664304167
8.625	58.5	-0.00217270283248294
8.875	58.5	-0.00217317379176442
9.125	58.5	-0.00217365947264609
9.375	58.5	-0.00217415970064491
9.625	58.5	-0.00217467408936436
9.875	58.5	-0.00217520189935918
10.125	58.5	-0.00217574180572287
10.375	58.5	-0.00217629151547015
10.625	58.5	-0.00217684713775075
10.875	58.5	-0.00217740214734632
11.125	58.5	-0.00217794567892146
11.375	58.5	-0.00217845972005211
11.625	58.5	-0.00217891449223842
11.875	58.5	-0.00217926085033607
12.125	58.5	-0.00217941777596632
12.375	58.5	-0.00217925179839622
12.625	58.5	-0.00217854313272624
12.875	58.5	-0.00217692996279125
13.125	58.5	-0.00217381676429541
13.375	58.5	-0.00216822346353919
13.625	58.5	-0.0021585372594744
13.875	58.5	-0.00214210432538551
14.125	58.5	-0.00211455815600143
14.375	58.5	-0.0020687148926657
14.625	58.5	-0.00199275698889625
14.875	58.5	-0.00186724820087166
15.125	58.5	-0.00166023188608841
15.375	58.5	-0.00131919255186486
15.625	58.5	-0.000757902186556964
15.875	58.5	0.000165025743665683
16.125	58.5	0.0016808920669526
16.375	58.5	0.0041666719454529
16.625	58.5	0.00823295594765064
16.875	58.5	0.0148586019668722
17.125	58.5	0.0255862294315867
17.375	58.5	0.0427781792959659
17.625	58.5	0.0698797959609903
17.875	58.5	0.111503523502414
18.125	58.5	0.172903495555566
18.375	58.5	0.258191427923098
18.625	58.5	0.367053646478112
18.875	58.5	0.491612340654707
19.125	58.5	0.617229334881077
19.375	58.5	0.728761683042599
19.625	58.5	0.817277828272652
19.875	58.5	0.881614267952693
20.125	58.5	0.925517223253183
20.375	58.5	0.954227278902525
20.625	58.5	0.972490378811654
20.875	58.5	0.983906672974502
21.125	58.5	0.990965834336284
21.375	58.5	0.995301702017772
21.625	58.5	0.997954055023106
21.875	58.5	0.999572616936298
22.125	58.5	1.00055894080119
22.375	58.5	1.00115955987721
22.625	58.5	1.00152522636846
22.875	58.5	1.00174789926151
23.125	58.5	1.00188359079563
23.375	58.5	1.00196638746177
23.625	58.5	1.00201702147379
23.875	58.5	1.0020480985238
24.125	58.5	1.0020672816834
24.375	58.5	1.00207922885404
24.625	58.5	1.0020867711182
24.875	58.5	1.00209162918155
25.125	58.5	1.00209484888836
25.375	58.5	1.00209706593431
25.625	58.5	1.00209866675141
25.875	58.5	1.00209988628496
26.125	58.5	1.00210086741557
26.375	58.5	1.00210169707112
26.625	58.5	1.00210242817257
26.875	58.5	1.00210309297075
27.125	58.5	1.00210371115141
27.375	58.5	1.00210429476084
27.625	58.5	1.00210485119929
27.875	58.5	1.00210538504029
28.125	58.5	1.00210589913637
28.375	58.5	1.00210639529115
28.625	58.5	1.00210687466787
28.875	58.5	1.00210733803779
29.125	58.5	1.00210778593127
29.375	58.5	1.00210821872964
29.625	58.5	1.00210863672117
29.875	58.5	1.00210904013513
30.125	58.5	1.00210942916261
30.375	58.5	1.00210980396918
30.625	58.5	1.00211016470276
30.875	58.5	1.00211051149834
31.125	58.5	1.00211084448101
31.375	58.5	1.0021111637678
31.625	58.5	1.00211146946888
31.875	58.5	1.00211176168828
32.125	58.5	1.00211204052444
32.375	58.5	1.00211230607055
32.625	58.5	1.00211255841477
32.875	58.5	1.00211279764045
33.125	58.5	1.00211302382622
33.375	58.5	1.00211323704615
33.625	58.5	1.0021134373698
33.875	58.5	1.00211362486236
34.125	58.5	1.00211379958463
34.375	58.5	1.00211396159316
34.625	58.5	1.00211411094026
34.875	58.5	1.00211424767406
35.125	58.5	1.00211437183854
35.375	58.5	1.00211448347358
35.625	58.5	1.00211458261498
35.875	58.5	1.00211466929449
36.125	58.5	1.00211474353986
36.375	58.5	1.00211480537482
36.625	58.5	1.00211485481912
36.875	58.5	1.00211489188855
37.125	58.5	1.00211491659493
37.375	58.5	1.00211492894616
0.125	59.5	-0.00216513691265665
0.375	59.5	-0.00216514965954909
0.625	59.5	-0.00216517515707677
0.875	59.5	-0.00216521341272833
1.125	59.5	-0.00216526443774435
1.375	59.5	-0.00216532824712648
1.625	59.5	-0.00216540485964977
1.875	59.5	-0.00216549429787818
2.125	59.5	-0.00216559658818348
2.375	59.5	-0.00216571176076762
2.625	59.5	-0.0021658398496887
2.875	59.5	-0.00216598089289073
3.125	59.5	-0.00216613493223735
3.375	59.5	-0.00216630201354967
3.625	59.5	-0.00216648218664847
3.875	59.5	-0.00216667550540074
4.125	59.5	-0.00216688202777092
4.375	59.5	-0.0021671018158765
4.625	59.5	-0.00216733493604801
4.875	59.5	-0.00216758145889256
5.125	59.5	-0.00216784145935986
5.375	59.5	-0.00216811501680839
5.625	59.5	-0.00216840221506748
5.875	59.5	-0.00216870314248867
6.125	59.5	-0.00216901789197428
6.375	59.5	-0.0021693465609636
6.625	59.5	-0.00216968925134381
6.875	59.5	-0.00217004606923137
7.125	59.5	-0.00217041712453357
7.375	59.5	-0.00217080253014207
7.625	59.5	-0.00217120240051332
7.875	59.5	-0.00217161684923255
8.125	59.5	-0.00217204598489681
8.375	59.5	-0.00217248990422333
8.625	59.5	-0.00217294868058265
8.875	59.5	-0.00217342234499327
9.125	59.5	-0.00217391085470115
9.375	59.5	-0.00217441404131941
9.625	59.5	-0.00217493152532271
9.875	59.5	-0.00217546257516726
10.125	59.5	-0.00217600587528133
10.375	59.5	-0.00217655914409264
10.625	59.5	-0.0021771185052842
10.875	59.5	-0.00217767745298528
11.125	59.5	-0.00217822514878828
11.375	59.5	-0.00217874361930532
11.625	59.5	-0.00217920314460756
11.875	59.5	-0.00217955466985094
12.125	59.5	-0.00217971731872435
12.375	59.5	-0.00217955784727293
12.625	59.5	-0.00217885683626134
12.875	59.5	-0.00217725306318354
13.125	59.5	-0.00217415197197992
13.375	59.5	-0.00216857507289615
13.625	59.5	-0.00215891216119408
13.875	59.5	-0.0021425136712549
14.125	59.5	-0.00211502009657945
14.375	59.5	-0.00206925907866974
14.625	59.5	-0.00199343197022011
14.875	59.5	-0.00186813358150183
15.125	59.5	-0.00166145827225392
15.375	59.5	-0.00132097423633137
15.625	59.5	-0.000760590554599081
15.875	59.5	0.000160855343904255
16.125	59.5	0.00167430008496978
16.375	59.5	0.00415613109245589
16.625	59.5	0.00821600254306488
16.875	59.5	0.0148313124788573
17.125	59.5	0.0255424881118414
17.375	59.5	0.0427087927899999
17.625	59.5	0.0697717828392083
17.875	59.5	0.11134051311401
18.125	59.5	0.172669075319097
18.375	59.5	0.257877461577339
18.625	59.5	0.366672201707721
18.875	59.5	0.491201611148482
19.125	59.5	0.616841404244293
19.375	59.5	0.728437704910674
19.625	59.5	0.817033245243828
19.875	59.5	0.881442886242714
20.125	59.5	0.925403105177189
20.375	59.5	0.954153756500961
20.625	59.5	0.972443958894406
20.875	59.5	0.98387769594107
21.125	59.5	0.990947835720795
21.375	59.5	0.995290520678952
21.625	59.5	0.997947073303116
21.875	59.5	0.999568210582152
22.125	59.5	1.00055611022016
22.375	59.5	1.00115769291368
22.625	59.5	1.00152394920947
22.875	59.5	1.00174698399859
23.125	59.5	1.0018828985748
23.375	59.5	1.00196583368943
23.625	59.5	1.00201655458372
23.875	59.5	1.0020476870424
24.125	59.5	1.00206690635848
24.375	59.5	1.00207887786783
24.625	59.5	1.00208643717713
24.875	59.5	1.0020913077472
25.125	59.5	1.00209453710222
25.375	59.5	1.00209676196404
25.625	59.5	1.00209836939333
25.875	59.5	1.00209959472222
26.125	59.5	1.00210058107093
26.375	59.5	1.00210141551714
26.625	59.5	1.00210215107681
26.875	59.5	1.0021028200622
27.125	59.5	1.00210344219984
27.375	59.5	1.00210402956399
27.625	59.5	1.0021045895749
27.875	59.5	1.00210512682103
28.125	59.5	1.00210564416655
28.375	59.5	1.00210614342456
28.625	59.5	1.00210662576627
28.875	59.5	1.00210709196986
29.125	59.5	1.00210754257181
29.375	59.5	1.00210797795894
29.625	59.5	1.00210839842449
29.875	59.5	1.00210880420229
30.125	59.5	1.00210919548757
30.375	59.5	1.00210957244976
30.625	59.5	1.0021099352403
30.875	59.5	1.00211028399744
31.125	59.5	1.00211061884928
31.375	59.5	1.0021109399156
31.625	59.5	1.00211124730911
31.875	59.5	1.00211154113622
32.125	59.5	1.00211182149752
32.375	59.5	1.00211208848819
32.625	59.5	1.00211234219822
32.875	59.5	1.00211258271262
33.125	59.5	1.00211281011157
33.375	59.5	1.00211302447054
33.625	59.5	1.00211322586039
33.875	59.5	1.00211341434744
34.125	59.5	1.0021135899936
34.375	59.5	1.00211375285635
34.625	59.5	1.00211390298888
34.875	59.5	1.00211404044009
35.125	59.5	1.00211416525467
35.375	59.5	1.00211427747311
35.625	59.5	1.00211437713177
35.875	59.5	1.00211446426288
36.125	59.5	1.00211453889459
36.375	59.5	1.00211460105097
36.625	59.5	1.00211465075208
36.875	59.5	1.00211468801392
37.125	59.5	1.00211471284848
37.375	59.5	1.00211472526377
